     0.00000         0.00000    
    0.152778         0.00000    
    0.277778         0.00000    
    0.375000         0.00000    
    0.444444         0.00000    
    0.486111         0.00000    
    0.500000         0.00000    
    0.486111         0.00000    
    0.444444         0.00000    
    0.375000         0.00000    
    0.277778         0.00000    
    0.152778         0.00000    
     0.00000         0.00000    
     0.00000         0.00000    
    0.151903        0.974866E-03
    0.274289        0.722564E-02
    0.372302        0.115752E-01
    0.443565        0.137344E-01
    0.486585        0.144164E-01
    0.501221        0.128100E-01
    0.487693        0.100690E-01
    0.446025        0.718434E-02
    0.376431        0.422707E-02
    0.278800        0.188938E-02
    0.153159        0.381364E-03
     0.00000         0.00000    
     0.00000         0.00000    
    0.145452        0.360624E-02
    0.267801        0.138186E-01
    0.368440        0.218286E-01
    0.442413        0.250780E-01
    0.488177        0.248208E-01
    0.504366        0.218959E-01
    0.491586        0.173358E-01
    0.450049        0.124706E-01
    0.379964        0.774773E-02
    0.281480        0.370748E-02
    0.154656        0.102317E-02
     0.00000         0.00000    
     0.00000         0.00000    
    0.130471        0.144645E-01
    0.256720        0.240955E-01
    0.362768        0.327004E-01
    0.441999        0.339869E-01
    0.490662        0.322683E-01
    0.508900        0.277520E-01
    0.497019        0.219247E-01
    0.455667        0.158319E-01
    0.385077        0.996417E-02
    0.285538        0.493168E-02
    0.157007        0.140837E-02
     0.00000         0.00000    
     0.00000         0.00000    
    0.120137        0.247549E-01
    0.245809        0.361219E-01
    0.359474        0.417910E-01
    0.443159        0.408316E-01
    0.494658        0.364723E-01
    0.514683        0.305756E-01
    0.503265        0.238700E-01
    0.462093        0.171490E-01
    0.390736        0.108420E-01
    0.290241        0.540756E-02
    0.159800        0.152302E-02
     0.00000         0.00000    
    0.702416E-01     0.00000    
    0.151584        0.309289E-01
    0.286259        0.421888E-01
    0.392487        0.438879E-01
    0.466566        0.403689E-01
    0.509243        0.343999E-01
    0.521633        0.282029E-01
    0.504983        0.216518E-01
    0.460014        0.154771E-01
    0.387047        0.971276E-02
    0.286217        0.492203E-02
    0.157356        0.139700E-02
     0.00000         0.00000    
    0.117161         0.00000    
    0.175635        0.303654E-01
    0.317348        0.392502E-01
    0.416725        0.375852E-01
    0.483668        0.328950E-01
    0.519894        0.275033E-01
    0.526934        0.221983E-01
    0.506612        0.170623E-01
    0.458991        0.121277E-01
    0.384917        0.758358E-02
    0.283812        0.381604E-02
    0.155900        0.107343E-02
     0.00000         0.00000    
    0.144010         0.00000    
    0.196663        0.188409E-01
    0.336054        0.248233E-01
    0.432677        0.225146E-01
    0.494403        0.205419E-01
    0.526680        0.171012E-01
    0.530820        0.140869E-01
    0.508213        0.108813E-01
    0.459215        0.784191E-02
    0.384276        0.488768E-02
    0.283060        0.251211E-02
    0.155340        0.706579E-03
     0.00000         0.00000    
    0.152743         0.00000    
    0.201198        0.172879E-02
    0.341231        0.279671E-02
    0.436940        0.279892E-02
    0.497636        0.407691E-02
    0.529028        0.448110E-02
    0.532365        0.440965E-02
    0.509335        0.373139E-02
    0.459884        0.286975E-02
    0.384752        0.181433E-02
    0.283299        0.964319E-03
    0.155484        0.256472E-03
     0.00000         0.00000    
    0.144010         0.00000    
    0.194132       -0.167117E-01
    0.331365       -0.170937E-01
    0.429137       -0.156623E-01
    0.492983       -0.117646E-01
    0.526677       -0.813308E-02
    0.531886       -0.538344E-02
    0.509966       -0.352827E-02
    0.461326       -0.212182E-02
    0.386407       -0.124685E-02
    0.284875       -0.529794E-03
    0.156439       -0.166454E-03
     0.00000         0.00000    
    0.117161         0.00000    
    0.175511       -0.303874E-01
    0.309856       -0.344961E-01
    0.411883       -0.308139E-01
    0.480842       -0.249429E-01
    0.519624       -0.191764E-01
    0.528763       -0.141590E-01
    0.509911       -0.101743E-01
    0.463101       -0.675613E-02
    0.389090       -0.410000E-02
    0.287397       -0.195289E-02
    0.158023       -0.560514E-03
     0.00000         0.00000    
    0.702416E-01     0.00000    
    0.143515       -0.292363E-01
    0.277464       -0.405804E-01
    0.385172       -0.381443E-01
    0.462199       -0.333711E-01
    0.508166       -0.269137E-01
    0.523581       -0.207925E-01
    0.509292       -0.153066E-01
    0.465705       -0.104826E-01
    0.393093       -0.641234E-02
    0.291467       -0.312928E-02
    0.160592       -0.910381E-03
     0.00000         0.00000    
     0.00000         0.00000    
    0.114182       -0.200628E-01
    0.238192       -0.333542E-01
    0.351975       -0.368544E-01
    0.437665       -0.352930E-01
    0.493016       -0.305518E-01
    0.516661       -0.246400E-01
    0.508485       -0.186514E-01
    0.469231       -0.130173E-01
    0.398464       -0.806905E-02
    0.296990       -0.397277E-02
    0.163971       -0.114514E-02
     0.00000         0.00000    
     0.00000         0.00000    
    0.124723       -0.133620E-01
    0.246935       -0.247488E-01
    0.352949       -0.296535E-01
    0.434814       -0.308072E-01
    0.487916       -0.281770E-01
    0.510833       -0.238602E-01
    0.502766       -0.185094E-01
    0.463832       -0.132529E-01
    0.393905       -0.828637E-02
    0.293286       -0.412945E-02
    0.161909       -0.117130E-02
     0.00000         0.00000    
     0.00000         0.00000    
    0.133293       -0.529928E-02
    0.255270       -0.143976E-01
    0.356725       -0.207571E-01
    0.434577       -0.238832E-01
    0.485088       -0.234321E-01
    0.506518       -0.207927E-01
    0.497877       -0.166464E-01
    0.458903       -0.121609E-01
    0.389453       -0.770953E-02
    0.289677       -0.385009E-02
    0.159734       -0.105690E-02
     0.00000         0.00000    
     0.00000         0.00000    
    0.143877       -0.216697E-02
    0.264538       -0.793187E-02
    0.362733       -0.141499E-01
    0.436616       -0.173790E-01
    0.484226       -0.182159E-01
    0.503784       -0.168221E-01
    0.494109       -0.138954E-01
    0.454768       -0.103575E-01
    0.385525       -0.664715E-02
    0.286479       -0.336809E-02
    0.157804       -0.927327E-03
     0.00000         0.00000    
     0.00000         0.00000    
    0.148197       -0.128616E-02
    0.269951       -0.493924E-02
    0.366857       -0.966637E-02
    0.438589       -0.124203E-01
    0.484080       -0.134476E-01
    0.501965       -0.128470E-01
    0.491280       -0.109036E-01
    0.451455       -0.827466E-02
    0.382284       -0.535931E-02
    0.283786       -0.272117E-02
    0.156214       -0.753346E-03
     0.00000         0.00000    
     0.00000         0.00000    
    0.149685       -0.836571E-03
    0.272398       -0.316596E-02
    0.369356       -0.640516E-02
    0.440269       -0.858330E-02
    0.484399       -0.953662E-02
    0.500999       -0.935594E-02
    0.489333       -0.813744E-02
    0.448998       -0.625599E-02
    0.379775       -0.408208E-02
    0.281696       -0.208672E-02
    0.154950       -0.572685E-03
     0.00000         0.00000    
     0.00000         0.00000    
    0.151132       -0.660086E-03
    0.274695       -0.211262E-02
    0.371462       -0.403305E-02
    0.441725       -0.559202E-02
    0.484826       -0.641089E-02
    0.500423       -0.646513E-02
    0.487996       -0.575561E-02
    0.447208       -0.448034E-02
    0.377921       -0.292775E-02
    0.280121       -0.149104E-02
    0.154036       -0.407075E-03
     0.00000         0.00000    
     0.00000         0.00000    
    0.152070       -0.392275E-03
    0.276323       -0.129285E-02
    0.373227       -0.246658E-02
    0.442978       -0.352726E-02
    0.485373       -0.417715E-02
    0.500188       -0.427854E-02
    0.487151       -0.388262E-02
    0.446010       -0.304368E-02
    0.376630       -0.198793E-02
    0.279036       -0.100997E-02
    0.153385       -0.269754E-03
     0.00000         0.00000    
     0.00000         0.00000    
    0.152588       -0.188873E-03
    0.277241       -0.725113E-03
    0.374210       -0.143152E-02
    0.443727       -0.211566E-02
    0.485724       -0.260404E-02
    0.500062       -0.270304E-02
    0.486614       -0.246673E-02
    0.445204       -0.193722E-02
    0.375769       -0.125714E-02
    0.278305       -0.632145E-03
    0.152982       -0.170032E-03
     0.00000         0.00000    
     0.00000         0.00000    
    0.152863       -0.770614E-04
    0.277699       -0.359700E-03
    0.374740       -0.772170E-03
    0.444132       -0.118848E-02
    0.485907       -0.151172E-02
    0.499992       -0.159771E-02
    0.486292       -0.146000E-02
    0.444721       -0.114596E-02
    0.375233       -0.733974E-03
    0.277863       -0.360777E-03
    0.152727       -0.923872E-04
     0.00000         0.00000    
     0.00000         0.00000    
    0.153002       -0.344355E-04
    0.277968       -0.162155E-03
    0.375073       -0.374782E-03
    0.444423       -0.597050E-03
    0.486059       -0.777416E-03
    0.499975       -0.833581E-03
    0.486111       -0.761005E-03
    0.444430       -0.591871E-03
    0.374925       -0.373032E-03
    0.277614       -0.177667E-03
    0.152605       -0.447473E-04
     0.00000         0.00000    
     0.00000         0.00000    
    0.153028       -0.220782E-05
    0.278074       -0.424277E-04
    0.375236       -0.125889E-03
    0.444588       -0.231705E-03
    0.486168       -0.318590E-03
    0.499989       -0.352662E-03
    0.486031       -0.320037E-03
    0.444287       -0.240063E-03
    0.374767       -0.141271E-03
    0.277498       -0.580444E-04
    0.152550       -0.101313E-04
     0.00000         0.00000    
     0.00000         0.00000    
    0.153027        0.119530E-04
    0.278106        0.226397E-04
    0.375298        0.160292E-04
    0.444658       -0.135225E-04
    0.486215       -0.456929E-04
    0.499992       -0.602293E-04
    0.485996       -0.548589E-04
    0.444226       -0.293134E-04
    0.374710       -0.375618E-05
    0.277466        0.961811E-05
    0.152549        0.705605E-05
     0.00000         0.00000    
     0.00000         0.00000    
    0.152997        0.207710E-04
    0.278085        0.550692E-04
    0.375296        0.881382E-04
    0.444665        0.989658E-04
    0.486222        0.996873E-04
    0.499989        0.954084E-04
    0.485983        0.902799E-04
    0.444215        0.842828E-04
    0.374707        0.708135E-04
    0.277481        0.470174E-04
    0.152570        0.173003E-04
     0.00000         0.00000    
     0.00000         0.00000    
    0.152961        0.221788E-04
    0.278044        0.664960E-04
    0.375267        0.114455E-03
    0.444650        0.147297E-03
    0.486219        0.163854E-03
    0.499993        0.167946E-03
    0.485994        0.157882E-03
    0.444235        0.136662E-03
    0.374738        0.102985E-03
    0.277520        0.606545E-04
    0.152603        0.195647E-04
     0.00000         0.00000    
     0.00000         0.00000    
    0.152921        0.209968E-04
    0.277993        0.646780E-04
    0.375220        0.116950E-03
    0.444618        0.156134E-03
    0.486204        0.180928E-03
    0.499996        0.187368E-03
    0.486012        0.176990E-03
    0.444268        0.149951E-03
    0.374782        0.109520E-03
    0.277567        0.629896E-04
    0.152639        0.195282E-04
     0.00000         0.00000    
     0.00000         0.00000    
    0.152887        0.177688E-04
    0.277944        0.576351E-04
    0.375175        0.105566E-03
    0.444585        0.145151E-03
    0.486188        0.170885E-03
    0.499998        0.178962E-03
    0.486032        0.168404E-03
    0.444303        0.141176E-03
    0.374827        0.100731E-03
    0.277614        0.560949E-04
    0.152672        0.167384E-04
     0.00000         0.00000    
     0.00000         0.00000    
    0.152856        0.143595E-04
    0.277902        0.472094E-04
    0.375132        0.890046E-04
    0.444552        0.123918E-03
    0.486170        0.148135E-03
    0.499999        0.155618E-03
    0.486050        0.146644E-03
    0.444335        0.122135E-03
    0.374868        0.862163E-04
    0.277655        0.476873E-04
    0.152700        0.140205E-04
     0.00000         0.00000    
     0.00000         0.00000    
    0.152833        0.111843E-04
    0.277866        0.376222E-04
    0.375097        0.710080E-04
    0.444524        0.100306E-03
    0.486156        0.120508E-03
    0.499999        0.127276E-03
    0.486066        0.119580E-03
    0.444364        0.990507E-04
    0.374904        0.692431E-04
    0.277690        0.376164E-04
    0.152723        0.110182E-04
     0.00000         0.00000    
     0.00000         0.00000    
    0.152815        0.825265E-05
    0.277839        0.281401E-04
    0.375068        0.543279E-04
    0.444501        0.773775E-04
    0.486143        0.938344E-04
    0.500000        0.992750E-04
    0.486079        0.933650E-04
    0.444388        0.770291E-04
    0.374933        0.534931E-04
    0.277717        0.289561E-04
    0.152741        0.833960E-05
     0.00000         0.00000    
     0.00000         0.00000    
    0.152801        0.600740E-05
    0.277818        0.207596E-04
    0.375046        0.399780E-04
    0.444483        0.575276E-04
    0.486133        0.700062E-04
    0.500000        0.742947E-04
    0.486089        0.697527E-04
    0.444406        0.572731E-04
    0.374955        0.394903E-04
    0.277738        0.210769E-04
    0.152754        0.604604E-05
     0.00000         0.00000    
     0.00000         0.00000    
    0.152792        0.408667E-05
    0.277803        0.144187E-04
    0.375029        0.283853E-04
    0.444469        0.411879E-04
    0.486125        0.505185E-04
    0.500000        0.537175E-04
    0.486097        0.504458E-04
    0.444419        0.412881E-04
    0.374971        0.282601E-04
    0.277753        0.149999E-04
    0.152764        0.419697E-05
     0.00000         0.00000    
     0.00000         0.00000    
    0.152785        0.278543E-05
    0.277792        0.991188E-05
    0.375017        0.194709E-04
    0.444460        0.285066E-04
    0.486120        0.350965E-04
    0.500000        0.373915E-04
    0.486102        0.350551E-04
    0.444429        0.285413E-04
    0.374983        0.193965E-04
    0.277764        0.101575E-04
    0.152770        0.284012E-05
     0.00000         0.00000    
     0.00000         0.00000    
    0.152781        0.173835E-05
    0.277785        0.639479E-05
    0.375009        0.128568E-04
    0.444453        0.190260E-04
    0.486116        0.236019E-04
    0.500000        0.252141E-04
    0.486106        0.236206E-04
    0.444436        0.191624E-04
    0.374991        0.129059E-04
    0.277771        0.669231E-05
    0.152774        0.181374E-05
     0.00000         0.00000    
     0.00000         0.00000    
    0.152778        0.110175E-05
    0.277780        0.407071E-05
    0.375004        0.817851E-05
    0.444448        0.122152E-04
    0.486113        0.152294E-04
    0.500000        0.162922E-04
    0.486109        0.152423E-04
    0.444441        0.122901E-04
    0.374996        0.821914E-05
    0.277775        0.420673E-05
    0.152777        0.115003E-05
     0.00000         0.00000    
     0.00000         0.00000    
    0.152777        0.617949E-06
    0.277777        0.240682E-05
    0.375000        0.494503E-05
    0.444445        0.749095E-05
    0.486112        0.940973E-05
    0.500000        0.101077E-04
    0.486111        0.944106E-05
    0.444444        0.758100E-05
    0.375000        0.501603E-05
    0.277778        0.252316E-05
    0.152779        0.663747E-06
     0.00000         0.00000    
     0.00000         0.00000    
    0.152776        0.348939E-06
    0.277775        0.135191E-05
    0.374998        0.277574E-05
    0.444443        0.424683E-05
    0.486111        0.536214E-05
    0.500000        0.577033E-05
    0.486112        0.538243E-05
    0.444445        0.429825E-05
    0.375002        0.282636E-05
    0.277780        0.141025E-05
    0.152780        0.377866E-06
     0.00000         0.00000    
     0.00000         0.00000    
    0.152775        0.157049E-06
    0.277775        0.603605E-06
    0.374997        0.125013E-05
    0.444442        0.194602E-05
    0.486110        0.247198E-05
    0.500000        0.266810E-05
    0.486112        0.248427E-05
    0.444446        0.197262E-05
    0.375003        0.128613E-05
    0.277781        0.629606E-06
    0.152780        0.169276E-06
     0.00000         0.00000    
     0.00000         0.00000    
    0.152775         0.00000    
    0.277774         0.00000    
    0.374997         0.00000    
    0.444442         0.00000    
    0.486110         0.00000    
    0.500000         0.00000    
    0.486112         0.00000    
    0.444447         0.00000    
    0.375003         0.00000    
    0.277781         0.00000    
    0.152780         0.00000    
     0.00000         0.00000    
