     0.00000         0.00000    
     0.00000        0.250000    
     0.00000        0.500000    
     0.00000        0.750000    
     0.00000         1.00000    
     0.00000         1.25000    
     0.00000         1.50000    
     0.00000         1.75000    
     0.00000         2.00000    
     0.00000         2.25000    
     0.00000         2.50000    
     0.00000         2.75000    
     0.00000         3.00000    
    0.250000         0.00000    
    0.250000        0.250000    
    0.250000        0.500000    
    0.250000        0.750000    
    0.250000         1.00000    
    0.250000         1.25000    
    0.250000         1.50000    
    0.250000         1.75000    
    0.250000         2.00000    
    0.250000         2.25000    
    0.250000         2.50000    
    0.250000         2.75000    
    0.250000         3.00000    
    0.500000         0.00000    
    0.500000        0.250000    
    0.500000        0.500000    
    0.500000        0.750000    
    0.500000         1.00000    
    0.500000         1.25000    
    0.500000         1.50000    
    0.500000         1.75000    
    0.500000         2.00000    
    0.500000         2.25000    
    0.500000         2.50000    
    0.500000         2.75000    
    0.500000         3.00000    
    0.750000         0.00000    
    0.750000        0.250000    
    0.750000        0.500000    
    0.750000        0.750000    
    0.750000         1.00000    
    0.750000         1.25000    
    0.750000         1.50000    
    0.750000         1.75000    
    0.750000         2.00000    
    0.750000         2.25000    
    0.750000         2.50000    
    0.750000         2.75000    
    0.750000         3.00000    
     1.00000         0.00000    
     1.00000        0.250000    
     1.00000        0.500000    
     1.00000        0.750000    
     1.00000         1.00000    
     1.00000         1.25000    
     1.00000         1.50000    
     1.00000         1.75000    
     1.00000         2.00000    
     1.00000         2.25000    
     1.00000         2.50000    
     1.00000         2.75000    
     1.00000         3.00000    
     1.25000        0.105222    
     1.25000        0.346453    
     1.25000        0.587685    
     1.25000        0.828916    
     1.25000         1.07015    
     1.25000         1.31138    
     1.25000         1.55261    
     1.25000         1.79384    
     1.25000         2.03507    
     1.25000         2.27631    
     1.25000         2.51754    
     1.25000         2.75877    
     1.25000         3.00000    
     1.50000        0.180380    
     1.50000        0.415348    
     1.50000        0.650317    
     1.50000        0.885285    
     1.50000         1.12025    
     1.50000         1.35522    
     1.50000         1.59019    
     1.50000         1.82516    
     1.50000         2.06013    
     1.50000         2.29510    
     1.50000         2.53006    
     1.50000         2.76503    
     1.50000         3.00000    
     1.75000        0.225475    
     1.75000        0.456685    
     1.75000        0.687896    
     1.75000        0.919106    
     1.75000         1.15032    
     1.75000         1.38153    
     1.75000         1.61274    
     1.75000         1.84395    
     1.75000         2.07516    
     1.75000         2.30637    
     1.75000         2.53758    
     1.75000         2.76879    
     1.75000         3.00000    
     2.00000        0.240507    
     2.00000        0.470465    
     2.00000        0.700422    
     2.00000        0.930380    
     2.00000         1.16034    
     2.00000         1.39030    
     2.00000         1.62025    
     2.00000         1.85021    
     2.00000         2.08017    
     2.00000         2.31013    
     2.00000         2.54008    
     2.00000         2.77004    
     2.00000         3.00000    
     2.25000        0.225475    
     2.25000        0.456685    
     2.25000        0.687896    
     2.25000        0.919106    
     2.25000         1.15032    
     2.25000         1.38153    
     2.25000         1.61274    
     2.25000         1.84395    
     2.25000         2.07516    
     2.25000         2.30637    
     2.25000         2.53758    
     2.25000         2.76879    
     2.25000         3.00000    
     2.50000        0.180380    
     2.50000        0.415348    
     2.50000        0.650317    
     2.50000        0.885285    
     2.50000         1.12025    
     2.50000         1.35522    
     2.50000         1.59019    
     2.50000         1.82516    
     2.50000         2.06013    
     2.50000         2.29510    
     2.50000         2.53006    
     2.50000         2.76503    
     2.50000         3.00000    
     2.75000        0.105222    
     2.75000        0.346453    
     2.75000        0.587685    
     2.75000        0.828916    
     2.75000         1.07015    
     2.75000         1.31138    
     2.75000         1.55261    
     2.75000         1.79384    
     2.75000         2.03507    
     2.75000         2.27631    
     2.75000         2.51754    
     2.75000         2.75877    
     2.75000         3.00000    
     3.00000         0.00000    
     3.00000        0.250000    
     3.00000        0.500000    
     3.00000        0.750000    
     3.00000         1.00000    
     3.00000         1.25000    
     3.00000         1.50000    
     3.00000         1.75000    
     3.00000         2.00000    
     3.00000         2.25000    
     3.00000         2.50000    
     3.00000         2.75000    
     3.00000         3.00000    
     3.25000         0.00000    
     3.25000        0.250000    
     3.25000        0.500000    
     3.25000        0.750000    
     3.25000         1.00000    
     3.25000         1.25000    
     3.25000         1.50000    
     3.25000         1.75000    
     3.25000         2.00000    
     3.25000         2.25000    
     3.25000         2.50000    
     3.25000         2.75000    
     3.25000         3.00000    
     3.50000         0.00000    
     3.50000        0.250000    
     3.50000        0.500000    
     3.50000        0.750000    
     3.50000         1.00000    
     3.50000         1.25000    
     3.50000         1.50000    
     3.50000         1.75000    
     3.50000         2.00000    
     3.50000         2.25000    
     3.50000         2.50000    
     3.50000         2.75000    
     3.50000         3.00000    
     3.75000         0.00000    
     3.75000        0.250000    
     3.75000        0.500000    
     3.75000        0.750000    
     3.75000         1.00000    
     3.75000         1.25000    
     3.75000         1.50000    
     3.75000         1.75000    
     3.75000         2.00000    
     3.75000         2.25000    
     3.75000         2.50000    
     3.75000         2.75000    
     3.75000         3.00000    
     4.00000         0.00000    
     4.00000        0.250000    
     4.00000        0.500000    
     4.00000        0.750000    
     4.00000         1.00000    
     4.00000         1.25000    
     4.00000         1.50000    
     4.00000         1.75000    
     4.00000         2.00000    
     4.00000         2.25000    
     4.00000         2.50000    
     4.00000         2.75000    
     4.00000         3.00000    
     4.25000         0.00000    
     4.25000        0.250000    
     4.25000        0.500000    
     4.25000        0.750000    
     4.25000         1.00000    
     4.25000         1.25000    
     4.25000         1.50000    
     4.25000         1.75000    
     4.25000         2.00000    
     4.25000         2.25000    
     4.25000         2.50000    
     4.25000         2.75000    
     4.25000         3.00000    
     4.50000         0.00000    
     4.50000        0.250000    
     4.50000        0.500000    
     4.50000        0.750000    
     4.50000         1.00000    
     4.50000         1.25000    
     4.50000         1.50000    
     4.50000         1.75000    
     4.50000         2.00000    
     4.50000         2.25000    
     4.50000         2.50000    
     4.50000         2.75000    
     4.50000         3.00000    
     4.75000         0.00000    
     4.75000        0.250000    
     4.75000        0.500000    
     4.75000        0.750000    
     4.75000         1.00000    
     4.75000         1.25000    
     4.75000         1.50000    
     4.75000         1.75000    
     4.75000         2.00000    
     4.75000         2.25000    
     4.75000         2.50000    
     4.75000         2.75000    
     4.75000         3.00000    
     5.00000         0.00000    
     5.00000        0.250000    
     5.00000        0.500000    
     5.00000        0.750000    
     5.00000         1.00000    
     5.00000         1.25000    
     5.00000         1.50000    
     5.00000         1.75000    
     5.00000         2.00000    
     5.00000         2.25000    
     5.00000         2.50000    
     5.00000         2.75000    
     5.00000         3.00000    
     5.25000         0.00000    
     5.25000        0.250000    
     5.25000        0.500000    
     5.25000        0.750000    
     5.25000         1.00000    
     5.25000         1.25000    
     5.25000         1.50000    
     5.25000         1.75000    
     5.25000         2.00000    
     5.25000         2.25000    
     5.25000         2.50000    
     5.25000         2.75000    
     5.25000         3.00000    
     5.50000         0.00000    
     5.50000        0.250000    
     5.50000        0.500000    
     5.50000        0.750000    
     5.50000         1.00000    
     5.50000         1.25000    
     5.50000         1.50000    
     5.50000         1.75000    
     5.50000         2.00000    
     5.50000         2.25000    
     5.50000         2.50000    
     5.50000         2.75000    
     5.50000         3.00000    
     5.75000         0.00000    
     5.75000        0.250000    
     5.75000        0.500000    
     5.75000        0.750000    
     5.75000         1.00000    
     5.75000         1.25000    
     5.75000         1.50000    
     5.75000         1.75000    
     5.75000         2.00000    
     5.75000         2.25000    
     5.75000         2.50000    
     5.75000         2.75000    
     5.75000         3.00000    
     6.00000         0.00000    
     6.00000        0.250000    
     6.00000        0.500000    
     6.00000        0.750000    
     6.00000         1.00000    
     6.00000         1.25000    
     6.00000         1.50000    
     6.00000         1.75000    
     6.00000         2.00000    
     6.00000         2.25000    
     6.00000         2.50000    
     6.00000         2.75000    
     6.00000         3.00000    
     6.25000         0.00000    
     6.25000        0.250000    
     6.25000        0.500000    
     6.25000        0.750000    
     6.25000         1.00000    
     6.25000         1.25000    
     6.25000         1.50000    
     6.25000         1.75000    
     6.25000         2.00000    
     6.25000         2.25000    
     6.25000         2.50000    
     6.25000         2.75000    
     6.25000         3.00000    
     6.50000         0.00000    
     6.50000        0.250000    
     6.50000        0.500000    
     6.50000        0.750000    
     6.50000         1.00000    
     6.50000         1.25000    
     6.50000         1.50000    
     6.50000         1.75000    
     6.50000         2.00000    
     6.50000         2.25000    
     6.50000         2.50000    
     6.50000         2.75000    
     6.50000         3.00000    
     6.75000         0.00000    
     6.75000        0.250000    
     6.75000        0.500000    
     6.75000        0.750000    
     6.75000         1.00000    
     6.75000         1.25000    
     6.75000         1.50000    
     6.75000         1.75000    
     6.75000         2.00000    
     6.75000         2.25000    
     6.75000         2.50000    
     6.75000         2.75000    
     6.75000         3.00000    
     7.00000         0.00000    
     7.00000        0.250000    
     7.00000        0.500000    
     7.00000        0.750000    
     7.00000         1.00000    
     7.00000         1.25000    
     7.00000         1.50000    
     7.00000         1.75000    
     7.00000         2.00000    
     7.00000         2.25000    
     7.00000         2.50000    
     7.00000         2.75000    
     7.00000         3.00000    
     7.25000         0.00000    
     7.25000        0.250000    
     7.25000        0.500000    
     7.25000        0.750000    
     7.25000         1.00000    
     7.25000         1.25000    
     7.25000         1.50000    
     7.25000         1.75000    
     7.25000         2.00000    
     7.25000         2.25000    
     7.25000         2.50000    
     7.25000         2.75000    
     7.25000         3.00000    
     7.50000         0.00000    
     7.50000        0.250000    
     7.50000        0.500000    
     7.50000        0.750000    
     7.50000         1.00000    
     7.50000         1.25000    
     7.50000         1.50000    
     7.50000         1.75000    
     7.50000         2.00000    
     7.50000         2.25000    
     7.50000         2.50000    
     7.50000         2.75000    
     7.50000         3.00000    
     7.75000         0.00000    
     7.75000        0.250000    
     7.75000        0.500000    
     7.75000        0.750000    
     7.75000         1.00000    
     7.75000         1.25000    
     7.75000         1.50000    
     7.75000         1.75000    
     7.75000         2.00000    
     7.75000         2.25000    
     7.75000         2.50000    
     7.75000         2.75000    
     7.75000         3.00000    
     8.00000         0.00000    
     8.00000        0.250000    
     8.00000        0.500000    
     8.00000        0.750000    
     8.00000         1.00000    
     8.00000         1.25000    
     8.00000         1.50000    
     8.00000         1.75000    
     8.00000         2.00000    
     8.00000         2.25000    
     8.00000         2.50000    
     8.00000         2.75000    
     8.00000         3.00000    
     8.25000         0.00000    
     8.25000        0.250000    
     8.25000        0.500000    
     8.25000        0.750000    
     8.25000         1.00000    
     8.25000         1.25000    
     8.25000         1.50000    
     8.25000         1.75000    
     8.25000         2.00000    
     8.25000         2.25000    
     8.25000         2.50000    
     8.25000         2.75000    
     8.25000         3.00000    
     8.50000         0.00000    
     8.50000        0.250000    
     8.50000        0.500000    
     8.50000        0.750000    
     8.50000         1.00000    
     8.50000         1.25000    
     8.50000         1.50000    
     8.50000         1.75000    
     8.50000         2.00000    
     8.50000         2.25000    
     8.50000         2.50000    
     8.50000         2.75000    
     8.50000         3.00000    
     8.75000         0.00000    
     8.75000        0.250000    
     8.75000        0.500000    
     8.75000        0.750000    
     8.75000         1.00000    
     8.75000         1.25000    
     8.75000         1.50000    
     8.75000         1.75000    
     8.75000         2.00000    
     8.75000         2.25000    
     8.75000         2.50000    
     8.75000         2.75000    
     8.75000         3.00000    
     9.00000         0.00000    
     9.00000        0.250000    
     9.00000        0.500000    
     9.00000        0.750000    
     9.00000         1.00000    
     9.00000         1.25000    
     9.00000         1.50000    
     9.00000         1.75000    
     9.00000         2.00000    
     9.00000         2.25000    
     9.00000         2.50000    
     9.00000         2.75000    
     9.00000         3.00000    
     9.25000         0.00000    
     9.25000        0.250000    
     9.25000        0.500000    
     9.25000        0.750000    
     9.25000         1.00000    
     9.25000         1.25000    
     9.25000         1.50000    
     9.25000         1.75000    
     9.25000         2.00000    
     9.25000         2.25000    
     9.25000         2.50000    
     9.25000         2.75000    
     9.25000         3.00000    
     9.50000         0.00000    
     9.50000        0.250000    
     9.50000        0.500000    
     9.50000        0.750000    
     9.50000         1.00000    
     9.50000         1.25000    
     9.50000         1.50000    
     9.50000         1.75000    
     9.50000         2.00000    
     9.50000         2.25000    
     9.50000         2.50000    
     9.50000         2.75000    
     9.50000         3.00000    
     9.75000         0.00000    
     9.75000        0.250000    
     9.75000        0.500000    
     9.75000        0.750000    
     9.75000         1.00000    
     9.75000         1.25000    
     9.75000         1.50000    
     9.75000         1.75000    
     9.75000         2.00000    
     9.75000         2.25000    
     9.75000         2.50000    
     9.75000         2.75000    
     9.75000         3.00000    
     10.0000         0.00000    
     10.0000        0.250000    
     10.0000        0.500000    
     10.0000        0.750000    
     10.0000         1.00000    
     10.0000         1.25000    
     10.0000         1.50000    
     10.0000         1.75000    
     10.0000         2.00000    
     10.0000         2.25000    
     10.0000         2.50000    
     10.0000         2.75000    
     10.0000         3.00000    
