    0.000000000000000E+00    0.000000000000000E+00
    0.000000000000000E+00    0.000000000000000E+00
    0.000000000000000E+00    0.000000000000000E+00
    0.000000000000000E+00    0.000000000000000E+00
    0.000000000000000E+00    0.000000000000000E+00
    0.000000000000000E+00    0.000000000000000E+00
    0.000000000000000E+00    0.000000000000000E+00
    0.000000000000000E+00    0.000000000000000E+00
    0.000000000000000E+00    0.000000000000000E+00
    0.000000000000000E+00    0.000000000000000E+00
    0.000000000000000E+00    0.000000000000000E+00
    0.000000000000000E+00    0.000000000000000E+00
    0.000000000000000E+00    0.000000000000000E+00
    0.000000000000000E+00    0.000000000000000E+00
    0.000000000000000E+00    0.000000000000000E+00
    0.000000000000000E+00    0.000000000000000E+00
    0.000000000000000E+00    0.000000000000000E+00
    0.000000000000000E+00    0.000000000000000E+00
    0.000000000000000E+00    0.000000000000000E+00
    0.000000000000000E+00    0.000000000000000E+00
    0.000000000000000E+00    0.000000000000000E+00
    0.000000000000000E+00    0.000000000000000E+00
    0.000000000000000E+00    0.000000000000000E+00
    0.000000000000000E+00    0.000000000000000E+00
    0.000000000000000E+00    0.000000000000000E+00
    0.000000000000000E+00    0.000000000000000E+00
    0.000000000000000E+00    0.000000000000000E+00
    0.000000000000000E+00    0.000000000000000E+00
    0.000000000000000E+00    0.000000000000000E+00
    0.000000000000000E+00    0.000000000000000E+00
    0.000000000000000E+00    0.000000000000000E+00
    0.000000000000000E+00    0.000000000000000E+00
    0.000000000000000E+00    0.000000000000000E+00
    0.000000000000000E+00    0.000000000000000E+00
    0.000000000000000E+00    0.000000000000000E+00
    0.000000000000000E+00    0.000000000000000E+00
    0.000000000000000E+00    0.000000000000000E+00
    0.000000000000000E+00    0.000000000000000E+00
    0.000000000000000E+00    0.000000000000000E+00
    0.000000000000000E+00    0.000000000000000E+00
    0.000000000000000E+00    0.000000000000000E+00
    0.000000000000000E+00    0.000000000000000E+00
   -0.175587468377491E-03    0.598520747454010E-04
   -0.572272309322181E-03    0.702099539099298E-03
   -0.851733644033457E-03    0.194526753709098E-02
   -0.993239177459732E-03    0.379285956047121E-02
   -0.895492758943214E-03    0.557487773151553E-02
   -0.713010900827847E-03    0.726486606782353E-02
   -0.226364767523608E-03    0.819598306014154E-02
    0.368188348765961E-03    0.755547290496676E-02
    0.724327591974641E-03    0.682463080411532E-02
    0.610315683996933E-03    0.583195369206296E-02
    0.486641608168791E-03    0.470007398334282E-02
    0.434546504551451E-03    0.381943512880662E-02
    0.417463916034324E-03    0.298981335255379E-02
    0.410735489120061E-03    0.218776756103820E-02
    0.404992047430626E-03    0.139442292611134E-02
    0.396312034593628E-03    0.616044891133832E-03
    0.384569775787506E-03   -0.141959021887345E-03
    0.361813190671075E-03   -0.862282984017053E-03
    0.333245790352209E-03   -0.153604231597558E-02
    0.292564045688336E-03   -0.213654301340917E-02
    0.245970484130220E-03   -0.265646897648786E-02
    0.190124216484575E-03   -0.307147916336266E-02
    0.130002576432202E-03   -0.337794228585237E-02
    0.661613905520355E-04   -0.356041771175032E-02
    0.125075023728061E-05   -0.362086132733625E-02
   -0.601125505471034E-04   -0.355770780084018E-02
   -0.118358463301742E-03   -0.337908539154479E-02
   -0.165471487189085E-03   -0.310024713026607E-02
   -0.205188190054516E-03   -0.273418174876669E-02
   -0.227723311178457E-03   -0.231286167589073E-02
   -0.239729872558583E-03   -0.185070587151515E-02
   -0.232015780740495E-03   -0.139234376337618E-02
   -0.212811492311230E-03   -0.948842418649556E-03
   -0.176562155999467E-03   -0.568229629665615E-03
   -0.130957606438898E-03   -0.254394582060607E-03
   -0.784759001524883E-04   -0.442643673838183E-04
   -0.252743248221911E-04    0.707794278332788E-04
    0.129644382649292E-04    0.877852821300029E-04
    0.345396589600376E-04    0.345396589606211E-04
    0.000000000000000E+00    0.000000000000000E+00
    0.000000000000000E+00    0.000000000000000E+00
   -0.586364145467184E-03    0.267194222492739E-03
   -0.172571087376917E-02    0.117901292314201E-02
   -0.280430975266195E-02    0.288601328050182E-02
   -0.333633517362930E-02    0.532453113328562E-02
   -0.336791194388058E-02    0.780520350835940E-02
   -0.214922100514831E-02    0.968313485444116E-02
   -0.363832837646688E-03    0.107526110047162E-01
    0.938072065776026E-03    0.107185969397517E-01
    0.186053194694646E-02    0.100267715704568E-01
    0.188737118486965E-02    0.881623301754363E-02
    0.170547481589178E-02    0.727931725462695E-02
    0.161592052089979E-02    0.582934747511232E-02
    0.156872966525160E-02    0.439692003789629E-02
    0.154464215456409E-02    0.295242463267379E-02
    0.152318615464078E-02    0.152109153172422E-02
    0.148654539697996E-02    0.120254255604738E-03
    0.143252393074409E-02   -0.123592821534293E-02
    0.134399558488287E-02   -0.251968893472812E-02
    0.122690137599885E-02   -0.370480079932040E-02
    0.107292619187614E-02   -0.475765853994933E-02
    0.891018444606696E-03   -0.565100359886694E-02
    0.681966267471990E-03   -0.635941880820037E-02
    0.454190364220741E-03   -0.686202034815188E-02
    0.216885410803665E-03   -0.714888370214173E-02
   -0.233669771991560E-04   -0.721170254127081E-02
   -0.250997215539912E-03   -0.706062388756238E-02
   -0.461903792207085E-03   -0.670375046539834E-02
   -0.638008836272802E-03   -0.617192219073243E-02
   -0.777799469419367E-03   -0.549032741281102E-02
   -0.866094575055377E-03   -0.470647627459239E-02
   -0.903629104796268E-03   -0.385934583518148E-02
   -0.884027253144745E-03   -0.300408341939200E-02
   -0.809404660224432E-03   -0.218601241137237E-02
   -0.687585334052299E-03   -0.145393385544843E-02
   -0.521519688120851E-03   -0.849189324801384E-03
   -0.338126938225744E-03   -0.396981014453393E-03
   -0.144039927841357E-03   -0.118051727643952E-03
    0.683425751976435E-05    0.988237204717431E-05
    0.888308403362480E-04    0.143318748127778E-04
    0.000000000000000E+00    0.000000000000000E+00
    0.000000000000000E+00    0.000000000000000E+00
   -0.119926865299010E-02    0.302020879629967E-03
   -0.309642484117640E-02    0.124371907348693E-02
   -0.475270604533217E-02    0.282912800211813E-02
   -0.572254851475230E-02    0.512398104695021E-02
   -0.545681146408548E-02    0.713614176799307E-02
   -0.390913940942292E-02    0.890752650674202E-02
   -0.122314938649720E-02    0.103388446730780E-01
    0.112245665685681E-02    0.105930637922913E-01
    0.277937806278932E-02    0.104165512471012E-01
    0.322251897485189E-02    0.945528205661978E-02
    0.330726794266308E-02    0.786583141640072E-02
    0.328480221771002E-02    0.617676993395562E-02
    0.325269689039958E-02    0.433661263424779E-02
    0.322494684083614E-02    0.245042776257661E-02
    0.318350305656701E-02    0.553146825834034E-03
    0.310745464006790E-02   -0.130751817034726E-02
    0.298278737634107E-02   -0.311048165513573E-02
    0.279190649082495E-02   -0.480752871476163E-02
    0.253375088001495E-02   -0.636273922738398E-02
    0.220604068576048E-02   -0.773244776729589E-02
    0.181691121127803E-02   -0.887936984720575E-02
    0.137584195961438E-02   -0.977306487716264E-02
    0.897293528147358E-03   -0.103869815546251E-01
    0.399470979970494E-03   -0.107099067893523E-01
   -0.992205723817654E-04   -0.107347432954644E-01
   -0.575686497627498E-03   -0.104733731419064E-01
   -0.101041810825249E-02   -0.994261041285046E-02
   -0.138032801611733E-02   -0.917772996763570E-02
   -0.166886420423182E-02   -0.821829649406654E-02
   -0.185859175344018E-02   -0.711969046475588E-02
   -0.194071234068997E-02   -0.593676723753212E-02
   -0.190911762102899E-02   -0.473711306086491E-02
   -0.176688960994183E-02   -0.357827231769511E-02
   -0.152472031952252E-02   -0.252579417360557E-02
   -0.120042248947531E-02   -0.162543201385699E-02
   -0.827947057754698E-03   -0.919505592327443E-03
   -0.443812753351719E-03   -0.426012657006132E-03
   -0.118609269935030E-03   -0.132601927770205E-03
    0.761537420648529E-04   -0.205437672750684E-04
    0.000000000000000E+00    0.000000000000000E+00
    0.000000000000000E+00    0.000000000000000E+00
   -0.170266343370224E-02    0.238306350683036E-03
   -0.419261853564917E-02    0.923418251333619E-03
   -0.647750917099030E-02    0.207028686998205E-02
   -0.764108359254858E-02    0.367570820811995E-02
   -0.729200230737132E-02    0.522273126563957E-02
   -0.522666519748060E-02    0.668008202423368E-02
   -0.192172757178560E-02    0.790670348947012E-02
    0.954361490656305E-03    0.858914594071684E-02
    0.325006176562081E-02    0.868799088265257E-02
    0.439291888163615E-02    0.803055766967715E-02
    0.491707610062684E-02    0.670024059737536E-02
    0.515115322338798E-02    0.496894206957634E-02
    0.525001869522234E-02    0.297713386127265E-02
    0.527222082674661E-02    0.846130250139451E-03
    0.523241655034821E-02   -0.133575246124702E-02
    0.511072453697872E-02   -0.350102661653108E-02
    0.489610709288561E-02   -0.559777612031842E-02
    0.456516134550543E-02   -0.756849135268608E-02
    0.412280111670728E-02   -0.936211546190666E-02
    0.356502205334817E-02   -0.109281704932484E-01
    0.291005799033891E-02   -0.122228820708124E-01
    0.217129312736156E-02   -0.132107040096805E-01
    0.137640133198761E-02   -0.138640589409657E-01
    0.552229048599926E-03   -0.141695424406386E-01
   -0.268546079850210E-03   -0.141232276556975E-01
   -0.105118925837458E-02   -0.137378432540407E-01
   -0.176302400860719E-02   -0.130366154455585E-01
   -0.236881323386230E-02   -0.120580534534996E-01
   -0.284201080041855E-02   -0.108510783969447E-01
   -0.315580356525602E-02   -0.947518064932261E-02
   -0.329636541585781E-02   -0.799788542203411E-02
   -0.325466172031613E-02   -0.648984912043564E-02
   -0.303537330918281E-02   -0.502456645099725E-02
   -0.265564909547193E-02   -0.366863145855340E-02
   -0.214359272874249E-02   -0.248484111330432E-02
   -0.154965596023630E-02   -0.151622039178390E-02
   -0.933312100849993E-03   -0.794318716654197E-03
   -0.387299828713785E-03   -0.315753443999119E-03
   -0.257053730535537E-04   -0.695206814576781E-04
    0.000000000000000E+00    0.000000000000000E+00
    0.000000000000000E+00    0.000000000000000E+00
   -0.205344338124116E-02    0.103537831811638E-03
   -0.490512958125293E-02    0.399383787287241E-03
   -0.750371356822981E-02    0.915995427145314E-03
   -0.895961844634628E-02    0.180069395613094E-02
   -0.864616210583193E-02    0.263543511565830E-02
   -0.656138058219139E-02    0.356928183177795E-02
   -0.305282227470704E-02    0.463890457533496E-02
    0.419456828425349E-03    0.527957046257419E-02
    0.334589628656198E-02    0.557248781967920E-02
    0.525538302549322E-02    0.518761771854033E-02
    0.638347706369880E-02    0.410816941947032E-02
    0.700935589429256E-02    0.250937107406129E-02
    0.735487179272410E-02    0.527887869764601E-03
    0.749971480261255E-02   -0.166046496086318E-02
    0.749829436693548E-02   -0.396580758149307E-02
    0.734090423928551E-02   -0.627607513880898E-02
    0.702355666023087E-02   -0.852822743445321E-02
    0.653329165760362E-02   -0.106416863865372E-01
    0.587196455627638E-02   -0.125550329861545E-01
    0.504865816564900E-02   -0.142139193110960E-01
    0.408238492190713E-02   -0.155640400958009E-01
    0.300221754880908E-02   -0.165735101526466E-01
    0.184284548716890E-02   -0.172068794554815E-01
    0.646379835180352E-03   -0.174564666023820E-01
   -0.541297331743113E-03   -0.173151979641081E-01
   -0.167326647494444E-02   -0.167998846434382E-01
   -0.269944607108475E-02   -0.159359757570959E-01
   -0.357711409769492E-02   -0.147633027707245E-01
   -0.426185512058306E-02   -0.133373528721458E-01
   -0.472465237623092E-02   -0.117175231977265E-01
   -0.493830593522190E-02   -0.998013094771141E-02
   -0.489697282478409E-02   -0.819697983077084E-02
   -0.460146493918064E-02   -0.645058933647672E-02
   -0.407793019361199E-02   -0.481195060225068E-02
   -0.336324875104513E-02   -0.335286823929773E-02
   -0.252393583554230E-02   -0.212391366749393E-02
   -0.163945955138965E-02   -0.116947367571709E-02
   -0.827163947225463E-03   -0.496968133310260E-03
   -0.220766587338001E-03   -0.119269484831804E-03
    0.000000000000000E+00    0.000000000000000E+00
    0.000000000000000E+00    0.000000000000000E+00
   -0.213004390554599E-02   -0.220488210599981E-04
   -0.504869121437546E-02   -0.128955821508585E-03
   -0.778717315020345E-02   -0.214646871191047E-03
   -0.935809174049780E-02   -0.165757351480606E-03
   -0.918449695602334E-02   -0.587598463732004E-04
   -0.718107400627728E-02    0.315999080436505E-03
   -0.374208223581292E-02    0.869760773710361E-03
   -0.756729213372387E-04    0.137032658568879E-02
    0.330966167481187E-02    0.165079770267642E-02
    0.587224698782319E-02    0.138351195678969E-02
    0.762565801747552E-02    0.532040102776277E-03
    0.875011272146856E-02   -0.879278363185303E-03
    0.941498799561482E-02   -0.272400601761616E-02
    0.975521772018715E-02   -0.484852628043581E-02
    0.982951163816725E-02   -0.712864489805468E-02
    0.965490807737168E-02   -0.945406131757212E-02
    0.923806973720949E-02   -0.117275592874336E-01
    0.857474711081113E-02   -0.138656444573555E-01
    0.767744993695631E-02   -0.157933185465712E-01
    0.656058652890116E-02   -0.174505586231475E-01
    0.525691674432750E-02   -0.187816925018059E-01
    0.380334042524107E-02   -0.197484843080958E-01
    0.224996330522442E-02   -0.203198229195846E-01
    0.651086406163419E-03   -0.204826997000646E-01
   -0.933372325521693E-03   -0.202348867355548E-01
   -0.244023974281978E-02   -0.195900647162131E-01
   -0.380927525919234E-02   -0.185763993220342E-01
   -0.497914722510142E-02   -0.172333187873631E-01
   -0.590073318991008E-02   -0.156167657958540E-01
   -0.652726907148440E-02   -0.137881632854457E-01
   -0.683316832901944E-02   -0.118240225570762E-01
   -0.679989612574869E-02   -0.980009408617291E-02
   -0.643703877239708E-02   -0.780134034208415E-02
   -0.576677404397047E-02   -0.590502849032271E-02
   -0.484317063921556E-02   -0.418877312159017E-02
   -0.373820350631072E-02   -0.271430574070675E-02
   -0.255788127423898E-02   -0.153450913987032E-02
   -0.142874311697445E-02   -0.678258489043527E-03
   -0.515897666900131E-03   -0.168154615545545E-03
    0.000000000000000E+00    0.000000000000000E+00
    0.000000000000000E+00    0.000000000000000E+00
   -0.193290524758154E-02   -0.145319583867257E-03
   -0.469882149736792E-02   -0.603702479665160E-03
   -0.741309205134180E-02   -0.125723633471842E-02
   -0.912696653464981E-02   -0.189501326862509E-02
   -0.915034582339560E-02   -0.255367633629580E-02
   -0.743107128719212E-02   -0.286682876753335E-02
   -0.414855595595544E-02   -0.286100643563369E-02
   -0.376599424664941E-03   -0.277851118345548E-02
    0.333754043612250E-02   -0.263726273220579E-02
    0.641715644675438E-02   -0.290967319329875E-02
    0.871615418096222E-02   -0.363128209976230E-02
    0.103139303777539E-01   -0.484579447767219E-02
    0.113417745500560E-01   -0.651588352294892E-02
    0.119136481659006E-01   -0.847624924473833E-02
    0.121023997195492E-01   -0.106324624488504E-01
    0.119328331378032E-01   -0.128514180154202E-01
    0.114258600735280E-01   -0.150395895350772E-01
    0.105910788710497E-01   -0.170975352890979E-01
    0.944898235472953E-02   -0.189474727396719E-01
    0.803000417963837E-02   -0.205264023193242E-01
    0.637399686043595E-02   -0.217715414821673E-01
    0.453433517753523E-02   -0.226493580142025E-01
    0.257189101811022E-02   -0.231217366103138E-01
    0.555411543870015E-03   -0.231807328320906E-01
   -0.143937561313300E-02   -0.228194016110735E-01
   -0.333915867055117E-02   -0.220524579946638E-01
   -0.506368628383828E-02   -0.209069778717720E-01
   -0.654690712314653E-02   -0.194181107192022E-01
   -0.771798144075668E-02   -0.176447100006133E-01
   -0.853099108797861E-02   -0.156402903576039E-01
   -0.894092503080138E-02   -0.134881581410464E-01
   -0.893563466385587E-02   -0.112559403045990E-01
   -0.851216403451926E-02   -0.903928783448565E-02
   -0.770507151712212E-02   -0.691066820445457E-02
   -0.656591150984046E-02   -0.496296566178613E-02
   -0.518573015668012E-02   -0.325893654815352E-02
   -0.367664930207659E-02   -0.187249486352075E-02
   -0.218974320055630E-02   -0.840749665130620E-03
   -0.896194145886002E-03   -0.213073003161446E-03
    0.000000000000000E+00    0.000000000000000E+00
    0.000000000000000E+00    0.000000000000000E+00
   -0.156100016536489E-02   -0.233892190640483E-03
   -0.394966768882745E-02   -0.974248580265787E-03
   -0.640698623922579E-02   -0.206713854186586E-02
   -0.806507064971451E-02   -0.334456736951447E-02
   -0.829084300603384E-02   -0.464089208937061E-02
   -0.684280631023643E-02   -0.562282425735382E-02
   -0.392037483857777E-02   -0.627239058751765E-02
   -0.295712045117113E-03   -0.664610498418709E-02
    0.352769095005044E-02   -0.687994014351934E-02
    0.689711412249536E-02   -0.728062005088043E-02
    0.964211699491123E-02   -0.797889103795401E-02
    0.116757585515262E-01   -0.906614466150977E-02
    0.130633538624706E-01   -0.105296645894619E-01
    0.138915961413486E-01   -0.122879356892413E-01
    0.142102244448956E-01   -0.142367437341135E-01
    0.140656887134245E-01   -0.162708561936826E-01
    0.134798112560128E-01   -0.182822728641397E-01
    0.124819395297645E-01   -0.201795532568877E-01
    0.111012772065154E-01   -0.218773784801035E-01
    0.938196817007010E-02   -0.233123279787188E-01
    0.737595854116601E-02   -0.244232101065563E-01
    0.515067993826613E-02   -0.251717603229159E-01
    0.277847280713667E-02   -0.255243280180171E-01
    0.345162830030865E-03   -0.254671484927261E-01
   -0.206517221205383E-02   -0.249957087537983E-01
   -0.435816392968790E-02   -0.241198764467395E-01
   -0.644989613592425E-02   -0.228645216026213E-01
   -0.825002993039253E-02   -0.212622075277443E-01
   -0.968908939827573E-02   -0.193653410458294E-01
   -0.106961041586381E-01   -0.172278546848354E-01
   -0.112324129878397E-01   -0.149251108571143E-01
   -0.112638000154704E-01   -0.125289622078423E-01
   -0.107991858050540E-01   -0.101291450777608E-01
   -0.985780723421029E-02   -0.780755591221249E-02
   -0.850979927053469E-02   -0.565583553278275E-02
   -0.683925642579891E-02   -0.375335364880014E-02
   -0.498347935507333E-02   -0.217819583455681E-02
   -0.309232361696619E-02   -0.992365162198351E-03
   -0.136358297682297E-02   -0.253227333138923E-03
    0.000000000000000E+00    0.000000000000000E+00
    0.000000000000000E+00    0.000000000000000E+00
   -0.989097248252839E-03   -0.304606947266088E-03
   -0.285223232199813E-02   -0.124029571767087E-02
   -0.494998480859645E-02   -0.268179569947647E-02
   -0.651276281850633E-02   -0.441586536517604E-02
   -0.685958769965985E-02   -0.630372311417396E-02
   -0.575381965813241E-02   -0.791241272966382E-02
   -0.319082248649520E-02   -0.918546695489536E-02
    0.186736095587865E-03   -0.101260073679041E-01
    0.394411088695106E-02   -0.107580499722307E-01
    0.748308281415161E-02   -0.114097598308456E-01
    0.105078681802390E-01   -0.121722556713230E-01
    0.128942526902065E-01   -0.131952779696983E-01
    0.145924617992894E-01   -0.144948772456555E-01
    0.156560859246557E-01   -0.160370674628128E-01
    0.161088207667185E-01   -0.177508041210391E-01
    0.159942416464234E-01   -0.195386487106201E-01
    0.153422357554949E-01   -0.213151967819484E-01
    0.141925334297800E-01   -0.229868229049480E-01
    0.125854435319475E-01   -0.244745240086541E-01
    0.105783630038294E-01   -0.257169774862266E-01
    0.823538977608588E-02   -0.266518880027136E-01
    0.563626096529427E-02   -0.272452119294018E-01
    0.286817920490307E-02   -0.274593713211207E-01
    0.261742595389885E-04   -0.272828438580072E-01
   -0.278727569986039E-02   -0.267069700255177E-01
   -0.547297096643151E-02   -0.257385500804849E-01
   -0.792470633268875E-02   -0.244002397944675E-01
   -0.100517876659023E-01   -0.227151893236676E-01
   -0.117596041893549E-01   -0.207369243573681E-01
   -0.129808590245338E-01   -0.185052635002469E-01
   -0.136515036857753E-01   -0.161012767397438E-01
   -0.137449214780631E-01   -0.135815392520417E-01
   -0.132482493853584E-01   -0.110472590006214E-01
   -0.121930855555641E-01   -0.856834767178908E-02
   -0.106350071276014E-01   -0.625440932668249E-02
   -0.867636791237636E-02   -0.418015902303528E-02
   -0.644810077670229E-02   -0.244732565948585E-02
   -0.412331407772822E-02   -0.112215157393717E-02
   -0.189847178257888E-02   -0.289685612046157E-03
    0.000000000000000E+00    0.000000000000000E+00
    0.000000000000000E+00    0.000000000000000E+00
   -0.346801534608280E-03   -0.345893849213664E-03
   -0.156638676580653E-02   -0.141560956515699E-02
   -0.314125323953718E-02   -0.307638078806211E-02
   -0.441882085752579E-02   -0.517799843687691E-02
   -0.479957005104868E-02   -0.747725134873846E-02
   -0.392890273579737E-02   -0.962153233483137E-02
   -0.177954256638110E-02   -0.114786818861697E-01
    0.123972078006697E-02   -0.129410195967958E-01
    0.477438189679563E-02   -0.140622247091071E-01
    0.826252585929466E-02   -0.150168785229987E-01
    0.114167575389869E-01   -0.159314551045035E-01
    0.140066900977411E-01   -0.169569422577215E-01
    0.159305298896424E-01   -0.181324181925157E-01
    0.171774309103683E-01   -0.194781447179829E-01
    0.177385748695887E-01   -0.209423243724142E-01
    0.176517336309603E-01   -0.224645087092820E-01
    0.169394056751060E-01   -0.239653049357049E-01
    0.156531247019514E-01   -0.253725704407481E-01
    0.138374832292512E-01   -0.266110650513030E-01
    0.115655876868238E-01   -0.276260656212671E-01
    0.890775699321879E-02   -0.283605424145101E-01
    0.596147927999088E-02   -0.287793476181813E-01
    0.281840022529613E-02   -0.288492523714954E-01
   -0.406010781144733E-03   -0.285543354652193E-01
   -0.360848902828470E-02   -0.278863766244549E-01
   -0.666571794040487E-02   -0.268470156287144E-01
   -0.947471538900334E-02   -0.254535474113696E-01
   -0.119169468148593E-01   -0.237251105134122E-01
   -0.139042821593078E-01   -0.217045929519452E-01
   -0.153390610735075E-01   -0.194304338041195E-01
   -0.161663239672164E-01   -0.169703427154511E-01
   -0.163292120350081E-01   -0.143838907887344E-01
   -0.158270647496541E-01   -0.117600056438193E-01
   -0.146650512973348E-01   -0.917797065363455E-02
   -0.129156948778865E-01   -0.674000174062714E-02
   -0.106620953115843E-01   -0.453803715339468E-02
   -0.805760108728806E-02   -0.267361877029864E-02
   -0.526459549435542E-02   -0.123730354282988E-02
   -0.250445139792111E-02   -0.320452234460653E-03
    0.000000000000000E+00    0.000000000000000E+00
    0.000000000000000E+00    0.000000000000000E+00
    0.397747458993795E-03   -0.371198546940984E-03
   -0.105783330699252E-03   -0.150467917241325E-02
   -0.110569639284933E-02   -0.330459417981439E-02
   -0.205664538920449E-02   -0.560947821632907E-02
   -0.237028108486355E-02   -0.823983273700021E-02
   -0.171310792709178E-02   -0.107868387162024E-01
    0.881944361519132E-04   -0.131364816085194E-01
    0.272911310882179E-02   -0.150956610991833E-01
    0.596585097760953E-02   -0.166542436726152E-01
    0.930680356227226E-02   -0.179558803174763E-01
    0.124358249695540E-01   -0.190568092395489E-01
    0.151055688777526E-01   -0.201419925833852E-01
    0.171399652225551E-01   -0.212428604113638E-01
    0.184954860434678E-01   -0.224195577305091E-01
    0.191199397119373E-01   -0.236503610280406E-01
    0.190408371275769E-01   -0.248998334607650E-01
    0.182673051482467E-01   -0.261128919904747E-01
    0.168544235701258E-01   -0.272344259884961E-01
    0.148511038917525E-01   -0.282011543304586E-01
    0.123375848151215E-01   -0.289688588507399E-01
    0.939654341861446E-02   -0.294849323846388E-01
    0.613110881971016E-02   -0.297205702814346E-01
    0.264885298638132E-02   -0.296418805382613E-01
   -0.932526581711483E-03   -0.292345735426607E-01
   -0.449053528925604E-02   -0.284879486155014E-01
   -0.790322923400198E-02   -0.273986087300756E-01
   -0.110446382108218E-01   -0.259818119944236E-01
   -0.138004355947382E-01   -0.242445582116342E-01
   -0.160556102340518E-01   -0.222297945752918E-01
   -0.177185073933233E-01   -0.199580285820031E-01
   -0.187043597688891E-01   -0.175008723499578E-01
   -0.189637943357794E-01   -0.148974463608997E-01
   -0.184662193358332E-01   -0.122461764543022E-01
   -0.172269118393714E-01   -0.960837642413105E-02
   -0.152925673707686E-01   -0.710240709790156E-02
   -0.127611002395646E-01   -0.481004332408935E-02
   -0.976799422058605E-02   -0.285492135738905E-02
   -0.649598143433185E-02   -0.132769924138710E-02
   -0.315780928211202E-02   -0.347464265726807E-03
    0.000000000000000E+00    0.000000000000000E+00
    0.000000000000000E+00    0.000000000000000E+00
    0.113862612319275E-02   -0.375240037404507E-03
    0.138084802866021E-02   -0.152943631041312E-02
    0.103717004848205E-02   -0.337246565819986E-02
    0.545284448441447E-03   -0.579821236119673E-02
    0.400704300730403E-03   -0.858464342880458E-02
    0.984578406648922E-03   -0.114205084140942E-01
    0.246606101368069E-02   -0.141196974399171E-01
    0.472819370011174E-02   -0.164735492458903E-01
    0.757928316866461E-02   -0.184393226355447E-01
    0.106302679369852E-01   -0.200561556663484E-01
    0.135980250016965E-01   -0.213870822668231E-01
    0.161924394922714E-01   -0.225601004052620E-01
    0.182314789660424E-01   -0.236343160600974E-01
    0.196035161149496E-01   -0.246783477609674E-01
    0.202392813115359E-01   -0.256974772278868E-01
    0.201351893775125E-01   -0.266887700542188E-01
    0.192907344755984E-01   -0.276163950635452E-01
    0.177586263460863E-01   -0.284495026453930E-01
    0.155850956313669E-01   -0.291393710522332E-01
    0.128611277717850E-01   -0.296527417182657E-01
    0.966825613219251E-02   -0.299475340349451E-01
    0.612609981024087E-02   -0.299979751597892E-01
    0.233916773080607E-02   -0.297763801501719E-01
   -0.155455929652446E-02   -0.292666482642203E-01
   -0.543884655244943E-02   -0.284585475258450E-01
   -0.916788166033675E-02   -0.273448214155961E-01
   -0.126245601443651E-01   -0.259344887248401E-01
   -0.156667125131925E-01   -0.242305684729402E-01
   -0.181893612872555E-01   -0.222633849279477E-01
   -0.200688942869303E-01   -0.200508493621695E-01
   -0.212305507012653E-01   -0.176475341872599E-01
   -0.215899613164401E-01   -0.150932797584390E-01
   -0.211267639842716E-01   -0.124688240391889E-01
   -0.198212979410840E-01   -0.984179422351035E-02
   -0.177327846890480E-01   -0.731710415878741E-02
   -0.149290095119617E-01   -0.499021774620056E-02
   -0.115626552183310E-01   -0.297981888238237E-02
   -0.779582712826123E-02   -0.139764245078306E-02
   -0.386290091034533E-02   -0.366937275401834E-03
    0.000000000000000E+00    0.000000000000000E+00
    0.000000000000000E+00    0.000000000000000E+00
    0.190335824703140E-02   -0.368046580611042E-03
    0.290118554295671E-02   -0.149110336741500E-02
    0.321955181317430E-02   -0.331474411676663E-02
    0.320331593846338E-02   -0.573064092927497E-02
    0.330988053044614E-02   -0.859171792180487E-02
    0.386606614295905E-02   -0.115606464458285E-01
    0.512913143971983E-02   -0.145024747765480E-01
    0.703244313608289E-02   -0.171426218759773E-01
    0.950047624705678E-02   -0.194178790974920E-01
    0.122076931161113E-01   -0.213154249211362E-01
    0.149089100275693E-01   -0.228429148672915E-01
    0.173309999492363E-01   -0.241244611024132E-01
    0.192568834858867E-01   -0.251902545034665E-01
    0.205670779076231E-01   -0.261376194304883E-01
    0.211450983656124E-01   -0.269742894932199E-01
    0.209801012667324E-01   -0.277335935839498E-01
    0.200465422374092E-01   -0.283933482802073E-01
    0.183954351801571E-01   -0.289504893425414E-01
    0.160690618501377E-01   -0.293690458155721E-01
    0.131585776266620E-01   -0.296338355604027E-01
    0.975269440192335E-02   -0.297095793147072E-01
    0.596935658305025E-02   -0.295815141994414E-01
    0.192641728841158E-02   -0.292240177146189E-01
   -0.224282068021224E-02   -0.286245464504612E-01
   -0.640462915522343E-02   -0.277727955809521E-01
   -0.104204972060338E-01   -0.266571562282545E-01
   -0.141520444790607E-01   -0.252859656081042E-01
   -0.174656890906286E-01   -0.236499924383266E-01
   -0.202305716107935E-01   -0.217794120491990E-01
   -0.223312738600378E-01   -0.196729232909263E-01
   -0.236620061308474E-01   -0.173867045251999E-01
   -0.241452036038033E-01   -0.149372462688428E-01
   -0.237256257928283E-01   -0.124103016836122E-01
   -0.223898433424715E-01   -0.985112084086579E-02
   -0.201624808468616E-01   -0.737468406947725E-02
   -0.171197938724330E-01   -0.506137185851442E-02
   -0.133860871363441E-01   -0.304611951393636E-02
   -0.913721708470008E-02   -0.143694924576496E-02
   -0.458997732223791E-02   -0.381579494632729E-03
    0.000000000000000E+00    0.000000000000000E+00
    0.000000000000000E+00    0.000000000000000E+00
    0.261384390493105E-02   -0.345059307700705E-03
    0.433571950917250E-02   -0.140689529041929E-02
    0.532570679420134E-02   -0.314018165666594E-02
    0.584816063480516E-02   -0.548242143468871E-02
    0.626832099994541E-02   -0.827135542621322E-02
    0.691937782857194E-02   -0.112679092119618E-01
    0.802318958143080E-02   -0.142855626528577E-01
    0.963471018395916E-02   -0.170889375745678E-01
    0.117054994655007E-01   -0.195722039742528E-01
    0.140208450994791E-01   -0.216664443935898E-01
    0.163760102935468E-01   -0.233690399912537E-01
    0.185145431219783E-01   -0.247387575026949E-01
    0.202364750275409E-01   -0.258196821416375E-01
    0.213860437551307E-01   -0.266886934868538E-01
    0.218444688324132E-01   -0.273782411901351E-01
    0.215676681036286E-01   -0.279315975783191E-01
    0.205237009220882E-01   -0.283531260285278E-01
    0.187497974247097E-01   -0.286546118293147E-01
    0.162823991615814E-01   -0.288223426807946E-01
    0.132142097168003E-01   -0.288519539476449E-01
    0.962729818532331E-02   -0.287242246690242E-01
    0.565031158489500E-02   -0.284295551458335E-01
    0.139228024551527E-02   -0.279517785986014E-01
   -0.299760014473382E-02   -0.272792794653071E-01
   -0.739670256308194E-02   -0.264039438192013E-01
   -0.116469628732382E-01   -0.253131154830334E-01
   -0.156223793403788E-01   -0.240095463844856E-01
   -0.191659115475139E-01   -0.224820942445348E-01
   -0.221585401327954E-01   -0.207476934491919E-01
   -0.244563066212247E-01   -0.188030095710156E-01
   -0.259628687836119E-01   -0.166847358957324E-01
   -0.265663104401739E-01   -0.144083119490833E-01
   -0.262178925776872E-01   -0.120372682613664E-01
   -0.248656180019059E-01   -0.961870301149326E-02
   -0.225395481656009E-01   -0.724818036098458E-02
   -0.192780015530353E-01   -0.501326611299944E-02
   -0.152135483112363E-01   -0.303835454759878E-02
   -0.104914880453812E-01   -0.144638788131777E-02
   -0.534216817607624E-02   -0.385497276736191E-03
    0.000000000000000E+00    0.000000000000000E+00
    0.000000000000000E+00    0.000000000000000E+00
    0.328998141213162E-02   -0.313588410598108E-03
    0.569696073107617E-02   -0.127509361132320E-02
    0.732574040033380E-02   -0.287151559226773E-02
    0.836856092267468E-02   -0.504075848288135E-02
    0.914627508104852E-02   -0.769029420663120E-02
    0.992248970003141E-02   -0.105728564163421E-01
    0.109608358908465E-01   -0.135676909777333E-01
    0.123215053356941E-01   -0.163990283035269E-01
    0.140476755276051E-01   -0.189771057513984E-01
    0.159697128737610E-01   -0.211840846855765E-01
    0.179458726455473E-01   -0.229857275380459E-01
    0.197508370623155E-01   -0.244225197522072E-01
    0.211907466788092E-01   -0.255001117827579E-01
    0.221180466226234E-01   -0.263116679514664E-01
    0.223904979505145E-01   -0.268715353853438E-01
    0.219627120672483E-01   -0.272539543747408E-01
    0.207799909146057E-01   -0.274633039776624E-01
    0.188767524459071E-01   -0.275415015070327E-01
    0.162780161587303E-01   -0.274807227223725E-01
    0.130721665945337E-01   -0.273004824524040E-01
    0.934124525104096E-02   -0.269867243173025E-01
    0.520688020104440E-02   -0.265453088491021E-01
    0.786132421493382E-03   -0.259636535224727E-01
   -0.378164366630538E-02   -0.252366859700432E-01
   -0.836093666867260E-02   -0.243587350121845E-01
   -0.128055554367707E-01   -0.233150154622894E-01
   -0.169727472366101E-01   -0.221100103898508E-01
   -0.207176966682667E-01   -0.207218978354084E-01
   -0.238998979089291E-01   -0.191686276284574E-01
   -0.263856506134739E-01   -0.174284037226368E-01
   -0.280507217399520E-01   -0.155380520418535E-01
   -0.287893338178672E-01   -0.134890501480100E-01
   -0.285178515828015E-01   -0.113448165973763E-01
   -0.271858689231665E-01   -0.912768694605862E-02
   -0.247843589551929E-01   -0.693456554398123E-02
   -0.213512647509443E-01   -0.483414138385161E-02
   -0.169823375121302E-01   -0.295698140168444E-02
   -0.118254143806202E-01   -0.141883254769505E-02
   -0.608340932971621E-02   -0.383175979338905E-03
    0.000000000000000E+00    0.000000000000000E+00
    0.000000000000000E+00    0.000000000000000E+00
    0.387406795776478E-02   -0.270401823526772E-03
    0.689314511912610E-02   -0.111115054228621E-02
    0.911776453869326E-02   -0.251862805496221E-02
    0.106853092172897E-01   -0.446967190029954E-02
    0.118364466018584E-01   -0.686899854404592E-02
    0.128202825291905E-01   -0.955490579807330E-02
    0.138473722492150E-01   -0.123768742681136E-01
    0.150456112391620E-01   -0.151225134802038E-01
    0.164564763164512E-01   -0.176665569730640E-01
    0.180060005590069E-01   -0.198818308221867E-01
    0.195801602851237E-01   -0.217167558764760E-01
    0.210034435199375E-01   -0.231624836320025E-01
    0.221091822608228E-01   -0.242308824825789E-01
    0.227460211586778E-01   -0.249758181706823E-01
    0.227862940037734E-01   -0.254338395146131E-01
    0.221608845530327E-01   -0.256644143991978E-01
    0.208185618799256E-01   -0.256995083196509E-01
    0.187750775759038E-01   -0.255814421124528E-01
    0.160518214863740E-01   -0.253279555225885E-01
    0.127300128894080E-01   -0.249631853853498E-01
    0.888378324673872E-02   -0.244931423031045E-01
    0.463681245868554E-02   -0.239274349419333E-01
    0.954561984129745E-04   -0.232662403431503E-01
   -0.459313433466291E-02   -0.225071468764553E-01
   -0.930602518472676E-02   -0.216489701965458E-01
   -0.138855903536176E-01   -0.206790666550843E-01
   -0.182022539109747E-01   -0.195977280189710E-01
   -0.220963003504558E-01   -0.183846959682424E-01
   -0.254389768194063E-01   -0.170451416828820E-01
   -0.280765378303614E-01   -0.155576550259745E-01
   -0.298925154635085E-01   -0.139387305968613E-01
   -0.307535839102198E-01   -0.121784665658590E-01
   -0.305779864469670E-01   -0.103153542672014E-01
   -0.292795860785394E-01   -0.836921721358912E-02
   -0.268459799709686E-01   -0.641281240312835E-02
   -0.232744862051851E-01   -0.451369060879302E-02
   -0.186565727366605E-01   -0.278610818389851E-02
   -0.131017065846625E-01   -0.135097133158397E-02
   -0.681251325188525E-02   -0.366642199303228E-03
    0.000000000000000E+00    0.000000000000000E+00
    0.000000000000000E+00    0.000000000000000E+00
    0.438131129265100E-02   -0.221073545913617E-03
    0.793672365264796E-02   -0.912724509442858E-03
    0.106942709889563E-01   -0.210003329180213E-02
    0.127378440247345E-01   -0.376220457488982E-02
    0.142680666495427E-01   -0.586286980237139E-02
    0.154648065041749E-01   -0.824156654367321E-02
    0.165501338165149E-01   -0.108131403681648E-01
    0.176265304966730E-01   -0.133480112946117E-01
    0.187960783317836E-01   -0.157557379658347E-01
    0.200034633058388E-01   -0.178787581637878E-01
    0.211990053512645E-01   -0.196560266071937E-01
    0.222362882809710E-01   -0.210607122774374E-01
    0.229808325834649E-01   -0.220715043013925E-01
    0.233009618809007E-01   -0.227489591490314E-01
    0.230681160370953E-01   -0.230996260032557E-01
    0.222221633736358E-01   -0.232074288833421E-01
    0.206965098418387E-01   -0.230876203726570E-01
    0.185083423092250E-01   -0.228123036004213E-01
    0.156652272134719E-01   -0.223932544503917E-01
    0.122442544626332E-01   -0.218806080072053E-01
    0.831334483682881E-02   -0.212803533669606E-01
    0.398775894706006E-02   -0.206201708190943E-01
   -0.625328081568205E-03   -0.199029489432939E-01
   -0.539046945119549E-02   -0.191354593963223E-01
   -0.101789466066385E-01   -0.183205398192720E-01
   -0.148469477590758E-01   -0.174457601661060E-01
   -0.192553639279447E-01   -0.165158421144597E-01
   -0.232585935527815E-01   -0.155021019843507E-01
   -0.267141292580307E-01   -0.144130570856447E-01
   -0.294798364088111E-01   -0.132110342774629E-01
   -0.314190253148475E-01   -0.119128468967767E-01
   -0.324040400857729E-01   -0.104862107853960E-01
   -0.323239713298434E-01   -0.896564156991186E-02
   -0.310899664828734E-01   -0.734628034236817E-02
   -0.286519201836931E-01   -0.569308753851609E-02
   -0.249969683251292E-01   -0.405281851041734E-02
   -0.201754538969055E-01   -0.253263869612093E-02
   -0.142846028609871E-01   -0.124337610238188E-02
   -0.749128561536543E-02   -0.342928435817724E-03
    0.000000000000000E+00    0.000000000000000E+00
    0.000000000000000E+00    0.000000000000000E+00
    0.477092819025347E-02   -0.164931394211884E-03
    0.876329736475298E-02   -0.697018298866708E-03
    0.119760672407728E-01   -0.163050931998351E-02
    0.144571654612449E-01   -0.297781804847446E-02
    0.163428834395717E-01   -0.470531036193482E-02
    0.177907715858067E-01   -0.672221891935478E-02
    0.189654850142823E-01   -0.892976055298754E-02
    0.199992094500340E-01   -0.111660473999916E-01
    0.209728391344584E-01   -0.133191661596176E-01
    0.218973445580373E-01   -0.152512114235802E-01
    0.227364657906518E-01   -0.168889037268381E-01
    0.233979844780191E-01   -0.181772714752040E-01
    0.237757083109030E-01   -0.191001176467182E-01
    0.237553133402466E-01   -0.196759868245174E-01
    0.232331295647875E-01   -0.199306328823776E-01
    0.221395438237295E-01   -0.199170937175605E-01
    0.204219587941258E-01   -0.196766849066256E-01
    0.180802867077318E-01   -0.192655588354769E-01
    0.151258495873219E-01   -0.187219368211032E-01
    0.116218487368322E-01   -0.180896975149814E-01
    0.763289237500872E-02   -0.173969393783787E-01
    0.326657472915740E-02   -0.166703425469670E-01
   -0.137758960223877E-02   -0.159276828304264E-01
   -0.616673835963716E-02   -0.151778800444586E-01
   -0.109822691636111E-01   -0.144301193729633E-01
   -0.156796473644236E-01   -0.136761371869066E-01
   -0.201307553872238E-01   -0.129181156893434E-01
   -0.241864398687550E-01   -0.121323105419458E-01
   -0.277139862354999E-01   -0.113160337043032E-01
   -0.305632723745624E-01   -0.104352087025611E-01
   -0.326030978145776E-01   -0.948760419977364E-02
   -0.336900619847507E-01   -0.844060021091949E-02
   -0.337109813576377E-01   -0.730396828874585E-02
   -0.325504862361176E-01   -0.606706908581116E-02
   -0.301467238535711E-01   -0.476873920710595E-02
   -0.264500144563513E-01   -0.344577996149510E-02
   -0.214924855630416E-01   -0.218459483303624E-02
   -0.153299596540961E-01   -0.108810166399638E-02
   -0.811125178568057E-02   -0.302710532693284E-03
    0.000000000000000E+00    0.000000000000000E+00
    0.000000000000000E+00    0.000000000000000E+00
    0.505613461525830E-02   -0.105300476798663E-03
    0.938619421922779E-02   -0.461742957009243E-03
    0.129707408473671E-01   -0.112683286304456E-02
    0.158191801931361E-01   -0.211777097902717E-02
    0.180343450307815E-01   -0.344638291761820E-02
    0.197143142948869E-01   -0.502944212216273E-02
    0.210171186675789E-01   -0.682360838403152E-02
    0.220362180614912E-01   -0.866767482937625E-02
    0.228845655292620E-01   -0.104891241251412E-01
    0.235710331108112E-01   -0.121406105948406E-01
    0.241091396003880E-01   -0.135541564125368E-01
    0.244272066288831E-01   -0.146673342209360E-01
    0.244571918144235E-01   -0.154397371497934E-01
    0.241086696256092E-01   -0.158966091497495E-01
    0.232914175226178E-01   -0.160289506494790E-01
    0.219530774826364E-01   -0.159108179275351E-01
    0.200355791347816E-01   -0.155541783726941E-01
    0.175473559103216E-01   -0.150424834658418E-01
    0.144871901703451E-01   -0.143957093496160E-01
    0.109191812846374E-01   -0.136832815501218E-01
    0.689658399589624E-02   -0.129250188273586E-01
    0.252200076567745E-02   -0.121666620233223E-01
   -0.211211057886072E-02   -0.114248728939919E-01
   -0.688219646631405E-02   -0.107191663815626E-01
   -0.116725102526979E-01   -0.100623802737305E-01
   -0.163507056493225E-01   -0.944817986009515E-02
   -0.207883170789776E-01   -0.888485898822670E-02
   -0.248494696164130E-01   -0.834267587247553E-02
   -0.283978105270445E-01   -0.782469621429399E-02
   -0.312946867736102E-01   -0.728382684814782E-02
   -0.333997947198944E-01   -0.671970288322031E-02
   -0.345750764715275E-01   -0.608083250833852E-02
   -0.346890580627052E-01   -0.537141123378400E-02
   -0.336208859059554E-01   -0.455869030220672E-02
   -0.312787679968770E-01   -0.366640425666798E-02
   -0.275945759199135E-01   -0.271096623176210E-02
   -0.225610302550782E-01   -0.175763584547109E-02
   -0.162064810137070E-01   -0.897445080796286E-03
   -0.863989787680595E-02   -0.255625191649262E-03
    0.000000000000000E+00    0.000000000000000E+00
    0.000000000000000E+00    0.000000000000000E+00
    0.521408463579159E-02   -0.448529499305092E-04
    0.976977425420172E-02   -0.226444545428729E-03
    0.136293732092444E-01   -0.610448644022290E-03
    0.167785358900725E-01   -0.124045524312663E-02
    0.192723000186674E-01   -0.213342071834584E-02
    0.211840405415142E-01   -0.325892004423626E-02
    0.226207604531515E-01   -0.457165774640275E-02
    0.236800500442052E-01   -0.596993872333515E-02
    0.244461842596552E-01   -0.737451180401760E-02
    0.249638761835318E-01   -0.867006779999170E-02
    0.252486084745653E-01   -0.978616768596532E-02
    0.252707608911837E-01   -0.106513319051715E-01
    0.249857879431481E-01   -0.112335336215423E-01
    0.243265679854170E-01   -0.115232500538519E-01
    0.232323486310558E-01   -0.115304865277650E-01
    0.216503063749768E-01   -0.112911737296032E-01
    0.195463856503748E-01   -0.108424266271132E-01
    0.169141157747301E-01   -0.102386958052500E-01
    0.137667349060838E-01   -0.952576738582395E-02
    0.101496516701201E-01   -0.875560607966640E-02
    0.612190690295888E-02   -0.796995738860558E-02
    0.176943035625961E-02   -0.720669713990994E-02
   -0.281563531232750E-02   -0.649763597087667E-02
   -0.752303144786251E-02   -0.586152478126600E-02
   -0.122411497928191E-01   -0.531827436225477E-02
   -0.168481748818395E-01   -0.486579686966310E-02
   -0.212219084061452E-01   -0.451128870974489E-02
   -0.252347206531713E-01   -0.423194064083155E-02
   -0.287567171908523E-01   -0.402207442088315E-02
   -0.316541207513808E-01   -0.384092590917711E-02
   -0.337900615705236E-01   -0.367242034840251E-02
   -0.350246965801551E-01   -0.346651624375107E-02
   -0.352222045937055E-01   -0.320587031966890E-02
   -0.342487330470969E-01   -0.285028614596824E-02
   -0.319956292359547E-01   -0.239882735013535E-02
   -0.283679090750063E-01   -0.185025423274459E-02
   -0.233285913041619E-01   -0.124728654294091E-02
   -0.168680480034974E-01   -0.658534934594907E-03
   -0.905977103788917E-02   -0.192291711736074E-03
    0.000000000000000E+00    0.000000000000000E+00
    0.000000000000000E+00    0.000000000000000E+00
    0.525689962677249E-02    0.160388417117307E-04
    0.993079637831400E-02    0.112052976016676E-04
    0.139720639969620E-01   -0.952489849717153E-04
    0.173405454793653E-01   -0.353449043257400E-03
    0.200634137026957E-01   -0.810978189698421E-03
    0.221693760807805E-01   -0.144908453843242E-02
    0.237482545330082E-01   -0.226330729851164E-02
    0.248595411117178E-01   -0.316504038835754E-02
    0.255962853344366E-01   -0.410910229258507E-02
    0.259902722392818E-01   -0.498910715544641E-02
    0.260859034834197E-01   -0.574546515424998E-02
    0.258648924370863E-01   -0.631406606343563E-02
    0.253130719505823E-01   -0.664666484367619E-02
    0.243863773300164E-01   -0.674665149526167E-02
    0.230406237606232E-01   -0.659078634285480E-02
    0.212460569484708E-01   -0.623601271680845E-02
    0.189681440742888E-01   -0.568370638571988E-02
    0.162173776836806E-01   -0.501384542022134E-02
    0.129952311848162E-01   -0.424397621795016E-02
    0.935639917094614E-02   -0.345030794499956E-02
    0.534442454526757E-02   -0.265737772013357E-02
    0.104760578588889E-02   -0.192145831604612E-02
   -0.345630241557460E-02   -0.126754112028652E-02
   -0.806011092465027E-02   -0.724904816304121E-03
   -0.126639418158264E-01   -0.314560103593733E-03
   -0.171530396060994E-01   -0.372729278526780E-04
   -0.214145158781557E-01    0.938669461319616E-04
   -0.253302639833345E-01    0.105293141809454E-03
   -0.287774371388653E-01   -0.440811091763013E-05
   -0.316318440851081E-01   -0.185385090597758E-03
   -0.337598629769710E-01   -0.425380347416168E-03
   -0.350269341931095E-01   -0.660318404116025E-03
   -0.352927251998397E-01   -0.867918226855508E-03
   -0.344178154984576E-01   -0.990190829314642E-03
   -0.322765003306060E-01   -0.100726623811380E-02
   -0.287513146170284E-01   -0.899793737414641E-03
   -0.237740699235999E-01   -0.677711609242626E-03
   -0.172961781746272E-01   -0.397166152719314E-03
   -0.935313713231949E-02   -0.124104811804404E-03
    0.000000000000000E+00    0.000000000000000E+00
    0.000000000000000E+00    0.000000000000000E+00
    0.518108186162374E-02    0.715743321169453E-04
    0.986266946506451E-02    0.231451073696841E-03
    0.139853331834061E-01    0.392799596445511E-03
    0.174921846638224E-01    0.488288017048267E-03
    0.203787585813687E-01    0.464679617721678E-03
    0.226491593716901E-01    0.305232915277167E-03
    0.243546713893259E-01    0.885198515615700E-05
    0.255430888385208E-01   -0.381239148374927E-03
    0.262807253744440E-01   -0.824863618585305E-03
    0.266097226414467E-01   -0.124829330909215E-02
    0.265709029906305E-01   -0.159955810601959E-02
    0.261684225935580E-01   -0.181783417641150E-02
    0.254064509793956E-01   -0.186868025857858E-02
    0.242575376879082E-01   -0.173163007175945E-02
    0.227076441775021E-01   -0.140379873151105E-02
    0.207275707665530E-01   -0.905850864986222E-03
    0.183135059209003E-01   -0.263207553167969E-03
    0.154617825522539E-01    0.478596711746140E-03
    0.121982689387969E-01    0.127838700246797E-02
    0.855567414924050E-02    0.208510633793464E-02
    0.459374368855294E-02    0.285465101728814E-02
    0.377153342260309E-03    0.354498429141666E-02
   -0.400730698857121E-02    0.411791909260997E-02
   -0.847450972487580E-02    0.454874530523121E-02
   -0.129209761506248E-01    0.481032052103021E-02
   -0.172517157700133E-01    0.489910160517209E-02
   -0.213542017324558E-01    0.480236930299316E-02
   -0.251280534469498E-01    0.453933756558846E-02
   -0.284532920769086E-01    0.411454978605487E-02
   -0.312210998559179E-01    0.356994966514436E-02
   -0.333005660736236E-01    0.292896439790710E-02
   -0.345678325703744E-01    0.225224086897387E-02
   -0.348797657424595E-01    0.157848327764905E-02
   -0.340982524798493E-01    0.972958108623183E-03
   -0.320814315469759E-01    0.476190982996167E-03
   -0.286987399012135E-01    0.130156385981355E-03
   -0.238471928348948E-01   -0.536300171208192E-04
   -0.174496413504707E-01   -0.959828408900583E-04
   -0.949428646824819E-02   -0.432243742986153E-04
    0.000000000000000E+00    0.000000000000000E+00
    0.000000000000000E+00    0.000000000000000E+00
    0.499721594709714E-02    0.124584394727403E-03
    0.958701579746447E-02    0.437079717575948E-03
    0.136994741154451E-01    0.845463652888739E-03
    0.172632907325167E-01    0.127593165097446E-02
    0.202503372498471E-01    0.165953645499554E-02
    0.226368216503463E-01    0.196647473376628E-02
    0.244511394458943E-01    0.217080166286361E-02
    0.257126044530923E-01    0.229588824376870E-02
    0.264789704876713E-01    0.235809080809182E-02
    0.267785847361754E-01    0.240987896793613E-02
    0.266601064943081E-01    0.249295134687937E-02
    0.261339628114748E-01    0.264817250671553E-02
    0.252191825813948E-01    0.292021087398028E-02
    0.239092576199227E-01    0.330907948372844E-02
    0.221998357105009E-01    0.384540338547076E-02
    0.200879465478542E-01    0.448567958656410E-02
    0.175676666495226E-01    0.523976148790923E-02
    0.146593428290949E-01    0.603813751477717E-02
    0.113758231291767E-01    0.687201590383818E-02
    0.776784774234347E-02    0.766877998772854E-02
    0.387610799732199E-02    0.840741022967423E-02
   -0.223458198506366E-03    0.903000542751903E-02
   -0.446444224118535E-02    0.951041863984083E-02
   -0.875650780615024E-02    0.981503028001456E-02
   -0.130153157142849E-01    0.991915833227252E-02
   -0.171456338686333E-01    0.981646950866843E-02
   -0.210523325178822E-01    0.949015336378962E-02
   -0.246388311854278E-01    0.896100344485681E-02
   -0.278011600388737E-01    0.822658373323191E-02
   -0.304371137780724E-01    0.733374676897835E-02
   -0.324298593269060E-01    0.630059748131680E-02
   -0.336616688531388E-01    0.519653559564538E-02
   -0.339983879875455E-01    0.406287434731119E-02
   -0.333001093894107E-01    0.297814011657336E-02
   -0.314229753869857E-01    0.200132583339613E-02
   -0.282162413092059E-01    0.118997607009169E-02
   -0.235587411046490E-01    0.594690665473333E-03
   -0.173299998332541E-01    0.207052308858550E-03
   -0.948761560157369E-02    0.387258135071031E-04
    0.000000000000000E+00    0.000000000000000E+00
    0.000000000000000E+00    0.000000000000000E+00
    0.471991392305024E-02    0.167275900857314E-03
    0.912291638443486E-02    0.611379418978629E-03
    0.131360714893292E-01    0.123715016323850E-02
    0.166751312139320E-01    0.196416233711026E-02
    0.196949820534044E-01    0.271889983192350E-02
    0.221492843031470E-01    0.345276338508390E-02
    0.240424543787044E-01    0.413077285173649E-02
    0.253741711947290E-01    0.474721378557771E-02
    0.261830198714856E-01    0.530618363905351E-02
    0.264898820491562E-01    0.583406118542399E-02
    0.263395132439869E-01    0.635761978390928E-02
    0.257457445311141E-01    0.690873771768744E-02
    0.247419384712723E-01    0.751407544632829E-02
    0.233259068269216E-01    0.818629194987131E-02
    0.215210492432956E-01    0.893522745137763E-02
    0.193201385651338E-01    0.974505980975715E-02
    0.167499795276494E-01    0.106040183091650E-01
    0.138152301723211E-01    0.114741659667722E-01
    0.105591203933393E-01    0.123271348073132E-01
    0.700836080703685E-02    0.131167892712290E-01
    0.322775334832504E-02    0.138072008912361E-01
   -0.734097738290559E-03    0.143575028852282E-01
   -0.479381507392478E-02    0.147325777622956E-01
   -0.888789690586052E-02    0.149059555313051E-01
   -0.129215132816732E-01    0.148495411438065E-01
   -0.168240781374290E-01    0.145560403561350E-01
   -0.204956817812048E-01    0.140092924467018E-01
   -0.238621782700068E-01    0.132237012863106E-01
   -0.268201504789762E-01    0.122002879838747E-01
   -0.292880590151311E-01    0.109774549422527E-01
   -0.311537138812459E-01    0.957981790454323E-02
   -0.323176996889108E-01    0.807137751063925E-02
   -0.326495807351085E-01    0.650446307088607E-02
   -0.320221534323372E-01    0.496288577915055E-02
   -0.302836271860708E-01    0.352176394047192E-02
   -0.272840395125319E-01    0.226237552744495E-02
   -0.228711416934711E-01    0.125420502103800E-02
   -0.169081451337389E-01    0.532299698173799E-03
   -0.930292047691140E-02    0.126573526519833E-03
    0.000000000000000E+00    0.000000000000000E+00
    0.000000000000000E+00    0.000000000000000E+00
    0.435737503745222E-02    0.205201420902808E-03
    0.849610701953470E-02    0.757962304864105E-03
    0.123319682410484E-01    0.156733676735754E-02
    0.157759519897712E-01    0.254838512249322E-02
    0.187629146969880E-01    0.362510782005604E-02
    0.212344411907727E-01    0.473754377076979E-02
    0.231705149525976E-01    0.584052601703370E-02
    0.245557593494363E-01    0.690776468637327E-02
    0.254094793757043E-01    0.793048637563211E-02
    0.257446061893391E-01    0.890947501528244E-02
    0.255966904908849E-01    0.986416560759175E-02
    0.249854584838780E-01    0.108005887143745E-01
    0.239422942947487E-01    0.117505755576696E-01
    0.224842199074375E-01    0.127026183848313E-01
    0.206324995588406E-01    0.136855172927393E-01
    0.184067381870786E-01    0.146609547554131E-01
    0.158252567809258E-01    0.156449366987439E-01
    0.129205877957997E-01    0.165791801692503E-01
    0.971950127043484E-02    0.174640354950787E-01
    0.627299478351985E-02    0.182368259988533E-01
    0.262376860707139E-02    0.188846143664347E-01
   -0.116095319347383E-02    0.193554750890051E-01
   -0.502185939931719E-02    0.196281852396504E-01
   -0.888268752836110E-02    0.196708837468397E-01
   -0.126719993518318E-01    0.194603768282155E-01
   -0.163117616308835E-01    0.189879863467371E-01
   -0.197239645688685E-01    0.182355656055470E-01
   -0.228323440511473E-01    0.172177426398595E-01
   -0.255545050927301E-01    0.159296360046799E-01
   -0.278128551815854E-01    0.144106592296468E-01
   -0.295158705660739E-01    0.126790553188450E-01
   -0.305734389312049E-01    0.108029129797330E-01
   -0.308739154641923E-01    0.883332229009181E-02
   -0.302972324002306E-01    0.686435451178901E-02
   -0.287033882383041E-01    0.498498653712259E-02
   -0.259315709039199E-01    0.329134728399982E-02
   -0.218260567975555E-01    0.189162407472733E-02
   -0.162098720843304E-01    0.833843181285050E-03
   -0.896988918394660E-02    0.210167233558966E-03
    0.000000000000000E+00    0.000000000000000E+00
    0.000000000000000E+00    0.000000000000000E+00
    0.393745491048610E-02    0.230109298583390E-03
    0.774363562529919E-02    0.865705907592809E-03
    0.113361381032199E-01    0.181594555780837E-02
    0.146152251414986E-01    0.299908820808501E-02
    0.175104958863778E-01    0.433686758565224E-02
    0.199449236747951E-01    0.576499509381247E-02
    0.218878454291046E-01    0.722934703926977E-02
    0.233030426833019E-01    0.869028683466244E-02
    0.241998477773103E-01    0.101243611196644E-01
    0.245746732067840E-01    0.115162372054651E-01
    0.244615664722901E-01    0.128673834299033E-01
    0.238703461994430E-01    0.141744542341775E-01
    0.228437371519258E-01    0.154499980129675E-01
    0.213915582604977E-01    0.166863322109214E-01
    0.195581800104419E-01    0.178930644351748E-01
    0.173524834761092E-01    0.190481956413368E-01
    0.148225524629733E-01    0.201502481953479E-01
    0.119830781912575E-01    0.211634458080249E-01
    0.889119861414324E-02    0.220743378379854E-01
    0.557372880239727E-02    0.228415202958418E-01
    0.209987213228115E-02    0.234434622080690E-01
   -0.149033685426971E-02    0.238432729635346E-01
   -0.511704531850590E-02    0.240164951850741E-01
   -0.873064628951500E-02    0.239383768095708E-01
   -0.122455304526315E-01    0.235864071460205E-01
   -0.156076336545491E-01    0.229519150872470E-01
   -0.187314553735383E-01    0.220186746662638E-01
   -0.215617001474324E-01    0.207960577614684E-01
   -0.240166099628421E-01    0.192806483578831E-01
   -0.260376472831104E-01    0.175035597790446E-01
   -0.275435063569229E-01    0.154850421894120E-01
   -0.284631683180203E-01    0.132858064851826E-01
   -0.287014185841895E-01    0.109635074587728E-01
   -0.281563659739446E-01    0.861354606236761E-02
   -0.266969406092431E-01    0.633863295368833E-02
   -0.241728117529977E-01    0.425532106975944E-02
   -0.204097747023410E-01    0.248904498668751E-02
   -0.152243138840002E-01    0.113270708616551E-02
   -0.846018621621414E-02    0.290512422086465E-03
    0.000000000000000E+00    0.000000000000000E+00
    0.000000000000000E+00    0.000000000000000E+00
    0.346557032184521E-02    0.249140663056139E-03
    0.689291510591842E-02    0.938983132122233E-03
    0.101873316047094E-01    0.199004420555110E-02
    0.132512287842181E-01    0.331911429048807E-02
    0.159980755158828E-01    0.485548023869880E-02
    0.183509858788843E-01    0.652748033049521E-02
    0.202574284132749E-01    0.828225093811860E-02
    0.216785535028188E-01    0.100639020791798E-01
    0.226009707960927E-01    0.118451601695639E-01
    0.230209712874536E-01    0.135883244221195E-01
    0.229535624586242E-01    0.152903431632595E-01
    0.224164770687991E-01    0.169241199039191E-01
    0.214377870229285E-01    0.185024794572991E-01
    0.200449857413150E-01    0.199962278421848E-01
    0.182691602200776E-01    0.214232490256717E-01
    0.161440579252979E-01    0.227437687589065E-01
    0.137019794262217E-01    0.239716854443871E-01
    0.109850574938694E-01    0.250575893958286E-01
    0.803025012173436E-02    0.260064313222380E-01
    0.489017953453298E-02    0.267677778530316E-01
    0.161043431897045E-02    0.273365218135344E-01
   -0.174736425055472E-02    0.276715931882475E-01
   -0.512796611370143E-02    0.277596800724018E-01
   -0.846494221825549E-02    0.275758797433386E-01
   -0.116960431925095E-01    0.271025954405792E-01
   -0.147551778772166E-01    0.263326313581023E-01
   -0.175781111242769E-01    0.252490470565086E-01
   -0.201032245777427E-01    0.238612809371719E-01
   -0.222690332076561E-01    0.221609745962799E-01
   -0.240200390182937E-01    0.201772635868144E-01
   -0.252960266934529E-01    0.179223441601640E-01
   -0.260418963169036E-01    0.154572095595658E-01
   -0.261856712678379E-01    0.128332505587125E-01
   -0.256474247669953E-01    0.101554701470112E-01
   -0.243180208526983E-01    0.753241388208331E-02
   -0.220526544654064E-01    0.509908631112319E-02
   -0.186861129199001E-01    0.301207931661198E-02
   -0.140015712198167E-01    0.138077344097100E-02
   -0.782733020852291E-02    0.360257977103924E-03
    0.000000000000000E+00    0.000000000000000E+00
    0.000000000000000E+00    0.000000000000000E+00
    0.297571581284506E-02    0.254935522422340E-03
    0.598869152711266E-02    0.973062655334974E-03
    0.894861742433302E-02    0.207809635821748E-02
    0.117488668423386E-01    0.349732839023238E-02
    0.143055115018677E-01    0.516067353825463E-02
    0.165284373150686E-01    0.700287535116715E-02
    0.183644397397421E-01    0.896462178829231E-02
    0.197577439587496E-01    0.109896115971440E-01
    0.206929225297034E-01    0.130373597987586E-01
    0.211486174922631E-01    0.150645272280338E-01
    0.211412323252667E-01    0.170509400369809E-01
    0.206728263158598E-01    0.189636023004537E-01
    0.197802850102578E-01    0.207974925869005E-01
    0.184770556160346E-01    0.225227063441910E-01
    0.168112815375813E-01    0.241409099626828E-01
    0.148015376129667E-01    0.256189590546235E-01
    0.125030185602852E-01    0.269579054069733E-01
    0.993920472122596E-02    0.281201907933997E-01
    0.717177695558372E-02    0.291027476999288E-01
    0.423113248511605E-02    0.298678639988678E-01
    0.118563057861391E-02    0.304079452944004E-01
   -0.192690504436839E-02    0.306914271285273E-01
   -0.503263171715133E-02    0.307079563401196E-01
   -0.808719918215521E-02    0.304369979881547E-01
   -0.110147314244331E-01    0.298667008152024E-01
   -0.137676729081149E-01    0.289893420943566E-01
   -0.162743429265423E-01    0.277926158807609E-01
   -0.184866748842256E-01    0.262815171144907E-01
   -0.203460849118913E-01    0.244477680242513E-01
   -0.218073472006687E-01    0.223124169175866E-01
   -0.228304340609804E-01    0.198851477636230E-01
   -0.233713079946732E-01    0.172165275756920E-01
   -0.233954176521391E-01    0.143618659694797E-01
   -0.228375402519436E-01    0.114212942025417E-01
   -0.216244658649932E-01    0.851772267520007E-02
   -0.196253023171924E-01    0.579996462890395E-02
   -0.166754123596472E-01    0.344323652547374E-02
   -0.125528933960697E-01    0.159659032220060E-02
   -0.705203693588639E-02    0.416316667348266E-03
    0.000000000000000E+00    0.000000000000000E+00
    0.000000000000000E+00    0.000000000000000E+00
    0.247083058084498E-02    0.254813129519199E-03
    0.505721592997789E-02    0.972407283554147E-03
    0.765617117664689E-02    0.209236191531681E-02
    0.101670877620426E-01    0.354365296248543E-02
    0.124943362144335E-01    0.527012627735469E-02
    0.145553472431503E-01    0.720388293897676E-02
    0.162810539902425E-01    0.929426639962787E-02
    0.176214055228966E-01    0.114755189173042E-01
    0.185415269751238E-01    0.137095368532716E-01
    0.190258211084349E-01    0.159382309081815E-01
    0.190700812232948E-01    0.181392067771164E-01
    0.186857669121588E-01    0.202630008869471E-01
    0.178897636833552E-01    0.223013586982730E-01
    0.167107173447634E-01    0.242098185587915E-01
    0.151772814127021E-01    0.259891968363936E-01
    0.133283537870797E-01    0.275957932156241E-01
    0.111988664925698E-01    0.290337513020210E-01
    0.883504905796105E-02    0.302595847785918E-01
    0.627674171853144E-02    0.312763961146395E-01
    0.357626426256468E-02    0.320451211778788E-01
    0.779207397681213E-03    0.325650673773662E-01
   -0.205753612597852E-02    0.328071225627550E-01
   -0.488228604048434E-02    0.327671189919230E-01
   -0.763503456073142E-02    0.324300621212853E-01
   -0.102587660146690E-01    0.317870979224378E-01
   -0.126938619973747E-01    0.308357910265195E-01
   -0.148837420437698E-01    0.295644032117846E-01
   -0.167724846975785E-01    0.279795669798223E-01
   -0.183138796344068E-01    0.260678543082069E-01
   -0.194668151086264E-01    0.238463031685891E-01
   -0.202058794683923E-01    0.213133042443999E-01
   -0.205134382110563E-01    0.185167685609975E-01
   -0.203759035458614E-01    0.154975327595969E-01
   -0.197743343332878E-01    0.123696643969531E-01
   -0.186613594499749E-01    0.924713394060767E-02
   -0.169352250137576E-01    0.630770208797821E-02
   -0.144504776084134E-01    0.374608558886376E-02
   -0.109501072040793E-01    0.173448909070698E-02
   -0.620793511189035E-02    0.453879624188436E-03
    0.000000000000000E+00    0.000000000000000E+00
    0.000000000000000E+00    0.000000000000000E+00
    0.198422343287123E-02    0.243153987438184E-03
    0.414105629930726E-02    0.937903023419907E-03
    0.637265223198086E-02    0.202994499292796E-02
    0.857102579810336E-02    0.346318170040682E-02
    0.106474980645021E-01    0.518494633684415E-02
    0.125123551978723E-01    0.714019508888091E-02
    0.141020057800989E-01    0.927525578220546E-02
    0.153562601850148E-01    0.115325817545485E-01
    0.162436529773283E-01    0.138644085343616E-01
    0.167351356148837E-01    0.162156428246938E-01
    0.168301772715188E-01    0.185498950223904E-01
    0.165251101678709E-01    0.208172982471446E-01
    0.158435375767852E-01    0.229944549608898E-01
    0.147984889539314E-01    0.250364261059479E-01
    0.134296475661455E-01    0.269305109553355E-01
    0.117596520720066E-01    0.286349079423362E-01
    0.983800279799609E-02    0.301439990786280E-01
    0.769340332674619E-02    0.314187507429777E-01
    0.538151675435400E-02    0.324577151280663E-01
    0.293578702453302E-02    0.332268618967755E-01
    0.416271320556808E-03    0.337274566477816E-01
   -0.213834197655190E-02    0.339332090492054E-01
   -0.466448642317345E-02    0.338488669965770E-01
   -0.711774525442390E-02    0.334592741894731E-01
   -0.943231630107634E-02    0.327677728963968E-01
   -0.115588742839572E-01    0.317684210001690E-01
   -0.134355345772317E-01    0.304617772210526E-01
   -0.150077295880966E-01    0.288489051407247E-01
   -0.162352684639830E-01    0.269175171883822E-01
   -0.170696958291340E-01    0.246753226928445E-01
   -0.175207347504472E-01    0.221139415615716E-01
   -0.175609932576053E-01    0.192661189010500E-01
   -0.172467342409793E-01    0.161719644624056E-01
   -0.165631111605271E-01    0.129333240571129E-01
   -0.155398529834514E-01    0.968189731411113E-02
   -0.140841576078964E-01    0.659820925775183E-02
   -0.120750906715775E-01    0.390719050756841E-02
   -0.923217392368952E-02    0.180750731652355E-02
   -0.529368873688092E-02    0.466628964789575E-03
    0.000000000000000E+00    0.000000000000000E+00
    0.000000000000000E+00    0.000000000000000E+00
    0.151707218226534E-02    0.226247393410506E-03
    0.326336395282405E-02    0.872976467864461E-03
    0.512844123114722E-02    0.190472993161593E-02
    0.701234772650954E-02    0.326977086537309E-02
    0.881950872260648E-02    0.493256177532695E-02
    0.104712481638504E-01    0.683954172420869E-02
    0.118960053056340E-01    0.894909585819900E-02
    0.130432368938208E-01    0.112006649428809E-01
    0.138695919974670E-01    0.135522964933637E-01
    0.143543105575990E-01    0.159419383924416E-01
    0.144810509010739E-01    0.183333499617458E-01
    0.142551307883000E-01    0.206678087970661E-01
    0.136817983548352E-01    0.229184197487258E-01
    0.127855320496759E-01    0.250322127780572E-01
    0.115863714072051E-01    0.269918615944832E-01
    0.101210091858240E-01    0.287504447200366E-01
    0.841862214850315E-02    0.302986785366434E-01
    0.652310474053039E-02    0.315964080463698E-01
    0.446965829514211E-02    0.326400972673353E-01
    0.230589360473290E-02    0.333983233497687E-01
    0.717998540760096E-04    0.338726938013909E-01
   -0.218195326344034E-02    0.340432183634744E-01
   -0.440907251103144E-02    0.339163764717135E-01
   -0.655732959659186E-02    0.334860906129968E-01
   -0.857237664267842E-02    0.327586921774812E-01
   -0.103974136577934E-01    0.317364709944422E-01
   -0.119738730846398E-01    0.304265833404272E-01
   -0.132435668798995E-01    0.288327806278432E-01
   -0.141591932057216E-01    0.269391712458452E-01
   -0.146799384328700E-01    0.247495184387114E-01
   -0.148120924287732E-01    0.222361904976542E-01
   -0.145723381654572E-01    0.194320706170118E-01
   -0.140261327605880E-01    0.163392010906680E-01
   -0.132418518467464E-01    0.130832731894879E-01
   -0.122797007139901E-01    0.977044402125861E-02
   -0.110994176436801E-01    0.662415185990619E-02
   -0.961343034087817E-02    0.388025510686991E-02
   -0.748196912996503E-02    0.177479410661977E-02
   -0.439430411133204E-02    0.450352555089241E-03
    0.000000000000000E+00    0.000000000000000E+00
    0.000000000000000E+00    0.000000000000000E+00
    0.109763686578009E-02    0.200525128760446E-03
    0.245742927371256E-02    0.782850290358463E-03
    0.397452189429594E-02    0.172070240981195E-02
    0.554375522338210E-02    0.297965372310792E-02
    0.707888533389980E-02    0.453001636890209E-02
    0.850041133375311E-02    0.633352725624716E-02
    0.974544726146848E-02    0.834871561290583E-02
    0.107608477048950E-01    0.105269621417075E-01
    0.115097218363793E-01    0.128206032856873E-01
    0.119642324357707E-01    0.151757703034474E-01
    0.121131544616570E-01    0.175459557464970E-01
    0.119506772959250E-01    0.198773884723429E-01
    0.114873449840992E-01    0.221306765560176E-01
    0.107340528463915E-01    0.242559632072493E-01
    0.971719933721653E-02    0.262238395894718E-01
    0.845879859045839E-02    0.279899606669136E-01
    0.699519468396858E-02    0.295359006000011E-01
    0.535520966464605E-02    0.308238585783787E-01
    0.358054641040659E-02    0.318462647579562E-01
    0.170414563912661E-02    0.325722986616239E-01
   -0.229418444760666E-03    0.330078138065037E-01
   -0.218185097526118E-02    0.331305864771107E-01
   -0.410552749290899E-02    0.329594559839341E-01
   -0.595930903054140E-02    0.324812521978179E-01
   -0.768890080067464E-02    0.317276253811424E-01
   -0.923686697578222E-02    0.306886751270621E-01
   -0.105423483511110E-01    0.294013670258758E-01
   -0.115394184202960E-01    0.278544455721998E-01
   -0.121845005371373E-01    0.260507315032277E-01
   -0.123986070277282E-01    0.239778081555221E-01
   -0.122383843196206E-01    0.215984468223243E-01
   -0.116769473961625E-01    0.189203796696965E-01
   -0.109071443423666E-01    0.159361070272943E-01
   -0.997106857408738E-02    0.127416864051323E-01
   -0.907941521033837E-02    0.948321663529966E-02
   -0.816786655369945E-02    0.636445998269215E-02
   -0.719805335531486E-02    0.366809773232307E-02
   -0.578028488177069E-02    0.164752330050377E-02
   -0.352972613536799E-02    0.401884584432421E-03
    0.000000000000000E+00    0.000000000000000E+00
    0.000000000000000E+00    0.000000000000000E+00
    0.725775338625951E-03    0.170388048207192E-03
    0.174253166511308E-02    0.668699572147137E-03
    0.293369493319463E-02    0.149031826526219E-02
    0.420464969275531E-02    0.260723043393244E-02
    0.546750363982155E-02    0.400736292103467E-02
    0.665551260102329E-02    0.565682613705202E-02
    0.770590970360089E-02    0.752594628954901E-02
    0.857617275639794E-02    0.956763862432420E-02
    0.922615340629299E-02    0.117409530937384E-01
    0.963624419910703E-02    0.139904828018824E-01
    0.978690226794553E-02    0.162723287642710E-01
    0.967941222178053E-02    0.185287208166013E-01
    0.931162798307159E-02    0.207198253619413E-01
    0.870159092943280E-02    0.227910149432285E-01
    0.786025002274907E-02    0.247104947611210E-01
    0.681705848358999E-02    0.264304167260979E-01
    0.559173906600888E-02    0.279289176654217E-01
    0.421999523957084E-02    0.291675307340373E-01
    0.272694379997186E-02    0.301348796685306E-01
    0.115066305847037E-02    0.308026091997930E-01
   -0.480184974192917E-03    0.311743784780675E-01
   -0.212563715114927E-02    0.312352621316040E-01
   -0.375016595134432E-02    0.310007806922850E-01
   -0.531475735328005E-02    0.304643415134904E-01
   -0.677535230868530E-02    0.296692524583792E-01
   -0.807311144374998E-02    0.286180383747379E-01
   -0.913644006997721E-02    0.273604029423993E-01
   -0.990699263392596E-02    0.258757977094679E-01
   -0.103032715755598E-01    0.241998648352967E-01
   -0.102559764689254E-01    0.223218834550593E-01
   -0.977661715731791E-02    0.201504465666963E-01
   -0.890414288282145E-02    0.177032487919907E-01
   -0.783360600601221E-02    0.148984398926812E-01
   -0.673888161494567E-02    0.118790778600126E-01
   -0.585842470835897E-02    0.873867150471475E-02
   -0.522363730125445E-02    0.576508337232326E-02
   -0.483723218136053E-02    0.320664879520758E-02
   -0.419391534023441E-02    0.138540551027009E-02
   -0.280932990098744E-02    0.320020981283340E-03
    0.000000000000000E+00    0.000000000000000E+00
    0.000000000000000E+00    0.000000000000000E+00
    0.422548438133855E-03    0.134655994571746E-03
    0.113825470481183E-02    0.539854083506469E-03
    0.203854153138755E-02    0.122335449355756E-02
    0.302768950368743E-02    0.217547638777107E-02
    0.402926860153719E-02    0.339145988632034E-02
    0.498247930978116E-02    0.485126134361216E-02
    0.583453251704160E-02    0.652786411665143E-02
    0.654723857898851E-02    0.838506484845889E-02
    0.708799264191519E-02    0.103800133591790E-01
    0.743627437401721E-02    0.124666838259196E-01
    0.757816001907844E-02    0.145947786464993E-01
    0.750864682221338E-02    0.167149542387718E-01
    0.722995139694865E-02    0.187775954695058E-01
    0.675007020468507E-02    0.207356417349046E-01
    0.608332285090279E-02    0.225462938837599E-01
    0.524734909385110E-02    0.241681488115015E-01
    0.426384096687737E-02    0.255697769068367E-01
    0.315650076582230E-02    0.267171035413970E-01
    0.195002026221792E-02    0.275934682744667E-01
    0.671845131959435E-03    0.281711535643330E-01
   -0.653049360746663E-03    0.284560221746577E-01
   -0.199442833793708E-02    0.284292035080890E-01
   -0.332673531858459E-02    0.281168465013755E-01
   -0.461788940185880E-02    0.274964917987926E-01
   -0.583263048829160E-02    0.266517067976054E-01
   -0.690709156913571E-02    0.255657868098615E-01
   -0.778349028086351E-02    0.243268945196735E-01
   -0.839340897313765E-02    0.228739721759512E-01
   -0.863736403204107E-02    0.213517490441624E-01
   -0.836585305588215E-02    0.196984750762851E-01
   -0.766960784517424E-02    0.178108237533410E-01
   -0.643400122769316E-02    0.156493235364208E-01
   -0.513859293975622E-02    0.131641065936313E-01
   -0.380842405814895E-02    0.104082982772874E-01
   -0.294165017618143E-02    0.753819394957234E-02
   -0.255218433420462E-02    0.480125964371468E-02
   -0.271627735694387E-02    0.251372668200979E-02
   -0.285119678489350E-02    0.978480829320562E-03
   -0.226032347591125E-02    0.183783529554068E-03
    0.000000000000000E+00    0.000000000000000E+00
    0.000000000000000E+00    0.000000000000000E+00
    0.186886014639491E-03    0.955147060958767E-04
    0.660347555184845E-03    0.395168734878950E-03
    0.130406646739817E-02    0.930652017315706E-03
    0.203867133813819E-02    0.169970128569234E-02
    0.279239599202636E-02    0.271226548342364E-02
    0.351860764692853E-02    0.395424973469155E-02
    0.417176337880195E-02    0.540649333449526E-02
    0.472354213116886E-02    0.703743252340006E-02
    0.514531591420334E-02    0.880937734547406E-02
    0.542316153671782E-02    0.106785162218683E-01
    0.554190584557463E-02    0.125988604954553E-01
    0.550094375929693E-02    0.145202241479280E-01
    0.529644008484127E-02    0.163968006465603E-01
    0.493922482915414E-02    0.181785563288954E-01
    0.443437051112144E-02    0.198254899943716E-01
    0.380084023249384E-02    0.212931434547021E-01
    0.304972466573400E-02    0.225508345009522E-01
    0.220413790494976E-02    0.235633268454541E-01
    0.127802841182640E-02    0.243121705597211E-01
    0.295781491365395E-03    0.247719261536496E-01
   -0.727889120845872E-03    0.249429719766347E-01
   -0.176934703496656E-02    0.248119739331359E-01
   -0.281373820237765E-02    0.243966772734585E-01
   -0.383610323589356E-02    0.236776495926758E-01
   -0.481555762181117E-02    0.227522713794762E-01
   -0.570233303291170E-02    0.216083841194862E-01
   -0.643583114401018E-02    0.203431791762446E-01
   -0.695600444917894E-02    0.188649581677760E-01
   -0.707680921181797E-02    0.175137559338674E-01
   -0.669957480883182E-02    0.160983077327267E-01
   -0.572867402400275E-02    0.144813674305106E-01
   -0.423467601665238E-02    0.127361339366812E-01
   -0.259265697623314E-02    0.105928852823309E-01
   -0.108345423141036E-02    0.827862632603451E-02
   -0.161350829392920E-03    0.576286809243187E-02
   -0.499643035556788E-04    0.339721631326494E-02
   -0.932356294108694E-03    0.148462908271112E-02
   -0.184250036591665E-02    0.366771278497588E-03
   -0.204017668801708E-02   -0.344376782350811E-04
    0.000000000000000E+00    0.000000000000000E+00
    0.000000000000000E+00    0.000000000000000E+00
    0.310542837947443E-04    0.560166817700105E-04
    0.311701524134273E-03    0.250939500414421E-03
    0.740819319465894E-03    0.631031044101755E-03
    0.124776137304878E-02    0.121049859453124E-02
    0.177399356908096E-02    0.200656635218704E-02
    0.228659433231964E-02    0.301239488303821E-02
    0.274881495811166E-02    0.421433306502205E-02
    0.314249584953915E-02    0.558610900147265E-02
    0.344506696772552E-02    0.709332922391078E-02
    0.364682326209489E-02    0.869916881600320E-02
    0.373694695400912E-02    0.103570554500056E-01
    0.371308584723003E-02    0.120261114237082E-01
    0.357442649462109E-02    0.136558569613301E-01
    0.332546880707683E-02    0.152070754251807E-01
    0.297287922053578E-02    0.166323667349348E-01
    0.252669144827656E-02    0.178980322043525E-01
    0.199772923662991E-02    0.189654171032425E-01
    0.139956441413999E-02    0.198080075922016E-01
    0.743624323698988E-03    0.204008077771847E-01
    0.453021547027283E-04    0.207236547271621E-01
   -0.686674815624199E-03    0.207720131519429E-01
   -0.143804016138301E-02    0.205317450257879E-01
   -0.220449299310562E-02    0.200203450313783E-01
   -0.296540382427921E-02    0.192080335193086E-01
   -0.371855370649781E-02    0.182002655403395E-01
   -0.443299680286004E-02    0.169715144258686E-01
   -0.508442566222646E-02    0.156474273959566E-01
   -0.560213486107274E-02    0.140712241945594E-01
   -0.577612636066991E-02    0.128035457213031E-01
   -0.543383872074621E-02    0.114482511578450E-01
   -0.452420776346019E-02    0.101885613422903E-01
   -0.272883949510600E-02    0.883821684225745E-02
   -0.825129894305372E-03    0.723059585769469E-02
    0.104802698459964E-02    0.534817000428748E-02
    0.198811255612419E-02    0.343130089906968E-02
    0.172758285545366E-02    0.149052645480482E-02
    0.200297624093761E-03    0.138679933591989E-03
   -0.150523552132646E-02   -0.391804894740263E-03
   -0.230692850280769E-02   -0.304305043669278E-03
    0.000000000000000E+00    0.000000000000000E+00
    0.000000000000000E+00    0.000000000000000E+00
   -0.509310779125003E-04    0.175507104018969E-04
    0.990673071462004E-04    0.107467145094506E-03
    0.351898932898607E-03    0.340177736966919E-03
    0.663859543747448E-03    0.734318936322538E-03
    0.989396815191668E-03    0.131213046557263E-02
    0.130851296311723E-02    0.207367153160378E-02
    0.159713876965583E-02    0.300507117791768E-02
    0.184330106765759E-02    0.408941074036284E-02
    0.203356976475068E-02    0.529330136189584E-02
    0.216088199057955E-02    0.658853758194035E-02
    0.221905587500625E-02    0.793242502716867E-02
    0.220592325017300E-02    0.928987967179643E-02
    0.212115117192930E-02    0.106167633749007E-01
    0.196730756551570E-02    0.118767220444419E-01
    0.174861913492561E-02    0.130294598047357E-01
    0.147118737889272E-02    0.140425813280235E-01
    0.114198784208060E-02    0.148829680400652E-01
    0.768866802740451E-03    0.155256531423046E-01
    0.359156740768214E-03    0.159472533520306E-01
   -0.790162078149260E-04    0.161310297554682E-01
   -0.540729524704233E-03    0.160656870795684E-01
   -0.101975750973579E-02    0.157404005597127E-01
   -0.151877432557976E-02    0.151611978616295E-01
   -0.202485538717720E-02    0.143016217381787E-01
   -0.255021800948893E-02    0.132413743888398E-01
   -0.307015870742464E-02    0.119469807615442E-01
   -0.362903754578977E-02    0.104739513798532E-01
   -0.414546276046518E-02    0.872861414528748E-02
   -0.439749630452726E-02    0.752679187986451E-02
   -0.414519768125837E-02    0.602400679877678E-02
   -0.309140962978423E-02    0.481875724510806E-02
   -0.143180091351613E-02    0.417848189078759E-02
    0.890904920786674E-03    0.282979503991096E-02
    0.276914219765843E-02    0.170506508067193E-02
    0.361831100226690E-02    0.477049926668338E-03
    0.318349093951092E-02   -0.874176736983102E-03
    0.106054860560286E-02   -0.143405748104835E-02
   -0.140917363216183E-02   -0.126468803432521E-02
   -0.289675739044235E-02   -0.626909242245457E-03
    0.000000000000000E+00    0.000000000000000E+00
    0.000000000000000E+00    0.000000000000000E+00
   -0.636945487855203E-04   -0.938235255465092E-05
   -0.128050510594485E-05   -0.289225962987573E-05
    0.115045008377432E-03    0.997669588323403E-04
    0.270253245003430E-03    0.321676567615679E-03
    0.427984124139255E-03    0.690173664760753E-03
    0.587848028748431E-03    0.119867519794295E-02
    0.728913497326352E-03    0.184441607652163E-02
    0.852294130781659E-03    0.260808564561087E-02
    0.946221269256296E-03    0.346825398296211E-02
    0.101049458020256E-02    0.440082386776146E-02
    0.104054278472849E-02    0.537229052346296E-02
    0.103499277425462E-02    0.635752935978567E-02
    0.995387641227480E-03    0.731735914131391E-02
    0.919879254193647E-03    0.822931781327500E-02
    0.814682149843078E-03    0.905400457572777E-02
    0.677864579822302E-03    0.977441620249753E-02
    0.518354355435401E-03    0.103550560039463E-01
    0.334165733595234E-03    0.107859378934129E-01
    0.134924030542551E-03    0.110378119829214E-01
   -0.821360746485995E-04    0.111083444447136E-01
   -0.308587410235841E-03    0.109735439539548E-01
   -0.550077469618599E-03    0.106370986406641E-01
   -0.799318857337001E-03    0.100795291389648E-01
   -0.106224903324391E-02    0.930337412813676E-02
   -0.133024155258556E-02    0.830763262816751E-02
   -0.163129254743429E-02    0.710901363515282E-02
   -0.196516071510649E-02    0.567704586820957E-02
   -0.236221410054588E-02    0.402975362691424E-02
   -0.267000147235148E-02    0.256001391711276E-02
   -0.267753439586585E-02    0.470756373145364E-03
   -0.222820975230992E-02   -0.487243392884443E-03
   -0.497371446623365E-03   -0.116925469582838E-02
    0.193185945519890E-02   -0.182179892181941E-02
    0.362803939487350E-02   -0.233272897191746E-02
    0.452433457254965E-02   -0.278878421143652E-02
    0.356614587017951E-02   -0.327186057514558E-02
    0.107756733278791E-02   -0.295151579704048E-02
   -0.224677932181259E-02   -0.202151601086241E-02
   -0.386283567153269E-02   -0.776255751725039E-03
    0.000000000000000E+00    0.000000000000000E+00
    0.000000000000000E+00    0.000000000000000E+00
   -0.250185593682435E-04   -0.250185593682704E-04
   -0.877058977153026E-05   -0.633745132542336E-04
    0.201139948799757E-04   -0.477843389306999E-04
    0.624532829188958E-04    0.423405261425612E-04
    0.106410589919979E-03    0.212976780687806E-03
    0.150418928688678E-03    0.473303595008911E-03
    0.190456906781542E-03    0.807703190039483E-03
    0.223656172727247E-03    0.121857815378034E-02
    0.250801717314726E-03    0.167991309814519E-02
    0.267365237826094E-03    0.218958547026893E-02
    0.276819814429593E-03    0.271747905830945E-02
    0.273989567041648E-03    0.325712201896989E-02
    0.263961322604456E-03    0.377924556545430E-02
    0.241841946282964E-03    0.427462292520738E-02
    0.213396926068128E-03    0.471817444168282E-02
    0.174553964312108E-03    0.509992867755517E-02
    0.130810372663581E-03    0.540086606653408E-02
    0.791752418956079E-04    0.561198461091962E-02
    0.241760173514785E-04    0.572050136241130E-02
   -0.363810317676853E-04    0.571932045710627E-02
   -0.997752016575178E-04    0.559972829892579E-02
   -0.168174948866010E-03    0.535368816901959E-02
   -0.242129463369787E-03    0.497851861401729E-02
   -0.319024762965175E-03    0.445987532788082E-02
   -0.398763175973479E-03    0.379407043254549E-02
   -0.492681651348717E-03    0.297154219276729E-02
   -0.622220133437983E-03    0.194581540296460E-02
   -0.783757804807564E-03    0.536335500847303E-03
   -0.107702704040171E-02   -0.850901403676686E-03
   -0.106255034865656E-02   -0.310732068133642E-02
   -0.182502832461856E-02   -0.490440275617770E-02
   -0.208546753267354E-03   -0.363314260269682E-02
    0.222892160123741E-02   -0.496848018430858E-02
    0.408312046431939E-02   -0.552045829951241E-02
    0.450294052372113E-02   -0.568983438775262E-02
    0.331733585626516E-02   -0.549529645929790E-02
    0.189417739132964E-03   -0.426613553423447E-02
   -0.345519431974877E-02   -0.280951060571301E-02
   -0.591258921668630E-02   -0.112763021494829E-02
    0.000000000000000E+00    0.000000000000000E+00
    0.000000000000000E+00    0.000000000000000E+00
    0.000000000000000E+00    0.000000000000000E+00
    0.000000000000000E+00    0.000000000000000E+00
    0.000000000000000E+00    0.000000000000000E+00
    0.000000000000000E+00    0.000000000000000E+00
    0.000000000000000E+00    0.000000000000000E+00
    0.000000000000000E+00    0.000000000000000E+00
    0.000000000000000E+00    0.000000000000000E+00
    0.000000000000000E+00    0.000000000000000E+00
    0.000000000000000E+00    0.000000000000000E+00
    0.000000000000000E+00    0.000000000000000E+00
    0.000000000000000E+00    0.000000000000000E+00
    0.000000000000000E+00    0.000000000000000E+00
    0.000000000000000E+00    0.000000000000000E+00
    0.000000000000000E+00    0.000000000000000E+00
    0.000000000000000E+00    0.000000000000000E+00
    0.000000000000000E+00    0.000000000000000E+00
    0.000000000000000E+00    0.000000000000000E+00
    0.000000000000000E+00    0.000000000000000E+00
    0.000000000000000E+00    0.000000000000000E+00
    0.000000000000000E+00    0.000000000000000E+00
    0.000000000000000E+00    0.000000000000000E+00
    0.000000000000000E+00    0.000000000000000E+00
    0.000000000000000E+00    0.000000000000000E+00
    0.000000000000000E+00    0.000000000000000E+00
    0.000000000000000E+00    0.000000000000000E+00
    0.000000000000000E+00    0.000000000000000E+00
    0.000000000000000E+00    0.000000000000000E+00
    0.000000000000000E+00    0.000000000000000E+00
    0.000000000000000E+00    0.000000000000000E+00
    0.000000000000000E+00    0.000000000000000E+00
    0.000000000000000E+00    0.000000000000000E+00
    0.000000000000000E+00    0.000000000000000E+00
    0.303994643393729E-02   -0.469145706667166E-02
    0.558055261226584E-02   -0.661821247869086E-02
    0.437306735364077E-02   -0.686689010366246E-02
    0.250832143378674E-02   -0.631304738930998E-02
   -0.103351548265343E-02   -0.519364834166235E-02
   -0.569810364972270E-02   -0.328602315498124E-02
   -0.747627426943002E-02   -0.163441976461409E-02
    0.000000000000000E+00    0.000000000000000E+00
