    0.000000000000000E+00    0.000000000000000E+00
    0.000000000000000E+00    0.000000000000000E+00
    0.000000000000000E+00    0.000000000000000E+00
    0.000000000000000E+00    0.000000000000000E+00
    0.000000000000000E+00    0.000000000000000E+00
    0.000000000000000E+00    0.000000000000000E+00
    0.000000000000000E+00    0.000000000000000E+00
    0.000000000000000E+00    0.000000000000000E+00
    0.000000000000000E+00    0.000000000000000E+00
    0.000000000000000E+00    0.000000000000000E+00
    0.000000000000000E+00    0.000000000000000E+00
    0.000000000000000E+00    0.000000000000000E+00
    0.000000000000000E+00    0.000000000000000E+00
    0.000000000000000E+00    0.000000000000000E+00
    0.000000000000000E+00    0.000000000000000E+00
    0.000000000000000E+00    0.000000000000000E+00
    0.000000000000000E+00    0.000000000000000E+00
    0.000000000000000E+00    0.000000000000000E+00
    0.000000000000000E+00    0.000000000000000E+00
    0.000000000000000E+00    0.000000000000000E+00
    0.000000000000000E+00    0.000000000000000E+00
    0.000000000000000E+00    0.000000000000000E+00
    0.000000000000000E+00    0.000000000000000E+00
    0.000000000000000E+00    0.000000000000000E+00
    0.000000000000000E+00    0.000000000000000E+00
    0.000000000000000E+00    0.000000000000000E+00
    0.000000000000000E+00    0.000000000000000E+00
    0.000000000000000E+00    0.000000000000000E+00
    0.000000000000000E+00    0.000000000000000E+00
    0.000000000000000E+00    0.000000000000000E+00
    0.000000000000000E+00    0.000000000000000E+00
    0.000000000000000E+00    0.000000000000000E+00
    0.000000000000000E+00    0.000000000000000E+00
    0.000000000000000E+00    0.000000000000000E+00
    0.000000000000000E+00    0.000000000000000E+00
    0.000000000000000E+00    0.000000000000000E+00
    0.000000000000000E+00    0.000000000000000E+00
    0.000000000000000E+00    0.000000000000000E+00
    0.000000000000000E+00    0.000000000000000E+00
    0.000000000000000E+00    0.000000000000000E+00
    0.000000000000000E+00    0.000000000000000E+00
    0.000000000000000E+00    0.000000000000000E+00
    0.878667800452523E-03   -0.626803401453573E-03
    0.171397516265321E-02   -0.293048616193958E-02
    0.180326702675754E-02   -0.655798776850860E-02
    0.207076260462282E-02   -0.105834560210694E-01
    0.195029373752706E-02   -0.146303226874394E-01
    0.149977779510406E-02   -0.177572239152414E-01
   -0.193105749552461E-03   -0.188054678155489E-01
   -0.260174254593639E-02   -0.159270810526848E-01
   -0.239400850443264E-02   -0.115034715227037E-01
   -0.124830253787901E-02   -0.836573437938240E-02
   -0.203463709947055E-03   -0.686298013475410E-02
    0.283556575881048E-03   -0.679590299766439E-02
    0.626082672089038E-03   -0.760860345315119E-02
    0.763092376550684E-03   -0.884103284855205E-02
    0.742452044907374E-03   -0.101821122289664E-01
    0.576671438337196E-03   -0.112972663949780E-01
    0.371658977188105E-03   -0.121495559582671E-01
    0.151091463462154E-03   -0.125701309822480E-01
   -0.635976503728073E-04   -0.125988065634568E-01
   -0.241762022163809E-03   -0.122585801871297E-01
   -0.393263613758500E-03   -0.116142888694648E-01
   -0.490599949021690E-03   -0.107450738618258E-01
   -0.555674127652691E-03   -0.972579715908018E-02
   -0.572038302039031E-03   -0.864162661544367E-02
   -0.563909730427774E-03   -0.755046296031020E-02
   -0.525192032659822E-03   -0.651411511761700E-02
   -0.473743267954319E-03   -0.556440611711425E-02
   -0.412052793795618E-03   -0.472832817266512E-02
   -0.348908293531480E-03   -0.401403685863342E-02
   -0.292551900873616E-03   -0.341427917382568E-02
   -0.243285864299303E-03   -0.292160911615989E-02
   -0.211257953697955E-03   -0.250170525405596E-02
   -0.189999996092485E-03   -0.214220622143585E-02
   -0.186915986791932E-03   -0.179565477129745E-02
   -0.193348914242343E-03   -0.145547866425256E-02
   -0.202593088920604E-03   -0.109581699927388E-02
   -0.203775118301461E-03   -0.722263673232802E-03
   -0.169506628786942E-03   -0.366208698621449E-03
   -0.895474809899420E-04   -0.895474809870248E-04
    0.000000000000000E+00    0.000000000000000E+00
    0.000000000000000E+00    0.000000000000000E+00
    0.267862176294099E-02   -0.124033787122147E-02
    0.560913507241307E-02   -0.482870014864663E-02
    0.747426907367102E-02   -0.103794064917811E-01
    0.807985610041106E-02   -0.176954946698583E-01
    0.735101683957233E-02   -0.245663337623189E-01
    0.356852204485421E-02   -0.283152692352976E-01
   -0.241174131262948E-02   -0.292388745174938E-01
   -0.619670227731416E-02   -0.272060346229856E-01
   -0.707274362029285E-02   -0.228299762343215E-01
   -0.416739725112052E-02   -0.189175953189510E-01
   -0.111624547952880E-02   -0.166472721977615E-01
    0.624702957626315E-03   -0.161130397962455E-01
    0.180102105538144E-02   -0.167167825365571E-01
    0.220665778097054E-02   -0.179535796617283E-01
    0.213502285213861E-02   -0.194513118445362E-01
    0.164507689326402E-02   -0.206956163346376E-01
    0.972854417800427E-03   -0.215125962039447E-01
    0.242749268560333E-03   -0.217468502820080E-01
   -0.472544443666570E-03   -0.213855616559842E-01
   -0.106709753511165E-02   -0.205004107759536E-01
   -0.155763871083672E-02   -0.191630119784124E-01
   -0.187026245742522E-02   -0.175203595980506E-01
   -0.206180131731153E-02   -0.156703055955174E-01
   -0.209649401795606E-02   -0.137628853618565E-01
   -0.203918523443483E-02   -0.118756794499981E-01
   -0.188416373128353E-02   -0.101141208557425E-01
   -0.168380672444696E-02   -0.851879595329641E-02
   -0.145019979381719E-02   -0.713687693027646E-02
   -0.121766110824495E-02   -0.597085130866667E-02
   -0.100399876954829E-02   -0.501573228749979E-02
   -0.827703702666109E-03   -0.424334797142372E-02
   -0.700937903291419E-03   -0.361300794472903E-02
   -0.629651609690259E-03   -0.307961578381789E-02
   -0.608028223679582E-03   -0.259130287263838E-02
   -0.629384445283963E-03   -0.210944350904422E-02
   -0.656487056519575E-03   -0.160667404985258E-02
   -0.660513081285744E-03   -0.108444052732882E-02
   -0.574184790383970E-03   -0.568406858123716E-03
   -0.366589033995487E-03   -0.167606135030560E-03
    0.000000000000000E+00    0.000000000000000E+00
    0.000000000000000E+00    0.000000000000000E+00
    0.566071104074185E-02   -0.148443767940994E-02
    0.111186164380386E-01   -0.573480485640553E-02
    0.143756943595455E-01   -0.126471906962904E-01
    0.155921178981214E-01   -0.209903558568115E-01
    0.136946168831815E-01   -0.281066144459919E-01
    0.762319494651956E-02   -0.332444753025152E-01
   -0.224440642269115E-02   -0.360313294779681E-01
   -0.897348624720765E-02   -0.356348379977121E-01
   -0.108425511603449E-01   -0.329893397302689E-01
   -0.691831175806582E-02   -0.294239525507809E-01
   -0.300569684930367E-02   -0.270861305351831E-01
    0.246541097466172E-03   -0.262426775505446E-01
    0.253624524555017E-02   -0.259733079966734E-01
    0.344786192407222E-02   -0.265915826921475E-01
    0.335398820901497E-02   -0.275253568438380E-01
    0.251487051734357E-02   -0.282717335379623E-01
    0.129609796861997E-02   -0.284989785078835E-01
   -0.603852968805661E-04   -0.281574382778492E-01
   -0.136788105389067E-02   -0.271703820996092E-01
   -0.250655921590273E-02   -0.256002617468474E-01
   -0.338275364428446E-02   -0.235890565762014E-01
   -0.397753664962036E-02   -0.212293439393519E-01
   -0.427883654356278E-02   -0.187269309062464E-01
   -0.432654172975315E-02   -0.161671477142945E-01
   -0.415404728822807E-02   -0.137255856782741E-01
   -0.382323684854463E-02   -0.114512129463049E-01
   -0.338289544913927E-02   -0.945001150170321E-02
   -0.289358045752949E-02   -0.772815137257196E-02
   -0.240066196919739E-02   -0.631851775847543E-02
   -0.195138865652477E-02   -0.518763888938868E-02
   -0.157720081104371E-02   -0.431196699955772E-02
   -0.130491105633117E-02   -0.362918544522313E-02
   -0.114364239415861E-02   -0.308503714355921E-02
   -0.108970629730714E-02   -0.260980669115031E-02
   -0.111807390980608E-02   -0.215125432541019E-02
   -0.117877047882458E-02   -0.166820041644427E-02
   -0.119793371710546E-02   -0.115188625162858E-02
   -0.107720007379002E-02   -0.627576410736002E-03
   -0.709828906548968E-03   -0.195902009884649E-03
    0.000000000000000E+00    0.000000000000000E+00
    0.000000000000000E+00    0.000000000000000E+00
    0.822330020236337E-02   -0.137361021011367E-02
    0.165524527798572E-01   -0.550024507177225E-02
    0.221900059742777E-01   -0.121542149786838E-01
    0.238167353417492E-01   -0.205883031056796E-01
    0.203299892150034E-01   -0.284314807423818E-01
    0.115435747129090E-01   -0.345428698738608E-01
   -0.693542667741993E-03   -0.387561106555504E-01
   -0.927955237023214E-02   -0.408177991787838E-01
   -0.126204824924456E-01   -0.404654679749990E-01
   -0.984164724993383E-02   -0.387375232023473E-01
   -0.510443795328800E-02   -0.368700744803591E-01
   -0.676203024564584E-03   -0.353828885944869E-01
    0.243426327500152E-02   -0.343833604438817E-01
    0.383831961003661E-02   -0.341512276155452E-01
    0.376266089978661E-02   -0.342172662821502E-01
    0.260734713377997E-02   -0.340838059662967E-01
    0.831030650582409E-03   -0.334696973026668E-01
   -0.112690601801748E-02   -0.323446779854168E-01
   -0.306032777143301E-02   -0.306073529715909E-01
   -0.468133396007378E-02   -0.283575230819885E-01
   -0.595513762080616E-02   -0.256644462591766E-01
   -0.674356546499228E-02   -0.227233301860104E-01
   -0.712936945533611E-02   -0.196472833301161E-01
   -0.708591192997926E-02   -0.166299327049466E-01
   -0.674039082013775E-02   -0.137576972516444E-01
   -0.612902477316832E-02   -0.111700013078244E-01
   -0.537521320398044E-02   -0.889824976413133E-02
   -0.453784430942640E-02   -0.701213092223529E-02
   -0.371394491858359E-02   -0.548625685770495E-02
   -0.295809854155005E-02   -0.432579704821221E-02
   -0.233318807959944E-02   -0.346157621730108E-02
   -0.187081545681685E-02   -0.285228732119881E-02
   -0.159283415671833E-02   -0.240633786859742E-02
   -0.148886971233649E-02   -0.206276655499796E-02
   -0.152429650328504E-02   -0.173947100462716E-02
   -0.162498668496454E-02   -0.139180747936811E-02
   -0.168294106779604E-02   -0.991881255926371E-03
   -0.154853073031081E-02   -0.555770739533938E-03
   -0.105580296831470E-02   -0.174847911809820E-03
    0.000000000000000E+00    0.000000000000000E+00
    0.000000000000000E+00    0.000000000000000E+00
    0.109248199762135E-01   -0.104283464523032E-02
    0.219186156133374E-01   -0.432238783006586E-02
    0.298659672870506E-01   -0.102952559157744E-01
    0.322673325441792E-01   -0.180636726292293E-01
    0.282784380708285E-01   -0.257599124377385E-01
    0.181102916896910E-01   -0.327973407597795E-01
    0.343434632114951E-02   -0.391259646666202E-01
   -0.737135911467066E-02   -0.433234179696762E-01
   -0.127667760396693E-01   -0.452390027988960E-01
   -0.111981137790824E-01   -0.454459775030630E-01
   -0.677476395280537E-02   -0.444078931296213E-01
   -0.181319560343177E-02   -0.428836842314432E-01
    0.175184165330033E-02   -0.413689601957269E-01
    0.338980857568016E-02   -0.402705972785882E-01
    0.326742009807449E-02   -0.393709667914602E-01
    0.182546788815772E-02   -0.383253690234860E-01
   -0.391375024418665E-03   -0.367873234166102E-01
   -0.293385588772096E-02   -0.348226471578463E-01
   -0.537787179322792E-02   -0.323635613104589E-01
   -0.748272090521153E-02   -0.294115079055320E-01
   -0.904033041819210E-02   -0.261589268872476E-01
   -0.100153828554633E-01   -0.226579343784859E-01
   -0.103783458746625E-01   -0.191747423700299E-01
   -0.102176321918509E-01   -0.157502951951761E-01
   -0.960053304638963E-02   -0.126139783614906E-01
   -0.866353564856258E-02   -0.977890526018366E-02
   -0.750927953523392E-02   -0.738095249273086E-02
   -0.626967162633970E-02   -0.540068009683449E-02
   -0.504258024438406E-02   -0.387556419988030E-02
   -0.392852447507437E-02   -0.275448654694402E-02
   -0.299844024295181E-02   -0.199817058183884E-02
   -0.230723954917568E-02   -0.153171277584040E-02
   -0.187981520031187E-02   -0.127081295023655E-02
   -0.170864753822637E-02   -0.113310309999279E-02
   -0.174602009875574E-02   -0.102860332523440E-02
   -0.189805132224952E-02   -0.896268402688812E-03
   -0.201812664784628E-02   -0.690525982760686E-03
   -0.190993422767435E-02   -0.417898793652224E-03
   -0.133227708427094E-02   -0.138487867799711E-03
    0.000000000000000E+00    0.000000000000000E+00
    0.000000000000000E+00    0.000000000000000E+00
    0.125560718418260E-01   -0.681117969118478E-03
    0.257468491396420E-01   -0.292012738548385E-02
    0.357434208014178E-01   -0.729977444570185E-02
    0.395410748321633E-01   -0.137606499447754E-01
    0.356575598371488E-01   -0.210077259303553E-01
    0.248511311626055E-01   -0.286818198348170E-01
    0.981094128178836E-02   -0.361874659002955E-01
   -0.278607883113862E-02   -0.424193205471483E-01
   -0.102947780148640E-01   -0.468061625650578E-01
   -0.111424642864047E-01   -0.488533285164188E-01
   -0.800208762846830E-02   -0.489661356772704E-01
   -0.345425575996080E-02   -0.479227330769345E-01
    0.175854347858717E-03   -0.462754965503280E-01
    0.194074148753505E-02   -0.446162211780141E-01
    0.174204108607652E-02   -0.428812233371068E-01
    0.914637328372315E-04   -0.409390710539011E-01
   -0.257149172431052E-02   -0.386009507284032E-01
   -0.554004344786751E-02   -0.359042276845209E-01
   -0.847658077916353E-02   -0.327806118875868E-01
   -0.109054055144043E-01   -0.292755796013456E-01
   -0.127299868306721E-01   -0.255011078126228E-01
   -0.137494123975180E-01   -0.216082540114111E-01
   -0.140582850647713E-01   -0.177492889372364E-01
   -0.136557093724472E-01   -0.140742846498731E-01
   -0.127195142221612E-01   -0.107038688695880E-01
   -0.113532888361932E-01   -0.774806071223915E-02
   -0.974219512568100E-02   -0.525526654181705E-02
   -0.801818600408043E-02   -0.327510601183390E-02
   -0.633217671270275E-02   -0.178314777123593E-02
   -0.479834348473501E-02   -0.770118935874711E-03
   -0.351606683712048E-02   -0.155938210536273E-03
   -0.255499972831881E-02    0.113770174475922E-03
   -0.194710786105706E-02    0.150817098060830E-03
   -0.169167106864922E-02    0.337216757089769E-04
   -0.172505210178398E-02   -0.125851874769071E-03
   -0.194250976988148E-02   -0.256383221944821E-03
   -0.215392900065419E-02   -0.292669737576602E-03
   -0.212197311122112E-02   -0.219354276600432E-03
   -0.152587740987147E-02   -0.827895830284550E-04
    0.000000000000000E+00    0.000000000000000E+00
    0.000000000000000E+00    0.000000000000000E+00
    0.135899109517173E-01   -0.240566295291678E-03
    0.284167737595380E-01   -0.122115400118470E-02
    0.407808235538007E-01   -0.404752132007923E-02
    0.461771326713689E-01   -0.888087196512240E-02
    0.433610157982919E-01   -0.149906350093852E-01
    0.331775837420925E-01   -0.225027928063748E-01
    0.172862354859849E-01   -0.308924256893096E-01
    0.341115117965367E-02   -0.384790636787336E-01
   -0.633851587729095E-02   -0.449293066411779E-01
   -0.941304283235598E-02   -0.488865621549974E-01
   -0.801824009654392E-02   -0.503313232544808E-01
   -0.447233160266940E-02   -0.501192670544586E-01
   -0.145116362207338E-02   -0.486837958760432E-01
    0.811940773888569E-04   -0.468017047478360E-01
   -0.323727744654025E-03   -0.445089313713493E-01
   -0.229105308786579E-02   -0.419449222077351E-01
   -0.529576986824984E-02   -0.389985392641828E-01
   -0.872080297469346E-02   -0.357027173534623E-01
   -0.120016681981678E-01   -0.320983987941426E-01
   -0.147596998784712E-01   -0.281240089154909E-01
   -0.167145029612179E-01   -0.240230910391862E-01
   -0.177813065505599E-01   -0.197876081354733E-01
   -0.179274064156391E-01   -0.157292123657997E-01
   -0.172729091000622E-01   -0.118333951909931E-01
   -0.159302245466425E-01   -0.836769963929934E-02
   -0.141083328203988E-01   -0.531094242314666E-02
   -0.119696045514698E-01   -0.281957226482857E-02
   -0.972344041400646E-02   -0.853848368952465E-03
   -0.752089562387988E-02    0.544288428891224E-03
   -0.552519441960913E-02    0.143681754433721E-02
   -0.384543024470359E-02    0.187126623759090E-02
   -0.257588711230468E-02    0.192955750243315E-02
   -0.175848316893010E-02    0.171556437622267E-02
   -0.139448722438716E-02    0.132253217809148E-02
   -0.142082055304905E-02    0.873157729333608E-03
   -0.170883730751573E-02    0.450327840223907E-03
   -0.204643510055771E-02    0.146465296929151E-03
   -0.214012880201446E-02   -0.124189976135685E-04
   -0.161077995315582E-02   -0.266114829329238E-04
    0.000000000000000E+00    0.000000000000000E+00
    0.000000000000000E+00    0.000000000000000E+00
    0.137577717462652E-01    0.991328850451157E-04
    0.294838107767560E-01    0.204686658070921E-03
    0.431131806697989E-01   -0.836467748358159E-03
    0.504741697865091E-01   -0.369013021835082E-02
    0.494739895824097E-01   -0.830617745509730E-02
    0.405133615376795E-01   -0.150766232036375E-01
    0.257515815141384E-01   -0.233123393939048E-01
    0.112276527953259E-01   -0.317996463592570E-01
   -0.323543780429828E-03   -0.395321920343884E-01
   -0.584053574118834E-02   -0.450998325781019E-01
   -0.683660041684065E-02   -0.481575812739380E-01
   -0.511804700387779E-02   -0.490530988418678E-01
   -0.310933670383257E-02   -0.482795897944330E-01
   -0.220883308531749E-02   -0.465084017728830E-01
   -0.301944170045482E-02   -0.440320757283093E-01
   -0.528575331926020E-02   -0.411367537112794E-01
   -0.866430108079238E-02   -0.378542020057310E-01
   -0.123895562895632E-01   -0.342176476542812E-01
   -0.160179835429898E-01   -0.303017599481341E-01
   -0.189602975957599E-01   -0.260919860908618E-01
   -0.210482972888844E-01   -0.217766179913943E-01
   -0.220422160838064E-01   -0.174115144811097E-01
   -0.220178427936125E-01   -0.132182327398579E-01
   -0.210162366823265E-01   -0.926972954490055E-02
   -0.192445015765664E-01   -0.574295990227981E-02
   -0.168919250831986E-01   -0.269981186254096E-02
   -0.141903027514553E-01   -0.225261115200392E-03
   -0.113622268356003E-01    0.165981159699778E-02
   -0.860139442430808E-02    0.296016572780105E-02
   -0.609644368725673E-02    0.370154017854851E-02
   -0.397691382881281E-02    0.395746967791235E-02
   -0.236437868860417E-02    0.379433694411968E-02
   -0.130219084110111E-02    0.332965707118417E-02
   -0.814746867497238E-03    0.265829669952210E-02
   -0.818500972645520E-03    0.191353040089485E-02
   -0.119473082540805E-02    0.119619004435791E-02
   -0.168032956853864E-02    0.611716812921878E-03
   -0.196475992601314E-02    0.221296833203231E-03
   -0.157719925758219E-02    0.362516133031035E-04
    0.000000000000000E+00    0.000000000000000E+00
    0.000000000000000E+00    0.000000000000000E+00
    0.132028502052057E-01    0.435125705755557E-03
    0.291478776410700E-01    0.154434501849533E-02
    0.442505191124594E-01    0.208285349174919E-02
    0.535099412931057E-01    0.116124799521438E-02
    0.548922859559880E-01   -0.149551210626229E-02
    0.480834633159152E-01   -0.681676606064984E-02
    0.344127025972072E-01   -0.144563110731353E-01
    0.199288891302787E-01   -0.228484585175422E-01
    0.700488230018768E-02   -0.314620112451525E-01
   -0.825698213588471E-03   -0.382658178131500E-01
   -0.423640041647665E-02   -0.426561901378825E-01
   -0.457532282718628E-02   -0.448170875212129E-01
   -0.410411114597615E-02   -0.448488500445185E-01
   -0.415009715956477E-02   -0.435808358984810E-01
   -0.561436766445209E-02   -0.412536268514098E-01
   -0.837691767388754E-02   -0.383669869929797E-01
   -0.121310357057955E-01   -0.350169883975117E-01
   -0.162232912397444E-01   -0.312807943483301E-01
   -0.200974503923834E-01   -0.273107132700675E-01
   -0.232580112021815E-01   -0.230392342704473E-01
   -0.253873250643310E-01   -0.187530825629797E-01
   -0.263377101257566E-01   -0.143795642610411E-01
   -0.260781155945852E-01   -0.102625145804155E-01
   -0.247463237646267E-01   -0.634502798836562E-02
   -0.225007672629050E-01   -0.291565016656215E-02
   -0.196171906811088E-01    0.623349622754608E-04
   -0.163180963330593E-01    0.242158524118546E-02
   -0.128911347815683E-01    0.420134694293533E-02
   -0.954064741610805E-02    0.535685808996936E-02
   -0.649670525688206E-02    0.594208891291466E-02
   -0.390768855539468E-02    0.600798136446396E-02
   -0.191573325945616E-02    0.562911963581700E-02
   -0.586191751439484E-03    0.492062718044263E-02
    0.564170468198936E-04    0.397735426244484E-02
    0.765110800169388E-04    0.294809076780831E-02
   -0.380839909886138E-03    0.193493932149539E-02
   -0.105496945044549E-02    0.107721109212591E-02
   -0.157218984531587E-02    0.442092057601929E-03
   -0.142820717279437E-02    0.977781865891780E-04
    0.000000000000000E+00    0.000000000000000E+00
    0.000000000000000E+00    0.000000000000000E+00
    0.122076622937283E-01    0.635117502725199E-03
    0.277156670194717E-01    0.249744232297427E-02
    0.430013177202173E-01    0.440908200160429E-02
    0.538686922820285E-01    0.546507241709646E-02
    0.575362774747927E-01    0.481632565683160E-02
    0.532331804216322E-01    0.133877199196135E-02
    0.419941821748685E-01   -0.469686472667150E-02
    0.284537316653005E-01   -0.124966818583058E-01
    0.151063913700909E-01   -0.210202662821738E-01
    0.552374641635601E-02   -0.284645484511308E-01
   -0.302019576898179E-03   -0.340849874072128E-01
   -0.305417756911666E-02   -0.373259490458369E-01
   -0.441213077667214E-02   -0.384384912602916E-01
   -0.582167008644431E-02   -0.378699296704792E-01
   -0.812460777332900E-02   -0.360749147258299E-01
   -0.114708886988366E-01   -0.334865827226032E-01
   -0.156509365558449E-01   -0.303741695542134E-01
   -0.200447455152371E-01   -0.268131552845955E-01
   -0.241842142694785E-01   -0.230230571055859E-01
   -0.274752186132105E-01   -0.189579096747961E-01
   -0.296632684032108E-01   -0.148755082240721E-01
   -0.305080873539837E-01   -0.107399490905811E-01
   -0.300353481146641E-01   -0.682453884616666E-02
   -0.283416182121062E-01   -0.313609775365164E-02
   -0.256373613340186E-01    0.110375033710126E-03
   -0.222064579656073E-01    0.288840709723270E-02
   -0.183107902826616E-01    0.508314783526387E-02
   -0.142718126836191E-01    0.668525127818660E-02
   -0.103174777422725E-01    0.767730567265109E-02
   -0.671855846242765E-02    0.808365570404093E-02
   -0.363306995935121E-02    0.796299664727352E-02
   -0.124416562037649E-02    0.737756516740416E-02
    0.386022012216417E-03    0.644010745575722E-02
    0.119269502737447E-02    0.524848659200585E-02
    0.126178707982087E-02    0.394933327230074E-02
    0.704755433940551E-03    0.266456665906612E-02
   -0.165421890320226E-03    0.153862591060286E-02
   -0.985566845014479E-03    0.678168178658807E-03
   -0.115243605349316E-02    0.162255017433619E-03
    0.000000000000000E+00    0.000000000000000E+00
    0.000000000000000E+00    0.000000000000000E+00
    0.106484029416643E-01    0.809960699982417E-03
    0.251629964976085E-01    0.322632268405060E-02
    0.406520604709674E-01    0.626123446971745E-02
    0.527956307366320E-01    0.893091027143348E-02
    0.589371325672182E-01    0.104538006799480E-01
    0.574224203677434E-01    0.911478397263268E-02
    0.486391219396017E-01    0.501234563368000E-02
    0.365361235654217E-01   -0.128028079513736E-02
    0.232043095946432E-01   -0.924647514654466E-02
    0.123142207378109E-01   -0.166895203898833E-01
    0.448877729741352E-02   -0.229470740864398E-01
   -0.453777144903817E-03   -0.271837819728175E-01
   -0.376689368293583E-02   -0.292093083562244E-01
   -0.663141196001108E-02   -0.295832018488863E-01
   -0.100219682523427E-01   -0.284588408381784E-01
   -0.140829547542957E-01   -0.264709370755712E-01
   -0.187720503734853E-01   -0.238195449336937E-01
   -0.235332315933225E-01   -0.206975102800323E-01
   -0.279142461166008E-01   -0.173366407593026E-01
   -0.313753893743786E-01   -0.136912366186551E-01
   -0.335922270795867E-01   -0.100625619595475E-01
   -0.343714510006525E-01   -0.634158243778396E-02
   -0.336805602201132E-01   -0.285827383354793E-02
   -0.316659607981280E-01    0.459414374947088E-03
   -0.285197998228419E-01    0.334341403310442E-02
   -0.245731832475082E-01    0.582111471089270E-02
   -0.201021887671374E-01    0.773782250453684E-02
   -0.154653187733435E-01    0.910516909566704E-02
   -0.109193826756200E-01    0.988272488695679E-02
   -0.675910447181688E-02    0.100911010942333E-01
   -0.317571923528101E-02    0.978013311869199E-02
   -0.364414508756536E-03    0.899559426930683E-02
    0.157574134072353E-02    0.785291902575592E-02
    0.258166362901322E-02    0.643162981506417E-02
    0.269934877508867E-02    0.489445225156944E-02
    0.206538184913748E-02    0.335178604276157E-02
    0.961848813120995E-03    0.198267834189233E-02
   -0.183666909851166E-03    0.891867661986498E-03
   -0.764484269655002E-03    0.224105828169254E-03
    0.000000000000000E+00    0.000000000000000E+00
    0.000000000000000E+00    0.000000000000000E+00
    0.902046546203057E-02    0.870885883280167E-03
    0.221389093180538E-01    0.362040187664153E-02
    0.367782322053457E-01    0.742143672600282E-02
    0.495253442870335E-01    0.115433105985939E-01
    0.574009089669920E-01    0.148162152352424E-01
    0.585114227886879E-01    0.157128841098847E-01
    0.527844278289880E-01    0.139354406989214E-01
    0.428329853457104E-01    0.950212383199618E-02
    0.305757313171072E-01    0.306580114268935E-02
    0.193276019183843E-01   -0.374532267386612E-02
    0.999944332268254E-02   -0.100819846168655E-01
    0.309310020072499E-02   -0.147984271326189E-01
   -0.213960669139983E-02   -0.177557654325576E-01
   -0.667905028770573E-02   -0.189496853468798E-01
   -0.112101611508714E-01   -0.187546480505194E-01
   -0.161388337224444E-01   -0.174892020567847E-01
   -0.213497814692297E-01   -0.155631946951309E-01
   -0.264940848491097E-01   -0.130821216858181E-01
   -0.311037582004802E-01   -0.103750636976066E-01
   -0.347077791734890E-01   -0.737613831145485E-02
   -0.369586051214802E-01   -0.438307264128625E-02
   -0.376750094202114E-01   -0.129986407972068E-02
   -0.368030102962741E-01    0.159984332875269E-02
   -0.345097754985631E-01    0.435533487856358E-02
   -0.309737214093800E-01    0.675769794007000E-02
   -0.265712506149847E-01    0.879766333978433E-02
   -0.215714272160983E-01    0.103561629301453E-01
   -0.163898908523247E-01    0.114129884495635E-01
   -0.112792294191302E-01    0.119365819337182E-01
   -0.659030618090411E-02    0.119257442356561E-01
   -0.251057087264661E-02    0.114200835037318E-01
    0.711446706794071E-03    0.104540107835952E-01
    0.298291862040887E-02    0.912474218556148E-02
    0.418537579691635E-02    0.751143159220276E-02
    0.438247097429007E-02    0.576176784864210E-02
    0.365416595076809E-02    0.400109346482704E-02
    0.232859221100767E-02    0.240507354062665E-02
    0.791947836326892E-03    0.111548095432233E-02
   -0.249468637868494E-03    0.286847484266120E-03
    0.000000000000000E+00    0.000000000000000E+00
    0.000000000000000E+00    0.000000000000000E+00
    0.709510000071914E-02    0.905946697820194E-03
    0.184848505379050E-01    0.378221028703578E-02
    0.321697872621845E-01    0.810525597535498E-02
    0.450817927671250E-01    0.131429296548791E-01
    0.544642557968059E-01    0.181200527788415E-01
    0.580206845530525E-01    0.210261237634123E-01
    0.551397764688230E-01    0.216886978695783E-01
    0.475816099646130E-01    0.195738185301020E-01
    0.367641682368855E-01    0.149464998432007E-01
    0.256682216196404E-01    0.943326715194066E-02
    0.155359005771855E-01    0.360434398616238E-02
    0.711026002993067E-02   -0.123577712017047E-02
    0.212486306648184E-03   -0.465432178105276E-02
   -0.582442931687052E-02   -0.666567856236986E-02
   -0.115973272315100E-01   -0.725252732885481E-02
   -0.173662633072135E-01   -0.688006050387112E-02
   -0.232049269162343E-01   -0.575158497603894E-02
   -0.287287695530221E-01   -0.411515140343980E-02
   -0.336058129446164E-01   -0.222105899156847E-02
   -0.373519642976544E-01   -0.570696007795053E-04
   -0.396601243431705E-01    0.210878445314916E-02
   -0.403353789686959E-01    0.438167394822937E-02
   -0.393327477580250E-01    0.650807277520362E-02
   -0.368071911695885E-01    0.855056851224039E-02
   -0.329591896584415E-01    0.103162028789070E-01
   -0.281565402938240E-01    0.118025797182327E-01
   -0.227105217690020E-01    0.129018160742241E-01
   -0.170312523838478E-01    0.135766759161550E-01
   -0.114208704716858E-01    0.138027921129430E-01
   -0.622749440965711E-02    0.135457180072896E-01
   -0.168730957709330E-02    0.128496405536719E-01
    0.195125882984874E-02    0.117101682978729E-01
    0.454436460946208E-02    0.102291927231455E-01
    0.597578162092525E-02    0.845085804505245E-02
    0.625025270435404E-02    0.653405517517708E-02
    0.546583373088489E-02    0.458045760944217E-02
    0.389080534656492E-02    0.279457724699613E-02
    0.196747779658952E-02    0.130822264005260E-02
    0.367952393037122E-03    0.345735619627632E-03
    0.000000000000000E+00    0.000000000000000E+00
    0.000000000000000E+00    0.000000000000000E+00
    0.533387895157652E-02    0.865127787997342E-03
    0.148782556884158E-01    0.371784688020980E-02
    0.270185703215715E-01    0.819693753653696E-02
    0.394031028712122E-01    0.139278819634828E-01
    0.494221186719630E-01    0.198925034009274E-01
    0.547851833484786E-01    0.246314389396665E-01
    0.545982807676425E-01    0.274670769871732E-01
    0.496229901836229E-01    0.276827527446345E-01
    0.409099137581392E-01    0.254266018788101E-01
    0.308494130055577E-01    0.216149769896709E-01
    0.206317298728935E-01    0.169259250790865E-01
    0.113537015949795E-01    0.125728460883667E-01
    0.319697748351098E-02    0.894736876534235E-02
   -0.420642941597664E-02    0.651660744510655E-02
   -0.110413664495918E-01    0.512147243482385E-02
   -0.177266142214517E-01    0.471345313634427E-02
   -0.240896943057581E-01    0.491222143506875E-02
   -0.300417866637300E-01    0.566027557781302E-02
   -0.351105947490412E-01    0.660495644647613E-02
   -0.390212050115738E-01    0.782778494448625E-02
   -0.413593688198268E-01    0.904663852234131E-02
   -0.420480264798345E-01    0.103865702717701E-01
   -0.409476899734368E-01    0.116296955770010E-01
   -0.382943504634250E-01    0.128443765748644E-01
   -0.342105563230513E-01    0.138764736102292E-01
   -0.291383569709328E-01    0.147215306945874E-01
   -0.233333783914088E-01    0.152889262920729E-01
   -0.172768514622716E-01    0.155338392543476E-01
   -0.112367173709473E-01    0.154238019502736E-01
   -0.562491991419685E-02    0.149143523908184E-01
   -0.660603283870782E-03    0.140242985589984E-01
    0.334850379825751E-02    0.127394826274852E-01
    0.626520156711713E-02    0.111303568987096E-01
    0.790852213060700E-02    0.923522163042298E-02
    0.829172907011621E-02    0.718652461271579E-02
    0.743704458488105E-02    0.509173938237340E-02
    0.564386328591596E-02    0.314331240564921E-02
    0.327976469783549E-02    0.150301221237323E-02
    0.110484192642637E-02    0.402591317547439E-03
    0.000000000000000E+00    0.000000000000000E+00
    0.000000000000000E+00    0.000000000000000E+00
    0.352248742840655E-02    0.802469364590874E-03
    0.111246418919918E-01    0.347518741660880E-02
    0.216241171956538E-01    0.791999826305980E-02
    0.331499093176684E-01    0.138003190603604E-01
    0.433836368303048E-01    0.205942991035372E-01
    0.501601154995133E-01    0.265687851419323E-01
    0.521932478016804E-01    0.314463786394366E-01
    0.496888139422062E-01    0.338780672597300E-01
    0.431296300894499E-01    0.339505282517848E-01
    0.344099550434032E-01    0.321983273651102E-01
    0.246987992872873E-01    0.290010438817425E-01
    0.150947273813890E-01    0.255479284095753E-01
    0.616529015533949E-02    0.222606209005655E-01
   -0.217078815794332E-02    0.196199394413382E-01
   -0.993758263352752E-02    0.177845547898397E-01
   -0.172981437843576E-01    0.166148989429952E-01
   -0.242235604933314E-01    0.160139886514144E-01
   -0.304794410477700E-01    0.158059543544582E-01
   -0.357929934347980E-01    0.157945554378460E-01
   -0.398018663584817E-01    0.159852474557264E-01
   -0.422240036483677E-01    0.161919917413320E-01
   -0.429105504542245E-01    0.165016242884363E-01
   -0.417962491606058E-01    0.167816176143026E-01
   -0.390474233472681E-01    0.170747167273067E-01
   -0.348450605831259E-01    0.173035701052199E-01
   -0.295671168314841E-01    0.174303584379853E-01
   -0.235311529558920E-01    0.174225290970591E-01
   -0.171678486509546E-01    0.171895944247395E-01
   -0.108073174321232E-01    0.167341676698936E-01
   -0.482991567272908E-02    0.159589781638562E-01
    0.487669086352287E-03    0.148987595542379E-01
    0.485003287308864E-02    0.134867835476120E-01
    0.806143420026069E-02    0.117974694944157E-01
    0.994080466472353E-02    0.982365927326756E-02
    0.104301369209705E-01    0.769995292804124E-02
    0.955580420443073E-02    0.550181454913994E-02
    0.753176526599756E-02    0.343882422997613E-02
    0.476131174902195E-02    0.165671816023973E-02
    0.192628868855521E-02    0.453505965039078E-03
    0.000000000000000E+00    0.000000000000000E+00
    0.000000000000000E+00    0.000000000000000E+00
    0.199263246887479E-02    0.700639549170491E-03
    0.776668636192803E-02    0.311540571007268E-02
    0.164560571588250E-01    0.725861833901297E-02
    0.266635465348260E-01    0.131035786305526E-01
    0.364624216655222E-01    0.200116835325646E-01
    0.438450819434212E-01    0.269171710797828E-01
    0.475630087779362E-01    0.330894662272367E-01
    0.471710098271865E-01    0.374406859263140E-01
    0.429137634375625E-01    0.397336563696965E-01
    0.359820314126240E-01    0.400464858646093E-01
    0.273696641818984E-01    0.387088132088960E-01
    0.181542761408434E-01    0.365344701727773E-01
    0.903328828781785E-02    0.339494758195933E-01
    0.170690142319654E-03    0.315565050974294E-01
   -0.813677512892399E-02    0.294582268109557E-01
   -0.160754509281132E-01    0.278250106338018E-01
   -0.233243867584775E-01    0.264764284519720E-01
   -0.298906545754711E-01    0.254495000014872E-01
   -0.353042898511537E-01    0.244963621291816E-01
   -0.394431244440767E-01    0.237149644230939E-01
   -0.418867708895369E-01    0.229148559014122E-01
   -0.426450702115117E-01    0.222273886431621E-01
   -0.415360668884783E-01    0.215389124457953E-01
   -0.388230787429487E-01    0.209298629638158E-01
   -0.345842148990302E-01    0.203384992828847E-01
   -0.292676311671995E-01    0.197591047300352E-01
   -0.231096130344342E-01    0.191568522297484E-01
   -0.166014019039195E-01    0.184610517458240E-01
   -0.100203413790893E-01    0.176526871615965E-01
   -0.380123013353636E-02    0.166398919143621E-01
    0.180391447366845E-02    0.154227965793812E-01
    0.644646544244167E-02    0.139290528781118E-01
    0.993393283230406E-02    0.121941393565413E-01
    0.120208779441888E-01    0.102002821518450E-01
    0.126439198916741E-01    0.804816865394526E-02
    0.117419333676102E-01    0.580823681168236E-02
    0.953634797183894E-02    0.367063549701309E-02
    0.632381023657502E-02    0.180001120878238E-02
    0.284716192984096E-02    0.497995228198489E-03
    0.000000000000000E+00    0.000000000000000E+00
    0.000000000000000E+00    0.000000000000000E+00
    0.583421994571787E-03    0.588495487779367E-03
    0.461754777923139E-02    0.266124047213422E-02
    0.115134356802250E-01    0.638809760035037E-02
    0.202741305123418E-01    0.117821243247146E-01
    0.292592830218100E-01    0.186325686048550E-01
    0.368690025631077E-01    0.257708868675376E-01
    0.416379580902327E-01    0.329699962323437E-01
    0.430334809587667E-01    0.386827158434177E-01
    0.407421222682272E-01    0.428743789485647E-01
    0.356458584048777E-01    0.451300436149465E-01
    0.283908300326482E-01    0.456052349415886E-01
    0.199765609545748E-01    0.449194761055370E-01
    0.111480243364635E-01    0.433408936913123E-01
    0.225550118676501E-02    0.414715217581704E-01
   -0.629438717377000E-02    0.394950185692080E-01
   -0.144402760329860E-01    0.375967457920443E-01
   -0.219287245473337E-01    0.357711560586060E-01
   -0.285811523990595E-01    0.340398505676069E-01
   -0.341022777257712E-01    0.322965550027798E-01
   -0.382501152019882E-01    0.306059051813970E-01
   -0.407572556385332E-01    0.288884819126897E-01
   -0.415417883323105E-01    0.272366409980658E-01
   -0.405169201215017E-01    0.256443362717918E-01
   -0.378553419103255E-01    0.241471864753001E-01
   -0.336980664088342E-01    0.227876467738536E-01
   -0.284026790312378E-01    0.215076834424248E-01
   -0.222610311321293E-01    0.203562615667615E-01
   -0.156876872351968E-01    0.192060217380245E-01
   -0.901402380035251E-02    0.180904891323421E-01
   -0.262485548295480E-02    0.168608300638053E-01
    0.317704564140154E-02    0.155403496988997E-01
    0.806207398633510E-02    0.140029242551148E-01
    0.117842027946641E-01    0.122858293406628E-01
    0.140913845170153E-01    0.103244823533074E-01
    0.148479581541855E-01    0.821094356730407E-02
    0.139765185982068E-01    0.598117557650323E-02
    0.115957586931176E-01    0.382633053246755E-02
    0.800524323009489E-02    0.189228051685451E-02
    0.382426620891748E-02    0.534082942101322E-03
    0.000000000000000E+00    0.000000000000000E+00
    0.000000000000000E+00    0.000000000000000E+00
   -0.521786520135980E-03    0.467053442382195E-03
    0.202147862931374E-02    0.217644907607194E-02
    0.723207895639470E-02    0.535634975773074E-02
    0.143926450229520E-01    0.102075787066412E-01
    0.222727313441832E-01    0.164791498587518E-01
    0.294574709927585E-01    0.235815306231563E-01
    0.347592075669465E-01    0.309615073455080E-01
    0.372940469999880E-01    0.376009819955293E-01
    0.367489764239975E-01    0.430880128561512E-01
    0.333978883458900E-01    0.469353987705245E-01
    0.277481069580377E-01    0.491349550402320E-01
    0.205392263826787E-01    0.499132950506773E-01
    0.124787142189155E-01    0.495456750383904E-01
    0.400422724627018E-02    0.484425058993930E-01
   -0.434439007905964E-02    0.468369238265284E-01
   -0.124463370270183E-01    0.449656141509847E-01
   -0.198627838978684E-01    0.428766218259935E-01
   -0.265088632842706E-01    0.406801313603222E-01
   -0.319546694611584E-01    0.383267111649282E-01
   -0.360977460771643E-01    0.359252360046011E-01
   -0.385904214950673E-01    0.334449925483698E-01
   -0.394456340532038E-01    0.310080731582130E-01
   -0.385127817423179E-01    0.286365638400102E-01
   -0.360081914228894E-01    0.264080342112939E-01
   -0.320043501444222E-01    0.243693973829130E-01
   -0.268800835605504E-01    0.225118714075208E-01
   -0.208602057417563E-01    0.208697232360975E-01
   -0.143794255886584E-01    0.193551653678038E-01
   -0.771942533776004E-02    0.179742240579521E-01
   -0.129017426630446E-02    0.165980078874571E-01
    0.462859869854471E-02    0.152145179787692E-01
    0.967407974337440E-02    0.136982837235627E-01
    0.135969490806114E-01    0.120479633278770E-01
    0.160927113519396E-01    0.101859014058903E-01
    0.170042138903637E-01    0.816854823549946E-02
    0.161654294876382E-01    0.601630262321354E-02
    0.136724615329358E-01    0.389638075147788E-02
    0.969283861883892E-02    0.195913407977783E-02
    0.486506663297745E-02    0.558805492796684E-03
    0.000000000000000E+00    0.000000000000000E+00
    0.000000000000000E+00    0.000000000000000E+00
   -0.142295701460548E-02    0.345689376973805E-03
   -0.179082403683849E-03    0.167342400264135E-02
    0.348924761739152E-02    0.426504341228933E-02
    0.911451590280801E-02    0.834272661182535E-02
    0.157008460536975E-01    0.139344719830913E-01
    0.222523905036853E-01    0.204456617517587E-01
    0.275326356665080E-01    0.277555428328408E-01
    0.308645703794172E-01    0.346325721168744E-01
    0.315294673429673E-01    0.409780937399567E-01
    0.297547178305712E-01    0.459323078430580E-01
    0.255949159973808E-01    0.494749684495437E-01
    0.197492958683052E-01    0.515992105928722E-01
    0.127108951268625E-01    0.523623013317722E-01
    0.501494516901266E-02    0.521815024328972E-01
   -0.282815648761402E-02    0.511169426264863E-01
   -0.105329372159435E-01    0.495333538498732E-01
   -0.176932759837407E-01    0.474215183628472E-01
   -0.240942321192588E-01    0.450165928916005E-01
   -0.293881522456764E-01    0.422742352405167E-01
   -0.334026127563437E-01    0.393782081269438E-01
   -0.358668395046174E-01    0.363326164338093E-01
   -0.367502121194872E-01    0.332819530267022E-01
   -0.359428540601038E-01    0.303119732769818E-01
   -0.336084223019307E-01    0.274822432288150E-01
   -0.298361855816471E-01    0.249221539174815E-01
   -0.249361601517404E-01    0.225832864616668E-01
   -0.191474084197840E-01    0.205771658858547E-01
   -0.128357964757555E-01    0.187703113795896E-01
   -0.630351099983742E-02    0.172222141120656E-01
    0.883415988318471E-04    0.157591798514836E-01
    0.603461130397583E-02    0.143939319587024E-01
    0.111895524744884E-01    0.129582653194473E-01
    0.152698714445567E-01    0.114504901403837E-01
    0.179548849105788E-01    0.975324365592880E-02
    0.190277517636370E-01    0.790492728382501E-02
    0.182821583234959E-01    0.589423428939233E-02
    0.157065716430468E-01    0.387168615531918E-02
    0.114287414703799E-01    0.196905326804095E-02
    0.592355468864221E-02    0.573218738313908E-03
    0.000000000000000E+00    0.000000000000000E+00
    0.000000000000000E+00    0.000000000000000E+00
   -0.205712326311707E-02    0.232589929750487E-03
   -0.182204368941678E-02    0.119189736997584E-02
    0.542233523342932E-03    0.318004468354947E-02
    0.471959043059320E-02    0.648889940261460E-02
    0.100152450267655E-01    0.111408087862982E-01
    0.155919020322272E-01    0.169247240343955E-01
    0.205469950402789E-01    0.235418225211895E-01
    0.240700081508223E-01    0.302898333814540E-01
    0.256170667959858E-01    0.367771753883872E-01
    0.250006735239542E-01    0.423557292604388E-01
    0.222678984886284E-01    0.468072910812408E-01
    0.177836036741797E-01    0.499253516573045E-01
    0.119716889013017E-01    0.517511791993869E-01
    0.530477552930885E-02    0.523970071321351E-01
   -0.173296626970364E-02    0.520382785087885E-01
   -0.878541761309782E-02    0.508395634724212E-01
   -0.154400981318578E-01    0.489641635217737E-01
   -0.214302544184817E-01    0.465371793195724E-01
   -0.264227014356754E-01    0.436834708125310E-01
   -0.302207009507076E-01    0.405172670897100E-01
   -0.325962587739966E-01    0.371664125089495E-01
   -0.334821984067236E-01    0.337430648949765E-01
   -0.328061455620841E-01    0.303956664358033E-01
   -0.306764909646145E-01    0.271953456430758E-01
   -0.271881683344109E-01    0.242843770339273E-01
   -0.225973293712761E-01    0.216556008930268E-01
   -0.171204121475882E-01    0.194064817585973E-01
   -0.110876923671947E-01    0.174482061922057E-01
   -0.477223386517533E-02    0.158160348099302E-01
    0.147930508112151E-02    0.143655721528260E-01
    0.737714998197815E-02    0.130811549900338E-01
    0.125707375113460E-01    0.118023166706204E-01
    0.167680725175138E-01    0.104955952649853E-01
    0.196168061957983E-01    0.903126492114892E-02
    0.208654646786011E-01    0.741531999366050E-02
    0.202287721899644E-01    0.561245163557821E-02
    0.176409584538285E-01    0.374747784694267E-02
    0.130827483152778E-01    0.194015732734956E-02
    0.699566901408017E-02    0.572300204402262E-03
    0.000000000000000E+00    0.000000000000000E+00
    0.000000000000000E+00    0.000000000000000E+00
   -0.247336499417923E-02    0.124702397180088E-03
   -0.302696846239599E-02    0.739922320723270E-03
   -0.174913154003113E-02    0.213779167700798E-02
    0.116315366254554E-02    0.461298781817500E-02
    0.518301229636273E-02    0.832163335680312E-02
    0.976917306123000E-02    0.130830899421855E-01
    0.140779821421405E-01    0.188789141909190E-01
    0.175680175017204E-01    0.249707217275937E-01
    0.195015596046489E-01    0.312471818638115E-01
    0.197988903523673E-01    0.368942117640307E-01
    0.181582828598278E-01    0.417789321164078E-01
    0.149663929542207E-01    0.455458792138712E-01
    0.103595461257120E-01    0.480744075896133E-01
    0.484552644985900E-02    0.495002120857710E-01
   -0.121681080404583E-02    0.497218293634968E-01
   -0.742704310665914E-02    0.490858231518380E-01
   -0.133875468088974E-01    0.475046600545954E-01
   -0.188257468963539E-01    0.453333654989682E-01
   -0.233823620767272E-01    0.425218040754925E-01
   -0.269013713398820E-01    0.393710049000100E-01
   -0.291097039808436E-01    0.359118955194750E-01
   -0.299922984474192E-01    0.323641754505855E-01
   -0.294171453905827E-01    0.288496656531492E-01
   -0.275183569295063E-01    0.254766566329480E-01
   -0.243297892287254E-01    0.224111604116562E-01
   -0.200957463246160E-01    0.196419459973054E-01
   -0.149861787743512E-01    0.173112985663555E-01
   -0.929714669757721E-02    0.153108520222206E-01
   -0.327555323458763E-02    0.137161116616199E-01
    0.276416363943136E-02    0.123597576153440E-01
    0.854231684115025E-02    0.112480732720475E-01
    0.137186691239992E-01    0.101951916685242E-01
    0.179960978805755E-01    0.916739602995124E-02
    0.209985440017288E-01    0.800573909200977E-02
    0.224385762543727E-01    0.669370533180110E-02
    0.219688760091699E-01    0.516800066750713E-02
    0.194248065908552E-01    0.352161794780607E-02
    0.146993972814003E-01    0.185577641027471E-02
    0.804052992752847E-02    0.560705204829355E-03
    0.000000000000000E+00    0.000000000000000E+00
    0.000000000000000E+00    0.000000000000000E+00
   -0.268220923792133E-02    0.334214829382820E-04
   -0.376030721032425E-02    0.335806828260043E-03
   -0.331171280208903E-02    0.120029075739267E-02
   -0.145699607103263E-02    0.291527865700232E-02
    0.144982466580981E-02    0.564057063853185E-02
    0.498532056693567E-02    0.938858018575668E-02
    0.857245744532033E-02    0.140738404798254E-01
    0.116598785035717E-01    0.193297311483660E-01
    0.137330216247769E-01    0.248885414282862E-01
    0.144947114118682E-01    0.302246093723180E-01
    0.137357444250040E-01    0.350636839432918E-01
    0.115731853237250E-01    0.390439890185785E-01
    0.811386512414251E-02    0.420280782340998E-01
    0.373705734281519E-02    0.439131822926292E-01
   -0.129126478969201E-02    0.447231626485409E-01
   -0.653535162329049E-02    0.445119138573447E-01
   -0.117189552357310E-01    0.434042049283375E-01
   -0.164530794627289E-01    0.415072571421728E-01
   -0.205232309141391E-01    0.389932678094673E-01
   -0.236331669127293E-01    0.359837000980682E-01
   -0.256627771411562E-01    0.326794637398015E-01
   -0.264504527627402E-01    0.291953650574505E-01
   -0.259908407332612E-01    0.257451825759444E-01
   -0.242787617354665E-01    0.224049256097682E-01
   -0.214217164436601E-01    0.193678058154787E-01
   -0.175497284857505E-01    0.166417310468637E-01
   -0.128543564403830E-01    0.143621564596893E-01
   -0.755259845923594E-02    0.124599071612249E-01
   -0.188341236157211E-02    0.109933261063457E-01
    0.388515356896377E-02    0.982911248297004E-02
    0.948442878342504E-02    0.895403274958730E-02
    0.145947352354709E-01    0.819790812697816E-02
    0.189129615809275E-01    0.750326426556117E-02
    0.220539690308593E-01    0.670374326045839E-02
    0.236925363180241E-01    0.575413327766047E-02
    0.234195795820888E-01    0.456298669135755E-02
    0.209894592854048E-01    0.319558120215171E-02
    0.161444742866184E-01    0.172495727509095E-02
    0.904134316114077E-02    0.532086248968564E-03
    0.000000000000000E+00    0.000000000000000E+00
    0.000000000000000E+00    0.000000000000000E+00
   -0.270190986179075E-02   -0.507678411961291E-04
   -0.410823943787927E-02   -0.148165008023520E-04
   -0.426527485466260E-02    0.364038870653998E-03
   -0.325390171657037E-02    0.136678832631918E-02
   -0.131948528172314E-02    0.318556292606114E-02
    0.127819349279409E-02    0.586715870534252E-02
    0.405815961063034E-02    0.945772560981568E-02
    0.667454024366899E-02    0.136390765608061E-01
    0.858129086699702E-02    0.183205778789020E-01
    0.961457295137499E-02    0.229705904211610E-01
    0.939674648687685E-02    0.274168394126023E-01
    0.808414004407649E-02    0.312630308992796E-01
    0.558408860412201E-02    0.343026733703482E-01
    0.225966371446884E-02    0.364739633270044E-01
   -0.173906405501016E-02    0.375747656199280E-01
   -0.603143852886849E-02    0.378218980558050E-01
   -0.103402244783065E-01    0.370518461613017E-01
   -0.143764186652099E-01    0.356045887770555E-01
   -0.178399768071643E-01    0.333908362156782E-01
   -0.205685305863485E-01    0.307501547907585E-01
   -0.223149200234986E-01    0.276951051091172E-01
   -0.230494331914270E-01    0.244913160397668E-01
   -0.226305880199287E-01    0.212476036629777E-01
   -0.211468991155045E-01    0.181180293476302E-01
   -0.185843941828258E-01    0.152608474810623E-01
   -0.151151785226541E-01    0.127123059734193E-01
   -0.108380123914322E-01    0.106161507389212E-01
   -0.597171676578534E-02    0.890863212625021E-02
   -0.692704250222203E-03    0.767163738297090E-02
    0.474616038810413E-02    0.676900790031568E-02
    0.101159823137158E-01    0.620682089612459E-02
    0.151053187791984E-01    0.580419303996856E-02
    0.194331884938008E-01    0.550832171458255E-02
    0.226932217131349E-01    0.512992155905183E-02
    0.245523323862193E-01    0.460532070748523E-02
    0.245276502329579E-01    0.381273874871951E-02
    0.222952436478663E-01    0.277775439218152E-02
    0.174614334064027E-01    0.154901716219595E-02
    0.997034534696733E-02    0.494835453454872E-03
    0.000000000000000E+00    0.000000000000000E+00
    0.000000000000000E+00    0.000000000000000E+00
   -0.257962539136731E-02   -0.113475639607533E-03
   -0.411379347680195E-02   -0.301585725091411E-03
   -0.466255838251135E-02   -0.316089923163921E-03
   -0.427119569602985E-02    0.859198610151967E-04
   -0.310283873176504E-02    0.109620378480870E-02
   -0.134003660738188E-02    0.282594299469833E-02
    0.704153872810891E-03    0.531091413648180E-02
    0.272356508945958E-02    0.842892406612637E-02
    0.435493752033466E-02    0.120424638204061E-01
    0.535864312042266E-02    0.158433483318822E-01
    0.547600217793765E-02    0.196030448839221E-01
    0.470697387621184E-02    0.230116776169740E-01
    0.297482101246516E-02    0.258641423494765E-01
    0.523864651583831E-03    0.279905676620533E-01
   -0.257595522224182E-02    0.292866183771660E-01
   -0.594914743130248E-02    0.297373859427278E-01
   -0.946723253033410E-02    0.293542308729868E-01
   -0.127416803384906E-01    0.282218290742600E-01
   -0.156601060710750E-01    0.264449298829648E-01
   -0.179014037971739E-01    0.241512744940012E-01
   -0.194106512448056E-01    0.215081468141033E-01
   -0.199818378452500E-01    0.186444799321732E-01
   -0.196329844243446E-01    0.157560163528090E-01
   -0.182894398490270E-01    0.129391484233947E-01
   -0.160386321808538E-01    0.103793699162920E-01
   -0.129225595302698E-01    0.811565075718703E-02
   -0.908126358203944E-02    0.628649760003367E-02
   -0.464308026645393E-02    0.486193120128462E-02
    0.216735868746663E-03    0.390961048118898E-02
    0.530207711263603E-02    0.333176024970264E-02
    0.104024501827050E-01    0.311909331975725E-02
    0.152388301333771E-01    0.311665695677996E-02
    0.195411782027185E-01    0.325075160676281E-02
    0.229103050715900E-01    0.333515391214751E-02
    0.249890341546221E-01    0.327561725999582E-02
    0.252519168897147E-01    0.292482311673820E-02
    0.232788638708901E-01    0.227275751463238E-02
    0.185305132006050E-01    0.132721277456715E-02
    0.108005806106079E-01    0.441576146997245E-03
    0.000000000000000E+00    0.000000000000000E+00
    0.000000000000000E+00    0.000000000000000E+00
   -0.232205732223775E-02   -0.167377399618415E-03
   -0.384280031497502E-02   -0.522824336226896E-03
   -0.460548077782035E-02   -0.861413817861769E-03
   -0.464923964925290E-02   -0.951772310938601E-03
   -0.407291077505005E-02   -0.623206582050482E-03
   -0.298517021664392E-02    0.259092437411232E-03
   -0.161405649306191E-02    0.176376696298590E-02
   -0.144810213788963E-03    0.383224292824516E-02
    0.110182587946024E-02    0.640772236221583E-02
    0.198608829109267E-02    0.924478954597702E-02
    0.221452323664419E-02    0.121900948080574E-01
    0.181896417564614E-02    0.149719610537902E-01
    0.641341088751355E-03    0.173838365757700E-01
   -0.111166804894950E-02    0.193041908649367E-01
   -0.342905608314335E-02    0.205161308217324E-01
   -0.602926780954055E-02    0.211071701633161E-01
   -0.877063496183565E-02    0.208925469576620E-01
   -0.114031093821284E-01    0.201101569679167E-01
   -0.137255364222789E-01    0.186462537681873E-01
   -0.155794728940157E-01    0.167897391169047E-01
   -0.167740983527800E-01    0.145211949999855E-01
   -0.172579963701340E-01    0.120966919150204E-01
   -0.169020142558002E-01    0.958617555639949E-02
   -0.157477294343249E-01    0.716375460851469E-02
   -0.137515641373331E-01    0.495325287709952E-02
   -0.110201946410587E-01    0.303149572832884E-02
   -0.759212602331980E-02    0.152422909070116E-02
   -0.361433921893977E-02    0.418264260851731E-03
    0.810066176096125E-03   -0.205027711875037E-03
    0.549572118602499E-02   -0.435928795264114E-03
    0.102834252579742E-01   -0.262907073044600E-03
    0.149129475454208E-01    0.154589667386496E-03
    0.191519962442399E-01    0.758884179600931E-03
    0.225997144544717E-01    0.133721576076372E-02
    0.249158666770479E-01    0.179167952643644E-02
    0.255070573711224E-01    0.192936468439599E-02
    0.239045419873412E-01    0.170374464699709E-02
    0.193864344666585E-01    0.107905072288022E-02
    0.115230195536312E-01    0.384906746487444E-03
    0.000000000000000E+00    0.000000000000000E+00
    0.000000000000000E+00    0.000000000000000E+00
   -0.199155707466451E-02   -0.197110631047078E-03
   -0.337586947895567E-02   -0.671523587381240E-03
   -0.420744434225105E-02   -0.123189755573454E-02
   -0.450897941282283E-02   -0.169015475068896E-02
   -0.434447415212741E-02   -0.188406361124795E-02
   -0.377989700300109E-02   -0.168126379310063E-02
   -0.295289151571360E-02   -0.100709168065650E-02
   -0.200598039802397E-02    0.152678515293391E-03
   -0.114074841037167E-02    0.174764945964146E-02
   -0.502564059650381E-03    0.365816364786187E-02
   -0.285737634027531E-03    0.573158786594824E-02
   -0.523669969763968E-03    0.779068032967141E-02
   -0.133655518383751E-02    0.964576256310274E-02
   -0.259381378376121E-02    0.111666018773592E-01
   -0.432475831725015E-02    0.121958989938103E-01
   -0.627263987811297E-02    0.127067279707078E-01
   -0.840612422712404E-02    0.126176034009838E-01
   -0.104236718418938E-01    0.119977595336730E-01
   -0.122788449990860E-01    0.108519226087287E-01
   -0.137015125224189E-01    0.930657938640666E-02
   -0.146653163274715E-01    0.743866972667081E-02
   -0.149809103709043E-01    0.538913732587235E-02
   -0.146588215283148E-01    0.328056895148215E-02
   -0.136085433208014E-01    0.123384352112098E-02
   -0.118777143551835E-01   -0.616103376833962E-03
   -0.946811274194538E-02   -0.219194288549482E-02
   -0.645461201889751E-02   -0.337941037353402E-02
   -0.291229071774832E-02   -0.415847471023283E-02
    0.106564242178211E-02   -0.446385586087875E-02
    0.533844171481266E-02   -0.434169201347790E-02
    0.978580292013156E-02   -0.379684094959711E-02
    0.141744998199451E-01   -0.295019523468703E-02
    0.183172286981509E-01   -0.188454207715329E-02
    0.218242171867507E-01   -0.793045533448991E-03
    0.243680869199700E-01    0.183579014875388E-03
    0.253270219875071E-01    0.838682052038505E-03
    0.241394365849777E-01    0.106951142164565E-02
    0.199466998346392E-01    0.793272500189909E-03
    0.121060932423823E-01    0.315061637367358E-03
    0.000000000000000E+00    0.000000000000000E+00
    0.000000000000000E+00    0.000000000000000E+00
   -0.159328927494778E-02   -0.216492533214873E-03
   -0.276816680121465E-02   -0.751942555337676E-03
   -0.356007227721705E-02   -0.145731336270570E-02
   -0.399272551886623E-02   -0.215784167693663E-02
   -0.409555468423330E-02   -0.273127427695733E-02
   -0.390666660137987E-02   -0.303743068200825E-02
   -0.350896379722522E-02   -0.301495360604900E-02
   -0.298438910079891E-02   -0.260701945770668E-02
   -0.248339446426171E-02   -0.183981977371942E-02
   -0.208987359201953E-02   -0.772742974038075E-03
   -0.197721052317987E-02    0.488797575120426E-03
   -0.215461539487280E-02    0.181737785317130E-02
   -0.275241014157883E-02    0.305717776526531E-02
   -0.366994668031891E-02    0.411335028447450E-02
   -0.494985500651330E-02    0.481314468704584E-02
   -0.641609241868227E-02    0.517060908939367E-02
   -0.802010359954464E-02    0.502923611457250E-02
   -0.957887984527171E-02    0.451949550994737E-02
   -0.109832883918145E-01    0.353111404113267E-02
   -0.120999522518988E-01    0.226499238080232E-02
   -0.128044291080878E-01    0.677290244809009E-03
   -0.130371890731605E-01   -0.102258465017932E-02
   -0.126990082075647E-01   -0.280812043590598E-02
   -0.117997750291355E-01   -0.450906937439617E-02
   -0.102875417823672E-01   -0.604725316104567E-02
   -0.822246594944684E-02   -0.731640724485947E-02
   -0.560207857037146E-02   -0.821825405100266E-02
   -0.251737123632227E-02   -0.871606098361700E-02
    0.995233614711005E-03   -0.873219686318400E-02
    0.481414463280508E-02   -0.830214269344372E-02
    0.886309894615471E-02   -0.740412465150083E-02
    0.129518162044935E-01   -0.616328565546210E-02
    0.169313169148600E-01   -0.462954837085532E-02
    0.204503734658769E-01   -0.303574862296653E-02
    0.232149435445833E-01   -0.150096055705722E-02
    0.245659564270020E-01   -0.310364025907784E-03
    0.239305403664843E-01    0.414911750483816E-03
    0.202204277551848E-01    0.506600928081585E-03
    0.125623366112837E-01    0.250748945323925E-03
    0.000000000000000E+00    0.000000000000000E+00
    0.000000000000000E+00    0.000000000000000E+00
   -0.119029137168981E-02   -0.213399130907699E-03
   -0.210666749532825E-02   -0.765076789030008E-03
   -0.278580167943317E-02   -0.152360674942845E-02
   -0.324081951813094E-02   -0.235357609169473E-02
   -0.348675827532818E-02   -0.314662407232200E-02
   -0.354304948921917E-02   -0.379127538810013E-02
   -0.344922616231156E-02   -0.422196799960086E-02
   -0.326069621321399E-02   -0.437484110631539E-02
   -0.306041608660000E-02   -0.425756832816752E-02
   -0.291930941813684E-02   -0.387953536107439E-02
   -0.294270788578688E-02   -0.332518747263551E-02
   -0.315833254399549E-02   -0.265784975420401E-02
   -0.365578653196207E-02   -0.201213550996245E-02
   -0.437350232000257E-02   -0.145038766544609E-02
   -0.536029734973085E-02   -0.111524216832274E-02
   -0.646665949607612E-02   -0.101735641223768E-02
   -0.770118644949102E-02   -0.126898388821885E-02
   -0.886793897269065E-02   -0.181153688514299E-02
   -0.995389859679342E-02   -0.270498295019282E-02
   -0.107702096108879E-01   -0.383582865799934E-02
   -0.113041527482166E-01   -0.520742144470115E-02
   -0.114144750570020E-01   -0.668116697819570E-02
   -0.111022827317430E-01   -0.821250673482350E-02
   -0.102951785763386E-01   -0.966586188216015E-02
   -0.900913922675303E-02   -0.109681095771809E-01
   -0.723920138618622E-02   -0.120094060097275E-01
   -0.500650574700724E-02   -0.127064569337150E-01
   -0.236248030293887E-02   -0.129908516082268E-01
    0.681243768592509E-03   -0.127986353226877E-01
    0.401965785039126E-02   -0.121178593397812E-01
    0.764632169179869E-02   -0.109403385738648E-01
    0.113756945985077E-01   -0.933989265290980E-02
    0.151581235104536E-01   -0.739770178146806E-02
    0.186391810338215E-01   -0.530507802603165E-02
    0.216066848284455E-01   -0.324714276821342E-02
    0.233750514510955E-01   -0.150087032790541E-02
    0.233085943419280E-01   -0.282088987022915E-03
    0.201916349930305E-01    0.195734011014668E-03
    0.128610336782701E-01    0.176375326444139E-03
    0.000000000000000E+00    0.000000000000000E+00
    0.000000000000000E+00    0.000000000000000E+00
   -0.786669148261029E-03   -0.200408559741070E-03
   -0.143622049033285E-02   -0.719410187031988E-03
   -0.196095957893203E-02   -0.146503293882419E-02
   -0.237390693587401E-02   -0.231593905969593E-02
   -0.267313630530616E-02   -0.320428095927258E-02
   -0.286898241929088E-02   -0.402295248725280E-02
   -0.297514370432271E-02   -0.473319964945576E-02
   -0.301931869689400E-02   -0.525546334222573E-02
   -0.305229646845766E-02   -0.559769403639754E-02
   -0.310979265224454E-02   -0.573852473795258E-02
   -0.327161826552184E-02   -0.573401456778917E-02
   -0.354496743458882E-02   -0.561932259029772E-02
   -0.400811530782973E-02   -0.548574863876530E-02
   -0.461047787021100E-02   -0.538273873680124E-02
   -0.539688301356770E-02   -0.541851772791418E-02
   -0.626440231564446E-02   -0.560212306801450E-02
   -0.720860819426997E-02   -0.604061744678350E-02
   -0.810954907438173E-02   -0.667176293235082E-02
   -0.891951202042460E-02   -0.758502501222983E-02
   -0.954171595100834E-02   -0.865343896281035E-02
   -0.990808096778485E-02   -0.993292486158331E-02
   -0.996796486242077E-02   -0.112617371029303E-01
   -0.965771132235306E-02   -0.126543434940378E-01
   -0.897821147536185E-02   -0.139508113213468E-01
   -0.788931199496405E-02   -0.151220925263983E-01
   -0.642665795596395E-02   -0.160356323385805E-01
   -0.457175618508811E-02   -0.166261850769805E-01
   -0.238290735286754E-02   -0.168066619283072E-01
    0.155665667646812E-03   -0.165008323950080E-01
    0.297113063597006E-02   -0.156812029595279E-01
    0.608123138067880E-02   -0.143017906225753E-01
    0.937691720782663E-02   -0.124377929969678E-01
    0.128361646897542E-01   -0.101169694273907E-01
    0.162066391183007E-01   -0.759004151615611E-02
    0.193128491859245E-01   -0.498035010628687E-02
    0.214978613723540E-01   -0.269887312438648E-02
    0.221658126432368E-01   -0.941935480074081E-03
    0.198116043742264E-01   -0.823337640818997E-04
    0.130406318039043E-01    0.123135102212483E-03
    0.000000000000000E+00    0.000000000000000E+00
    0.000000000000000E+00    0.000000000000000E+00
   -0.433801956572739E-03   -0.171686135702026E-03
   -0.825222429657683E-03   -0.627413343387378E-03
   -0.118236095552954E-02   -0.129462101628507E-02
   -0.150823902306351E-02   -0.208662620537592E-02
   -0.179541305169075E-02   -0.294998637096622E-02
   -0.204852722826274E-02   -0.381091531642421E-02
   -0.226316314124070E-02   -0.463177013548125E-02
   -0.245670632246991E-02   -0.535185100113738E-02
   -0.264592895334736E-02   -0.596655595022701E-02
   -0.285785503210230E-02   -0.644714250562353E-02
   -0.313042950240665E-02   -0.683121281527597E-02
   -0.347583675299160E-02   -0.712363113159834E-02
   -0.393745401739745E-02   -0.739901377773215E-02
   -0.448520006503038E-02   -0.767380824801251E-02
   -0.515084306451816E-02   -0.804213954440007E-02
   -0.585391901047376E-02   -0.849948661391251E-02
   -0.660762223075551E-02   -0.913844242844541E-02
   -0.729824724260689E-02   -0.991106888497816E-02
   -0.792545232012977E-02   -0.108916537880173E-01
   -0.837243630890090E-02   -0.119873355346875E-01
   -0.863629436002436E-02   -0.132425635469738E-01
   -0.862635842000329E-02   -0.145304427779018E-01
   -0.834588861517908E-02   -0.158675235215143E-01
   -0.775327117192300E-02   -0.171149159782630E-01
   -0.685893861982160E-02   -0.182522804097733E-01
   -0.566288726122713E-02   -0.191448958847302E-01
   -0.416509342129214E-02   -0.197424471628770E-01
   -0.242056438160767E-02   -0.199353013148495E-01
   -0.379403030292971E-03   -0.196446404816675E-01
    0.186381270159363E-02   -0.188025298461090E-01
    0.443714811670282E-02   -0.173499630671618E-01
    0.719104057204484E-02   -0.153046315956313E-01
    0.102931429432858E-01   -0.127227589388158E-01
    0.134421480500922E-01   -0.978779392857101E-02
    0.166654747093829E-01   -0.671426319765058E-02
    0.192579324514161E-01   -0.387276972427857E-02
    0.206466901711560E-01   -0.162444485409953E-02
    0.191852693963385E-01   -0.366996290774866E-03
    0.130788200917317E-01    0.623875630069352E-04
    0.000000000000000E+00    0.000000000000000E+00
    0.000000000000000E+00    0.000000000000000E+00
   -0.131836113214134E-03   -0.136061372549549E-03
   -0.303626900145678E-03   -0.497323346300707E-03
   -0.499944382057465E-03   -0.104615483198058E-02
   -0.723952820978454E-03   -0.170992755723853E-02
   -0.960976158437434E-03   -0.246809444742052E-02
   -0.121307053623757E-02   -0.325660934035308E-02
   -0.146883238211856E-02   -0.406315680791155E-02
   -0.173341459530485E-02   -0.482838867406876E-02
   -0.201194665997152E-02   -0.555646030137146E-02
   -0.231171552364713E-02   -0.621245144577931E-02
   -0.265826189497555E-02   -0.681964182803977E-02
   -0.304656602081192E-02   -0.737699651757807E-02
   -0.351216524814516E-02   -0.792446216321873E-02
   -0.402186136989637E-02   -0.848152326272839E-02
   -0.460382007602274E-02   -0.910011310028248E-02
   -0.519549368492054E-02   -0.978841549389839E-02
   -0.580363753319061E-02   -0.106070348434910E-01
   -0.635379673830793E-02   -0.115228129937537E-01
   -0.682877431119004E-02   -0.126010283109440E-01
   -0.716593108334689E-02   -0.137546611722948E-01
   -0.733255380380714E-02   -0.150480562212405E-01
   -0.729795730370349E-02   -0.163441688309230E-01
   -0.703072523886939E-02   -0.177049015360395E-01
   -0.653674491806111E-02   -0.189720130278230E-01
   -0.580835838642998E-02   -0.201717265641941E-01
   -0.487018196652096E-02   -0.211262892511227E-01
   -0.372237920986380E-02   -0.218439116100596E-01
   -0.241206352331667E-02   -0.221816314657060E-01
   -0.914225809203438E-03   -0.220451625789943E-01
    0.717971223403837E-03   -0.213360624685090E-01
    0.261299325541601E-02   -0.199450849122135E-01
    0.473665209703750E-02   -0.178830658025615E-01
    0.726019262767618E-02   -0.151104533005581E-01
    0.100806080324770E-01   -0.118952873222178E-01
    0.132516661025597E-01   -0.832914436308691E-02
    0.162205929307685E-01   -0.499404501731771E-02
    0.185194498799498E-01   -0.217849364471674E-02
    0.181302510540657E-01   -0.568259009920281E-03
    0.130401130100967E-01    0.516911555095096E-04
    0.000000000000000E+00    0.000000000000000E+00
    0.000000000000000E+00    0.000000000000000E+00
    0.885305583746106E-04   -0.946927649566605E-04
    0.935344639605933E-04   -0.351499626223973E-03
    0.327162147059095E-04   -0.750899022156340E-03
   -0.890976034785641E-04   -0.125047680072320E-02
   -0.256808348096117E-03   -0.184032554736549E-02
   -0.472195019934127E-03   -0.248453694450835E-02
   -0.718462259080665E-03   -0.317450196400403E-02
   -0.999747203929314E-03   -0.387360146599903E-02
   -0.130651817171079E-02   -0.458228771171214E-02
   -0.164535364775520E-02   -0.527425223564627E-02
   -0.201835481620348E-02   -0.596505190147629E-02
   -0.242623922379006E-02   -0.664380871651588E-02
   -0.287836073000108E-02   -0.734377741591566E-02
   -0.335688642426071E-02   -0.806245689953991E-02
   -0.387044163972005E-02   -0.884817646147366E-02
   -0.437631025395262E-02   -0.968840922685329E-02
   -0.487751831480426E-02   -0.106417848698661E-01
   -0.531242025095717E-02   -0.116675029167909E-01
   -0.567991778640528E-02   -0.128282556460165E-01
   -0.591352387772525E-02   -0.140439031432578E-01
   -0.601464427857219E-02   -0.153801313407518E-01
   -0.593593698745178E-02   -0.167152401833995E-01
   -0.569194913491184E-02   -0.181191441768436E-01
   -0.525545619305571E-02   -0.194503208378808E-01
   -0.465876726425565E-02   -0.207476106026980E-01
   -0.391580377995421E-02   -0.218282227298118E-01
   -0.306180225639629E-02   -0.227447988713955E-01
   -0.214954186921300E-02   -0.233396310369722E-01
   -0.113624299640997E-02   -0.234826420687400E-01
   -0.168498676811663E-03   -0.230593255038918E-01
    0.107531343988102E-02   -0.219161170763763E-01
    0.240129924467169E-02   -0.199885276468568E-01
    0.432200742086432E-02   -0.172067502930992E-01
    0.658952855539801E-02   -0.137533974105687E-01
    0.973575906702347E-02   -0.986122809690510E-02
    0.130248184201262E-01   -0.599760753522926E-02
    0.161643265891902E-01   -0.274269520561961E-02
    0.169966625642102E-01   -0.769609057816983E-03
    0.128965938729702E-01    0.244141874296279E-04
    0.000000000000000E+00    0.000000000000000E+00
    0.000000000000000E+00    0.000000000000000E+00
    0.232894988663194E-03   -0.514321236376249E-04
    0.355483256488616E-03   -0.195132547454109E-03
    0.398942866488916E-03   -0.438455893722290E-03
    0.364616129891546E-03   -0.751685308326511E-03
    0.268525693483783E-03   -0.114638668601582E-02
    0.109441551715830E-03   -0.159616700640722E-02
   -0.977002162959161E-04   -0.211061722923673E-02
   -0.351718208543796E-03   -0.266039307890030E-02
   -0.643790959621984E-03   -0.325552527389515E-02
   -0.969794519788758E-03   -0.387511720568663E-02
   -0.133178166059273E-02   -0.452949248235121E-02
   -0.171764461085155E-02   -0.521380427081086E-02
   -0.213796785713873E-02   -0.593994590590676E-02
   -0.256643465072705E-02   -0.671540360591496E-02
   -0.301398914495465E-02   -0.755702341513322E-02
   -0.344031247885481E-02   -0.846658452160508E-02
   -0.384778895128526E-02   -0.947263513450378E-02
   -0.419172177352708E-02   -0.105483952067707E-01
   -0.446173004258230E-02   -0.117406712429264E-01
   -0.462303027603368E-02   -0.129721359325302E-01
   -0.465413508670257E-02   -0.143239646064108E-01
   -0.454866225493547E-02   -0.156648700534058E-01
   -0.429925237408754E-02   -0.171056547639410E-01
   -0.390960447881612E-02   -0.184550786046545E-01
   -0.339111521172700E-02   -0.198577766168722E-01
   -0.279408536450875E-02   -0.210549587950630E-01
   -0.220348647292604E-02   -0.222625446594762E-01
   -0.161757742293685E-02   -0.231456412636795E-01
   -0.111508432403928E-02   -0.236829876532377E-01
   -0.801933905236834E-03   -0.237558023923975E-01
   -0.373541984121849E-03   -0.230603311975285E-01
    0.163128398874976E-04   -0.214856653910752E-01
    0.949609371961854E-03   -0.187994375710235E-01
    0.256136263678036E-02   -0.153154930320605E-01
    0.533573598810337E-02   -0.110365358095175E-01
    0.885856074241685E-02   -0.683992263145747E-02
    0.130528994296900E-01   -0.301955825939857E-02
    0.152805062172682E-01   -0.803852145975315E-03
    0.128181954848605E-01    0.635957355518436E-04
    0.000000000000000E+00    0.000000000000000E+00
    0.000000000000000E+00    0.000000000000000E+00
    0.295811030052361E-03   -0.134830958235318E-04
    0.484318983300937E-03   -0.563050646737521E-04
    0.591950887153387E-03   -0.147949951507357E-03
    0.622355522867184E-03   -0.282965355559181E-03
    0.588396846623722E-03   -0.476053785548722E-03
    0.488113908085249E-03   -0.720978515272893E-03
    0.335828436271416E-03   -0.102863960419870E-02
    0.130768498752049E-03   -0.138842794146117E-02
   -0.113613199528097E-03   -0.181019585214848E-02
   -0.397446892517263E-03   -0.228405354272476E-02
   -0.710816588801730E-03   -0.282045403943690E-02
   -0.105075720098158E-02   -0.341247555814788E-02
   -0.141008666699783E-02   -0.407461784569425E-02
   -0.177800692747849E-02   -0.480001399827043E-02
   -0.214718248928235E-02   -0.561078096238222E-02
   -0.249611574007458E-02   -0.648948823488988E-02
   -0.281550846900738E-02   -0.747025964646746E-02
   -0.307469406640928E-02   -0.851157860904596E-02
   -0.326395512864142E-02   -0.966370782206895E-02
   -0.335101361741470E-02   -0.108438200124057E-01
   -0.333278844996613E-02   -0.121383118726773E-01
   -0.318626954829073E-02   -0.134257086478600E-01
   -0.292580354139740E-02   -0.148162525611718E-01
   -0.251777692819085E-02   -0.161131567020347E-01
   -0.201209954239407E-02   -0.175387679612043E-01
   -0.148181672378734E-02   -0.188211095637908E-01
   -0.103401440984643E-02   -0.202252492404831E-01
   -0.611375527315993E-03   -0.213204326858693E-01
   -0.383656883480792E-03   -0.223413272329228E-01
   -0.673154908757507E-03   -0.231199014474488E-01
   -0.912132688082504E-03   -0.230482274555365E-01
   -0.182651819601748E-02   -0.219867079800790E-01
   -0.171578872243681E-02   -0.197217718965806E-01
   -0.114365975108231E-02   -0.163003369396528E-01
    0.127329477869455E-02   -0.119330257196375E-01
    0.477501270505234E-02   -0.738449718978542E-02
    0.985858033152685E-02   -0.327437236686639E-02
    0.137166723469847E-01   -0.761656176533647E-03
    0.126897193693790E-01    0.123845654944966E-03
    0.000000000000000E+00    0.000000000000000E+00
    0.000000000000000E+00    0.000000000000000E+00
    0.288828144325735E-03    0.206722665742015E-04
    0.491989280189953E-03    0.629095137175582E-04
    0.629644807081372E-03    0.964574682079000E-04
    0.699710640319952E-03    0.117849084632826E-03
    0.711678517958479E-03    0.103194636131047E-03
    0.664076893040050E-03    0.541505764046620E-04
    0.567635866846018E-03   -0.515432235627707E-04
    0.423684238282983E-03   -0.207994723893739E-03
    0.240454420712252E-03   -0.432517043561348E-03
    0.234127793244297E-04   -0.721867822716708E-03
   -0.224296067651198E-03   -0.108485754839351E-02
   -0.490849143973148E-03   -0.152424509513530E-02
   -0.777378936461565E-03   -0.204145371541086E-02
   -0.106418182008793E-02   -0.264292110338057E-02
   -0.135242100645751E-02   -0.332816046398842E-02
   -0.161656513490173E-02   -0.409609269637117E-02
   -0.185208170920743E-02   -0.495411053068692E-02
   -0.203417961888716E-02   -0.587637084490126E-02
   -0.214722785368062E-02   -0.689280285872100E-02
   -0.217902231820702E-02   -0.793002629566678E-02
   -0.210369250541048E-02   -0.907014810289951E-02
   -0.193001702353490E-02   -0.101877106820237E-01
   -0.163248217133012E-02   -0.114147008947928E-01
   -0.123110111478595E-02   -0.124773479527792E-01
   -0.696305592625342E-03   -0.137757678722465E-01
   -0.132612011540392E-03   -0.149655193763203E-01
    0.273207030596662E-03   -0.165359247216300E-01
    0.675140064953161E-03   -0.174893134185497E-01
    0.563735867487728E-03   -0.191763984295958E-01
   -0.109732912784164E-03   -0.206766070882878E-01
   -0.149717622209867E-02   -0.212252287043072E-01
   -0.345763266710032E-02   -0.211042401488171E-01
   -0.474535242311482E-02   -0.193948802704368E-01
   -0.526492653580498E-02   -0.164334402986461E-01
   -0.389711344765816E-02   -0.119936416913357E-01
   -0.416442724544658E-03   -0.747714292911667E-02
    0.592678254467871E-02   -0.295691963299550E-02
    0.114841800989430E-01   -0.237725821471298E-03
    0.129927775938025E-01    0.460272705881052E-03
    0.000000000000000E+00    0.000000000000000E+00
    0.000000000000000E+00    0.000000000000000E+00
    0.234694409382482E-03    0.393385866553569E-04
    0.413220029094192E-03    0.135501433598350E-03
    0.545388528174020E-03    0.259132255424646E-03
    0.627096453639635E-03    0.391984804380559E-03
    0.662770949805719E-03    0.516551896356791E-03
    0.652679011896913E-03    0.620833145803274E-03
    0.603630689880606E-03    0.688812151003195E-03
    0.516583269267233E-03    0.710875784966433E-03
    0.398803279864618E-03    0.675004286973467E-03
    0.251458945014348E-03    0.573258567997702E-03
    0.820583545834312E-04    0.398286301541470E-03
   -0.106808586930668E-03    0.145097950977866E-03
   -0.306550065316781E-03   -0.191580727657464E-03
   -0.511700013326016E-03   -0.610305397663031E-03
   -0.711237853462182E-03   -0.111854109933544E-02
   -0.895874159449981E-03   -0.170101065445412E-02
   -0.105155946946541E-02   -0.237315014291196E-02
   -0.116558155489568E-02   -0.309517960819669E-02
   -0.122216779110725E-02   -0.390013790777450E-02
   -0.120853378998807E-02   -0.470969714273872E-02
   -0.111043997258163E-02   -0.559865287363129E-02
   -0.909122966790614E-03   -0.644786000495434E-02
   -0.597666898810415E-03   -0.737255734015099E-02
   -0.177569106154317E-03   -0.809476884529101E-02
    0.339767919413359E-03   -0.906539867872700E-02
    0.935511607747417E-03   -0.100228546090732E-01
    0.148642972291131E-02   -0.112976324171633E-01
    0.220058522430565E-02   -0.116802903438925E-01
    0.241865542410247E-02   -0.136793514719541E-01
    0.185442574689584E-02   -0.154825731373435E-01
    0.273461714010987E-03   -0.170875496956873E-01
   -0.294323118355417E-02   -0.181903577731340E-01
   -0.564694557722347E-02   -0.174717843437097E-01
   -0.839833742250332E-02   -0.148862779314270E-01
   -0.797662192503029E-02   -0.110639249209813E-01
   -0.460201096429293E-02   -0.642428765947113E-02
    0.314402405230323E-02   -0.225477029239202E-02
    0.108802006353942E-01    0.525561648528416E-03
    0.139690739553558E-01    0.858040262300351E-03
    0.000000000000000E+00    0.000000000000000E+00
    0.000000000000000E+00    0.000000000000000E+00
    0.146763609137287E-03    0.482412460635173E-04
    0.280697882171450E-03    0.162515231052421E-03
    0.385749347972660E-03    0.326192974180233E-03
    0.457325815172629E-03    0.519583387983777E-03
    0.497782058234649E-03    0.721690007288528E-03
    0.507183230742945E-03    0.926007438777323E-03
    0.491310597906385E-03    0.110787314464704E-02
    0.450481847788937E-03    0.126252221883051E-02
    0.387906637400169E-03    0.137179373861338E-02
    0.306659315285676E-03    0.142837088504062E-02
    0.207391697828616E-03    0.142435511103315E-02
    0.972764338178809E-04    0.134918380623301E-02
   -0.244508482747486E-04    0.120528123453923E-02
   -0.146473124804163E-03    0.981556510492867E-03
   -0.268383238572558E-03    0.687866181521507E-03
   -0.376632291099502E-03    0.319876605873487E-03
   -0.465792177969117E-03   -0.110855527544373E-03
   -0.524633580060716E-03   -0.590745152825506E-03
   -0.537837612600501E-03   -0.111727387999912E-02
   -0.504343018930784E-03   -0.164676416940476E-02
   -0.394590952311400E-03   -0.219937437001466E-02
   -0.218998841503984E-03   -0.268775107667095E-02
    0.849237428225009E-04   -0.318429010221787E-02
    0.449767277999436E-03   -0.345276655061950E-02
    0.978831743307170E-03   -0.388044431836766E-02
    0.153780006835617E-02   -0.420477896239547E-02
    0.231018979829672E-02   -0.450268986466583E-02
    0.330133380418552E-02   -0.361207295966746E-02
    0.419927317358184E-02   -0.615908129281548E-02
    0.367566377452479E-02   -0.729225672123396E-02
    0.104244681846484E-02   -0.927449266418597E-02
   -0.253879599400548E-02   -0.117098256224413E-01
   -0.802184121456665E-02   -0.113070043248088E-01
   -0.114832797519281E-01   -0.102447397380678E-01
   -0.123757480712403E-01   -0.781243543754566E-02
   -0.966618382142546E-02   -0.367826217204368E-02
   -0.107838837541531E-02    0.212739360217210E-03
    0.837139171620054E-02    0.211865174468768E-02
    0.153314250816810E-01    0.167937466484520E-02
    0.000000000000000E+00    0.000000000000000E+00
    0.000000000000000E+00    0.000000000000000E+00
    0.666530275702561E-04    0.369536963271777E-04
    0.141024613597845E-03    0.133885404512875E-03
    0.201746001234678E-03    0.287866440137638E-03
    0.247371726355175E-03    0.475279621181392E-03
    0.273457773306538E-03    0.688546701744439E-03
    0.286705280120247E-03    0.910208426453873E-03
    0.284483581173762E-03    0.113298081319570E-02
    0.272494536397740E-03    0.133720253971683E-02
    0.247244447675511E-03    0.152283308275174E-02
    0.213899786239233E-03    0.166815159416383E-02
    0.170284102007868E-03    0.177930620651772E-02
    0.120443628907661E-03    0.183492411600575E-02
    0.651166521171818E-04    0.184516730156962E-02
    0.731837908386144E-05    0.179364579418051E-02
   -0.487592439663652E-04    0.169232658550922E-02
   -0.100091774017087E-03    0.153547176321922E-02
   -0.140013877405751E-03    0.133554380388475E-02
   -0.164081163489550E-03    0.110282551094623E-02
   -0.165505265297655E-03    0.848620470790476E-03
   -0.135768784346595E-03    0.600900352513203E-03
   -0.689596789073827E-04    0.372756786120423E-03
    0.533571001982314E-04    0.217806805434544E-03
    0.231418109933993E-03    0.136096561910636E-03
    0.465286296348565E-03    0.248815370446158E-03
    0.741904794457733E-03    0.425802382777474E-03
    0.115820410922600E-02    0.737106323424677E-03
    0.182395329104529E-02    0.127775375538233E-02
    0.294065154561339E-02    0.267586348965350E-02
    0.423758478858097E-02    0.197270238532303E-02
    0.419488390467675E-02    0.383836730394203E-02
    0.331069634964410E-02    0.126759020472183E-02
   -0.179044602299250E-02    0.114625308383769E-02
   -0.800016787566732E-02   -0.113560032624248E-02
   -0.120181441909820E-01   -0.130523965624199E-02
   -0.148024389509823E-01   -0.213850629090132E-02
   -0.116936420212245E-01    0.940264128205318E-03
   -0.305618890607680E-02    0.245203827287419E-02
    0.819761028378435E-02    0.281598762616008E-02
    0.153455163164357E-01    0.151046031863844E-02
    0.000000000000000E+00    0.000000000000000E+00
    0.000000000000000E+00    0.000000000000000E+00
    0.121259441365726E-04    0.121259441364396E-04
    0.391248686792056E-04    0.670161097159748E-04
    0.595847470337133E-04    0.161723290520331E-03
    0.732921761909727E-04    0.288861992514873E-03
    0.832810732373294E-04    0.431073581609695E-03
    0.881275738002816E-04    0.591419152319104E-03
    0.908230528092309E-04    0.752333468758614E-03
    0.895708164615569E-04    0.915580455768253E-03
    0.857352333014238E-04    0.106835566551702E-02
    0.786107713282610E-04    0.121029091411092E-02
    0.690540590852517E-04    0.133290048989328E-02
    0.572560933781482E-04    0.143283886852672E-02
    0.434920054860233E-04    0.150769488881280E-02
    0.292338142965235E-04    0.155190960535965E-02
    0.144642239413717E-04    0.157016466211745E-02
    0.197085445602150E-05    0.155753345705778E-02
   -0.810807978309121E-05    0.152607941952335E-02
   -0.124512960190149E-04    0.147535553787320E-02
   -0.103349772065998E-04    0.142489781227422E-02
    0.168714677532029E-05    0.138082176344378E-02
    0.280213078119517E-04    0.137498694556202E-02
    0.717103473751654E-04    0.143278207444425E-02
    0.149982141358661E-03    0.157549109957492E-02
    0.231266732472387E-03    0.185234978816179E-02
    0.317669099139447E-03    0.231752620123422E-02
    0.456316536246300E-03    0.293799785726619E-02
    0.832463493519933E-03    0.403654859173972E-02
    0.134750106258062E-02    0.661300310879056E-02
    0.272157594804705E-02    0.843453819798884E-02
    0.211186461865932E-02    0.126519519020509E-01
    0.587552604613936E-02    0.194540054248157E-01
   -0.834693416412154E-03    0.111022874641194E-01
   -0.543701805114150E-02    0.133433307758777E-01
   -0.102595362397980E-01    0.102856753396497E-01
   -0.136697387824477E-01    0.808005840442303E-02
   -0.123174415366481E-01    0.783836726752317E-02
   -0.461551247929214E-02    0.550183055160483E-02
    0.700943587090450E-02    0.397905756131850E-02
    0.214270339988728E-01    0.653104231461917E-03
    0.000000000000000E+00    0.000000000000000E+00
    0.000000000000000E+00    0.000000000000000E+00
    0.000000000000000E+00    0.000000000000000E+00
    0.000000000000000E+00    0.000000000000000E+00
    0.000000000000000E+00    0.000000000000000E+00
    0.000000000000000E+00    0.000000000000000E+00
    0.000000000000000E+00    0.000000000000000E+00
    0.000000000000000E+00    0.000000000000000E+00
    0.000000000000000E+00    0.000000000000000E+00
    0.000000000000000E+00    0.000000000000000E+00
    0.000000000000000E+00    0.000000000000000E+00
    0.000000000000000E+00    0.000000000000000E+00
    0.000000000000000E+00    0.000000000000000E+00
    0.000000000000000E+00    0.000000000000000E+00
    0.000000000000000E+00    0.000000000000000E+00
    0.000000000000000E+00    0.000000000000000E+00
    0.000000000000000E+00    0.000000000000000E+00
    0.000000000000000E+00    0.000000000000000E+00
    0.000000000000000E+00    0.000000000000000E+00
    0.000000000000000E+00    0.000000000000000E+00
    0.000000000000000E+00    0.000000000000000E+00
    0.000000000000000E+00    0.000000000000000E+00
    0.000000000000000E+00    0.000000000000000E+00
    0.000000000000000E+00    0.000000000000000E+00
    0.000000000000000E+00    0.000000000000000E+00
    0.000000000000000E+00    0.000000000000000E+00
    0.000000000000000E+00    0.000000000000000E+00
    0.000000000000000E+00    0.000000000000000E+00
    0.000000000000000E+00    0.000000000000000E+00
    0.000000000000000E+00    0.000000000000000E+00
    0.000000000000000E+00    0.000000000000000E+00
    0.000000000000000E+00    0.000000000000000E+00
    0.000000000000000E+00    0.000000000000000E+00
    0.000000000000000E+00    0.000000000000000E+00
   -0.367976166042117E-02    0.134199182591085E-01
   -0.120815355150103E-01    0.155299525320342E-01
   -0.114307985277516E-01    0.148271984447970E-01
   -0.106227637343446E-01    0.115249184609020E-01
   -0.343194556691113E-02    0.966923117482835E-02
    0.131227379702764E-01    0.498315429941764E-02
    0.251585467206669E-01    0.161134002909254E-02
    0.000000000000000E+00    0.000000000000000E+00
