    0.000000000000000E+00    0.000000000000000E+00
    0.000000000000000E+00    0.000000000000000E+00
    0.000000000000000E+00    0.000000000000000E+00
    0.000000000000000E+00    0.000000000000000E+00
    0.000000000000000E+00    0.000000000000000E+00
    0.000000000000000E+00    0.000000000000000E+00
    0.000000000000000E+00    0.000000000000000E+00
    0.000000000000000E+00    0.000000000000000E+00
    0.000000000000000E+00    0.000000000000000E+00
    0.000000000000000E+00    0.000000000000000E+00
    0.000000000000000E+00    0.000000000000000E+00
    0.000000000000000E+00    0.000000000000000E+00
    0.000000000000000E+00    0.000000000000000E+00
    0.000000000000000E+00    0.000000000000000E+00
    0.000000000000000E+00    0.000000000000000E+00
    0.000000000000000E+00    0.000000000000000E+00
    0.000000000000000E+00    0.000000000000000E+00
    0.000000000000000E+00    0.000000000000000E+00
    0.000000000000000E+00    0.000000000000000E+00
    0.000000000000000E+00    0.000000000000000E+00
    0.000000000000000E+00    0.000000000000000E+00
    0.000000000000000E+00    0.000000000000000E+00
    0.000000000000000E+00    0.000000000000000E+00
    0.000000000000000E+00    0.000000000000000E+00
    0.000000000000000E+00    0.000000000000000E+00
    0.000000000000000E+00    0.000000000000000E+00
    0.000000000000000E+00    0.000000000000000E+00
    0.000000000000000E+00    0.000000000000000E+00
    0.000000000000000E+00    0.000000000000000E+00
    0.000000000000000E+00    0.000000000000000E+00
    0.000000000000000E+00    0.000000000000000E+00
    0.000000000000000E+00    0.000000000000000E+00
    0.000000000000000E+00    0.000000000000000E+00
    0.000000000000000E+00    0.000000000000000E+00
    0.000000000000000E+00    0.000000000000000E+00
    0.000000000000000E+00    0.000000000000000E+00
    0.000000000000000E+00    0.000000000000000E+00
    0.000000000000000E+00    0.000000000000000E+00
    0.000000000000000E+00    0.000000000000000E+00
    0.000000000000000E+00    0.000000000000000E+00
    0.000000000000000E+00    0.000000000000000E+00
    0.000000000000000E+00    0.000000000000000E+00
   -0.751055064711320E-03    0.125919103604131E-02
   -0.645750385633304E-03    0.361185132710638E-02
   -0.116042058267318E-03    0.464678660299354E-02
    0.185945771975671E-03    0.545952934978243E-02
   -0.252911681226597E-03    0.722449576724658E-02
    0.983791870061423E-03    0.459283377394210E-02
    0.239403745781502E-02    0.302325734761157E-02
    0.171495065864900E-02    0.802598646531782E-02
   -0.471378207315881E-02    0.693777858875619E-02
   -0.590810349702770E-02    0.143081762170084E-01
   -0.505674082341367E-02    0.243580334229285E-01
   -0.330195483904020E-02    0.311836696139250E-01
   -0.174149834536872E-02    0.355773866562004E-01
   -0.958971021081612E-03    0.376918943245421E-01
   -0.273213692087808E-03    0.386051129976088E-01
    0.189934838428157E-03    0.381988492763594E-01
    0.493952279745895E-03    0.375421051335224E-01
    0.644573415986279E-03    0.362343500356201E-01
    0.739550217201664E-03    0.348893195677001E-01
    0.788846243101856E-03    0.332608439529819E-01
    0.830410200396042E-03    0.317065760496055E-01
    0.862131052469970E-03    0.299559900343149E-01
    0.888485317839711E-03    0.282833571319630E-01
    0.911038855900072E-03    0.264606468740676E-01
    0.933684688129420E-03    0.246965905750089E-01
    0.955469425408367E-03    0.228065320811029E-01
    0.977961802086316E-03    0.209563068803584E-01
    0.997917707130307E-03    0.189979545726681E-01
    0.101738378000618E-02    0.170666614369572E-01
    0.103057159975571E-02    0.150515140686479E-01
    0.104136913667100E-02    0.130624475901115E-01
    0.104024026853775E-02    0.110262600971255E-01
    0.103112927264646E-02    0.903255377195853E-02
    0.100236650465936E-02    0.704379576041016E-02
    0.959732326487898E-03    0.513655111048801E-02
    0.867786177000685E-03    0.336116218846018E-02
    0.728762990820216E-03    0.177644511388778E-02
    0.454179093005455E-03    0.628804984466257E-03
    0.650416164891372E-04    0.650416164920406E-04
    0.000000000000000E+00    0.000000000000000E+00
    0.000000000000000E+00    0.000000000000000E+00
   -0.411998729843602E-02    0.161891584069582E-02
   -0.408975370325793E-02    0.568947879142440E-02
   -0.307667569537995E-02    0.999930519354091E-02
   -0.239627100889095E-02    0.135871616665720E-01
   -0.171395139286701E-02    0.169295226941759E-01
   -0.145552545301225E-02    0.203355769635962E-01
   -0.334062378844999E-02    0.237097712371342E-01
   -0.537307600246234E-02    0.350544611577021E-01
   -0.113068676947926E-01    0.414123941301798E-01
   -0.148872970173358E-01    0.508221186728060E-01
   -0.127090183404597E-01    0.624136503962768E-01
   -0.868170801459573E-02    0.691492551573339E-01
   -0.432542909702575E-02    0.732803200711918E-01
   -0.164356366242932E-02    0.741385868115053E-01
    0.397972786389467E-03    0.743109680968827E-01
    0.161477349476414E-02    0.723840915885996E-01
    0.242689884031101E-02    0.704893680517316E-01
    0.284158521663692E-02    0.674475846449632E-01
    0.310364231954198E-02    0.647831914310081E-01
    0.323500120588873E-02    0.614129369830135E-01
    0.333994453296019E-02    0.585085492949516E-01
    0.340696206810080E-02    0.550474014487210E-01
    0.347540445471499E-02    0.519978025674661E-01
    0.353041784296650E-02    0.484878507673609E-01
    0.359663363215282E-02    0.453184701824897E-01
    0.365667493949419E-02    0.417488430902087E-01
    0.372627586205196E-02    0.384512818151708E-01
    0.378486451381820E-02    0.348083185127634E-01
    0.384490495106646E-02    0.313852600373801E-01
    0.388287253605542E-02    0.276820243733779E-01
    0.390957170217853E-02    0.241714730639301E-01
    0.389945936353503E-02    0.204645070573748E-01
    0.385937920848019E-02    0.169535617930415E-01
    0.376063020144382E-02    0.133562858225200E-01
    0.358304162497171E-02    0.100120452627842E-01
    0.325727299040019E-02    0.677813531565947E-02
    0.266839552928608E-02    0.402183711467108E-02
    0.175045591982728E-02    0.177140016205083E-02
    0.638045688548212E-03    0.466149095703915E-03
    0.000000000000000E+00    0.000000000000000E+00
    0.000000000000000E+00    0.000000000000000E+00
   -0.756687848300364E-02    0.211343700564070E-02
   -0.890591819052727E-02    0.694754177873587E-02
   -0.957121269627736E-02    0.148531693441264E-01
   -0.886752134677360E-02    0.216044760915236E-01
   -0.864671263917893E-02    0.331116148567317E-01
   -0.780255385197159E-02    0.427340811396830E-01
   -0.111466309799773E-01    0.560128530340117E-01
   -0.143658617537565E-01    0.738027743816062E-01
   -0.210076778688251E-01    0.826789920539657E-01
   -0.257928188176380E-01    0.887300234884571E-01
   -0.208010596031368E-01    0.971748946601030E-01
   -0.134356668525468E-01    0.101763362359711E+00
   -0.683659424194353E-02    0.102754184677899E+00
   -0.171176195236100E-02    0.101560154096805E+00
    0.168464801217025E-02    0.100148520441170E+00
    0.405440666972625E-02    0.971231276793181E-01
    0.540281143848950E-02    0.936721278327810E-01
    0.617544945692623E-02    0.897459401077134E-01
    0.660260879918771E-02    0.857422831361130E-01
    0.688013717087593E-02    0.815010402921644E-01
    0.705028965908838E-02    0.773122130389652E-01
    0.718213355300613E-02    0.729762224728164E-01
    0.729184486545203E-02    0.686787440658667E-01
    0.740108867778409E-02    0.642692315667509E-01
    0.751655807888427E-02    0.598768616568511E-01
    0.763746312304544E-02    0.553716035132795E-01
    0.776319615248444E-02    0.508608157651492E-01
    0.788137657954994E-02    0.462423745434441E-01
    0.798905245370761E-02    0.416122575470253E-01
    0.806603181758584E-02    0.368987835790890E-01
    0.810702224602046E-02    0.321946129941929E-01
    0.808649594529125E-02    0.274602383121051E-01
    0.799533370295661E-02    0.227899906138869E-01
    0.779557310627482E-02    0.181835694872332E-01
    0.744325731101140E-02    0.137488279425641E-01
    0.681435805319120E-02    0.956176567131810E-02
    0.572248110527994E-02    0.583073060162302E-02
    0.401379522685044E-02    0.273943551375697E-02
    0.181329184691916E-02    0.760151126612311E-03
    0.000000000000000E+00    0.000000000000000E+00
    0.000000000000000E+00    0.000000000000000E+00
   -0.108621653819540E-01    0.169411686365075E-02
   -0.155200108319040E-01    0.684954939665183E-02
   -0.173222509818793E-01    0.156749355996930E-01
   -0.195882793892083E-01    0.269003375622070E-01
   -0.203552426129959E-01    0.421581361280138E-01
   -0.222576962054193E-01    0.591962889923202E-01
   -0.245820060654097E-01    0.773367406172898E-01
   -0.283738758135030E-01    0.959924753281147E-01
   -0.303163626934874E-01    0.106814255956312E+00
   -0.301648851745853E-01    0.113387836538976E+00
   -0.228287040245066E-01    0.118901743293795E+00
   -0.143769196613734E-01    0.119812242392099E+00
   -0.571383978816115E-02    0.118620093865394E+00
    0.396941332668760E-03    0.116176957873695E+00
    0.481166148910059E-02    0.113902808621931E+00
    0.770154904804245E-02    0.110293981897504E+00
    0.948609471088508E-02    0.106217004323445E+00
    0.104534588307624E-01    0.101843354193122E+00
    0.110474562168479E-01    0.974010607050336E-01
    0.113817193105191E-01    0.927642699945821E-01
    0.116312041065326E-01    0.880750917634200E-01
    0.117894905065387E-01    0.832846523431727E-01
    0.119622420848180E-01    0.784455780190389E-01
    0.121080113590075E-01    0.735341510158336E-01
    0.122951815449431E-01    0.685609389214226E-01
    0.124679865399199E-01    0.635092640055420E-01
    0.126715971772695E-01    0.583811655785918E-01
    0.128439787578304E-01    0.531767942579100E-01
    0.130172240099706E-01    0.479017625331639E-01
    0.131255259723283E-01    0.425710049455202E-01
    0.131908426499742E-01    0.372051683422474E-01
    0.131457333980314E-01    0.318337381804119E-01
    0.129997001497712E-01    0.265014660207539E-01
    0.126771470062731E-01    0.212538169706011E-01
    0.121139863443577E-01    0.161801604555059E-01
    0.111359635317214E-01    0.113619311764535E-01
    0.947855041622276E-02    0.702951253006944E-02
    0.683491812242836E-02    0.338996957411979E-02
    0.347360127477453E-02    0.921209016845978E-03
    0.000000000000000E+00    0.000000000000000E+00
    0.000000000000000E+00    0.000000000000000E+00
   -0.144153205715093E-01    0.113380494772817E-02
   -0.224087230308840E-01    0.510519608205954E-02
   -0.297645743327683E-01    0.148395878064944E-01
   -0.347933801161679E-01    0.266017221323828E-01
   -0.406834064740373E-01    0.465490283888378E-01
   -0.421867735128820E-01    0.657455585110432E-01
   -0.454525439722537E-01    0.859035678666377E-01
   -0.453667481243773E-01    0.105572112577921E+00
   -0.412716521608441E-01    0.114135557243404E+00
   -0.359711868135805E-01    0.120324058590136E+00
   -0.249604532077308E-01    0.124197738950436E+00
   -0.142305281080561E-01    0.124009613363585E+00
   -0.468539430657265E-02    0.122262846695194E+00
    0.296193953666397E-02    0.119169920740233E+00
    0.805123284776130E-02    0.117256857106717E+00
    0.115224156413938E-01    0.114023934501534E+00
    0.135174714007903E-01    0.110141821038916E+00
    0.148014986737521E-01    0.105981356695076E+00
    0.155328693046827E-01    0.101783278148112E+00
    0.160632049138777E-01    0.972634067862167E-01
    0.163889760841617E-01    0.926288638168677E-01
    0.166617548759206E-01    0.878365426736597E-01
    0.168977866432852E-01    0.829463860014333E-01
    0.171513945854968E-01    0.779298855968070E-01
    0.174130030679355E-01    0.728158580890362E-01
    0.176929621851279E-01    0.675828027372767E-01
    0.179754759339835E-01    0.622451992292254E-01
    0.182463204859457E-01    0.568011046553038E-01
    0.184841080371710E-01    0.512641702944163E-01
    0.186594249126982E-01    0.456489766893623E-01
    0.187447637223331E-01    0.399801392456123E-01
    0.187010630709044E-01    0.342907093600320E-01
    0.184915855013850E-01    0.286237691857874E-01
    0.180541099014476E-01    0.230339568604934E-01
    0.172804017729865E-01    0.176010459086792E-01
    0.159571870894485E-01    0.124239184227730E-01
    0.137172340753975E-01    0.772278795017558E-02
    0.101691163360117E-01    0.375291517857526E-02
    0.534739538312158E-02    0.102765444836854E-02
    0.000000000000000E+00    0.000000000000000E+00
    0.000000000000000E+00    0.000000000000000E+00
   -0.157543950561793E-01    0.272428331974141E-03
   -0.280780672656413E-01    0.290275218310174E-02
   -0.393838799910420E-01    0.999502578291983E-02
   -0.501202495145503E-01    0.217200290044262E-01
   -0.587629521593970E-01    0.392113071466533E-01
   -0.631962690522797E-01    0.583142078223652E-01
   -0.643988144450003E-01    0.778744035383478E-01
   -0.602417474036146E-01    0.945552435061478E-01
   -0.521771187198947E-01    0.105426509463984E+00
   -0.400195748096131E-01    0.111799450454079E+00
   -0.263849680057519E-01    0.116110588383806E+00
   -0.138622673000868E-01    0.116718293254754E+00
   -0.327098307752386E-02    0.116179118889317E+00
    0.494763542470217E-02    0.114643603712015E+00
    0.107303032449615E-01    0.113488167724121E+00
    0.146145518097171E-01    0.111135314079446E+00
    0.170977847640529E-01    0.108087776560151E+00
    0.186756366892949E-01    0.104755360470555E+00
    0.197066537495846E-01    0.101195237494870E+00
    0.204294273631205E-01    0.972502147330455E-01
    0.209604940323819E-01    0.929975165509174E-01
    0.213787596650174E-01    0.885720891385316E-01
    0.217735608360068E-01    0.839228414640128E-01
    0.221555963746485E-01    0.791309571099981E-01
    0.225611076147716E-01    0.741344277924329E-01
    0.229643125861721E-01    0.690150865718259E-01
    0.233789039423828E-01    0.637082430442020E-01
    0.237599508909118E-01    0.582955106832681E-01
    0.241044296965648E-01    0.527236915001312E-01
    0.243551972010599E-01    0.470741484175074E-01
    0.244956626182244E-01    0.413166879829173E-01
    0.244614741452497E-01    0.355361410021133E-01
    0.242189965256475E-01    0.297331658883924E-01
    0.236853868009298E-01    0.239988524693449E-01
    0.227163998938372E-01    0.183853593901019E-01
    0.210554271131194E-01    0.130163323408422E-01
    0.182205084026598E-01    0.810850427197923E-02
    0.136348160947502E-01    0.395932272904674E-02
    0.738151300259637E-02    0.108108808719884E-02
    0.000000000000000E+00    0.000000000000000E+00
    0.000000000000000E+00    0.000000000000000E+00
   -0.161389058593990E-01   -0.568971157209104E-03
   -0.311219649823020E-01   -0.101437568393668E-03
   -0.481376279097196E-01    0.401534967837483E-02
   -0.631027083308056E-01    0.119956059663674E-01
   -0.765541206243670E-01    0.256864246398655E-01
   -0.813538484703567E-01    0.412803412352815E-01
   -0.806170858698390E-01    0.570870988900272E-01
   -0.730731563080590E-01    0.727257300597272E-01
   -0.594907042073736E-01    0.826111362267673E-01
   -0.447464378047285E-01    0.910973007696170E-01
   -0.285067871483782E-01    0.968704297343322E-01
   -0.148776930889766E-01    0.100352219133697E+00
   -0.327934043374296E-02    0.102370478774634E+00
    0.564103448750817E-02    0.103118397590900E+00
    0.120154845364921E-01    0.103844145385340E+00
    0.164839349450805E-01    0.103191881058260E+00
    0.194671029032358E-01    0.101589942860548E+00
    0.216310575165844E-01    0.993684851759547E-01
    0.230734388947502E-01    0.968970489685558E-01
    0.241648897162024E-01    0.937845538229009E-01
    0.249635109492703E-01    0.902760689649953E-01
    0.256549491548699E-01    0.864240029705220E-01
    0.262645085592257E-01    0.823223484178937E-01
    0.268713505187433E-01    0.779296690643756E-01
    0.274604704880371E-01    0.733184175326639E-01
    0.280551620539442E-01    0.684750306066930E-01
    0.286309695505760E-01    0.634402974793277E-01
    0.291751890388629E-01    0.582119572467189E-01
    0.296500310834077E-01    0.528239962644211E-01
    0.300202724288689E-01    0.472859652768990E-01
    0.302371815124163E-01    0.416370021771918E-01
    0.302501527988658E-01    0.359026592334499E-01
    0.299950102914187E-01    0.301371824716411E-01
    0.293856671590448E-01    0.243862925922550E-01
    0.282526143535866E-01    0.187413277373544E-01
    0.262745075796057E-01    0.133026207333389E-01
    0.228739265234547E-01    0.830800317285724E-02
    0.173520592021120E-01    0.406385012419526E-02
    0.949876662547285E-02    0.111653716883139E-02
    0.000000000000000E+00    0.000000000000000E+00
    0.000000000000000E+00    0.000000000000000E+00
   -0.150390626543640E-01   -0.103567098906125E-02
   -0.320987847074657E-01   -0.231775408405943E-02
   -0.519060657622067E-01   -0.168870715312736E-02
   -0.718660725079016E-01    0.245699849250312E-02
   -0.884332385842130E-01    0.104137903400102E-01
   -0.958346325996013E-01    0.212043863540262E-01
   -0.952923306501849E-01    0.332798148924772E-01
   -0.855726618705426E-01    0.456259668815880E-01
   -0.706222633703737E-01    0.561080889536962E-01
   -0.526150477821712E-01    0.655790500813418E-01
   -0.349048214404076E-01    0.734652987534297E-01
   -0.192606224739043E-01    0.797313434663800E-01
   -0.643406009335309E-02    0.846097335140618E-01
    0.372832582771200E-02    0.880686100262107E-01
    0.112393855352278E-01    0.906678893895596E-01
    0.166383115033130E-01    0.918503243428350E-01
    0.204816242511811E-01    0.919718565489924E-01
    0.233429005407525E-01    0.912382150519311E-01
    0.254086689911088E-01    0.899355021423869E-01
    0.269917256259125E-01    0.878685622194044E-01
    0.282321594237671E-01    0.852523559047353E-01
    0.292834053722015E-01    0.821927207878548E-01
    0.302233721262579E-01    0.787687938494947E-01
    0.311114141140926E-01    0.749744836243431E-01
    0.319682693363702E-01    0.708719593036133E-01
    0.327972583453614E-01    0.664852460616980E-01
    0.335969217273402E-01    0.618438895828648E-01
    0.343364734190208E-01    0.569678283389647E-01
    0.349920924524395E-01    0.518807899918324E-01
    0.355098412042172E-01    0.466088481562458E-01
    0.358488872428178E-01    0.411804531968178E-01
    0.359394929115514E-01    0.356324587665398E-01
    0.357180224463046E-01    0.300085258709111E-01
    0.350820040441009E-01    0.243625789792772E-01
    0.338129669985633E-01    0.187793474670631E-01
    0.315531200773632E-01    0.133655168078233E-01
    0.275686506503190E-01    0.837057265728913E-02
    0.209846494009684E-01    0.410725598427433E-02
    0.116418908373368E-01    0.113020049566711E-02
    0.000000000000000E+00    0.000000000000000E+00
    0.000000000000000E+00    0.000000000000000E+00
   -0.128010646755333E-01   -0.142423609149702E-02
   -0.299824420632936E-01   -0.402879598195847E-02
   -0.525425925649690E-01   -0.632165731392136E-02
   -0.754551035435876E-01   -0.620958272023873E-02
   -0.953098476419663E-01   -0.347492136454576E-02
   -0.104999883003828E+00    0.218439094093434E-02
   -0.105161004449043E+00    0.996554475760716E-02
   -0.960439741768270E-01    0.195365127785682E-01
   -0.800289955760126E-01    0.290486604011958E-01
   -0.617100930046013E-01    0.391591753447180E-01
   -0.426464572799777E-01    0.485237216376773E-01
   -0.259435546743752E-01    0.570701957187177E-01
   -0.116346830299922E-01    0.643650494662478E-01
   -0.312977846324523E-03    0.702106626212512E-01
    0.845110806482065E-02    0.748403670878455E-01
    0.150345819921918E-01    0.779719043948496E-01
    0.199700331572150E-01    0.798759550840346E-01
    0.237390316481570E-01    0.806748397582853E-01
    0.265681507582289E-01    0.807111294474505E-01
    0.287872932665786E-01    0.798449898202305E-01
    0.305743364748365E-01    0.782796938330878E-01
    0.321169100469672E-01    0.761341615641252E-01
    0.334717668215964E-01    0.735377380583597E-01
    0.347341937004878E-01    0.704647116850268E-01
    0.359158333028754E-01    0.670153967883245E-01
    0.370485397917246E-01    0.632048078258393E-01
    0.381159367134922E-01    0.590935949082683E-01
    0.391064629682094E-01    0.546843457998415E-01
    0.399794063284860E-01    0.500278820299949E-01
    0.406933219390897E-01    0.451322004526532E-01
    0.411891801428277E-01    0.400465387260747E-01
    0.414023329362130E-01    0.347890923437498E-01
    0.412490483756640E-01    0.294200444149095E-01
    0.406118010029700E-01    0.239770102093248E-01
    0.392601743534988E-01    0.185562132450751E-01
    0.367467902513074E-01    0.132584668884616E-01
    0.322612255667496E-01    0.833169584514399E-02
    0.247765506326326E-01    0.409965446845589E-02
    0.138129325134537E-01    0.113375543835855E-02
    0.000000000000000E+00    0.000000000000000E+00
    0.000000000000000E+00    0.000000000000000E+00
   -0.102835586294415E-01   -0.151896810551925E-02
   -0.270685855855327E-01   -0.496514843705413E-02
   -0.499319235090057E-01   -0.900087474861996E-02
   -0.751419279668113E-01   -0.120462174523845E-01
   -0.972593938077213E-01   -0.133713790642367E-01
   -0.109666608208392E+00   -0.122164598099577E-01
   -0.112240376145417E+00   -0.857029166341033E-02
   -0.104563527789880E+00   -0.224969578269815E-02
   -0.900366539731703E-01    0.563667381173749E-02
   -0.717010299403327E-01    0.152140935076923E-01
   -0.525857703173471E-01    0.250845940031903E-01
   -0.347640582470523E-01    0.348477135207588E-01
   -0.193131024168006E-01    0.437194892991597E-01
   -0.653170605442608E-02    0.513781406273325E-01
    0.363749007254097E-02    0.576999638141833E-01
    0.116125906767877E-01    0.625680942950410E-01
    0.177669554633270E-01    0.661423765056423E-01
    0.226210493205718E-01    0.684699068465087E-01
    0.263949132855258E-01    0.698094076526828E-01
    0.294156048036089E-01    0.701657095553241E-01
    0.318932673948302E-01    0.697241206977668E-01
    0.340267991359965E-01    0.685894727189681E-01
    0.359025023265298E-01    0.668900853368360E-01
    0.376155132661080E-01    0.646378081583767E-01
    0.392043296177833E-01    0.619296058328335E-01
    0.406962713739017E-01    0.588023980005358E-01
    0.420938364109955E-01    0.553136039024806E-01
    0.433779332786611E-01    0.514803855162415E-01
    0.445206163832016E-01    0.473482079222342E-01
    0.454690382706261E-01    0.429370222748518E-01
    0.461718626509141E-01    0.382875524767704E-01
    0.465503473646203E-01    0.334258492436009E-01
    0.465199576787635E-01    0.284013307045116E-01
    0.459517821084759E-01    0.232569287631778E-01
    0.445530279797735E-01    0.180800850815881E-01
    0.418521404326292E-01    0.129716619863354E-01
    0.368505350218807E-01    0.818735804683754E-02
    0.283528763058707E-01    0.404519963426905E-02
    0.159518766090152E-01    0.112052145841315E-02
    0.000000000000000E+00    0.000000000000000E+00
    0.000000000000000E+00    0.000000000000000E+00
   -0.726151314689123E-02   -0.153419499661471E-02
   -0.223257437500262E-01   -0.523837459747827E-02
   -0.453301380279416E-01   -0.104749116282867E-01
   -0.713712436440800E-01   -0.155057350300132E-01
   -0.952490680731880E-01   -0.198750021095883E-01
   -0.110269666784922E+00   -0.222217760119418E-01
   -0.115330625387995E+00   -0.220102932151517E-01
   -0.110479625178257E+00   -0.188711524797842E-01
   -0.978322953953160E-01   -0.131009860326145E-01
   -0.810194685954113E-01   -0.505471307627835E-02
   -0.623096207982860E-01    0.430438572006700E-02
   -0.443417948652942E-01    0.141762553762768E-01
   -0.280194787722336E-01    0.237088351229313E-01
   -0.141396515574175E-01    0.324375047098513E-01
   -0.259841806709502E-02    0.399926009160572E-01
    0.671060783227553E-02    0.462584294105589E-01
    0.141844755536999E-01    0.512358081098367E-01
    0.201553231246895E-01    0.549542538197251E-01
    0.249588537161089E-01    0.575627282286619E-01
    0.288777603980572E-01    0.591436904381011E-01
    0.321519655149703E-01    0.598350085851607E-01
    0.349712445500245E-01    0.597433131150332E-01
    0.374453740384735E-01    0.590003282449711E-01
    0.396826215672639E-01    0.576363839576682E-01
    0.417369297506473E-01    0.557475130370044E-01
    0.436497417950949E-01    0.533801440034894E-01
    0.454236921989786E-01    0.506005227446554E-01
    0.470525167858071E-01    0.474258426923659E-01
    0.485040810552286E-01    0.439100379531001E-01
    0.497344457494255E-01    0.400690719137331E-01
    0.506828634716955E-01    0.359502138456540E-01
    0.512728667215162E-01    0.315708105228763E-01
    0.514063729391211E-01    0.269849450500046E-01
    0.509329057429745E-01    0.222253243289680E-01
    0.495603092509272E-01    0.173791719614829E-01
    0.467079305187033E-01    0.125427762629317E-01
    0.413236006892650E-01    0.795755330522105E-02
    0.320350513113339E-01    0.395035518894378E-02
    0.180785925874331E-01    0.110119302201606E-02
    0.000000000000000E+00    0.000000000000000E+00
    0.000000000000000E+00    0.000000000000000E+00
   -0.458836826145523E-02   -0.142379039496482E-02
   -0.180309321063993E-01   -0.520230095321215E-02
   -0.396547226713407E-01   -0.107370031111137E-01
   -0.657662561140170E-01   -0.170710670693134E-01
   -0.904832990823733E-01   -0.232559698920458E-01
   -0.107537892110543E+00   -0.282271785940704E-01
   -0.115417759001121E+00   -0.309492547762800E-01
   -0.113499884396865E+00   -0.307002813985010E-01
   -0.103819300734384E+00   -0.274977815596968E-01
   -0.890529504590343E-01   -0.214432695782413E-01
   -0.717160695860926E-01   -0.134759010477373E-01
   -0.540748316619733E-01   -0.429400226114032E-02
   -0.374755514284230E-01    0.513060918301000E-02
   -0.227093525963430E-01    0.142483764077858E-01
   -0.100772223556803E-01    0.225417382426171E-01
    0.519798550433916E-03    0.297751931437681E-01
    0.923119622562631E-02    0.358422020183088E-01
    0.164012062187810E-01    0.407126098849418E-01
    0.222833250078151E-01    0.444642938567651E-01
    0.271861056541840E-01    0.471723779863496E-01
    0.313177132682595E-01    0.489570751856172E-01
    0.348995841995259E-01    0.498968117258766E-01
    0.380439533425915E-01    0.501143210830585E-01
    0.408739450309656E-01    0.496630950050843E-01
    0.434554453385935E-01    0.486346098787284E-01
    0.458398290854362E-01    0.470804305158280E-01
    0.480415213930059E-01    0.450649979542428E-01
    0.500567477853669E-01    0.426161264584434E-01
    0.518633862870738E-01    0.397827057374191E-01
    0.534144057955151E-01    0.365887808472500E-01
    0.546556180842082E-01    0.330732927428862E-01
    0.555035982835398E-01    0.292585434638455E-01
    0.558577077618803E-01    0.251866978150133E-01
    0.555648924748585E-01    0.208917659302195E-01
    0.542581495110836E-01    0.164488557965718E-01
    0.513496714033989E-01    0.119471560779811E-01
    0.455682380064800E-01    0.763066155810053E-02
    0.353847487954068E-01    0.381024306876066E-02
    0.201220971593447E-01    0.106639841460798E-02
    0.000000000000000E+00    0.000000000000000E+00
    0.000000000000000E+00    0.000000000000000E+00
   -0.181329982792343E-02   -0.128427655996403E-02
   -0.129264166150705E-01   -0.482007482150533E-02
   -0.333710012768780E-01   -0.104641753507808E-01
   -0.588189966249980E-01   -0.172686894179756E-01
   -0.838976913592770E-01   -0.246789659810175E-01
   -0.102621806284089E+00   -0.313646531651032E-01
   -0.112901572205008E+00   -0.363231295903210E-01
   -0.114088615745206E+00   -0.386012679852104E-01
   -0.107366415881329E+00   -0.378197414218735E-01
   -0.952026816107386E-01   -0.341035141041445E-01
   -0.796425567536677E-01   -0.279295154565791E-01
   -0.629956965276529E-01   -0.201061494769052E-01
   -0.465774117718327E-01   -0.114276375009453E-01
   -0.314583394642936E-01   -0.256512243511466E-02
   -0.180231671198134E-01    0.589780162204542E-02
   -0.645616316035599E-02    0.136455383668414E-01
    0.337095348801514E-02    0.204205914249393E-01
    0.116251598954784E-01    0.261785088520275E-01
    0.185790921097502E-01    0.308704974484340E-01
    0.244565754092142E-01    0.345747856740254E-01
    0.294885819141623E-01    0.373472125179013E-01
    0.338572619541056E-01    0.392682731980711E-01
    0.377151292917269E-01    0.404237809985166E-01
    0.411767140391749E-01    0.408876878125141E-01
    0.443286809001576E-01    0.407338884721342E-01
    0.472243003463799E-01    0.400205722281524E-01
    0.498898364929998E-01    0.388096488961299E-01
    0.523283297363835E-01    0.371324432824253E-01
    0.545229339904811E-01    0.350381917516414E-01
    0.564327070182276E-01    0.325486429539183E-01
    0.580016887857833E-01    0.297046256491419E-01
    0.591475401901192E-01    0.265203117569746E-01
    0.597634961867174E-01    0.230380799741653E-01
    0.596708112701112E-01    0.192802868598946E-01
    0.585188416637977E-01    0.153153540571815E-01
    0.555934030405088E-01    0.112236341194197E-01
    0.495967395314728E-01    0.722518935826983E-02
    0.387948650483457E-01    0.363471906384850E-02
    0.221186260815685E-01    0.102590900428798E-02
    0.000000000000000E+00    0.000000000000000E+00
    0.000000000000000E+00    0.000000000000000E+00
    0.449545587589271E-03   -0.112364927523946E-02
   -0.877497821522563E-02   -0.441314475533610E-02
   -0.271218873305323E-01   -0.975353651871003E-02
   -0.514072225392027E-01   -0.167410879731638E-01
   -0.761593685701093E-01   -0.246236855536556E-01
   -0.957826705642176E-01   -0.324526639748695E-01
   -0.108151324339667E+00   -0.390339127406579E-01
   -0.112068219514036E+00   -0.433543064668666E-01
   -0.108482888639128E+00   -0.448868644157174E-01
   -0.991189305989176E-01   -0.434282140605820E-01
   -0.858531031254690E-01   -0.393654916151131E-01
   -0.706921083837369E-01   -0.332255370780465E-01
   -0.550379231943184E-01   -0.257791060020237E-01
   -0.400040889011760E-01   -0.176609296019358E-01
   -0.261980886488486E-01   -0.949451214719563E-02
   -0.139083527369647E-01   -0.167976615968222E-02
   -0.320309797643616E-02    0.546174248570130E-02
    0.603858886387687E-02    0.117882375913791E-01
    0.139595833255849E-01    0.172065394522826E-01
    0.207918332612617E-01    0.217157136157000E-01
    0.266973345047317E-01    0.253465049135527E-01
    0.318788322444712E-01    0.281452439062008E-01
    0.364656837818713E-01    0.301821174846063E-01
    0.405926702278352E-01    0.315198204667827E-01
    0.443404778606820E-01    0.322269658661398E-01
    0.477791222768255E-01    0.323545106044488E-01
    0.509382157433241E-01    0.319607750849544E-01
    0.538298752250699E-01    0.310808442851681E-01
    0.564437061839590E-01    0.297583178084246E-01
    0.587423746700260E-01    0.280177910276871E-01
    0.606759655679788E-01    0.258915073803698E-01
    0.621621059934288E-01    0.233955337637843E-01
    0.630919474440048E-01    0.205588116801363E-01
    0.632945356504711E-01    0.174008397341558E-01
    0.623352546899977E-01    0.139739438876551E-01
    0.595130457634225E-01    0.103441670270060E-01
    0.532801351302040E-01    0.672797247813769E-02
    0.417614728478675E-01    0.341326436462462E-02
    0.239829014263874E-01    0.969875896457811E-03
    0.000000000000000E+00    0.000000000000000E+00
    0.000000000000000E+00    0.000000000000000E+00
    0.264303412338420E-02   -0.964616905544493E-03
   -0.429523424349655E-02   -0.388013238097480E-02
   -0.209805974056338E-01   -0.890094573756090E-02
   -0.438038699634716E-01   -0.156583230517032E-01
   -0.678735512183840E-01   -0.237479814729023E-01
   -0.880382044755097E-01   -0.321427281697013E-01
   -0.101883867970319E+00   -0.398541583252281E-01
   -0.108245776327152E+00   -0.457653906355730E-01
   -0.107451836765789E+00   -0.492172822396239E-01
   -0.100912797137596E+00   -0.499089320630179E-01
   -0.900681654385350E-01   -0.478961286781045E-01
   -0.767461067428733E-01   -0.436589057054409E-01
   -0.622604485607509E-01   -0.377184610585148E-01
   -0.477780817542442E-01   -0.307330654084340E-01
   -0.339986814257480E-01   -0.232727381082474E-01
   -0.213602224879306E-01   -0.157807737500772E-01
   -0.100313901068765E-01   -0.865049022233239E-02
   -0.321148954320893E-04   -0.205992260353589E-02
    0.873368284281897E-02    0.380123836047096E-02
    0.163992994995262E-01    0.891239704941677E-02
    0.231313319561834E-01    0.132220545662069E-01
    0.290773103451060E-01    0.167802690634245E-01
    0.343866600006259E-01    0.195998885225669E-01
    0.391691970594809E-01    0.217514375664822E-01
    0.435234401092141E-01    0.232729485574520E-01
    0.475109763028774E-01    0.242203225819415E-01
    0.511778668853575E-01    0.246363242849950E-01
    0.545370498527982E-01    0.245596883429388E-01
    0.575876759155216E-01    0.240273692054269E-01
    0.602967803643190E-01    0.230608432817324E-01
    0.626181069299092E-01    0.216907429740379E-01
    0.644714715007937E-01    0.199235926058433E-01
    0.657487461687755E-01    0.177861399337023E-01
    0.662531869226161E-01    0.152825567424164E-01
    0.655839583975692E-01    0.124543691383067E-01
    0.629001587620016E-01    0.935206443687831E-02
    0.566585254202212E-01    0.615961390042215E-02
    0.447475565415600E-01    0.316187422798502E-02
    0.257672091525980E-01    0.909007477021144E-03
    0.000000000000000E+00    0.000000000000000E+00
    0.000000000000000E+00    0.000000000000000E+00
    0.436953603324454E-02   -0.818493347334047E-03
   -0.838077177729532E-03   -0.340844599530970E-02
   -0.152946361432688E-01   -0.794281980224500E-02
   -0.364059145925640E-01   -0.143870066906924E-01
   -0.594018570961690E-01   -0.222696420020983E-01
   -0.794774337430976E-01   -0.309053777839368E-01
   -0.943948817960366E-01   -0.392565255836853E-01
   -0.102654300476185E+00   -0.463169060722811E-01
   -0.104421490143299E+00   -0.513614574204821E-01
   -0.100565436507916E+00   -0.538975269418265E-01
   -0.922601599643441E-01   -0.538953693810575E-01
   -0.810281665943370E-01   -0.515490203377153E-01
   -0.680669454763615E-01   -0.473155857285031E-01
   -0.545308517156647E-01   -0.416991419178987E-01
   -0.411713496912614E-01   -0.352519472987900E-01
   -0.285243547638414E-01   -0.284173273959430E-01
   -0.168853140303923E-01   -0.216019166801383E-01
   -0.634963171282299E-02   -0.150599356916052E-01
    0.305966129369293E-02   -0.900494232803389E-02
    0.114456450585578E-01   -0.353351451521930E-02
    0.188966761974997E-01    0.128015578869620E-02
    0.255602877209806E-01    0.543338595584978E-02
    0.315414014062920E-01    0.892570969628748E-02
    0.369643486785499E-01    0.117921398018441E-01
    0.419063275613629E-01    0.140635758794621E-01
    0.464440391528052E-01    0.157793205235892E-01
    0.506180369410225E-01    0.169759325347051E-01
    0.544524586328037E-01    0.176863385623750E-01
    0.579491000674625E-01    0.179406060846692E-01
    0.610817534836133E-01    0.177585944693334E-01
    0.638112031041383E-01    0.171606712328791E-01
    0.660619182864038E-01    0.161533143021956E-01
    0.677279763888490E-01    0.147470055529365E-01
    0.686303292695542E-01    0.129408531495309E-01
    0.682806464869928E-01    0.107546373351301E-01
    0.658735774280424E-01    0.821919518752752E-02
    0.595863215909843E-01    0.550658311637596E-02
    0.471863638527423E-01    0.286418419445506E-02
    0.273721215807559E-01    0.832688362458092E-03
    0.000000000000000E+00    0.000000000000000E+00
    0.000000000000000E+00    0.000000000000000E+00
    0.598345107046847E-02   -0.677971073982463E-03
    0.276371294354473E-02   -0.289772749455808E-02
   -0.999167774296526E-02   -0.698194618071554E-02
   -0.293401408046077E-01   -0.129214888513904E-01
   -0.510610869814412E-01   -0.205015020264599E-01
   -0.708208974152283E-01   -0.290405187557201E-01
   -0.862724004786667E-01   -0.377264676580969E-01
   -0.960510443147570E-01   -0.455470449668559E-01
   -0.999195946426633E-01   -0.517935325821089E-01
   -0.984993521106779E-01   -0.558969006400187E-01
   -0.926062183454818E-01   -0.576412323065483E-01
   -0.835145231469559E-01   -0.571312854391138E-01
   -0.722751624063303E-01   -0.545960486500086E-01
   -0.599599629562655E-01   -0.505014241076790E-01
   -0.473497116313554E-01   -0.452691825006215E-01
   -0.350276115062385E-01   -0.393510751249369E-01
   -0.233761179638970E-01   -0.331404388552359E-01
   -0.125841119130059E-01   -0.269140867564363E-01
   -0.273914494768529E-02   -0.209409507792801E-01
    0.617689493441114E-02   -0.153302362254949E-01
    0.142244250799738E-01   -0.102290047522175E-01
    0.214917855318418E-01   -0.564200178509620E-02
    0.280804870960971E-01   -0.163053981367060E-02
    0.340793115963058E-01    0.184318656807641E-02
    0.395760648252130E-01    0.476697630172610E-02
    0.446301407847580E-01    0.718597893398781E-02
    0.492948858276250E-01    0.910961521774241E-02
    0.535898959909383E-01    0.105734099157547E-01
    0.575262905517410E-01    0.115940154469134E-01
    0.610816726980676E-01    0.121871373329310E-01
    0.642223392462439E-01    0.123685013806530E-01
    0.668789276623790E-01    0.121323475102915E-01
    0.689504740998846E-01    0.114870030836008E-01
    0.702379128720215E-01    0.104104561887768E-01
    0.703041192933175E-01    0.891120033114838E-02
    0.681969858801921E-01    0.699471752955965E-02
    0.621334284150432E-01    0.479441139611879E-02
    0.496101685910209E-01    0.254458900677005E-02
    0.288674109646553E-01    0.753163536503577E-03
    0.000000000000000E+00    0.000000000000000E+00
    0.000000000000000E+00    0.000000000000000E+00
    0.720642125491267E-02   -0.554205937282497E-03
    0.541133330063984E-02   -0.245518871070220E-02
   -0.526900698638255E-02   -0.603141677327013E-02
   -0.227683074592779E-01   -0.114701027890277E-01
   -0.430404939449215E-01   -0.185386867163918E-01
   -0.620512725816495E-01   -0.268165478997374E-01
   -0.777150981428656E-01   -0.355058916245059E-01
   -0.884900748457117E-01   -0.437615903663814E-01
   -0.940985356754676E-01   -0.508603805574472E-01
   -0.947885616592355E-01   -0.561861742458085E-01
   -0.911703414195785E-01   -0.594621437573820E-01
   -0.842245455827734E-01   -0.605941350261064E-01
   -0.748325953470454E-01   -0.597427576698420E-01
   -0.639785286652027E-01   -0.571911098232457E-01
   -0.523888761928206E-01   -0.533166813524154E-01
   -0.406968975317422E-01   -0.484960788952697E-01
   -0.293218496841971E-01   -0.431073111599991E-01
   -0.185318167852686E-01   -0.374416408535321E-01
   -0.848644001012952E-02   -0.317710227651696E-01
    0.779897728407600E-03   -0.262574925589792E-01
    0.925762946672611E-02   -0.210559184922305E-01
    0.170164152896071E-01   -0.162279696097762E-01
    0.241057220435212E-01   -0.118417389885311E-01
    0.306157692495446E-01   -0.790256572712007E-02
    0.366036596662230E-01   -0.442868858456376E-02
    0.421375269382409E-01   -0.140159553135363E-02
    0.472571706670405E-01    0.118227665407010E-02
    0.519911599537534E-01    0.334372548568077E-02
    0.563500675872916E-01    0.509166414455416E-02
    0.603172315433594E-01    0.643645420458850E-02
    0.638688224856594E-01    0.738134230689214E-02
    0.669411064411966E-01    0.791971459880594E-02
    0.694444409767542E-01    0.803973795246444E-02
    0.712049080823444E-01    0.771503625879180E-02
    0.717023613225896E-01    0.692471127056507E-02
    0.700437828584572E-01    0.565246305045060E-02
    0.641404851057875E-01    0.400863978646634E-02
    0.513932567084637E-01    0.218026896874231E-02
    0.301400292206912E-01    0.658889292300898E-03
    0.000000000000000E+00    0.000000000000000E+00
    0.000000000000000E+00    0.000000000000000E+00
    0.831595536417977E-02   -0.435877230704777E-03
    0.813217651167197E-02   -0.200572377251298E-02
   -0.101514997437863E-02   -0.511978115027380E-02
   -0.167427329500460E-01   -0.997417965366720E-02
   -0.354858593254232E-01   -0.165165511917683E-01
   -0.536426170528961E-01   -0.243490673037085E-01
   -0.691128384550102E-01   -0.328703921138850E-01
   -0.805565723793559E-01   -0.412761222643960E-01
   -0.874544754423690E-01   -0.489242770292484E-01
   -0.899265207392762E-01   -0.551750159507212E-01
   -0.883082130936785E-01   -0.596763770861827E-01
   -0.833731012583657E-01   -0.622608885168636E-01
   -0.758273476448422E-01   -0.629264736015906E-01
   -0.665234886146849E-01   -0.618945324036150E-01
   -0.561494500192839E-01   -0.593988062084090E-01
   -0.453094607488191E-01   -0.557911522311494E-01
   -0.344675941933727E-01   -0.513826349565361E-01
   -0.239271363968825E-01   -0.464636701517616E-01
   -0.139089875871908E-01   -0.413108679452466E-01
   -0.450414818323062E-02   -0.360904817629335E-01
    0.423560383955480E-02   -0.310009411471039E-01
    0.123268173400645E-01   -0.261035292849588E-01
    0.198023922095850E-01   -0.215207431404628E-01
    0.267131742043400E-01   -0.172510882633970E-01
    0.331163726772187E-01   -0.133617460626184E-01
    0.390566257248003E-01   -0.982565267719317E-02
    0.445798447707159E-01   -0.667484348782806E-02
    0.497056943911320E-01   -0.388407711568726E-02
    0.544509785061711E-01   -0.146517840778736E-02
    0.588031374475623E-01    0.588766504192602E-03
    0.627416818954400E-01    0.227339827954207E-02
    0.662160184583102E-01    0.356708328565000E-02
    0.691416028031912E-01    0.445810799130857E-02
    0.713375241729434E-01    0.489152483929774E-02
    0.723505823785366E-01    0.483923893512185E-02
    0.711437110174141E-01    0.424601286635350E-02
    0.657079392860815E-01    0.318156511302488E-02
    0.531369962328425E-01    0.180510778611833E-02
    0.312790568396649E-01    0.564022387071369E-03
    0.000000000000000E+00    0.000000000000000E+00
    0.000000000000000E+00    0.000000000000000E+00
    0.910190091296734E-02   -0.333006974821065E-03
    0.100035999243187E-01   -0.161548259773184E-02
    0.265663266738393E-02   -0.425566108260458E-02
   -0.113039553589207E-01   -0.856311120941346E-02
   -0.284831794551805E-01   -0.144815894444928E-01
   -0.455253391957623E-01   -0.218010118651094E-01
   -0.606085104634509E-01   -0.299531200524990E-01
   -0.723099691841742E-01   -0.382990450384186E-01
   -0.801565968206729E-01   -0.462114562093552E-01
   -0.840362029327786E-01   -0.530904203382599E-01
   -0.841630286617620E-01   -0.585542251071541E-01
   -0.810724407757323E-01   -0.623323768127616E-01
   -0.753169083126470E-01   -0.643717169389525E-01
   -0.676250536306531E-01   -0.647389084159862E-01
   -0.585841790601795E-01   -0.636218152300333E-01
   -0.487937219330789E-01   -0.612618546580484E-01
   -0.386908964242937E-01   -0.579402487186908E-01
   -0.286297190774832E-01   -0.539111659452291E-01
   -0.188565451538241E-01   -0.494354793764647E-01
   -0.951327147267826E-02   -0.446976012970364E-01
   -0.698403494242356E-03   -0.398885221196544E-01
    0.757487935439401E-02   -0.351104465557062E-01
    0.152939238702335E-01   -0.304825088084610E-01
    0.224999481406199E-01   -0.260451030089371E-01
    0.292161629068793E-01   -0.218640488833698E-01
    0.354890957562917E-01   -0.179456766007002E-01
    0.413457619915067E-01   -0.143232818623953E-01
    0.468101779861691E-01   -0.109928086690129E-01
    0.518965752715371E-01   -0.797225021061897E-02
    0.565940024754471E-01   -0.526384385460307E-02
    0.608964317188350E-01   -0.288544832049353E-02
    0.647555031259414E-01   -0.859335730057198E-03
    0.681125142140041E-01    0.778366785823537E-03
    0.708148418198911E-01    0.197225510013000E-02
    0.723412108112109E-01    0.265512502287987E-02
    0.717370367835989E-01    0.275226879130890E-02
    0.666675955042650E-01    0.229543353310036E-02
    0.541614893886100E-01    0.138902861680865E-02
    0.321595815590040E-01    0.455685962802220E-03
    0.000000000000000E+00    0.000000000000000E+00
    0.000000000000000E+00    0.000000000000000E+00
    0.978489497520390E-02   -0.234283744138068E-03
    0.119206518487430E-01   -0.122997137196569E-02
    0.585851448294917E-02   -0.343946764190620E-02
   -0.647252783121795E-02   -0.716971203248510E-02
   -0.220866627073323E-01   -0.124878657676377E-01
   -0.380015322551293E-01   -0.192042611817185E-01
   -0.524231835759491E-01   -0.269045407182202E-01
   -0.641498981508754E-01   -0.350034060697567E-01
   -0.725753386711642E-01   -0.429734895073188E-01
   -0.775523160213681E-01   -0.502275295634134E-01
   -0.791065581218342E-01   -0.563811103588015E-01
   -0.776349374182964E-01   -0.611226715548179E-01
   -0.735302032475491E-01   -0.643062608341831E-01
   -0.673926358741941E-01   -0.659438811509852E-01
   -0.597332690518538E-01   -0.661015091108654E-01
   -0.510843256256704E-01   -0.649842335450466E-01
   -0.418825174502897E-01   -0.627820521398848E-01
   -0.324738134766278E-01   -0.597335207546281E-01
   -0.231394334993666E-01   -0.560631710203717E-01
   -0.140484402142140E-01   -0.519483192739438E-01
   -0.533455584172524E-02   -0.475909088405657E-01
    0.294961683393254E-02   -0.430839328704258E-01
    0.107708178190656E-01   -0.385846149522912E-01
    0.181333452745214E-01   -0.341192479107452E-01
    0.250541432692395E-01   -0.297998270268314E-01
    0.315530732671252E-01   -0.256169095853581E-01
    0.376588832178028E-01   -0.216450681043903E-01
    0.433832714066795E-01   -0.178684422284837E-01
    0.487428681801698E-01   -0.143334780638051E-01
    0.537316691252562E-01   -0.110413033384602E-01
    0.583420261496002E-01   -0.802115386527190E-02
    0.625483157393422E-01   -0.531099996790980E-02
    0.662921357188592E-01   -0.294339648667517E-02
    0.694350273855739E-01   -0.101030989427760E-02
    0.715348844774291E-01    0.422935457282069E-03
    0.715088702259091E-01    0.122484879030187E-02
    0.671479459277328E-01    0.139065727798637E-02
    0.551354835048216E-01    0.975520508110141E-03
    0.328904856324203E-01    0.350479032273807E-03
    0.000000000000000E+00    0.000000000000000E+00
    0.000000000000000E+00    0.000000000000000E+00
    0.101991075983941E-01   -0.148679171366985E-03
    0.130948707295189E-01   -0.893361714721339E-03
    0.852145873277291E-02   -0.267957753028917E-02
   -0.222971923847223E-02   -0.588063708817113E-02
   -0.163220605006295E-01   -0.105607997533721E-01
   -0.309740894327346E-01   -0.166613054007943E-01
   -0.446492364190867E-01   -0.238020655490373E-01
   -0.561150640730746E-01   -0.315348553532560E-01
   -0.648546401347968E-01   -0.393614681664992E-01
   -0.705884421598309E-01   -0.467702671664679E-01
   -0.732948743136791E-01   -0.533716782477335E-01
   -0.731968111492918E-01   -0.588260229376609E-01
   -0.705820353030443E-01   -0.629571348965857E-01
   -0.659235125049746E-01   -0.656755406084555E-01
   -0.596331231938078E-01   -0.670109218710292E-01
   -0.521991139990208E-01   -0.670613897466135E-01
   -0.439999757221682E-01   -0.659856349565749E-01
   -0.353981266856898E-01   -0.639565878548161E-01
   -0.266616454604712E-01   -0.611746451818944E-01
   -0.179959485152216E-01   -0.578008895076367E-01
   -0.955278697903905E-02   -0.540182441194957E-01
   -0.141382601032505E-02   -0.499379397497765E-01
    0.635593596030661E-02   -0.457010746994856E-01
    0.137473029762259E-01   -0.413676504731236E-01
    0.207459385378685E-01   -0.370363005831436E-01
    0.273696934207131E-01   -0.327319456155578E-01
    0.336264561448347E-01   -0.285207015319314E-01
    0.395288182239008E-01   -0.244127066709641E-01
    0.450898689191810E-01   -0.204540246058537E-01
    0.503003118919335E-01   -0.166591250118036E-01
    0.551729750944984E-01   -0.130684975670159E-01
    0.596771322741326E-01   -0.972008995136853E-02
    0.638003290908498E-01   -0.667412933033940E-02
    0.674295565043494E-01   -0.401620350671323E-02
    0.700827165340286E-01   -0.186225153009367E-02
    0.707809947650458E-01   -0.355291412557232E-03
    0.669782940941980E-01    0.441904582636999E-03
    0.553304610483501E-01    0.526109998768267E-03
    0.333377028827691E-01    0.233117552200515E-03
    0.000000000000000E+00    0.000000000000000E+00
    0.000000000000000E+00    0.000000000000000E+00
    0.105235822865234E-01   -0.660925222007678E-04
    0.143043358665838E-01   -0.565422106099457E-03
    0.107486714242888E-01   -0.196687388907079E-02
    0.141695957106376E-02   -0.463466960879150E-02
   -0.111999372198196E-01   -0.871756367651846E-02
   -0.246350298826249E-01   -0.141686047362069E-01
   -0.373950524014871E-01   -0.207221827931273E-01
   -0.484568958101592E-01   -0.279794585130140E-01
   -0.572373586514539E-01   -0.355361703499059E-01
   -0.634785166494767E-01   -0.429119568299659E-01
   -0.670407766946095E-01   -0.497510236036764E-01
   -0.680749897735840E-01   -0.557032495120751E-01
   -0.667427026197842E-01   -0.605543002551014E-01
   -0.634205546973032E-01   -0.641802342069122E-01
   -0.584338486937212E-01   -0.665260997418239E-01
   -0.521974795680072E-01   -0.676570690114607E-01
   -0.450580670741722E-01   -0.676438474515480E-01
   -0.373447675540882E-01   -0.666381007900642E-01
   -0.293322537455338E-01   -0.647817292901681E-01
   -0.212274566509230E-01   -0.622215007764821E-01
   -0.132017562183155E-01   -0.591222560359270E-01
   -0.535957365723340E-02   -0.555791370172003E-01
    0.221914988674363E-02   -0.517495638083910E-01
    0.949461488493194E-02   -0.476709742092176E-01
    0.164478860617003E-01   -0.434793887259188E-01
    0.230694307334392E-01   -0.391722212447811E-01
    0.293693129535604E-01   -0.348594638191271E-01
    0.353450662874223E-01   -0.305260620591345E-01
    0.410109365789020E-01   -0.262546089292677E-01
    0.463634290470488E-01   -0.220473543510441E-01
    0.514085391982846E-01   -0.179622681309944E-01
    0.561496607441485E-01   -0.140486434154904E-01
    0.605648009552752E-01   -0.103602187497975E-01
    0.645848789232057E-01   -0.702582368284567E-02
    0.678134715396576E-01   -0.414552860332526E-02
    0.691766405520116E-01   -0.194138975601386E-02
    0.663078852906107E-01   -0.500516320098416E-03
    0.554769501801137E-01    0.936143769646579E-04
    0.336283664976116E-01    0.123767544168259E-03
    0.000000000000000E+00    0.000000000000000E+00
    0.000000000000000E+00    0.000000000000000E+00
    0.106235770022476E-01    0.533642361317415E-05
    0.148698867459018E-01   -0.278140456326583E-03
    0.124950206161413E-01   -0.130984492685778E-02
    0.451512481175798E-02   -0.349361231676987E-02
   -0.670753565215539E-02   -0.697273910598017E-02
   -0.188722405297583E-01   -0.117907557652694E-01
   -0.307089881960581E-01   -0.177101196017633E-01
   -0.411894124060343E-01   -0.244367113484743E-01
   -0.498326452689747E-01   -0.315982787960421E-01
   -0.563120044041679E-01   -0.387960266036538E-01
   -0.604898807467848E-01   -0.456837645238461E-01
   -0.624012180023748E-01   -0.519284770052366E-01
   -0.621518998847871E-01   -0.573040234013198E-01
   -0.600102674347376E-01   -0.616358801003235E-01
   -0.562264134300810E-01   -0.648471178186579E-01
   -0.511548873266213E-01   -0.669207774557662E-01
   -0.450794933556162E-01   -0.679033523412569E-01
   -0.383185070334230E-01   -0.678751072753707E-01
   -0.311125797718819E-01   -0.669536593657340E-01
   -0.236847108672354E-01   -0.652480344139905E-01
   -0.162017359750269E-01   -0.628977815618555E-01
   -0.878755305962900E-02   -0.599952912926451E-01
   -0.153830543098316E-02   -0.566709083757945E-01
    0.549588736479199E-02   -0.529835955586138E-01
    0.122713632020996E-01   -0.490418463969223E-01
    0.187780567280943E-01   -0.448751506493722E-01
    0.250054136103123E-01   -0.405696389972696E-01
    0.309526490468494E-01   -0.361405623536709E-01
    0.366301130223125E-01   -0.316565962072907E-01
    0.420280730672605E-01   -0.271385788309150E-01
    0.471800112557923E-01   -0.226476230795920E-01
    0.520741638635347E-01   -0.182333374580227E-01
    0.567602510841317E-01   -0.139770918618815E-01
    0.611841608233690E-01   -0.999248940587113E-02
    0.649540445918901E-01   -0.644253941384373E-02
    0.671170941077370E-01   -0.354622998535047E-02
    0.649715121471190E-01   -0.147562859981070E-02
    0.548057059137503E-01   -0.370429109819726E-03
    0.336226618156579E-01    0.266742392962711E-05
    0.000000000000000E+00    0.000000000000000E+00
    0.000000000000000E+00    0.000000000000000E+00
    0.106465719996963E-01    0.745359928884311E-04
    0.154663559609103E-01   -0.254100153379826E-06
    0.138527433876918E-01   -0.695752319632503E-03
    0.706202899652410E-02   -0.240339020252755E-02
   -0.283786857330342E-02   -0.532573735769134E-02
   -0.138103164533838E-01   -0.950942434871436E-02
   -0.246318873404145E-01   -0.147999631434718E-01
   -0.344580898380232E-01   -0.209424461994457E-01
   -0.427800258251039E-01   -0.276429839454928E-01
   -0.493189395188949E-01   -0.345388126613367E-01
   -0.538698061559993E-01   -0.413309323979395E-01
   -0.564439034998845E-01   -0.476954864190497E-01
   -0.570578737975215E-01   -0.534041028673326E-01
   -0.559213485247054E-01   -0.582682560164840E-01
   -0.532070663179510E-01   -0.621632341855618E-01
   -0.492088851738652E-01   -0.650508004927741E-01
   -0.441657422620900E-01   -0.669078197863198E-01
   -0.383549440627540E-01   -0.677967577903763E-01
   -0.320033355231852E-01   -0.677721151846365E-01
   -0.253193668654154E-01   -0.669281831716020E-01
   -0.184724660131671E-01   -0.653675927281230E-01
   -0.115950200433655E-01   -0.631640991541476E-01
   -0.478699530307453E-02   -0.604440185326325E-01
    0.187836940656425E-02   -0.572372527409143E-01
    0.836032373526689E-02   -0.536775292551829E-01
    0.146218202608099E-01   -0.497539095359443E-01
    0.206607423811070E-01   -0.455962546016395E-01
    0.264582252183682E-01   -0.411755631171720E-01
    0.320299911878863E-01   -0.366062140998954E-01
    0.373720726924047E-01   -0.318765985266559E-01
    0.425085783013500E-01   -0.270756416738739E-01
    0.474740663831921E-01   -0.222515306974352E-01
    0.522943862211233E-01   -0.174789534254194E-01
    0.569980169952922E-01   -0.129174842907873E-01
    0.612765195119540E-01   -0.869598810919929E-02
    0.641380250733068E-01   -0.513868996990573E-02
    0.631254318574785E-01   -0.241965731627353E-02
    0.540960707582105E-01   -0.803746744765193E-03
    0.334620463594202E-01   -0.104077974292923E-03
    0.000000000000000E+00    0.000000000000000E+00
    0.000000000000000E+00    0.000000000000000E+00
    0.104817250713136E-01    0.134323022774397E-03
    0.155085212914329E-01    0.243920669420240E-03
    0.147894399358634E-01   -0.132053458085200E-03
    0.911646940752914E-02   -0.140969426562182E-02
    0.444367836267806E-03   -0.378315041690230E-02
   -0.933221735278013E-02   -0.736285292138677E-02
   -0.191776107385021E-01   -0.120141907632787E-01
   -0.282542185734486E-01   -0.175590385371889E-01
   -0.361504563376417E-01   -0.237320764520441E-01
   -0.425568033182687E-01   -0.302434764807367E-01
   -0.472963880022393E-01   -0.368100387030978E-01
   -0.503089966034634E-01   -0.431464417206840E-01
   -0.515938382046429E-01   -0.490242660497446E-01
   -0.512780390966860E-01   -0.542431695001573E-01
   -0.494899235808123E-01   -0.586682986579806E-01
   -0.464625497236394E-01   -0.622116520650958E-01
   -0.423849046376479E-01   -0.648347642406882E-01
   -0.375073296967365E-01   -0.665407941207067E-01
   -0.320187037098135E-01   -0.673645930612762E-01
   -0.261260180378871E-01   -0.673567984591557E-01
   -0.199816250116747E-01   -0.665941522787026E-01
   -0.137252541981213E-01   -0.651346392018689E-01
   -0.746083164572345E-02   -0.630703066983414E-01
   -0.126428677174646E-02   -0.604426877728845E-01
    0.480550873575250E-02   -0.573435894482342E-01
    0.107172006571681E-01   -0.537925533793626E-01
    0.164486290473770E-01   -0.498749650858806E-01
    0.219885359722180E-01   -0.455982571281659E-01
    0.273482489106880E-01   -0.410402572728692E-01
    0.325185024607979E-01   -0.362167178638545E-01
    0.375587511328967E-01   -0.312019510557545E-01
    0.424766253418763E-01   -0.260483485331693E-01
    0.474022218685610E-01   -0.208514059965953E-01
    0.523580220220247E-01   -0.157461131768907E-01
    0.571068388039962E-01   -0.109360949208119E-01
    0.607848986623028E-01   -0.672002120584756E-02
    0.606222786513103E-01   -0.339336293092117E-02
    0.525527534833081E-01   -0.126710487030599E-02
    0.330047700463957E-01   -0.224394947946060E-03
    0.000000000000000E+00    0.000000000000000E+00
    0.000000000000000E+00    0.000000000000000E+00
    0.102506920950807E-01    0.192712994784824E-03
    0.155771578584850E-01    0.480656219560890E-03
    0.153858747095771E-01    0.396441826803028E-03
    0.106767015517244E-01   -0.462132257866949E-03
    0.315049781336284E-02   -0.233350388574413E-02
   -0.552196451655385E-02   -0.532411002876473E-02
   -0.143508318133607E-01   -0.935984325501753E-02
   -0.226535500312767E-01   -0.142905186315507E-01
   -0.300112594875408E-01   -0.199124072938821E-01
   -0.361692306724598E-01   -0.259681820913532E-01
   -0.409164238049784E-01   -0.322224059965611E-01
   -0.441981530579591E-01   -0.384074257073840E-01
   -0.459559159569879E-01   -0.443126086246831E-01
   -0.462903034535920E-01   -0.497376297091278E-01
   -0.452690234926024E-01   -0.545296582551841E-01
   -0.430850307591264E-01   -0.585908797277049E-01
   -0.398822365863924E-01   -0.618379454983735E-01
   -0.358750695702162E-01   -0.642627038837913E-01
   -0.312283723833185E-01   -0.658466267041704E-01
   -0.261286208793186E-01   -0.666293196176195E-01
   -0.207187612780335E-01   -0.666446782892130E-01
   -0.151373887830249E-01   -0.659346249635264E-01
   -0.948220949433436E-02   -0.645726651929605E-01
   -0.384591686709918E-02   -0.625701313687959E-01
    0.172481056070584E-02   -0.600317150698712E-01
    0.717145371116718E-02   -0.569268341876761E-01
    0.124904414360618E-01   -0.533822361692847E-01
    0.176476274041775E-01   -0.493386937014914E-01
    0.226701227139804E-01   -0.449307243206875E-01
    0.275517496089767E-01   -0.401103194707575E-01
    0.323456046670702E-01   -0.349964549326592E-01
    0.371178963051313E-01   -0.296144734987864E-01
    0.419570022991452E-01   -0.240587032093457E-01
    0.470159902397060E-01   -0.185052859122818E-01
    0.521248685686972E-01   -0.131026360455391E-01
    0.564685915781263E-01   -0.828489452295557E-02
    0.576014271583695E-01   -0.431215929562527E-02
    0.509771163333797E-01   -0.168733015905943E-02
    0.324012180053643E-01   -0.322105508368773E-03
    0.000000000000000E+00    0.000000000000000E+00
    0.000000000000000E+00    0.000000000000000E+00
    0.986105372314567E-02    0.243945701736545E-03
    0.151701036556631E-01    0.691473425291844E-03
    0.156147916741814E-01    0.885206137881155E-03
    0.118010916407570E-01    0.405970414672415E-03
    0.532634423910814E-02   -0.974453457895017E-03
   -0.226549755964990E-02   -0.340977860591823E-02
   -0.101405514175253E-01   -0.683835543288843E-02
   -0.176297718233095E-01   -0.111654249884124E-01
   -0.243986937443572E-01   -0.162095824743308E-01
   -0.301831987246406E-01   -0.217732150009590E-01
   -0.348106615798718E-01   -0.276363093774969E-01
   -0.381851114000106E-01   -0.335764438827668E-01
   -0.402554664743287E-01   -0.393871571044822E-01
   -0.410633721329427E-01   -0.448817938453577E-01
   -0.406598102878512E-01   -0.499030527693998E-01
   -0.391841238020909E-01   -0.543344066188134E-01
   -0.367504791757014E-01   -0.580823556185942E-01
   -0.335394567659375E-01   -0.611021886564230E-01
   -0.296863029517018E-01   -0.633596122559824E-01
   -0.253637546481492E-01   -0.648599432703630E-01
   -0.206962826304225E-01   -0.656121627043369E-01
   -0.158185536884368E-01   -0.656422844317598E-01
   -0.108265517382781E-01   -0.649851275763546E-01
   -0.580787404490393E-02   -0.636620796106855E-01
   -0.823682631465761E-03   -0.617223349139582E-01
    0.408093320583820E-02   -0.591704569281644E-01
    0.888154476262192E-02   -0.560624799744305E-01
    0.135601384910154E-01   -0.523889975747727E-01
    0.181387098950871E-01   -0.482129271721544E-01
    0.226080254689375E-01   -0.435307064456425E-01
    0.270678387087950E-01   -0.384132698950904E-01
    0.315415503102492E-01   -0.329010940974827E-01
    0.362663941980245E-01   -0.270910719034344E-01
    0.413503225383764E-01   -0.211268672143272E-01
    0.467938639684042E-01   -0.152415685247490E-01
    0.518962828662568E-01   -0.981246687566036E-02
    0.539553768645347E-01   -0.526909318739997E-02
    0.485772967814338E-01   -0.213963037142812E-02
    0.315109029656423E-01   -0.438360427144796E-03
    0.000000000000000E+00    0.000000000000000E+00
    0.000000000000000E+00    0.000000000000000E+00
    0.941179299824697E-02    0.295222290138539E-03
    0.147784885186020E-01    0.900737352562647E-03
    0.155435766302712E-01    0.135272174738190E-02
    0.124854980385413E-01    0.124610232269095E-02
    0.697929292454464E-02    0.315622413297231E-03
    0.375647471105536E-03   -0.158355371279906E-02
   -0.653686583351550E-02   -0.443512872510973E-02
   -0.132175344331061E-01   -0.816249056848813E-02
   -0.193359144863441E-01   -0.126310876609447E-01
   -0.246795285030182E-01   -0.176684896263892E-01
   -0.290619081756279E-01   -0.230973562778568E-01
   -0.324071733959761E-01   -0.287125670533046E-01
   -0.346294415128596E-01   -0.343353625242396E-01
   -0.357667169412279E-01   -0.397836918913445E-01
   -0.358256900824574E-01   -0.449049502409697E-01
   -0.349263476835981E-01   -0.495775110806928E-01
   -0.331432720109785E-01   -0.536897508575680E-01
   -0.306331408907212E-01   -0.571881563946321E-01
   -0.275042161040006E-01   -0.600058183513389E-01
   -0.239108193611413E-01   -0.621391527024721E-01
   -0.199622497659682E-01   -0.635624928162516E-01
   -0.157877367894927E-01   -0.642887048733128E-01
   -0.114710517198633E-01   -0.643318282032663E-01
   -0.711273629875636E-02   -0.636870129037534E-01
   -0.275653157774429E-02   -0.624074476043100E-01
    0.152484359276257E-02   -0.604447510183441E-01
    0.573457568670771E-02   -0.578932363088081E-01
    0.982215398132912E-02   -0.546556711532633E-01
    0.138396258008282E-01   -0.508643616895584E-01
    0.177732938779313E-01   -0.464101383111455E-01
    0.217257030233560E-01   -0.414305182952825E-01
    0.257913559795198E-01   -0.358952373667407E-01
    0.301466200494660E-01   -0.299145329164331E-01
    0.350896875558168E-01   -0.236603875534499E-01
    0.406470153917510E-01   -0.172829100087797E-01
    0.463001150801000E-01   -0.113337013342553E-01
    0.497695745468447E-01   -0.614484292376826E-02
    0.461283130827525E-01   -0.253505081132445E-02
    0.304901867220520E-01   -0.518741842350404E-03
    0.000000000000000E+00    0.000000000000000E+00
    0.000000000000000E+00    0.000000000000000E+00
    0.882338877902080E-02    0.342845710583698E-03
    0.139751102975082E-01    0.109460945937008E-02
    0.151442285270116E-01    0.179863589854919E-02
    0.127791668215950E-01    0.203524544942044E-02
    0.815571124639107E-02    0.154909115315610E-02
    0.250477135567273E-02    0.157760236755702E-03
   -0.351470380245653E-02   -0.212990058585267E-02
   -0.938114176760910E-02   -0.527665642401700E-02
   -0.148337105244445E-01   -0.916438778387913E-02
   -0.196623867615532E-01   -0.136663289148560E-01
   -0.237202271299454E-01   -0.186171407400690E-01
   -0.269089137713680E-01   -0.238550598104665E-01
   -0.291638695115932E-01   -0.292041337852529E-01
   -0.304814487339034E-01   -0.345105797513861E-01
   -0.308727110290086E-01   -0.396161710942366E-01
   -0.304118073774959E-01   -0.444066827929306E-01
   -0.291646677145848E-01   -0.487586647040747E-01
   -0.272512810151373E-01   -0.526099047250383E-01
   -0.247656241890995E-01   -0.558757816038012E-01
   -0.218390190202841E-01   -0.585403983299516E-01
   -0.185689593649387E-01   -0.605510887156341E-01
   -0.150723126124502E-01   -0.619184052060862E-01
   -0.114320019819851E-01   -0.626150816557938E-01
   -0.773915434920650E-02   -0.626580425904125E-01
   -0.405181083859543E-02   -0.620307336666603E-01
   -0.424025832995334E-03   -0.607364866748406E-01
    0.312538713310928E-02   -0.587692457222685E-01
    0.656098763368601E-02   -0.561116966061147E-01
    0.992993828734368E-02   -0.527677110876409E-01
    0.132098714738562E-01   -0.487113325127713E-01
    0.165739852317840E-01   -0.439634511094370E-01
    0.200403636937048E-01   -0.385371592932755E-01
    0.240118422960080E-01   -0.325074462809822E-01
    0.286640181887593E-01   -0.260111748537003E-01
    0.343479617988150E-01   -0.192844662371962E-01
    0.406038775874675E-01   -0.127809089779122E-01
    0.450224740627675E-01   -0.707543746473384E-02
    0.429102392584668E-01   -0.296420213660917E-02
    0.292080595841037E-01   -0.625498310346007E-03
    0.000000000000000E+00    0.000000000000000E+00
    0.000000000000000E+00    0.000000000000000E+00
    0.817343639910578E-02    0.393271234677626E-03
    0.131613079403174E-01    0.129800575173728E-02
    0.144668135304724E-01    0.224538919708092E-02
    0.126710512757817E-01    0.282883604068321E-02
    0.885190668426977E-02    0.275736474199390E-02
    0.406893691074414E-02    0.186005960032518E-02
   -0.106622580101363E-02    0.110622558601500E-03
   -0.613799407271967E-02   -0.246453312558543E-02
   -0.108964280624959E-01   -0.578226826230096E-02
   -0.151764043527567E-01   -0.973252662846444E-02
   -0.188287917082184E-01   -0.141865195340179E-01
   -0.217810262291363E-01   -0.189929562553257E-01
   -0.239482217754734E-01   -0.240092978461948E-01
   -0.253376487810704E-01   -0.290807286467015E-01
   -0.259276950202944E-01   -0.340732862325969E-01
   -0.257907694476368E-01   -0.388605142583968E-01
   -0.249580772701959E-01   -0.433311495260257E-01
   -0.235403041445374E-01   -0.474042961758226E-01
   -0.216035028037485E-01   -0.509961208389262E-01
   -0.192679350406448E-01   -0.540696962558590E-01
   -0.166123681060034E-01   -0.565687017502301E-01
   -0.137491927249425E-01   -0.584802350336810E-01
   -0.107483745794729E-01   -0.597783279216118E-01
   -0.770737822566376E-02   -0.604530346546239E-01
   -0.467328066279102E-02   -0.604983231565442E-01
   -0.172609327969440E-02   -0.598581957038403E-01
    0.114208007961812E-02   -0.585798424872443E-01
    0.385393713631590E-02   -0.565486450098018E-01
    0.648677017292618E-02   -0.538366543607900E-01
    0.899816861421583E-02   -0.502657253458337E-01
    0.115811904997433E-01   -0.459476273569122E-01
    0.143369043608650E-01   -0.407597016301691E-01
    0.175875121452675E-01   -0.348035028609448E-01
    0.217782536083945E-01   -0.282262356996895E-01
    0.272086536235887E-01   -0.211403635845910E-01
    0.338015453149522E-01   -0.142259712047761E-01
    0.396795100111227E-01   -0.786933538915213E-02
    0.395712152498975E-01   -0.331441916588570E-02
    0.278161790244939E-01   -0.672061804730006E-03
    0.000000000000000E+00    0.000000000000000E+00
    0.000000000000000E+00    0.000000000000000E+00
    0.738955468044011E-02    0.444234362469711E-03
    0.119790610124504E-01    0.149886646657871E-02
    0.134786088895578E-01    0.269448696542325E-02
    0.121949811978228E-01    0.360937615647669E-02
    0.910694200934505E-02    0.395777049536370E-02
    0.515258354072781E-02    0.354085255876502E-02
    0.835822079973236E-03    0.232252533982557E-02
   -0.345468289040737E-02    0.308622499496040E-03
   -0.752401080527826E-02   -0.243723307911919E-02
   -0.112175866384016E-01   -0.582930090149210E-02
   -0.144216070558686E-01   -0.975588492006793E-02
   -0.170532729147186E-01   -0.140931210612009E-01
   -0.190543140327774E-01   -0.187076931741835E-01
   -0.204023069629553E-01   -0.234684082047539E-01
   -0.210930979407739E-01   -0.282420503952437E-01
   -0.211594414182283E-01   -0.329163599391985E-01
   -0.206408610118183E-01   -0.373742861386922E-01
   -0.196092924104122E-01   -0.415394690335625E-01
   -0.181316991835180E-01   -0.453171967060726E-01
   -0.162977753041487E-01   -0.486698439501623E-01
   -0.141845970432054E-01   -0.515263945521773E-01
   -0.118870850381137E-01   -0.538788532885323E-01
   -0.947967294642427E-02   -0.556744135050292E-01
   -0.704164469918052E-02   -0.569299689467592E-01
   -0.463261705905203E-02   -0.575822855573194E-01
   -0.232515006404810E-02   -0.576336682216737E-01
   -0.142846655741505E-03   -0.570334640967533E-01
    0.184783041628268E-02   -0.557879158561383E-01
    0.372074929786617E-02   -0.537515477941476E-01
    0.537370956249784E-02   -0.509125509179380E-01
    0.714742860612419E-02   -0.471467998532003E-01
    0.895654717538019E-02   -0.424338325660533E-01
    0.114977330315290E-01   -0.367183066983080E-01
    0.149481989514812E-01   -0.301351093553547E-01
    0.202470146882520E-01   -0.229038700163440E-01
    0.271713136634532E-01   -0.155195533629364E-01
    0.339285509830776E-01   -0.874227016492377E-02
    0.356162024475787E-01   -0.371065802051047E-02
    0.261829076214295E-01   -0.767093167669050E-03
    0.000000000000000E+00    0.000000000000000E+00
    0.000000000000000E+00    0.000000000000000E+00
    0.653134972759083E-02    0.499503152204921E-03
    0.107392076516746E-01    0.172235153394802E-02
    0.122095495744476E-01    0.316832431899807E-02
    0.113314706979184E-01    0.442761263408006E-02
    0.890132953606903E-02    0.517997308403678E-02
    0.570156943354291E-02    0.523854426863820E-02
    0.218332681103983E-02    0.454080815644727E-02
   -0.135277119698530E-02    0.308669318335137E-02
   -0.472757246188823E-02    0.913709786598636E-03
   -0.782478457869093E-02   -0.190059316081526E-02
   -0.105346681443017E-01   -0.527701089310643E-02
   -0.128015532585957E-01   -0.909054394194586E-02
   -0.145546353020153E-01   -0.132482509586871E-01
   -0.157912038909585E-01   -0.176019029535844E-01
   -0.164801973742085E-01   -0.220652538115916E-01
   -0.166665063707895E-01   -0.264907957146942E-01
   -0.163556975228605E-01   -0.308134113804014E-01
   -0.156251023910629E-01   -0.349051723156009E-01
   -0.145091787153737E-01   -0.387280012460099E-01
   -0.130983451000389E-01   -0.421778125800594E-01
   -0.114432002282996E-01   -0.452523277524886E-01
   -0.963760445046000E-02   -0.478713167671230E-01
   -0.774620616124547E-02   -0.500566310806752E-01
   -0.584281888569523E-02   -0.517285025190853E-01
   -0.397715051012250E-02   -0.529448537528652E-01
   -0.225165241113735E-02   -0.535858968570573E-01
   -0.705579528205200E-03   -0.537640531466516E-01
    0.591525481220601E-03   -0.532749981450180E-01
    0.169477943157983E-02   -0.521479812882147E-01
    0.242128396999983E-02   -0.501719539459836E-01
    0.319379081342064E-02   -0.473025333397033E-01
    0.390913226088666E-02   -0.432635115846433E-01
    0.526509826999419E-02   -0.380094960655790E-01
    0.785273400288969E-02   -0.316797411585397E-01
    0.124025475081414E-01   -0.242996046549446E-01
    0.193215948025464E-01   -0.167566700862043E-01
    0.274672405037877E-01   -0.935891081866679E-02
    0.313468303392720E-01   -0.399302674614373E-02
    0.245201376644642E-01   -0.800526016752848E-03
    0.000000000000000E+00    0.000000000000000E+00
    0.000000000000000E+00    0.000000000000000E+00
    0.552804670618547E-02    0.557127222892025E-03
    0.915589300322176E-02    0.194593123952096E-02
    0.106312830059902E-01    0.364924972983492E-02
    0.101017057417610E-01    0.524734618971788E-02
    0.826761061340652E-02    0.640829162430187E-02
    0.577700958259842E-02    0.694960921870173E-02
    0.299737575527207E-02    0.676712076542417E-02
    0.186523570133001E-03    0.589144404668050E-02
   -0.251200555311926E-02    0.429519058055837E-02
   -0.500584494288017E-02    0.209748714059764E-02
   -0.720730557036100E-02   -0.697968252640770E-03
   -0.906591995616247E-02   -0.391809151496839E-02
   -0.105301665608220E-01   -0.754984235785046E-02
   -0.115832119600095E-01   -0.113885414700214E-01
   -0.122102564854444E-01   -0.154305841084845E-01
   -0.124282353144700E-01   -0.194597067264772E-01
   -0.122542230854317E-01   -0.234984446487169E-01
   -0.117318602612880E-01   -0.273340683276041E-01
   -0.109008087337904E-01   -0.310263706468002E-01
   -0.982160535102877E-02   -0.343675523226826E-01
   -0.854698651898576E-02   -0.374726430048053E-01
   -0.714751558698873E-02   -0.401449818666461E-01
   -0.568085617799636E-02   -0.425356118463860E-01
   -0.419882262581473E-02   -0.444227534825000E-01
   -0.275820737482802E-02   -0.460534702409487E-01
   -0.149319673803739E-02   -0.471809787220673E-01
   -0.462054576712043E-03   -0.480465096852360E-01
    0.309948911111704E-03   -0.483217141635003E-01
    0.817769262899906E-03   -0.481647300954413E-01
    0.651758137337324E-03   -0.474604158064346E-01
    0.554444452110836E-03   -0.456967727756590E-01
   -0.276045274628822E-03   -0.427624687060793E-01
    0.105705197098016E-03   -0.383638088125563E-01
    0.133267487890201E-02   -0.325267412445815E-01
    0.528224210072673E-02   -0.254049695484998E-01
    0.119707802073380E-01   -0.176538091799795E-01
    0.207089451717063E-01   -0.100673749987946E-01
    0.266420344818369E-01   -0.425558523281700E-02
    0.226233202238562E-01   -0.855744672599190E-03
    0.000000000000000E+00    0.000000000000000E+00
    0.000000000000000E+00    0.000000000000000E+00
    0.442936138341095E-02    0.619970196432586E-03
    0.746997255002349E-02    0.217044435457144E-02
    0.876545015140522E-02    0.411609513678544E-02
    0.849770349264958E-02    0.602881591214123E-02
    0.718229563419098E-02    0.757942738848770E-02
    0.533172769123817E-02    0.857041908963723E-02
    0.325221147913759E-02    0.891037567022702E-02
    0.113002016888750E-02    0.858897878632158E-02
   -0.913897040591381E-03    0.760545572322487E-02
   -0.281668635034030E-02    0.602435090352257E-02
   -0.450161441773467E-02    0.388041688174764E-02
   -0.594085315285223E-02    0.129075264855377E-02
   -0.707783846652213E-02   -0.170290095862863E-02
   -0.791632056275410E-02   -0.494509409570663E-02
   -0.842034762244053E-02   -0.840804678424497E-02
   -0.862507160577647E-02   -0.119134681651781E-01
   -0.851443865544910E-02   -0.154647925055362E-01
   -0.814767529201189E-02   -0.188739491017615E-01
   -0.752472734632310E-02   -0.221905727426082E-01
   -0.671948162072520E-02   -0.252178547958598E-01
   -0.574480633322390E-02   -0.280753288669855E-01
   -0.467837662864984E-02   -0.305625544874352E-01
   -0.354795388434513E-02   -0.328611757386665E-01
   -0.241663880673103E-02   -0.346739286756593E-01
   -0.129807703118152E-02   -0.364252487052453E-01
   -0.313188454183828E-03   -0.377924651142391E-01
    0.357933128564983E-03   -0.392580481490047E-01
    0.803348461746636E-03   -0.399127154308330E-01
    0.720022512876325E-03   -0.410125016536240E-01
   -0.943726731715000E-04   -0.415916780150657E-01
   -0.147634490734450E-02   -0.413482084710243E-01
   -0.360713862935799E-02   -0.399322113572403E-01
   -0.484283671974198E-02   -0.368137275309877E-01
   -0.501407850742999E-02   -0.321387248483586E-01
   -0.263276480829300E-02   -0.254485473123522E-01
    0.349179097486602E-02   -0.182490791107024E-01
    0.133706946728287E-01   -0.103724558976518E-01
    0.214877298458470E-01   -0.419614515323800E-02
    0.209150391635497E-01   -0.659643790395965E-03
    0.000000000000000E+00    0.000000000000000E+00
    0.000000000000000E+00    0.000000000000000E+00
    0.322586290137202E-02    0.653405200444243E-03
    0.552255686261878E-02    0.229930383443749E-02
    0.664743473821819E-02    0.442145789456786E-02
    0.656391855508379E-02    0.658280871011769E-02
    0.570567514912919E-02    0.845656557095555E-02
    0.442820613003679E-02    0.986254957242145E-02
    0.298760690196345E-02    0.106642900201926E-01
    0.149571210531413E-02    0.108988858436616E-01
    0.706556051120518E-04    0.104900204218282E-01
   -0.127600587105314E-02    0.957002296510857E-02
   -0.245927464036913E-02    0.807789593571697E-02
   -0.348614487896492E-02    0.621086595471256E-02
   -0.429161517810903E-02    0.390229515247020E-02
   -0.489678424621943E-02    0.139901002395500E-02
   -0.525745194016980E-02   -0.138928669975363E-02
   -0.541089277660227E-02   -0.417772009374212E-02
   -0.533104462170770E-02   -0.710062904702684E-02
   -0.506978179782240E-02   -0.984019883754633E-02
   -0.461350670088867E-02   -0.125995306390433E-01
   -0.402607252938706E-02   -0.150192020934964E-01
   -0.329948188856826E-02   -0.174103920192929E-01
   -0.249759504554806E-02   -0.193595629295256E-01
   -0.161260225949423E-02   -0.213032549188390E-01
   -0.725856447022798E-03   -0.226370818028412E-01
    0.177024561410444E-03   -0.242165680093205E-01
    0.991973367753064E-03   -0.253634870574471E-01
    0.165974407013233E-02   -0.269575514314260E-01
    0.227657576769841E-02   -0.273059330794706E-01
    0.236746182353666E-02   -0.294464700247326E-01
    0.156778920033183E-02   -0.309788158638520E-01
   -0.745362146435113E-04   -0.327309662859487E-01
   -0.377986377312434E-02   -0.334546040303720E-01
   -0.668607316848596E-02   -0.325536239910060E-01
   -0.972862125787100E-02   -0.294766952954100E-01
   -0.891502405917560E-02   -0.243733622917390E-01
   -0.357709331288092E-02   -0.177647849767160E-01
    0.679720418180207E-02   -0.105741917896288E-01
    0.173759058857670E-01   -0.401767628881410E-02
    0.196085252990902E-01   -0.489735318346984E-03
    0.000000000000000E+00    0.000000000000000E+00
    0.000000000000000E+00    0.000000000000000E+00
    0.197349126599933E-02    0.648830530526862E-03
    0.359427746285589E-02    0.222009956619645E-02
    0.440725888902460E-02    0.434770000530618E-02
    0.443464192793791E-02    0.657204553300290E-02
    0.393119209353029E-02    0.860857871648865E-02
    0.314931795697872E-02    0.102390324983328E-01
    0.226189699570760E-02    0.114002295665170E-01
    0.134415407483574E-02    0.120175177100575E-01
    0.460360283645588E-03    0.121484138623630E-01
   -0.370739838390719E-03    0.117551775219422E-01
   -0.110767422361696E-02    0.109504908889205E-01
   -0.174355961014926E-02    0.971711934853867E-02
   -0.224568520013144E-02    0.819897862657470E-02
   -0.261949091896761E-02    0.638885190911277E-02
   -0.284061268080178E-02    0.444786443059048E-02
   -0.292888060518058E-02    0.236639704113421E-02
   -0.286652709601970E-02    0.310428475161835E-03
   -0.268690062860302E-02   -0.174408461203039E-02
   -0.237482183992817E-02   -0.363916912004157E-02
   -0.197570555705867E-02   -0.542050352005342E-02
   -0.147241700190927E-02   -0.695074882181999E-02
   -0.913831607817201E-03   -0.829460489893925E-02
   -0.262490809139398E-03   -0.936022595801608E-02
    0.396474177013769E-03   -0.101312654063775E-01
    0.113487956696977E-02   -0.108092199477572E-01
    0.182759888172783E-02   -0.113968781619105E-01
    0.260044945378460E-02   -0.118100272617003E-01
    0.350276731564266E-02   -0.112834867053776E-01
    0.414132138140675E-02   -0.140183029873290E-01
    0.340882903050459E-02   -0.154328981573846E-01
    0.776449524234335E-03   -0.180302486897843E-01
   -0.314827299469264E-02   -0.214163306496166E-01
   -0.867010110152366E-02   -0.228301173475416E-01
   -0.128857475773756E-01   -0.227487317504933E-01
   -0.141136916993942E-01   -0.204681829631617E-01
   -0.107247881544399E-01   -0.156259327128870E-01
   -0.126262621179318E-03   -0.898498687389518E-02
    0.116448605742647E-01   -0.341497279795650E-02
    0.179505778987287E-01   -0.143996609257270E-03
    0.000000000000000E+00    0.000000000000000E+00
    0.000000000000000E+00    0.000000000000000E+00
    0.886022324739446E-03    0.485516679109807E-03
    0.175969670014467E-02    0.174124210023134E-02
    0.226157997239643E-02    0.357369768885260E-02
    0.232232983631749E-02    0.551263552467949E-02
    0.210515651080501E-02    0.740883378972608E-02
    0.172219699379843E-02    0.893933007493448E-02
    0.129764343938847E-02    0.101915630115496E-01
    0.842477910308130E-03    0.109325810454492E-01
    0.417269145032954E-03    0.113983786577472E-01
    0.416727321448642E-05    0.113422646117659E-01
   -0.352129497509297E-03    0.110959476262351E-01
   -0.668761704903620E-03    0.103709194104722E-01
   -0.912429290404073E-03    0.958420176816754E-02
   -0.109785382979583E-02    0.839434038608150E-02
   -0.120382548019805E-02    0.729628929176650E-02
   -0.124428041359697E-02    0.588558918167660E-02
   -0.120815557533903E-02    0.472563592108603E-02
   -0.111030183170205E-02    0.334060296595110E-02
   -0.945970696341127E-03    0.235091823360038E-02
   -0.730850521916744E-03    0.120461531471484E-02
   -0.460565226872637E-03    0.570792235401144E-03
   -0.146584428141175E-03   -0.167204380733602E-03
    0.215360667887170E-03   -0.319863136721596E-03
    0.591752356675182E-03   -0.509282937216499E-03
    0.980805083100516E-03   -0.160410815213827E-03
    0.144351324066972E-02    0.319874261531794E-04
    0.208818312266157E-02    0.800112346713996E-03
    0.314466599265264E-02    0.193431966896551E-02
    0.439323846061324E-02    0.122787096103386E-02
    0.446758732900974E-02    0.315869334997271E-02
    0.427431463601212E-02   -0.195127698471353E-03
   -0.268841419060167E-03   -0.185930090544567E-02
   -0.581671624997432E-02   -0.736550015782433E-02
   -0.112359559483106E-01   -0.979129772979598E-02
   -0.160756398288533E-01   -0.131893948399233E-01
   -0.140962133084617E-01   -0.109646631350330E-01
   -0.585272137535431E-02   -0.760498975225797E-02
    0.657746780585000E-02   -0.446769456138010E-02
    0.134768013211067E-01   -0.102249644148943E-02
    0.000000000000000E+00    0.000000000000000E+00
    0.000000000000000E+00    0.000000000000000E+00
    0.171126247838845E-03    0.171126247838713E-03
    0.498432015176028E-03    0.897397206314036E-03
    0.674505658516804E-03    0.200224730297276E-02
    0.677064160069722E-03    0.329917478377746E-02
    0.621125603011123E-03    0.451180927957375E-02
    0.512726543389021E-03    0.555550246083201E-02
    0.396951589911311E-03    0.640416839302420E-02
    0.273886164748847E-03    0.698540388958327E-02
    0.155020196082373E-03    0.737165451915292E-02
    0.425295940980178E-04    0.749567088463027E-02
   -0.581293450642493E-04    0.746060670835318E-02
   -0.143124575534829E-03    0.720235722661452E-02
   -0.212309355136778E-03    0.684510301758887E-02
   -0.260272390997202E-03    0.632755784322276E-02
   -0.289969789838163E-03    0.578464918360710E-02
   -0.296741689598658E-03    0.515775110561537E-02
   -0.284325020678775E-03    0.458285225130233E-02
   -0.251106778156645E-03    0.400184076990877E-02
   -0.199260133562616E-03    0.354480830111497E-02
   -0.131049782786303E-03    0.315118811812650E-02
   -0.426400201350701E-04    0.294549053728580E-02
    0.601095796819635E-04    0.287600502005134E-02
    0.197187625959141E-03    0.303487517367616E-02
    0.325385233400897E-03    0.339061585730787E-02
    0.455176317725394E-03    0.403875941479314E-02
    0.616050563789667E-03    0.486852632744563E-02
    0.990865312993108E-03    0.621979678605381E-02
    0.149672816338493E-02    0.902964932868912E-02
    0.296756608655300E-02    0.110987446337885E-01
    0.243728330338000E-02    0.161502856696533E-01
    0.740374295770578E-02    0.236172224044563E-01
    0.124709225336884E-02    0.133772536870280E-01
   -0.621871008410324E-03    0.152544217377913E-01
   -0.523001617421898E-02    0.708103408770336E-02
   -0.114796489950850E-01   -0.162310698181062E-02
   -0.138584093475913E-01   -0.494502214202067E-02
   -0.823420093376798E-02   -0.817167621037883E-02
    0.202711133173733E-02   -0.718264768031772E-02
    0.135044628106417E-01   -0.497387677588047E-02
    0.000000000000000E+00    0.000000000000000E+00
    0.000000000000000E+00    0.000000000000000E+00
    0.000000000000000E+00    0.000000000000000E+00
    0.000000000000000E+00    0.000000000000000E+00
    0.000000000000000E+00    0.000000000000000E+00
    0.000000000000000E+00    0.000000000000000E+00
    0.000000000000000E+00    0.000000000000000E+00
    0.000000000000000E+00    0.000000000000000E+00
    0.000000000000000E+00    0.000000000000000E+00
    0.000000000000000E+00    0.000000000000000E+00
    0.000000000000000E+00    0.000000000000000E+00
    0.000000000000000E+00    0.000000000000000E+00
    0.000000000000000E+00    0.000000000000000E+00
    0.000000000000000E+00    0.000000000000000E+00
    0.000000000000000E+00    0.000000000000000E+00
    0.000000000000000E+00    0.000000000000000E+00
    0.000000000000000E+00    0.000000000000000E+00
    0.000000000000000E+00    0.000000000000000E+00
    0.000000000000000E+00    0.000000000000000E+00
    0.000000000000000E+00    0.000000000000000E+00
    0.000000000000000E+00    0.000000000000000E+00
    0.000000000000000E+00    0.000000000000000E+00
    0.000000000000000E+00    0.000000000000000E+00
    0.000000000000000E+00    0.000000000000000E+00
    0.000000000000000E+00    0.000000000000000E+00
    0.000000000000000E+00    0.000000000000000E+00
    0.000000000000000E+00    0.000000000000000E+00
    0.000000000000000E+00    0.000000000000000E+00
    0.000000000000000E+00    0.000000000000000E+00
    0.000000000000000E+00    0.000000000000000E+00
    0.000000000000000E+00    0.000000000000000E+00
    0.000000000000000E+00    0.000000000000000E+00
    0.000000000000000E+00    0.000000000000000E+00
    0.000000000000000E+00    0.000000000000000E+00
    0.615124521134600E-02    0.185349585299890E-01
   -0.110733195657398E-02    0.149058614512857E-01
   -0.341689132107731E-02    0.665950305854501E-02
   -0.865609366807291E-02   -0.186162290006797E-02
   -0.793957814642965E-02   -0.618663181132048E-02
    0.297490115952903E-02   -0.830575252768276E-02
    0.133188948480717E-01   -0.706458341679963E-02
    0.000000000000000E+00    0.000000000000000E+00
