#  ortho_001.txt
#  created by ORTHONORMALIZE::XY_WRITE
#  on September 10 2003  12:40:43.884 PM
#
#  Number of points =  1681
#
      0.000000      0.000000
      0.000000      0.000000
      0.000000      0.000000
      0.000000      0.000000
      0.000000      0.000000
      0.000000      0.000000
      0.000000      0.000000
      0.000000      0.000000
      0.000000      0.000000
      0.000000      0.000000
      0.000000      0.000000
      0.000000      0.000000
      0.000000      0.000000
      0.000000      0.000000
      0.000000      0.000000
      0.000000      0.000000
      0.000000      0.000000
      0.000000      0.000000
      0.000000      0.000000
      0.000000      0.000000
      0.000000      0.000000
      0.000000      0.000000
      0.000000      0.000000
      0.000000      0.000000
      0.000000      0.000000
      0.000000      0.000000
      0.000000      0.000000
      0.000000      0.000000
      0.000000      0.000000
      0.000000      0.000000
      0.000000      0.000000
      0.000000      0.000000
      0.000000      0.000000
      0.000000      0.000000
      0.000000      0.000000
      0.000000      0.000000
      0.000000      0.000000
      0.000000      0.000000
      0.000000      0.000000
      0.000000      0.000000
      0.000000      0.000000
      0.000000      0.000000
      0.000620     -0.000268
      0.001952     -0.002583
      0.002867     -0.006839
      0.003298     -0.012994
      0.002981     -0.018996
      0.002339     -0.024486
      0.000731     -0.027581
     -0.001147     -0.025825
     -0.002153     -0.023616
     -0.001755     -0.020757
     -0.001308     -0.017618
     -0.001083     -0.015370
     -0.000952     -0.013399
     -0.000866     -0.011658
     -0.000795     -0.010043
     -0.000748     -0.008539
     -0.000706     -0.007128
     -0.000663     -0.005799
     -0.000617     -0.004554
     -0.000564     -0.003410
     -0.000506     -0.002370
     -0.000438     -0.001459
     -0.000366     -0.000679
     -0.000290     -0.000049
     -0.000211      0.000434
     -0.000136      0.000765
     -0.000063      0.000951
     -0.000002      0.001008
      0.000053      0.000949
      0.000088      0.000808
      0.000113      0.000599
      0.000117      0.000371
      0.000108      0.000136
      0.000082     -0.000055
      0.000046     -0.000197
      0.000004     -0.000257
     -0.000036     -0.000242
     -0.000054     -0.000160
     -0.000048     -0.000048
      0.000000      0.000000
      0.000000      0.000000
      0.002232     -0.001035
      0.006069     -0.004436
      0.009590     -0.010517
      0.011236     -0.018951
      0.011205     -0.027544
      0.007251     -0.034115
      0.001535     -0.038090
     -0.002561     -0.038612
     -0.005317     -0.036981
     -0.005209     -0.033865
     -0.004415     -0.029939
     -0.003909     -0.026454
     -0.003504     -0.023210
     -0.003226     -0.020126
     -0.002996     -0.017236
     -0.002820     -0.014518
     -0.002657     -0.011954
     -0.002494     -0.009539
     -0.002315     -0.007285
     -0.002112     -0.005214
     -0.001884     -0.003350
     -0.001630     -0.001715
     -0.001353     -0.000333
     -0.001065      0.000783
     -0.000769      0.001620
     -0.000485      0.002189
     -0.000214      0.002491
      0.000019      0.002561
      0.000216      0.002423
      0.000357      0.002130
      0.000444      0.001721
      0.000468      0.001262
      0.000434      0.000797
      0.000348      0.000384
      0.000218      0.000064
      0.000074     -0.000136
     -0.000070     -0.000202
     -0.000157     -0.000159
     -0.000162     -0.000055
      0.000000      0.000000
      0.000000      0.000000
      0.004601     -0.001237
      0.011156     -0.004962
      0.016687     -0.010992
      0.019781     -0.019409
      0.018808     -0.027065
      0.013706     -0.033893
      0.005104     -0.039609
     -0.002295     -0.041671
     -0.007317     -0.042238
     -0.008355     -0.040426
     -0.008234     -0.036906
     -0.007716     -0.033256
     -0.007144     -0.029314
     -0.006674     -0.025433
     -0.006269     -0.021668
     -0.005927     -0.018078
     -0.005600     -0.014632
     -0.005255     -0.011392
     -0.004873     -0.008356
     -0.004440     -0.005577
     -0.003951     -0.003079
     -0.003407     -0.000902
     -0.002820      0.000929
     -0.002206      0.002392
     -0.001583      0.003477
     -0.000977      0.004191
     -0.000410      0.004547
      0.000090      0.004583
      0.000506      0.004338
      0.000812      0.003877
      0.001003      0.003256
      0.001066      0.002556
      0.001009      0.001840
      0.000843      0.001182
      0.000593      0.000632
      0.000298      0.000236
      0.000008      0.000007
     -0.000199     -0.000070
     -0.000243     -0.000037
      0.000000      0.000000
      0.000000      0.000000
      0.006788     -0.001091
      0.015660     -0.004199
      0.023468     -0.009179
      0.027347     -0.015895
      0.026180     -0.022629
      0.019455     -0.029112
      0.008887     -0.034895
     -0.000208     -0.038947
     -0.007223     -0.041110
     -0.010385     -0.040968
     -0.011461     -0.038869
     -0.011535     -0.035660
     -0.011184     -0.031796
     -0.010714     -0.027661
     -0.010227     -0.023474
     -0.009754     -0.019345
     -0.009255     -0.015335
     -0.008700     -0.011519
     -0.008066     -0.007942
     -0.007337     -0.004660
     -0.006512     -0.001719
     -0.005596      0.000835
     -0.004610      0.002968
     -0.003579      0.004654
     -0.002537      0.005884
     -0.001525      0.006662
     -0.000579      0.007009
      0.000256      0.006966
      0.000951      0.006584
      0.001469      0.005932
      0.001795      0.005086
      0.001916      0.004130
      0.001840      0.003146
      0.001586      0.002216
      0.001192      0.001407
      0.000719      0.000769
      0.000244      0.000332
     -0.000124      0.000089
     -0.000260      0.000006
      0.000000      0.000000
      0.000000      0.000000
      0.008623     -0.000716
      0.019212     -0.002763
      0.028439     -0.006049
      0.033517     -0.010914
      0.032629     -0.015953
      0.025889     -0.021432
      0.014680     -0.027429
      0.003708     -0.032114
     -0.005307     -0.035638
     -0.010778     -0.037088
     -0.013629     -0.036433
     -0.014772     -0.034212
     -0.015058     -0.030905
     -0.014879     -0.027013
     -0.014499     -0.022808
     -0.013980     -0.018521
     -0.013347     -0.014235
     -0.012584     -0.010116
     -0.011677     -0.006224
     -0.010616     -0.002647
     -0.009404      0.000561
     -0.008056      0.003334
     -0.006604      0.005635
     -0.005088      0.007432
     -0.003558      0.008712
     -0.002071      0.009482
     -0.000683      0.009765
      0.000548      0.009603
      0.001572      0.009054
      0.002344      0.008193
      0.002838      0.007105
      0.003039      0.005880
      0.002954      0.004612
      0.002611      0.003390
      0.002062      0.002296
      0.001387      0.001388
      0.000691      0.000711
      0.000113      0.000269
     -0.000186      0.000055
      0.000000      0.000000
      0.000000      0.000000
      0.009665     -0.000352
      0.021166     -0.001261
      0.031402     -0.002904
      0.037265     -0.005529
      0.037101     -0.008769
      0.030791     -0.013090
      0.019866     -0.018149
      0.008296     -0.023098
     -0.002148     -0.027346
     -0.009691     -0.029883
     -0.014464     -0.030577
     -0.017109     -0.029521
     -0.018354     -0.027110
     -0.018774     -0.023805
     -0.018691     -0.019947
     -0.018272     -0.015793
     -0.017589     -0.011544
     -0.016658     -0.007371
     -0.015487     -0.003397
     -0.014081      0.000282
     -0.012455      0.003580
     -0.010637      0.006426
     -0.008676      0.008768
     -0.006627      0.010571
     -0.004558      0.011820
     -0.002548      0.012516
     -0.000669      0.012686
      0.000999      0.012371
      0.002393      0.011634
      0.003452      0.010549
      0.004143      0.009210
      0.004442      0.007710
      0.004360      0.006152
      0.003929      0.004632
      0.003216      0.003241
      0.002316      0.002052
      0.001364      0.001120
      0.000521      0.000472
     -0.000009      0.000110
      0.000000      0.000000
      0.000000      0.000000
      0.009928      0.000003
      0.021747      0.000094
      0.032586      0.000034
      0.039430     -0.000734
      0.040283     -0.001999
      0.035107     -0.004678
      0.024808     -0.008630
      0.012954     -0.012940
      0.001469     -0.017433
     -0.007714     -0.020625
     -0.014234     -0.022323
     -0.018395     -0.022388
     -0.020844     -0.020944
     -0.022074     -0.018452
     -0.022513     -0.015176
     -0.022346     -0.011450
     -0.021726     -0.007479
     -0.020696     -0.003501
     -0.019300      0.000353
     -0.017561      0.003941
     -0.015518      0.007170
     -0.013217      0.009949
     -0.010724      0.012217
     -0.008114      0.013933
     -0.005478      0.015074
     -0.002910      0.015642
     -0.000509      0.015658
      0.001631      0.015163
      0.003424      0.014222
      0.004802      0.012906
      0.005711      0.011314
      0.006130      0.009539
      0.006063      0.007693
      0.005549      0.005874
      0.004664      0.004189
      0.003522      0.002714
      0.002275      0.001528
      0.001116      0.000666
      0.000269      0.000163
      0.000000      0.000000
      0.000000      0.000000
      0.009684      0.000262
      0.021192      0.001161
      0.032001      0.002329
      0.039319      0.003313
      0.041298      0.003726
      0.037340      0.002710
      0.028375      0.000316
      0.017076     -0.003106
      0.005248     -0.007009
     -0.004928     -0.010355
     -0.012954     -0.012639
     -0.018629     -0.013551
     -0.022368     -0.013082
     -0.024613     -0.011455
     -0.025723     -0.008939
     -0.025970     -0.005816
     -0.025518     -0.002343
     -0.024476      0.001255
     -0.022911      0.004795
     -0.020878      0.008132
     -0.018439      0.011142
     -0.015663      0.013729
     -0.012638      0.015818
     -0.009462      0.017362
     -0.006245      0.018332
     -0.003108      0.018724
     -0.000165      0.018557
      0.002463      0.017865
      0.004679      0.016713
      0.006390      0.015170
      0.007542      0.013333
      0.008093      0.011297
      0.008056      0.009176
      0.007460      0.007074
      0.006400      0.005104
      0.004993      0.003358
      0.003420      0.001923
      0.001886      0.000860
      0.000653      0.000215
      0.000000      0.000000
      0.000000      0.000000
      0.008863      0.000463
      0.019656      0.001923
      0.030181      0.004079
      0.037919      0.006344
      0.040865      0.008364
      0.038390      0.009017
      0.030830      0.008189
      0.020420      0.006122
      0.008802      0.003015
     -0.002003      0.000009
     -0.011080     -0.002472
     -0.018071     -0.003921
     -0.023051     -0.004206
     -0.026331     -0.003398
     -0.028227     -0.001661
     -0.028982      0.000735
     -0.028813      0.003587
     -0.027839      0.006639
     -0.026176      0.009721
     -0.023899      0.012658
     -0.021104      0.015325
     -0.017881      0.017608
     -0.014343      0.019427
     -0.010612      0.020726
     -0.006823      0.021471
     -0.003114      0.021649
      0.000371      0.021275
      0.003498      0.020377
      0.006145      0.019017
      0.008209      0.017257
      0.009613      0.015194
      0.010316      0.012916
      0.010314      0.010546
      0.009647      0.008183
      0.008403      0.005954
      0.006720      0.003954
      0.004784      0.002292
      0.002828      0.001035
      0.001128      0.000263
      0.000000      0.000000
      0.000000      0.000000
      0.007836      0.000588
      0.017566      0.002445
      0.027337      0.005239
      0.034966      0.008556
      0.038653      0.011746
      0.037423      0.013880
      0.031475      0.014662
      0.022365      0.013959
      0.011455      0.012089
      0.000689      0.009747
     -0.009011      0.007474
     -0.016949      0.005822
     -0.022992      0.005015
     -0.027259      0.005150
     -0.029942      0.006133
     -0.031280      0.007794
     -0.031457      0.009937
     -0.030637      0.012355
     -0.028941      0.014862
     -0.026487      0.017295
     -0.023386      0.019514
     -0.019762      0.021406
     -0.015749      0.022881
     -0.011495      0.023877
     -0.007155      0.024353
     -0.002897      0.024291
      0.001122      0.023699
      0.004739      0.022598
      0.007821      0.021042
      0.010236      0.019088
      0.011908      0.016826
      0.012766      0.014343
      0.012816      0.011757
      0.012077      0.009172
      0.010654      0.006714
      0.008675      0.004494
      0.006355      0.002625
      0.003925      0.001201
      0.001699      0.000307
      0.000000      0.000000
      0.000000      0.000000
      0.006505      0.000665
      0.014964      0.002732
      0.023837      0.005964
      0.031244      0.009932
      0.035410      0.014123
      0.035365      0.017485
      0.030882      0.019708
      0.023131      0.020455
      0.013183      0.019814
      0.002744      0.018419
     -0.007128      0.016613
     -0.015663      0.015063
     -0.022478      0.014000
     -0.027553      0.013639
     -0.030957      0.013993
     -0.032861      0.014947
     -0.033427      0.016384
     -0.032806      0.018114
     -0.031144      0.019987
     -0.028569      0.021837
     -0.025225      0.023536
     -0.021253      0.024967
     -0.016816      0.026041
     -0.012081      0.026689
     -0.007232      0.026866
     -0.002452      0.026547
      0.002074      0.025734
      0.006169      0.024438
      0.009670      0.022708
      0.012443      0.020588
      0.014377      0.018168
      0.015407      0.015520
      0.015509      0.012766
      0.014713      0.010000
      0.013106      0.007361
      0.010832      0.004954
      0.008096      0.002916
      0.005162      0.001341
      0.002342      0.000347
      0.000000      0.000000
      0.000000      0.000000
      0.005158      0.000696
      0.012223      0.002874
      0.019931      0.006315
      0.026714      0.010736
      0.031035      0.015522
      0.031792      0.019854
      0.028689      0.023257
      0.022357      0.025282
      0.013645      0.025954
      0.003988      0.025579
     -0.005658      0.024524
     -0.014352      0.023308
     -0.021655      0.022245
     -0.027322      0.021596
     -0.031324      0.021449
     -0.033742      0.021793
     -0.034681      0.022551
     -0.034290      0.023602
     -0.032700      0.024812
     -0.030065      0.026046
     -0.026534      0.027182
     -0.022281      0.028112
     -0.017477      0.028747
     -0.012324      0.029020
     -0.007014      0.028882
     -0.001763      0.028302
      0.003236      0.027276
      0.007772      0.025807
      0.011681      0.023933
      0.014789      0.021690
      0.016992      0.019157
      0.018186      0.016400
      0.018357      0.013530
      0.017503      0.010643
      0.015725      0.007870
      0.013145      0.005329
      0.009992      0.003154
      0.006515      0.001464
      0.003063      0.000380
      0.000000      0.000000
      0.000000      0.000000
      0.003704      0.000698
      0.009313      0.002873
      0.015807      0.006385
      0.021883      0.010972
      0.026114      0.016184
      0.027502      0.021169
      0.025498      0.025530
      0.020500      0.028671
      0.013044      0.030496
      0.004325      0.031186
     -0.004763      0.030926
     -0.013325      0.030230
     -0.020773      0.029343
     -0.026799      0.028597
     -0.031213      0.028116
     -0.034037      0.027967
     -0.035300      0.028135
     -0.035126      0.028545
     -0.033633      0.029113
     -0.030976      0.029725
     -0.027317      0.030284
     -0.022840      0.030694
     -0.017739      0.030875
     -0.012226      0.030761
     -0.006521      0.030304
     -0.000849      0.029468
      0.004567      0.028246
      0.009513      0.026629
      0.013791      0.024650
      0.017226      0.022330
      0.019678      0.019740
      0.021047      0.016932
      0.021283      0.014013
      0.020392      0.011064
      0.018443      0.008223
      0.015573      0.005596
      0.011988      0.003334
      0.007962      0.001554
      0.003833      0.000408
      0.000000      0.000000
      0.000000      0.000000
      0.002331      0.000676
      0.006502      0.002792
      0.011686      0.006238
      0.016823      0.010857
      0.020720      0.016182
      0.022373      0.021585
      0.021257      0.026564
      0.017430      0.030567
      0.011266      0.033403
      0.003671      0.035047
     -0.004615      0.035655
     -0.012696      0.035552
     -0.020010      0.035006
     -0.026104      0.034317
     -0.030736      0.033655
     -0.033814      0.033145
     -0.035317      0.032820
     -0.035323      0.032666
     -0.033925      0.032635
     -0.031277      0.032656
     -0.027535      0.032652
     -0.022898      0.032550
     -0.017564      0.032282
     -0.011768      0.031787
     -0.005734      0.031022
      0.000286      0.029950
      0.006068      0.028558
      0.011364      0.026831
      0.015978      0.024791
      0.019700      0.022450
      0.022395      0.019864
      0.023921      0.017075
      0.024238      0.014174
      0.023309      0.011240
      0.021217      0.008393
      0.018059      0.005746
      0.014062      0.003444
      0.009471      0.001619
      0.004655      0.000426
      0.000000      0.000000
      0.000000      0.000000
      0.000975      0.000636
      0.003737      0.002627
      0.007638      0.005920
      0.011820      0.010381
      0.015222      0.015688
      0.016992      0.021227
      0.016487      0.026617
      0.013671      0.031223
      0.008671      0.034839
      0.002196      0.037314
     -0.005151      0.038682
     -0.012580      0.039208
     -0.019493      0.039053
     -0.025437      0.038545
     -0.030063      0.037827
     -0.033241      0.037085
     -0.034867      0.036380
     -0.034991      0.035753
     -0.033666      0.035196
     -0.031035      0.034677
     -0.027246      0.034150
     -0.022499      0.033564
     -0.017000      0.032869
     -0.010988      0.032014
     -0.004702      0.030965
      0.001601      0.029683
      0.007674      0.028155
      0.013270      0.026358
      0.018164      0.024309
      0.022148      0.022003
      0.025052      0.019490
      0.026738      0.016790
      0.027127      0.013988
      0.026186      0.011139
      0.023958      0.008365
      0.020548      0.005760
      0.016146      0.003478
      0.011013      0.001643
      0.005493      0.000438
      0.000000      0.000000
      0.000000      0.000000
     -0.000251      0.000583
      0.001202      0.002418
      0.003840      0.005477
      0.006977      0.009700
      0.009753      0.014776
      0.011368      0.020275
      0.011264      0.025765
      0.009217      0.030724
      0.005281      0.034869
     -0.000085      0.037971
     -0.006404      0.040010
     -0.012984      0.041097
     -0.019304      0.041387
     -0.024850      0.041115
     -0.029287      0.040456
     -0.032385      0.039587
     -0.034019      0.038614
     -0.034176      0.037612
     -0.032887      0.036615
     -0.030270      0.035627
     -0.026457      0.034635
     -0.021648      0.033613
     -0.016041      0.032532
     -0.009889      0.031355
     -0.003423      0.030058
      0.003078      0.028604
      0.009375      0.026982
      0.015195      0.025165
      0.020320      0.023161
      0.024510      0.020956
      0.027601      0.018581
      0.029420      0.016049
      0.029891      0.013420
      0.028940      0.010742
      0.026613      0.008114
      0.022969      0.005628
      0.018208      0.003422
      0.012547      0.001633
      0.006350      0.000437
      0.000000      0.000000
      0.000000      0.000000
     -0.001389      0.000519
     -0.001155      0.002160
      0.000303      0.004934
      0.002441      0.008797
      0.004519      0.013553
      0.005894      0.018796
      0.005972      0.024221
      0.004535      0.029278
      0.001471      0.033725
     -0.002875      0.037252
     -0.008180      0.039778
     -0.013861      0.041347
     -0.019441      0.042019
     -0.024452      0.042020
     -0.028513      0.041463
     -0.031396      0.040561
     -0.032907      0.039411
     -0.033018      0.038136
     -0.031710      0.036788
     -0.029089      0.035415
     -0.025264      0.034029
     -0.020426      0.032633
     -0.014769      0.031219
     -0.008538      0.029768
     -0.001973      0.028267
      0.004655      0.026686
      0.011093      0.025018
      0.017073      0.023230
      0.022357      0.021328
      0.026712      0.019284
      0.029946      0.017123
      0.031890      0.014831
      0.032431      0.012461
      0.031496      0.010032
      0.029087      0.007634
      0.025262      0.005338
      0.020173      0.003277
      0.014039      0.001576
      0.007182      0.000428
      0.000000      0.000000
      0.000000      0.000000
     -0.002369      0.000448
     -0.003212      0.001879
     -0.002846      0.004321
     -0.001696      0.007781
     -0.000344      0.012082
      0.000630      0.016954
      0.000743      0.022076
     -0.000310      0.027030
     -0.002643      0.031523
     -0.006092      0.035255
     -0.010413      0.038097
     -0.015150      0.040001
     -0.019910      0.041008
     -0.024238      0.041243
     -0.027801      0.040835
     -0.030315      0.039947
     -0.031599      0.038709
     -0.031566      0.037244
     -0.030189      0.035640
     -0.027536      0.033966
     -0.023703      0.032267
     -0.018865      0.030569
     -0.013204      0.028888
     -0.006961      0.027221
     -0.000367      0.025570
      0.006304      0.023915
      0.012807      0.022251
      0.018863      0.020549
      0.024243      0.018805
      0.028696      0.016988
      0.032036      0.015104
      0.034068      0.013130
      0.034681      0.011093
      0.033764      0.008999
      0.031315      0.006909
      0.027345      0.004881
      0.021997      0.003029
      0.015437      0.001475
      0.007989      0.000404
      0.000000      0.000000
      0.000000      0.000000
     -0.003218      0.000372
     -0.005012      0.001571
     -0.005619      0.003655
     -0.005367      0.006640
     -0.004741      0.010432
     -0.004187      0.014788
     -0.004177      0.019496
     -0.004963      0.024138
     -0.006751      0.028495
     -0.009424      0.032223
     -0.012863      0.035188
     -0.016697      0.037289
     -0.020611      0.038502
     -0.024211      0.038935
     -0.027172      0.038644
     -0.029238      0.037813
     -0.030190      0.036529
     -0.029947      0.034956
     -0.028440      0.033171
     -0.025731      0.031285
     -0.021885      0.029351
     -0.017068      0.027428
     -0.011443      0.025548
     -0.005243      0.023729
      0.001310      0.021987
      0.007952      0.020311
      0.014436      0.018706
      0.020496      0.017140
      0.025895      0.015613
      0.030390      0.014079
      0.033782      0.012541
      0.035880      0.010954
      0.036548      0.009329
      0.035671      0.007646
      0.033209      0.005945
      0.029157      0.004259
      0.023607      0.002684
      0.016709      0.001326
      0.008726      0.000371
      0.000000      0.000000
      0.000000      0.000000
     -0.003898      0.000292
     -0.006482      0.001256
     -0.007935      0.002959
     -0.008505      0.005453
     -0.008563      0.008662
     -0.008493      0.012440
     -0.008661      0.016577
     -0.009346      0.020772
     -0.010718      0.024784
     -0.012771      0.028323
     -0.015421      0.031226
     -0.018410      0.033354
     -0.021491      0.034671
     -0.024322      0.035204
     -0.026636      0.035017
     -0.028164      0.034229
     -0.028726      0.032950
     -0.028196      0.031313
     -0.026522      0.029427
     -0.023722      0.027399
     -0.019862      0.025315
     -0.015078      0.023242
     -0.009527      0.021238
     -0.003421      0.019333
      0.003027      0.017562
      0.009563      0.015923
      0.015952      0.014429
      0.021932      0.013052
      0.027277      0.011791
      0.031741      0.010599
      0.035135      0.009462
      0.037256      0.008327
      0.037968      0.007179
      0.037134      0.005980
      0.034698      0.004740
      0.030615      0.003468
      0.024951      0.002234
      0.017794      0.001127
      0.009385      0.000320
      0.000000      0.000000
      0.000000      0.000000
     -0.004427      0.000211
     -0.007655      0.000930
     -0.009816      0.002245
     -0.011093      0.004216
     -0.011782      0.006821
     -0.012164      0.009939
     -0.012575      0.013445
     -0.013225      0.017055
     -0.014325      0.020599
     -0.015872      0.023781
     -0.017866      0.026459
     -0.020100      0.028473
     -0.022405      0.029750
     -0.024497      0.030306
     -0.026145      0.030144
     -0.027123      0.029395
     -0.027241      0.028113
     -0.026400      0.026461
     -0.024514      0.024517
     -0.021614      0.022422
     -0.017730      0.020251
     -0.012998      0.018103
     -0.007546      0.016041
     -0.001581      0.014117
      0.004704      0.012376
      0.011068      0.010826
      0.017286      0.009494
      0.023111      0.008352
      0.028323      0.007406
      0.032692      0.006600
      0.036027      0.005918
      0.038134      0.005288
      0.038869      0.004680
      0.038089      0.004030
      0.035712      0.003318
      0.031667      0.002528
      0.025970      0.001694
      0.018666      0.000887
      0.009929      0.000262
      0.000000      0.000000
      0.000000      0.000000
     -0.004787      0.000131
     -0.008496      0.000611
     -0.011223      0.001538
     -0.013097      0.002992
     -0.014334      0.004968
     -0.015162      0.007410
     -0.015829      0.010202
     -0.016542      0.013156
     -0.017461      0.016096
     -0.018641      0.018795
     -0.020086      0.021099
     -0.021673      0.022852
     -0.023276      0.023977
     -0.024669      0.024441
     -0.025678      0.024257
     -0.026088      0.023490
     -0.025761      0.022218
     -0.024572      0.020554
     -0.022469      0.018605
     -0.019444      0.016485
     -0.015545      0.014298
     -0.010870      0.012136
     -0.005552      0.010084
      0.000235      0.008200
      0.006302      0.006545
      0.012429      0.005137
      0.018405      0.004011
      0.023998      0.003147
      0.029003      0.002552
      0.033202      0.002171
      0.036418      0.001980
      0.038462      0.001899
      0.039197      0.001876
      0.038469      0.001826
      0.036186      0.001698
      0.032239      0.001442
      0.026605      0.001063
      0.019265      0.000599
      0.010343      0.000188
      0.000000      0.000000
      0.000000      0.000000
     -0.004992      0.000052
     -0.009033      0.000298
     -0.012185      0.000846
     -0.014531      0.001783
     -0.016232      0.003140
     -0.017442      0.004880
     -0.018374      0.006948
     -0.019170      0.009176
     -0.020001      0.011454
     -0.020899      0.013564
     -0.021920      0.015388
     -0.022962      0.016768
     -0.023960      0.017622
     -0.024734      0.017914
     -0.025148      0.017614
     -0.025036      0.016801
     -0.024266      0.015497
     -0.022750      0.013842
     -0.020418      0.011893
     -0.017285      0.009799
     -0.013368      0.007633
     -0.008776      0.005517
     -0.003609      0.003526
      0.001957      0.001737
      0.007761      0.000215
      0.013594     -0.001010
      0.019263     -0.001893
      0.024554     -0.002451
      0.029277     -0.002665
      0.033237     -0.002597
      0.036268     -0.002267
      0.038202     -0.001770
      0.038905     -0.001170
      0.038231     -0.000576
      0.036073     -0.000077
      0.032293      0.000252
      0.026823      0.000367
      0.019579      0.000285
      0.010605      0.000109
      0.000000      0.000000
      0.000000      0.000000
     -0.005044     -0.000021
     -0.009265      0.000006
     -0.012701      0.000194
     -0.015397      0.000643
     -0.017462      0.001396
     -0.019004      0.002457
     -0.020172      0.003783
     -0.021090      0.005275
     -0.021880      0.006829
     -0.022599      0.008291
     -0.023290      0.009546
     -0.023902      0.010460
     -0.024394      0.010956
     -0.024631      0.010978
     -0.024527      0.010511
     -0.023932      0.009582
     -0.022767      0.008238
     -0.020932      0.006564
     -0.018403      0.004644
     -0.015159      0.002587
     -0.011253      0.000491
     -0.006750     -0.001544
     -0.001770     -0.003424
      0.003549     -0.005076
      0.009044     -0.006424
      0.014533     -0.007431
      0.019835     -0.008046
      0.024757     -0.008274
      0.029131     -0.008097
      0.032779     -0.007565
      0.035563     -0.006707
      0.037330     -0.005617
      0.037969     -0.004381
      0.037340     -0.003125
      0.035329     -0.001969
      0.031782     -0.001030
      0.026575     -0.000385
      0.019557     -0.000064
      0.010696      0.000020
      0.000000      0.000000
      0.000000      0.000000
     -0.004953     -0.000090
     -0.009219     -0.000266
     -0.012807     -0.000412
     -0.015734     -0.000422
     -0.018065     -0.000235
     -0.019861      0.000169
     -0.021235      0.000785
     -0.022262      0.001538
     -0.023056      0.002368
     -0.023649      0.003146
     -0.024104      0.003787
     -0.024378      0.004178
     -0.024465      0.004243
     -0.024266      0.003943
     -0.023721      0.003232
     -0.022726      0.002160
     -0.021210      0.000722
     -0.019118     -0.000966
     -0.016409     -0.002876
     -0.013101     -0.004866
     -0.009214     -0.006883
     -0.004840     -0.008797
     -0.000063     -0.010540
      0.004970     -0.012022
      0.010123     -0.013170
      0.015220     -0.013941
      0.020104     -0.014272
      0.024600     -0.014170
      0.028557     -0.013597
      0.031827     -0.012611
      0.034293     -0.011226
      0.035837     -0.009550
      0.036369     -0.007671
      0.035769     -0.005742
      0.033936     -0.003916
      0.030681     -0.002341
      0.025853     -0.001155
      0.019206     -0.000413
      0.010617     -0.000069
      0.000000      0.000000
      0.000000      0.000000
     -0.004737     -0.000148
     -0.008917     -0.000505
     -0.012535     -0.000948
     -0.015576     -0.001369
     -0.018074     -0.001700
     -0.020052     -0.001897
     -0.021581     -0.001953
     -0.022713     -0.001899
     -0.023525     -0.001783
     -0.024051     -0.001686
     -0.024338     -0.001678
     -0.024370     -0.001845
     -0.024150     -0.002246
     -0.023607     -0.002927
     -0.022719     -0.003910
     -0.021394     -0.005182
     -0.019611     -0.006721
     -0.017301     -0.008460
     -0.014476     -0.010345
     -0.011123     -0.012279
     -0.007303     -0.014185
     -0.003070     -0.015969
      0.001467     -0.017545
      0.006195     -0.018838
      0.010970     -0.019768
      0.015645     -0.020292
      0.020067     -0.020343
      0.024084     -0.019914
      0.027571     -0.018969
      0.030395     -0.017548
      0.032485     -0.015668
      0.033741     -0.013429
      0.034125     -0.010934
      0.033536     -0.008350
      0.031890     -0.005861
      0.028993     -0.003662
      0.024634     -0.001927
      0.018495     -0.000771
      0.010349     -0.000159
      0.000000      0.000000
      0.000000      0.000000
     -0.004405     -0.000201
     -0.008391     -0.000711
     -0.011927     -0.001412
     -0.014982     -0.002192
     -0.017551     -0.002978
     -0.019633     -0.003714
     -0.021266     -0.004374
     -0.022472     -0.004969
     -0.023308     -0.005516
     -0.023791     -0.006072
     -0.023970     -0.006679
     -0.023829     -0.007401
     -0.023387     -0.008285
     -0.022598     -0.009354
     -0.021450     -0.010648
     -0.019893     -0.012125
     -0.017905     -0.013804
     -0.015463     -0.015588
     -0.012562     -0.017472
     -0.009229     -0.019331
     -0.005500     -0.021135
     -0.001454     -0.022764
      0.002826     -0.024171
      0.007215     -0.025260
      0.011593     -0.025973
      0.015812     -0.026255
      0.019739     -0.026039
      0.023237     -0.025318
      0.026195     -0.024032
      0.028520     -0.022228
      0.030156     -0.019893
      0.031065     -0.017142
      0.031239     -0.014063
      0.030629     -0.010854
      0.029187     -0.007723
      0.026695     -0.004907
      0.022938     -0.002647
      0.017460     -0.001092
      0.009926     -0.000239
      0.000000      0.000000
      0.000000      0.000000
     -0.003988     -0.000239
     -0.007682     -0.000872
     -0.011043     -0.001782
     -0.014013     -0.002858
     -0.016568     -0.004025
     -0.018680     -0.005218
     -0.020360     -0.006404
     -0.021608     -0.007568
     -0.022460     -0.008712
     -0.022924     -0.009862
     -0.023035     -0.011044
     -0.022787     -0.012293
     -0.022203     -0.013640
     -0.021248     -0.015103
     -0.019938     -0.016697
     -0.018225     -0.018401
     -0.016127     -0.020208
     -0.013609     -0.022059
     -0.010711     -0.023925
     -0.007434     -0.025721
     -0.003851     -0.027402
     -0.000009     -0.028879
      0.003980     -0.030099
      0.008022     -0.030987
      0.011982     -0.031483
      0.015735     -0.031538
      0.019150     -0.031086
      0.022098     -0.030109
      0.024501     -0.028545
      0.026262     -0.026418
      0.027402     -0.023711
      0.027888     -0.020514
      0.027811     -0.016929
      0.027142     -0.013153
      0.025899     -0.009435
      0.023873     -0.006053
      0.020786     -0.003295
      0.016103     -0.001382
      0.009335     -0.000305
      0.000000      0.000000
      0.000000      0.000000
     -0.003492     -0.000270
     -0.006825     -0.000992
     -0.009931     -0.002060
     -0.012740     -0.003363
     -0.015203     -0.004831
     -0.017277     -0.006394
     -0.018947     -0.008011
     -0.020200     -0.009652
     -0.021050     -0.011304
     -0.021498     -0.012969
     -0.021570     -0.014655
     -0.021261     -0.016374
     -0.020594     -0.018145
     -0.019553     -0.019960
     -0.018152     -0.021842
     -0.016376     -0.023744
     -0.014234     -0.025684
     -0.011729     -0.027578
     -0.008882     -0.029433
     -0.005732     -0.031143
     -0.002323     -0.032705
      0.001265     -0.034010
      0.004952     -0.035048
      0.008624     -0.035730
      0.012163     -0.036026
      0.015443     -0.035877
      0.018336     -0.035230
      0.020727     -0.034064
      0.022529     -0.032294
      0.023698     -0.029946
      0.024253     -0.026951
      0.024255     -0.023417
      0.023830     -0.019400
      0.023051     -0.015143
      0.022001     -0.010890
      0.020472     -0.006990
      0.018216     -0.003797
      0.014487     -0.001584
      0.008652     -0.000347
      0.000000      0.000000
      0.000000      0.000000
     -0.002960     -0.000284
     -0.005873     -0.001061
     -0.008666     -0.002228
     -0.011245     -0.003687
     -0.013552     -0.005368
     -0.015523     -0.007203
     -0.017132     -0.009146
     -0.018349     -0.011158
     -0.019178     -0.013214
     -0.019609     -0.015296
     -0.019660     -0.017397
     -0.019327     -0.019509
     -0.018633     -0.021633
     -0.017567     -0.023752
     -0.016156     -0.025869
     -0.014384     -0.027944
     -0.012285     -0.029976
     -0.009851     -0.031901
     -0.007134     -0.033712
     -0.004148     -0.035329
     -0.000969     -0.036744
      0.002353     -0.037872
      0.005712     -0.038711
      0.009021     -0.039189
      0.012146     -0.039291
      0.014971     -0.038961
      0.017369     -0.038167
      0.019203     -0.036875
      0.020428     -0.035000
      0.020953     -0.032531
      0.020916     -0.029390
      0.020334     -0.025636
      0.019521     -0.021329
      0.018558     -0.016690
      0.017684     -0.012016
      0.016704     -0.007682
      0.015328     -0.004129
      0.012675     -0.001696
      0.007886     -0.000354
      0.000000      0.000000
      0.000000      0.000000
     -0.002396     -0.000289
     -0.004865     -0.001081
     -0.007300     -0.002294
     -0.009606     -0.003831
     -0.011701     -0.005637
     -0.013519     -0.007643
     -0.015018     -0.009805
     -0.016164     -0.012075
     -0.016946     -0.014420
     -0.017351     -0.016808
     -0.017389     -0.019217
     -0.017057     -0.021623
     -0.016374     -0.024013
     -0.015339     -0.026354
     -0.013972     -0.028644
     -0.012278     -0.030828
     -0.010279     -0.032912
     -0.007993     -0.034817
     -0.005452     -0.036558
     -0.002696     -0.038040
      0.000227     -0.039290
      0.003243     -0.040210
      0.006271     -0.040840
      0.009214     -0.041097
      0.011948     -0.041012
      0.014351     -0.040517
      0.016273     -0.039627
      0.017604     -0.038291
      0.018231     -0.036409
      0.018130     -0.033974
      0.017392     -0.030817
      0.016182     -0.027030
      0.014828     -0.022548
      0.013612     -0.017672
      0.012871     -0.012656
      0.012451     -0.007983
      0.012147     -0.004169
      0.010742     -0.001647
      0.007151     -0.000309
      0.000000      0.000000
      0.000000      0.000000
     -0.001848     -0.000277
     -0.003856     -0.001050
     -0.005916     -0.002247
     -0.007909     -0.003790
     -0.009755     -0.005629
     -0.011375     -0.007705
     -0.012726     -0.009974
     -0.013764     -0.012385
     -0.014476     -0.014899
     -0.014844     -0.017471
     -0.014874     -0.020073
     -0.014562     -0.022660
     -0.013923     -0.025213
     -0.012959     -0.027685
     -0.011694     -0.030061
     -0.010130     -0.032284
     -0.008300     -0.034350
     -0.006211     -0.036186
     -0.003910     -0.037802
     -0.001417     -0.039112
      0.001204     -0.040153
      0.003903     -0.040836
      0.006589     -0.041222
      0.009191     -0.041229
      0.011580     -0.040944
      0.013621     -0.040282
      0.015159     -0.039326
      0.016047     -0.037985
      0.016198     -0.036214
      0.015453     -0.033938
      0.014069     -0.030967
      0.012086     -0.027305
      0.010184     -0.022868
      0.008592     -0.017882
      0.007995     -0.012721
      0.008183     -0.007849
      0.008944     -0.003916
      0.008873     -0.001438
      0.006490     -0.000214
      0.000000      0.000000
      0.000000      0.000000
     -0.001320     -0.000255
     -0.002888     -0.000968
     -0.004564     -0.002097
     -0.006233     -0.003571
     -0.007800     -0.005360
     -0.009194     -0.007407
     -0.010362     -0.009676
     -0.011267     -0.012112
     -0.011887     -0.014673
     -0.012208     -0.017308
     -0.012228     -0.019976
     -0.011947     -0.022627
     -0.011375     -0.025227
     -0.010517     -0.027722
     -0.009391     -0.030087
     -0.008008     -0.032260
     -0.006389     -0.034232
     -0.004556     -0.035929
     -0.002532     -0.037362
     -0.000355     -0.038443
      0.001942     -0.039228
      0.004296     -0.039629
      0.006645     -0.039728
      0.008913     -0.039428
      0.010998     -0.038899
      0.012753     -0.038050
      0.013974     -0.037041
      0.014551     -0.035705
      0.014244     -0.034121
      0.012975     -0.032216
      0.010821     -0.029580
      0.008051     -0.026291
      0.005360     -0.022017
      0.003312     -0.017139
      0.002717     -0.011925
      0.003506     -0.007062
      0.005613     -0.003172
      0.007092     -0.000964
      0.006113     -0.000051
      0.000000      0.000000
      0.000000      0.000000
     -0.000859     -0.000217
     -0.002011     -0.000841
     -0.003320     -0.001847
     -0.004656     -0.003188
     -0.005932     -0.004844
     -0.007076     -0.006773
     -0.008041     -0.008938
     -0.008791     -0.011288
     -0.009304     -0.013778
     -0.009569     -0.016352
     -0.009580     -0.018964
     -0.009338     -0.021555
     -0.008850     -0.024085
     -0.008123     -0.026491
     -0.007171     -0.028745
     -0.006004     -0.030776
     -0.004641     -0.032575
     -0.003097     -0.034063
     -0.001396     -0.035254
      0.000437     -0.036057
      0.002371     -0.036540
      0.004368     -0.036614
      0.006376     -0.036379
      0.008346     -0.035713
      0.010175     -0.034891
      0.011708     -0.033794
      0.012764     -0.032659
      0.013203     -0.031221
      0.012722     -0.029886
      0.010973     -0.028407
      0.008298     -0.026320
      0.004534     -0.023508
      0.001203     -0.019747
     -0.001515     -0.015166
     -0.002158     -0.010216
     -0.000786     -0.005539
      0.002575     -0.001947
      0.005742     -0.000164
      0.006062      0.000237
      0.000000      0.000000
      0.000000      0.000000
     -0.000467     -0.000170
     -0.001265     -0.000668
     -0.002229     -0.001510
     -0.003247     -0.002660
     -0.004227     -0.004118
     -0.005115     -0.005848
     -0.005863     -0.007818
     -0.006447     -0.009980
     -0.006844     -0.012287
     -0.007046     -0.014683
     -0.007049     -0.017116
     -0.006852     -0.019527
     -0.006460     -0.021868
     -0.005880     -0.024077
     -0.005122     -0.026114
     -0.004196     -0.027918
     -0.003114     -0.029462
     -0.001891     -0.030681
     -0.000537     -0.031573
      0.000922     -0.032066
      0.002478     -0.032207
      0.004092     -0.031925
      0.005752     -0.031304
      0.007401     -0.030216
      0.008996     -0.029020
      0.010387     -0.027573
      0.011401     -0.026171
      0.011895     -0.024409
      0.011275     -0.023379
      0.009384     -0.022370
      0.005941     -0.020742
      0.001401     -0.018759
     -0.002985     -0.015507
     -0.006317     -0.011643
     -0.007192     -0.007141
     -0.005188     -0.002922
      0.000038      0.000130
      0.004952      0.001167
      0.006749      0.000750
      0.000000      0.000000
      0.000000      0.000000
     -0.000185     -0.000114
     -0.000681     -0.000471
     -0.001341     -0.001112
     -0.002058     -0.002029
     -0.002754     -0.003232
     -0.003388     -0.004693
     -0.003921     -0.006387
     -0.004337     -0.008267
     -0.004618     -0.010289
     -0.004758     -0.012397
     -0.004754     -0.014539
     -0.004606     -0.016656
     -0.004317     -0.018700
     -0.003893     -0.020609
     -0.003340     -0.022344
     -0.002667     -0.023842
     -0.001880     -0.025077
     -0.000990     -0.025984
     -0.000003     -0.026561
      0.001069     -0.026736
      0.002220     -0.026548
      0.003443     -0.025924
      0.004729     -0.024944
      0.006046     -0.023465
      0.007371     -0.021841
      0.008646     -0.019944
      0.009764     -0.018109
      0.010559     -0.015792
      0.010330     -0.014727
      0.008653     -0.013617
      0.005395     -0.012735
     -0.000139     -0.011500
     -0.005486     -0.009290
     -0.009992     -0.006063
     -0.011058     -0.002607
     -0.008042      0.001053
     -0.001128      0.003094
      0.005736      0.002913
      0.008610      0.001410
      0.000000      0.000000
      0.000000      0.000000
     -0.000005     -0.000055
     -0.000287     -0.000253
     -0.000685     -0.000682
     -0.001133     -0.001343
     -0.001569     -0.002254
     -0.001966     -0.003399
     -0.002299     -0.004748
     -0.002557     -0.006267
     -0.002730     -0.007908
     -0.002813     -0.009628
     -0.002806     -0.011372
     -0.002706     -0.013093
     -0.002520     -0.014739
     -0.002247     -0.016263
     -0.001895     -0.017617
     -0.001464     -0.018757
     -0.000964     -0.019645
     -0.000395     -0.020237
      0.000238     -0.020509
      0.000931     -0.020417
      0.001685     -0.019958
      0.002498     -0.019082
      0.003393     -0.017827
      0.004329     -0.016066
      0.005352     -0.014082
      0.006378     -0.011718
      0.007558     -0.009102
      0.008633     -0.005887
      0.008879     -0.004720
      0.007591     -0.002823
      0.003820     -0.001727
     -0.001519     -0.002218
     -0.008435     -0.000163
     -0.013250      0.001624
     -0.014128      0.003803
     -0.010698      0.006492
     -0.002118      0.006815
      0.006757      0.005037
      0.011182      0.002244
      0.000000      0.000000
      0.000000      0.000000
      0.000059     -0.000006
     -0.000066     -0.000066
     -0.000255     -0.000288
     -0.000481     -0.000689
     -0.000695     -0.001292
     -0.000895     -0.002077
     -0.001058     -0.003028
     -0.001186     -0.004109
     -0.001270     -0.005286
     -0.001310     -0.006523
     -0.001305     -0.007774
     -0.001254     -0.009005
     -0.001161     -0.010170
     -0.001024     -0.011236
     -0.000851     -0.012162
     -0.000635     -0.012917
     -0.000390     -0.013462
     -0.000104     -0.013774
      0.000206     -0.013816
      0.000558     -0.013572
      0.000934     -0.013001
      0.001364     -0.012093
      0.001822     -0.010805
      0.002338     -0.009113
      0.002874     -0.007029
      0.003534     -0.004582
      0.004307     -0.001650
      0.005275      0.001761
      0.005926      0.004315
      0.005576      0.008490
      0.003634      0.009233
     -0.002355      0.009179
     -0.010315      0.009851
     -0.014841      0.010706
     -0.015799      0.011454
     -0.010744      0.012281
     -0.001066      0.010568
      0.010227      0.006984
      0.014690      0.002609
      0.000000      0.000000
      0.000000      0.000000
      0.000030      0.000030
     -0.000006      0.000059
     -0.000054     -0.000006
     -0.000116     -0.000186
     -0.000176     -0.000477
     -0.000230     -0.000886
     -0.000276     -0.001383
     -0.000309     -0.001963
     -0.000333     -0.002591
     -0.000342     -0.003257
     -0.000341     -0.003924
     -0.000324     -0.004581
     -0.000299     -0.005193
     -0.000259     -0.005748
     -0.000211     -0.006215
     -0.000150     -0.006582
     -0.000082     -0.006823
     -0.000001     -0.006925
      0.000086     -0.006867
      0.000186     -0.006632
      0.000295     -0.006200
      0.000421     -0.005543
      0.000568     -0.004651
      0.000726     -0.003473
      0.000891     -0.001989
      0.001107     -0.000174
      0.001446      0.002137
      0.001877      0.005534
      0.002701      0.008638
      0.002472      0.014075
      0.004415      0.018083
     -0.001216      0.012595
     -0.010534      0.015798
     -0.016250      0.018118
     -0.015692      0.018916
     -0.009553      0.018116
      0.002200      0.014116
      0.014478      0.009200
      0.021310      0.003710
      0.000000      0.000000
      0.000000      0.000000
      0.000000      0.000000
      0.000000      0.000000
      0.000000      0.000000
      0.000000      0.000000
      0.000000      0.000000
      0.000000      0.000000
      0.000000      0.000000
      0.000000      0.000000
      0.000000      0.000000
      0.000000      0.000000
      0.000000      0.000000
      0.000000      0.000000
      0.000000      0.000000
      0.000000      0.000000
      0.000000      0.000000
      0.000000      0.000000
      0.000000      0.000000
      0.000000      0.000000
      0.000000      0.000000
      0.000000      0.000000
      0.000000      0.000000
      0.000000      0.000000
      0.000000      0.000000
      0.000000      0.000000
      0.000000      0.000000
      0.000000      0.000000
      0.000000      0.000000
      0.000000      0.000000
      0.000000      0.000000
      0.000000      0.000000
      0.000000      0.000000
      0.000000      0.000000
     -0.014296      0.013144
     -0.021269      0.020319
     -0.015439      0.022031
     -0.006873      0.020399
      0.006241      0.016818
      0.021721      0.010651
      0.026291      0.005325
      0.000000      0.000000
