#  ortho_006.txt
#  created by ORTHONORMALIZE::XY_WRITE
#  on September 10 2003  12:40:44.641 PM
#
#  Number of points =  1681
#
      0.000000      0.000001
      0.000000      0.000002
      0.000000      0.000000
      0.000000      0.000000
      0.000000      0.000000
      0.000000      0.000000
      0.000000      0.000000
      0.000000      0.000000
      0.000000      0.000000
      0.000000      0.000000
      0.000000      0.000000
      0.000000      0.000000
      0.000000      0.000000
      0.000000      0.000000
      0.000000      0.000000
      0.000000      0.000000
      0.000000      0.000000
      0.000000      0.000000
      0.000000      0.000000
      0.000000      0.000000
      0.000000      0.000000
      0.000000      0.000000
      0.000000      0.000000
      0.000000      0.000000
      0.000000      0.000000
      0.000000      0.000000
      0.000000      0.000000
      0.000000      0.000000
      0.000000      0.000000
      0.000000      0.000000
      0.000000      0.000000
      0.000000      0.000000
      0.000000      0.000000
      0.000000      0.000000
      0.000000      0.000000
      0.000000      0.000000
      0.000000      0.000000
      0.000000      0.000000
      0.000000      0.000000
      0.000000      0.000000
      0.000000      0.000000
      0.000000      0.000000
      0.001101     -0.005479
     -0.002774     -0.004387
     -0.003355      0.002227
     -0.008799      0.010558
     -0.023753      0.038943
     -0.024810      0.051857
     -0.013590      0.080452
     -0.000166      0.114576
     -0.006480      0.110716
      0.004162      0.091419
      0.009234      0.088754
      0.011040      0.069812
      0.008683      0.052932
      0.005605      0.041280
      0.003557      0.032760
      0.002531      0.027156
      0.001701      0.023722
      0.001246      0.021264
      0.000917      0.019498
      0.000736      0.018214
      0.000632      0.017118
      0.000583      0.016189
      0.000568      0.015266
      0.000562      0.014390
      0.000574      0.013459
      0.000572      0.012552
      0.000581      0.011594
      0.000570      0.010668
      0.000568      0.009721
      0.000546      0.008820
      0.000534      0.007927
      0.000504      0.007091
      0.000487      0.006284
      0.000462      0.005528
      0.000465      0.004794
      0.000513      0.004005
      0.000613      0.003085
      0.000696      0.001837
      0.000540      0.000540
      0.000000      0.000000
      0.000000      0.000000
      0.008764     -0.007274
     -0.001519     -0.008565
     -0.014850     -0.000430
     -0.030069      0.020818
     -0.033307      0.056353
     -0.039907      0.092343
     -0.017266      0.126259
     -0.005104      0.147198
      0.013296      0.143600
      0.024889      0.114046
      0.032493      0.098989
      0.031275      0.073761
      0.024358      0.052347
      0.016795      0.037034
      0.010849      0.028431
      0.007096      0.021822
      0.004609      0.018738
      0.003071      0.016157
      0.002164      0.015179
      0.001619      0.014111
      0.001385      0.013837
      0.001259      0.013158
      0.001284      0.012897
      0.001292      0.012187
      0.001378      0.011752
      0.001391      0.010924
      0.001451      0.010338
      0.001422      0.009450
      0.001433      0.008809
      0.001360      0.007952
      0.001329      0.007349
      0.001227      0.006600
      0.001179      0.006096
      0.001088      0.005481
      0.001136      0.005036
      0.001322      0.004362
      0.001774      0.003519
      0.002137      0.002120
      0.001835      0.000695
      0.000000      0.000000
      0.000000      0.000000
      0.018303     -0.006056
     -0.003284     -0.010755
     -0.041933     -0.001265
     -0.066514      0.018012
     -0.083150      0.062231
     -0.077984      0.095035
     -0.054018      0.108261
     -0.019268      0.117528
      0.018882      0.093956
      0.046360      0.064087
      0.056314      0.051412
      0.051802      0.035004
      0.039010      0.017032
      0.026978      0.007334
      0.017482      0.002042
      0.011088     -0.000937
      0.006737     -0.002336
      0.004047     -0.002256
      0.002481     -0.001914
      0.001670     -0.000975
      0.001309     -0.000200
      0.001246      0.000701
      0.001329      0.001266
      0.001487      0.001824
      0.001652      0.002055
      0.001789      0.002278
      0.001883      0.002266
      0.001916      0.002293
      0.001900      0.002191
      0.001828      0.002178
      0.001725      0.002122
      0.001588      0.002186
      0.001450      0.002257
      0.001338      0.002429
      0.001369      0.002588
      0.001737      0.002671
      0.002584      0.002401
      0.003487      0.001656
      0.003047      0.000574
      0.000000      0.000000
      0.000000      0.000000
      0.028401     -0.003840
     -0.000278     -0.009424
     -0.051782     -0.008289
     -0.091625      0.004373
     -0.110798      0.028106
     -0.099408      0.041877
     -0.068929      0.045412
     -0.017357      0.035085
      0.023915      0.019934
      0.060406      0.002869
      0.068325     -0.004182
      0.061779     -0.011606
      0.045694     -0.020570
      0.031242     -0.022423
      0.019290     -0.022758
      0.011287     -0.021507
      0.005932     -0.020666
      0.002688     -0.018116
      0.000885     -0.016294
      0.000062     -0.013624
     -0.000167     -0.011891
     -0.000022     -0.009691
      0.000303     -0.008453
      0.000688     -0.006870
      0.001059     -0.006122
      0.001355     -0.005046
      0.001562     -0.004620
      0.001659     -0.003842
      0.001664     -0.003530
      0.001577     -0.002845
      0.001429     -0.002472
      0.001231     -0.001737
      0.001026     -0.001205
      0.000858     -0.000375
      0.000939      0.000265
      0.001554      0.000985
      0.002785      0.001230
      0.004197      0.001027
      0.003845      0.000416
      0.000000      0.000000
      0.000000      0.000000
      0.033842     -0.002123
      0.005145     -0.008092
     -0.056309     -0.017506
     -0.101000     -0.019466
     -0.115878     -0.025484
     -0.098789     -0.027211
     -0.048018     -0.041369
      0.004372     -0.053997
      0.051838     -0.057497
      0.077829     -0.059259
      0.078177     -0.054711
      0.064372     -0.048527
      0.046370     -0.047686
      0.030365     -0.043069
      0.017916     -0.038516
      0.008875     -0.034505
      0.003203     -0.031112
     -0.000240     -0.027291
     -0.001927     -0.023920
     -0.002569     -0.020706
     -0.002500     -0.017916
     -0.002032     -0.015451
     -0.001378     -0.013439
     -0.000687     -0.011730
     -0.000067     -0.010370
      0.000435     -0.009223
      0.000774     -0.008282
      0.000958     -0.007431
      0.000984     -0.006657
      0.000888     -0.005864
      0.000687     -0.005056
      0.000428     -0.004160
      0.000144     -0.003209
     -0.000064     -0.002167
      0.000010     -0.001111
      0.000768     -0.000107
      0.002478      0.000545
      0.004548      0.000674
      0.004412      0.000314
      0.000000      0.000000
      0.000000      0.000000
      0.036812     -0.001220
      0.010398     -0.006630
     -0.047820     -0.017822
     -0.091127     -0.032300
     -0.107122     -0.051699
     -0.084211     -0.068961
     -0.038097     -0.088137
      0.012746     -0.097451
      0.053498     -0.098030
      0.071537     -0.089627
      0.070647     -0.080594
      0.056505     -0.068035
      0.039256     -0.059765
      0.024543     -0.051095
      0.012686     -0.044313
      0.004274     -0.038668
     -0.001139     -0.034108
     -0.004180     -0.029663
     -0.005544     -0.025730
     -0.005747     -0.022285
     -0.005255     -0.019252
     -0.004343     -0.016739
     -0.003290     -0.014612
     -0.002243     -0.012930
     -0.001336     -0.011509
     -0.000615     -0.010406
     -0.000130     -0.009421
      0.000135     -0.008602
      0.000181     -0.007771
      0.000059     -0.006975
     -0.000206     -0.006082
     -0.000549     -0.005140
     -0.000925     -0.004070
     -0.001214     -0.002933
     -0.001111     -0.001731
     -0.000104     -0.000596
      0.001961      0.000227
      0.004605      0.000469
      0.004831      0.000263
      0.000000      0.000000
      0.000000      0.000000
      0.039584     -0.000036
      0.020212     -0.003215
     -0.031438     -0.014673
     -0.071041     -0.031514
     -0.079918     -0.056255
     -0.063639     -0.077779
     -0.023674     -0.094379
      0.015221     -0.104289
      0.043080     -0.098810
      0.056413     -0.090083
      0.053186     -0.078982
      0.043001     -0.066943
      0.029543     -0.057002
      0.016928     -0.048268
      0.006635     -0.041795
     -0.001105     -0.036078
     -0.005719     -0.031592
     -0.008293     -0.027197
     -0.009122     -0.023569
     -0.008897     -0.020311
     -0.007901     -0.017565
     -0.006559     -0.015244
     -0.005080     -0.013404
     -0.003689     -0.011926
     -0.002490     -0.010752
     -0.001564     -0.009835
     -0.000942     -0.009056
     -0.000618     -0.008385
     -0.000570     -0.007709
     -0.000744     -0.007013
     -0.001091     -0.006214
     -0.001540     -0.005318
     -0.002022     -0.004287
     -0.002390     -0.003149
     -0.002332     -0.001929
     -0.001249     -0.000747
      0.001308      0.000130
      0.004642      0.000449
      0.005194      0.000253
      0.000000      0.000000
      0.000000      0.000000
      0.038882      0.001166
      0.024022     -0.000110
     -0.017362     -0.007484
     -0.048973     -0.023184
     -0.056878     -0.043884
     -0.042262     -0.063903
     -0.011237     -0.078737
      0.017064     -0.084893
      0.038306     -0.081780
      0.045455     -0.073721
      0.042282     -0.064278
      0.033184     -0.054566
      0.021425     -0.046211
      0.010398     -0.039389
      0.001178     -0.034400
     -0.005671     -0.029734
     -0.009836     -0.025897
     -0.011918     -0.022271
     -0.012321     -0.019248
     -0.011633     -0.016553
     -0.010186     -0.014308
     -0.008415     -0.012457
     -0.006538     -0.011030
     -0.004822     -0.009934
     -0.003352     -0.009109
     -0.002250     -0.008504
     -0.001514     -0.008017
     -0.001165     -0.007594
     -0.001141     -0.007142
     -0.001402     -0.006627
     -0.001864     -0.005983
     -0.002459     -0.005201
     -0.003081     -0.004255
     -0.003592     -0.003164
     -0.003532     -0.001975
     -0.002219     -0.000799
      0.000673      0.000083
      0.004576      0.000393
      0.005559      0.000239
      0.000000      0.000000
      0.000000      0.000000
      0.037133      0.001942
      0.027226      0.002805
     -0.008118     -0.000830
     -0.034640     -0.011432
     -0.039251     -0.026231
     -0.028306     -0.040718
     -0.004388     -0.050917
      0.017448     -0.055902
      0.032288     -0.053093
      0.038174     -0.048284
      0.034618     -0.041793
      0.026585     -0.035741
      0.015841     -0.030592
      0.005435     -0.026209
     -0.003103     -0.023374
     -0.009346     -0.020365
     -0.013030     -0.017836
     -0.014762     -0.015355
     -0.014813     -0.013350
     -0.013757     -0.011493
     -0.011920     -0.009977
     -0.009779     -0.008746
     -0.007567     -0.007888
     -0.005555     -0.007287
     -0.003867     -0.006900
     -0.002610     -0.006691
     -0.001809     -0.006554
     -0.001457     -0.006446
     -0.001505     -0.006264
     -0.001878     -0.005984
     -0.002496     -0.005534
     -0.003256     -0.004907
     -0.004052     -0.004082
     -0.004688     -0.003080
     -0.004740     -0.001942
     -0.003408     -0.000792
     -0.000034      0.000085
      0.004576      0.000422
      0.005890      0.000244
      0.000000      0.000000
      0.000000      0.000000
      0.034290      0.002086
      0.026149      0.004227
     -0.002168      0.003462
     -0.022638     -0.002732
     -0.026758     -0.011681
     -0.016970     -0.020602
      0.001865     -0.026601
      0.018244     -0.029045
      0.030085     -0.026987
      0.033457     -0.023968
      0.030430     -0.019971
      0.022608     -0.016757
      0.012903     -0.014246
      0.003027     -0.012281
     -0.005130     -0.011121
     -0.011139     -0.009822
     -0.014741     -0.008715
     -0.016351     -0.007581
     -0.016235     -0.006678
     -0.014964     -0.005784
     -0.012869     -0.005105
     -0.010470     -0.004603
     -0.007992     -0.004368
     -0.005770     -0.004308
     -0.003906     -0.004412
     -0.002561     -0.004625
     -0.001726     -0.004879
     -0.001427     -0.005102
     -0.001577     -0.005226
     -0.002116     -0.005196
     -0.002924     -0.004970
     -0.003906     -0.004517
     -0.004915     -0.003836
     -0.005764     -0.002931
     -0.005859     -0.001871
     -0.004317     -0.000765
     -0.000656      0.000083
      0.004502      0.000388
      0.006254      0.000237
      0.000000      0.000000
      0.000000      0.000000
      0.030805      0.002090
      0.024887      0.004825
     -0.000189      0.005998
     -0.017776      0.003077
     -0.019997     -0.001502
     -0.011572     -0.006041
      0.004008     -0.008619
      0.017721     -0.008916
      0.027016     -0.006577
      0.030041     -0.003934
      0.026975     -0.001264
      0.020095      0.000564
      0.011074      0.001414
      0.002015      0.001728
     -0.005765      0.001420
     -0.011580      0.001148
     -0.015192      0.000820
     -0.016813      0.000629
     -0.016672      0.000373
     -0.015300      0.000229
     -0.013076      0.000020
     -0.010502     -0.000262
     -0.007862     -0.000681
     -0.005480     -0.001214
     -0.003517     -0.001806
     -0.002117     -0.002473
     -0.001309     -0.003105
     -0.001088     -0.003684
     -0.001391     -0.004101
     -0.002119     -0.004345
     -0.003163     -0.004339
     -0.004385     -0.004081
     -0.005641     -0.003547
     -0.006677     -0.002765
     -0.006959     -0.001780
     -0.005471     -0.000723
     -0.001348      0.000106
      0.004506      0.000426
      0.006581      0.000245
      0.000000      0.000000
      0.000000      0.000000
      0.027588      0.001936
      0.021773      0.004832
      0.000558      0.006831
     -0.013923      0.006042
     -0.016321      0.004128
     -0.008793      0.002738
      0.004433      0.002678
      0.015991      0.004377
      0.024419      0.007470
      0.027122      0.010434
      0.025070      0.013015
      0.019085      0.014323
      0.011110      0.014611
      0.002697      0.013946
     -0.004766      0.012708
     -0.010530      0.011250
     -0.014217      0.009735
     -0.015971      0.008371
     -0.015929      0.007080
     -0.014623      0.005965
     -0.012390      0.004901
     -0.009783      0.003870
     -0.007069      0.002816
     -0.004637      0.001739
     -0.002631      0.000662
     -0.001253     -0.000412
     -0.000505     -0.001415
     -0.000421     -0.002307
     -0.000904     -0.003016
     -0.001872     -0.003503
     -0.003183     -0.003720
     -0.004702     -0.003642
     -0.006244     -0.003260
     -0.007569     -0.002588
     -0.007944     -0.001691
     -0.006281     -0.000688
     -0.001928      0.000108
      0.004443      0.000393
      0.006953      0.000238
      0.000000      0.000000
      0.000000      0.000000
      0.024442      0.001736
      0.019430      0.004475
     -0.000483      0.006824
     -0.013992      0.007050
     -0.015772      0.006755
     -0.009236      0.007079
      0.002227      0.008665
      0.012757      0.011673
      0.020638      0.015707
      0.024002      0.019432
      0.022942      0.022500
      0.018365      0.024170
      0.011495      0.024479
      0.003954      0.023645
     -0.003057      0.021912
     -0.008663      0.019797
     -0.012386      0.017441
     -0.014243      0.015194
     -0.014348      0.013030
     -0.013154      0.011068
     -0.011019      0.009243
     -0.008444      0.007527
     -0.005758      0.005904
     -0.003329      0.004319
     -0.001363      0.002829
     -0.000039      0.001381
      0.000590      0.000075
      0.000519     -0.001104
     -0.000187     -0.002048
     -0.001412     -0.002761
     -0.003023     -0.003164
     -0.004848     -0.003256
     -0.006705     -0.003009
     -0.008278     -0.002452
     -0.008918     -0.001625
     -0.007388     -0.000666
     -0.002602      0.000117
      0.004450      0.000424
      0.007274      0.000244
      0.000000      0.000000
      0.000000      0.000000
      0.021778      0.001525
      0.016354      0.004015
     -0.001355      0.006251
     -0.013382      0.006998
     -0.015854      0.007411
     -0.010374      0.008707
     -0.000489      0.011140
      0.008849      0.014976
      0.016387      0.019605
      0.020132      0.023997
      0.020309      0.027725
      0.017110      0.029942
      0.011718      0.030769
      0.005303      0.030129
     -0.000926      0.028446
     -0.006126      0.026057
     -0.009730      0.023300
     -0.011647      0.020464
     -0.011909      0.017693
     -0.010900      0.015079
     -0.008930      0.012654
     -0.006496      0.010391
     -0.003916      0.008298
     -0.001589      0.006316
      0.000283      0.004483
      0.001483      0.002759
      0.001963      0.001207
      0.001692     -0.000173
      0.000748     -0.001310
     -0.000765     -0.002184
     -0.002695     -0.002743
     -0.004870     -0.002963
     -0.007072     -0.002832
     -0.008999     -0.002358
     -0.009780     -0.001600
     -0.008109     -0.000678
     -0.003153      0.000087
      0.004386      0.000374
      0.007645      0.000233
      0.000000      0.000000
      0.000000      0.000000
      0.019313      0.001320
      0.014265      0.003511
     -0.002840      0.005538
     -0.014596      0.006357
     -0.016933      0.007047
     -0.012461      0.008571
     -0.004090      0.011245
      0.004330      0.015247
      0.011442      0.020122
      0.015722      0.024894
      0.016934      0.029148
      0.015251      0.032048
      0.011334      0.033476
      0.006265      0.033430
      0.001027      0.032062
     -0.003538      0.029840
     -0.006827      0.026988
     -0.008675      0.023921
     -0.009020      0.020786
     -0.008173      0.017766
     -0.006392      0.014925
     -0.004134      0.012272
     -0.001725      0.009846
      0.000455      0.007576
      0.002172      0.005520
      0.003218      0.003604
      0.003511      0.001910
      0.003027      0.000397
      0.001822     -0.000847
      0.000015     -0.001831
     -0.002248     -0.002485
     -0.004765     -0.002802
     -0.007323     -0.002751
     -0.009544     -0.002350
     -0.010660     -0.001632
     -0.009199     -0.000726
     -0.003839      0.000051
      0.004367      0.000385
      0.007948      0.000232
      0.000000      0.000000
      0.000000      0.000000
      0.017290      0.001142
      0.011831      0.003042
     -0.003809      0.004786
     -0.014654      0.005536
     -0.017761      0.006177
     -0.014345      0.007610
     -0.007302      0.010089
     -0.000003      0.013875
      0.006588      0.018507
      0.011017      0.023303
      0.013134      0.027761
      0.012732      0.031092
      0.010361      0.033148
      0.006724      0.033665
      0.002662      0.032889
     -0.001045      0.031006
     -0.003858      0.028403
     -0.005474      0.025351
     -0.005834      0.022151
     -0.005099      0.018949
     -0.003523      0.015912
     -0.001475      0.013047
      0.000712      0.010438
      0.002690      0.008021
      0.004206      0.005850
      0.005058      0.003863
      0.005141      0.002111
      0.004427      0.000566
      0.002960     -0.000717
      0.000856     -0.001732
     -0.001738     -0.002430
     -0.004619     -0.002788
     -0.007550     -0.002783
     -0.010165     -0.002414
     -0.011454     -0.001724
     -0.009882     -0.000820
     -0.004409     -0.000034
      0.004267      0.000307
      0.008293      0.000213
      0.000000      0.000000
      0.000000      0.000000
      0.015443      0.000994
      0.010292      0.002648
     -0.004924      0.004102
     -0.015648      0.004672
     -0.018649      0.005113
     -0.016104      0.006217
     -0.010386      0.008206
     -0.004083      0.011436
      0.001852      0.015526
      0.006362      0.019956
      0.009092      0.024319
      0.009858      0.027836
      0.008837      0.030276
      0.006619      0.031374
      0.003786      0.031128
      0.001028      0.029805
     -0.001130      0.027567
     -0.002411      0.024817
     -0.002638      0.021746
     -0.001968      0.018617
     -0.000537      0.015573
      0.001294      0.012688
      0.003256      0.010053
      0.005001      0.007628
      0.006295      0.005474
      0.006928      0.003520
      0.006788      0.001820
      0.005839      0.000326
      0.004111     -0.000908
      0.001719     -0.001890
     -0.001195     -0.002568
     -0.004417     -0.002925
     -0.007708     -0.002927
     -0.010634     -0.002573
     -0.012311     -0.001880
     -0.011018     -0.000957
     -0.005165     -0.000127
      0.004172      0.000290
      0.008548      0.000204
      0.000000      0.000000
      0.000000      0.000000
      0.013915      0.000870
      0.008480      0.002290
     -0.005569      0.003504
     -0.015519      0.003883
     -0.019095      0.004083
     -0.017345      0.004776
     -0.012647      0.006219
     -0.007356      0.008734
     -0.002116      0.012059
      0.002159      0.015873
      0.005231      0.019776
      0.006774      0.023153
      0.006908      0.025738
      0.005949      0.027159
      0.004316      0.027443
      0.002593      0.026605
      0.001154      0.024902
      0.000373      0.022539
      0.000334      0.019821
      0.001054      0.016917
      0.002349      0.014063
      0.004002      0.011311
      0.005713      0.008800
      0.007224      0.006494
      0.008268      0.004463
      0.008677      0.002645
      0.008306      0.001077
      0.007132     -0.000283
      0.005158     -0.001402
      0.002502     -0.002283
     -0.000712     -0.002890
     -0.004270     -0.003196
     -0.007922     -0.003170
     -0.011253     -0.002793
     -0.013114     -0.002087
     -0.011727     -0.001133
     -0.005808     -0.000264
      0.003989      0.000183
      0.008837      0.000177
      0.000000      0.000000
      0.000000      0.000000
      0.012505      0.000771
      0.007393      0.002019
     -0.006245      0.002995
     -0.016015      0.003192
     -0.019313      0.003135
     -0.018101      0.003435
     -0.014350      0.004258
     -0.009927      0.006031
     -0.005411      0.008474
     -0.001437      0.011489
      0.001740      0.014738
      0.003861      0.017716
      0.004864      0.020170
      0.004983      0.021745
      0.004434      0.022332
      0.003672      0.021979
      0.003015      0.020735
      0.002737      0.018886
      0.003012      0.016576
      0.003802      0.014069
      0.005057      0.011521
      0.006534      0.009058
      0.008041      0.006790
      0.009303      0.004724
      0.010113      0.002918
      0.010283      0.001325
      0.009695     -0.000030
      0.008298     -0.001186
      0.006102     -0.002127
      0.003200     -0.002855
     -0.000281     -0.003345
     -0.004134     -0.003566
     -0.008111     -0.003485
     -0.011737     -0.003078
     -0.014018     -0.002335
     -0.012966     -0.001335
     -0.006692     -0.000400
      0.003768      0.000145
      0.009015      0.000162
      0.000000      0.000000
      0.000000      0.000000
      0.011327      0.000683
      0.006051      0.001756
     -0.006557      0.002564
     -0.015566      0.002603
     -0.019193      0.002345
     -0.018431      0.002276
     -0.015318      0.002614
     -0.011625      0.003655
     -0.007752      0.005283
     -0.004183      0.007448
     -0.001086      0.009897
      0.001300      0.012299
      0.002907      0.014393
      0.003826      0.015871
      0.004169      0.016617
      0.004278      0.016555
      0.004321      0.015764
      0.004606      0.014362
      0.005179      0.012546
      0.006138      0.010473
      0.007352      0.008343
      0.008727      0.006244
      0.010024      0.004315
      0.011075      0.002561
      0.011644      0.001048
      0.011603     -0.000266
      0.010802     -0.001360
      0.009215     -0.002273
      0.006822     -0.002998
      0.003716     -0.003541
      0.000001     -0.003883
     -0.004128     -0.003992
     -0.008418     -0.003834
     -0.012431     -0.003371
     -0.014883     -0.002592
     -0.013749     -0.001547
     -0.007449     -0.000561
      0.003470      0.000024
      0.009227      0.000132
      0.000000      0.000000
      0.000000      0.000000
      0.010221      0.000615
      0.005289      0.001568
     -0.006897      0.002199
     -0.015651      0.002108
     -0.018851      0.001672
     -0.018303      0.001335
     -0.015731      0.001219
     -0.012617      0.001681
     -0.009298      0.002524
     -0.006134      0.003895
     -0.003198      0.005537
     -0.000704      0.007269
      0.001279      0.008879
      0.002773      0.010103
      0.003810      0.010813
      0.004606      0.010930
      0.005287      0.010435
      0.006038      0.009458
      0.006955      0.008075
      0.008050      0.006478
      0.009302      0.004783
      0.010566      0.003115
      0.011715      0.001572
      0.012553      0.000190
      0.012921     -0.000987
      0.012668     -0.001977
      0.011686     -0.002779
      0.009921     -0.003418
      0.007366     -0.003906
      0.004084     -0.004243
      0.000180     -0.004423
     -0.004169     -0.004411
     -0.008720     -0.004173
     -0.012981     -0.003664
     -0.015871     -0.002845
     -0.015113     -0.001754
     -0.008489     -0.000700
      0.003096     -0.000017
      0.009314      0.000116
      0.000000      0.000000
      0.000000      0.000000
      0.009293      0.000548
      0.004289      0.001367
     -0.006954      0.001882
     -0.014969      0.001683
     -0.018319      0.001124
     -0.017959      0.000565
     -0.015695      0.000158
     -0.012987      0.000118
     -0.010099      0.000392
     -0.007275      0.001055
     -0.004571      0.001973
     -0.002105      0.003046
      0.000051      0.004100
      0.001890      0.004971
      0.003397      0.005515
      0.004714      0.005662
      0.005872      0.005369
      0.007042      0.004702
      0.008223      0.003721
      0.009489      0.002550
      0.010754      0.001294
      0.011965      0.000053
      0.012967     -0.001090
      0.013640     -0.002094
      0.013820     -0.002928
      0.013393     -0.003596
      0.012251     -0.004108
      0.010344     -0.004482
      0.007659     -0.004739
      0.004243     -0.004878
      0.000187     -0.004899
     -0.004361     -0.004768
     -0.009157     -0.004450
     -0.013771     -0.003892
     -0.016800     -0.003047
     -0.015970     -0.001925
     -0.009355     -0.000838
      0.002686     -0.000126
      0.009448      0.000091
      0.000000      0.000000
      0.000000      0.000000
      0.008408      0.000500
      0.003767      0.001229
     -0.007054      0.001607
     -0.014783      0.001316
     -0.017655      0.000658
     -0.017306     -0.000040
     -0.015294     -0.000681
     -0.012882     -0.001038
     -0.010304     -0.001245
     -0.007785     -0.001109
     -0.005274     -0.000806
     -0.002915     -0.000310
     -0.000693      0.000232
      0.001320      0.000712
      0.003130      0.001038
      0.004779      0.001115
      0.006295      0.000923
      0.007747      0.000471
      0.009159     -0.000197
      0.010529     -0.001000
      0.011831     -0.001862
      0.012975     -0.002706
      0.013872     -0.003466
      0.014391     -0.004109
      0.014419     -0.004610
      0.013839     -0.004972
      0.012567     -0.005210
      0.010546     -0.005337
      0.007764     -0.005381
      0.004250     -0.005341
      0.000087     -0.005223
     -0.004593     -0.004993
     -0.009570     -0.004618
     -0.014366     -0.004044
     -0.017840     -0.003190
     -0.017423     -0.002057
     -0.010535     -0.000928
      0.002169     -0.000145
      0.009456      0.000082
      0.000000      0.000000
      0.000000      0.000000
      0.007665      0.000448
      0.003028      0.001069
     -0.006918      0.001360
     -0.013958      0.000992
     -0.016891      0.000259
     -0.016602     -0.000544
     -0.014703     -0.001312
     -0.012468     -0.001916
     -0.010108     -0.002395
     -0.007778     -0.002664
     -0.005463     -0.002790
     -0.003209     -0.002755
     -0.001026     -0.002649
      0.001051     -0.002509
      0.003003     -0.002436
      0.004845     -0.002452
      0.006569     -0.002630
      0.008212     -0.002927
      0.009761     -0.003369
      0.011210     -0.003862
      0.012516     -0.004399
      0.013610     -0.004886
      0.014411     -0.005317
      0.014807     -0.005632
      0.014711     -0.005849
      0.014007     -0.005941
      0.012639     -0.005952
      0.010529     -0.005872
      0.007687     -0.005748
      0.004104     -0.005565
     -0.000130     -0.005343
     -0.004937     -0.005042
     -0.010087     -0.004635
     -0.015195     -0.004057
     -0.018767     -0.003227
     -0.018294     -0.002109
     -0.011451     -0.000993
      0.001697     -0.000216
      0.009545      0.000070
      0.000000      0.000000
      0.000000      0.000000
      0.006950      0.000413
      0.002693      0.000968
     -0.006829      0.001144
     -0.013583      0.000699
     -0.016067     -0.000095
     -0.015715     -0.000963
     -0.013936     -0.001816
     -0.011826     -0.002536
     -0.009605     -0.003212
     -0.007440     -0.003706
     -0.005249     -0.004137
     -0.003125     -0.004409
     -0.000995     -0.004612
      0.001051     -0.004746
      0.003053     -0.004854
      0.004960     -0.004990
      0.006786     -0.005150
      0.008510     -0.005375
      0.010124     -0.005624
      0.011595     -0.005902
      0.012883     -0.006154
      0.013919     -0.006369
      0.014635     -0.006507
      0.014933     -0.006562
      0.014734     -0.006529
      0.013943     -0.006408
      0.012502     -0.006231
      0.010344     -0.005996
      0.007465     -0.005745
      0.003857     -0.005469
     -0.000412     -0.005184
     -0.005269     -0.004859
     -0.010520     -0.004459
     -0.015735     -0.003935
     -0.019759     -0.003161
     -0.019735     -0.002097
     -0.012703     -0.000992
      0.001084     -0.000194
      0.009513      0.000076
      0.000000      0.000000
      0.000000      0.000000
      0.006346      0.000373
      0.002163      0.000836
     -0.006533      0.000943
     -0.012657      0.000430
     -0.015174     -0.000423
     -0.014857     -0.001341
     -0.013127     -0.002240
     -0.011098     -0.003041
     -0.008975     -0.003785
     -0.006893     -0.004420
     -0.004820     -0.004991
     -0.002779     -0.005449
     -0.000741     -0.005838
      0.001256     -0.006132
      0.003228     -0.006380
      0.005131     -0.006566
      0.006971     -0.006742
      0.008703     -0.006873
      0.010324     -0.007004
      0.011770     -0.007076
      0.013024     -0.007128
      0.013990     -0.007093
      0.014639     -0.007016
      0.014847     -0.006840
      0.014584     -0.006625
      0.013722     -0.006329
      0.012249     -0.006026
      0.010059     -0.005680
      0.007184     -0.005363
      0.003565     -0.005037
     -0.000709     -0.004743
     -0.005626     -0.004429
     -0.010988     -0.004081
     -0.016477     -0.003630
     -0.020559     -0.002957
     -0.020508     -0.001980
     -0.013561     -0.000954
      0.000637     -0.000212
      0.009613      0.000082
      0.000000      0.000000
      0.000000      0.000000
      0.005762      0.000349
      0.001982      0.000762
     -0.006274      0.000766
     -0.012117      0.000176
     -0.014248     -0.000734
     -0.013879     -0.001700
     -0.012247     -0.002624
     -0.010298     -0.003447
     -0.008255     -0.004224
     -0.006260     -0.004890
     -0.004260     -0.005520
     -0.002318     -0.006039
     -0.000356     -0.006498
      0.001550     -0.006860
      0.003458     -0.007138
      0.005295     -0.007347
      0.007086     -0.007466
      0.008769     -0.007539
      0.010337     -0.007520
      0.011730     -0.007458
      0.012914     -0.007306
      0.013820     -0.007099
      0.014393     -0.006817
      0.014549     -0.006481
      0.014230     -0.006105
      0.013346     -0.005693
      0.011858     -0.005292
      0.009685     -0.004891
      0.006832     -0.004542
      0.003250     -0.004226
     -0.000994     -0.003963
     -0.005895     -0.003724
     -0.011278     -0.003471
     -0.016801     -0.003166
     -0.021340     -0.002640
     -0.021781     -0.001802
     -0.014789     -0.000858
     -0.000010     -0.000149
      0.009594      0.000102
      0.000000      0.000000
      0.000000      0.000000
      0.005265      0.000316
      0.001628      0.000649
     -0.005830      0.000592
     -0.011090     -0.000070
     -0.013246     -0.001048
     -0.012936     -0.002061
     -0.011371     -0.003019
     -0.009508     -0.003864
     -0.007545     -0.004629
     -0.005613     -0.005296
     -0.003698     -0.005900
     -0.001822     -0.006411
      0.000046     -0.006852
      0.001874     -0.007190
      0.003690     -0.007445
      0.005443     -0.007590
      0.007154     -0.007649
      0.008752     -0.007598
      0.010248     -0.007469
      0.011557     -0.007233
      0.012677     -0.006935
      0.013505     -0.006537
      0.014031     -0.006109
      0.014135     -0.005607
      0.013802     -0.005118
      0.012910     -0.004594
      0.011454     -0.004140
      0.009318     -0.003700
      0.006529     -0.003368
      0.003003     -0.003085
     -0.001187     -0.002910
     -0.006082     -0.002769
     -0.011526     -0.002668
     -0.017282     -0.002528
     -0.021852     -0.002195
     -0.022314     -0.001529
     -0.015459     -0.000737
     -0.000329     -0.000127
      0.009761      0.000122
      0.000000      0.000000
      0.000000      0.000000
      0.004784      0.000298
      0.001582      0.000589
     -0.005400      0.000431
     -0.010370     -0.000318
     -0.012203     -0.001372
     -0.011881     -0.002452
     -0.010449     -0.003443
     -0.008694     -0.004301
     -0.006836     -0.005057
     -0.004996     -0.005691
     -0.003162     -0.006247
     -0.001378     -0.006694
      0.000401     -0.007062
      0.002125     -0.007321
      0.003838     -0.007476
      0.005482     -0.007526
      0.007083     -0.007451
      0.008579     -0.007282
      0.009968     -0.006984
      0.011191     -0.006606
      0.012221     -0.006120
      0.012993     -0.005575
      0.013461     -0.004969
      0.013551     -0.004339
      0.013215     -0.003715
      0.012362     -0.003105
      0.010962     -0.002587
      0.008913     -0.002133
      0.006224     -0.001825
      0.002799     -0.001611
     -0.001283     -0.001543
     -0.006099     -0.001565
     -0.011474     -0.001651
     -0.017194     -0.001758
     -0.022217     -0.001677
     -0.023225     -0.001243
     -0.016565     -0.000606
     -0.000975     -0.000068
      0.009786      0.000143
      0.000000      0.000000
      0.000000      0.000000
      0.004374      0.000269
      0.001389      0.000481
     -0.004800      0.000261
     -0.009212     -0.000574
     -0.011060     -0.001718
     -0.010826     -0.002872
     -0.009508     -0.003928
     -0.007891     -0.004825
     -0.006156     -0.005582
     -0.004422     -0.006197
     -0.002698     -0.006696
     -0.001008     -0.007074
      0.000661     -0.007344
      0.002283     -0.007494
      0.003880     -0.007529
      0.005411     -0.007438
      0.006895     -0.007227
      0.008275     -0.006889
      0.009560     -0.006440
      0.010681     -0.005873
      0.011635     -0.005227
      0.012337     -0.004491
      0.012772     -0.003732
      0.012852     -0.002929
      0.012551     -0.002184
      0.011762     -0.001451
      0.010458     -0.000873
      0.008539     -0.000373
      0.005993     -0.000095
      0.002727      0.000067
     -0.001223     -0.000010
     -0.005937     -0.000197
     -0.011330     -0.000528
     -0.017233     -0.000888
     -0.022279     -0.001103
     -0.023376     -0.000928
     -0.016932     -0.000503
     -0.001102     -0.000073
      0.010025      0.000152
      0.000000      0.000000
      0.000000      0.000000
      0.003986      0.000252
      0.001477      0.000422
     -0.004182      0.000094
     -0.008276     -0.000845
     -0.009844     -0.002091
     -0.009636     -0.003348
     -0.008491     -0.004477
     -0.007037     -0.005434
     -0.005465     -0.006219
     -0.003876     -0.006834
     -0.002284     -0.007300
     -0.000724     -0.007616
      0.000820     -0.007798
      0.002314     -0.007840
      0.003780     -0.007744
      0.005181     -0.007516
      0.006531     -0.007141
      0.007788     -0.006649
      0.008950     -0.006010
      0.009973     -0.005277
      0.010834     -0.004427
      0.011485     -0.003526
      0.011883     -0.002563
      0.011975     -0.001590
      0.011724     -0.000656
      0.011033      0.000203
      0.009863      0.000899
      0.008112      0.001486
      0.005776      0.001788
      0.002721      0.001907
     -0.000995      0.001706
     -0.005544      0.001314
     -0.010735      0.000721
     -0.016516      0.000022
     -0.021972     -0.000560
     -0.023695     -0.000722
     -0.017865     -0.000522
     -0.001805     -0.000150
      0.010027      0.000126
      0.000000      0.000000
      0.000000      0.000000
      0.003663      0.000221
      0.001451      0.000309
     -0.003403     -0.000086
     -0.006945     -0.001129
     -0.008499     -0.002485
     -0.008393     -0.003855
     -0.007404     -0.005092
     -0.006137     -0.006144
     -0.004748     -0.006988
     -0.003329     -0.007649
     -0.001905     -0.008112
     -0.000496     -0.008415
      0.000893     -0.008533
      0.002243     -0.008508
      0.003560     -0.008302
      0.004819     -0.007965
      0.006025     -0.007448
      0.007148     -0.006815
      0.008184     -0.006013
      0.009095     -0.005117
      0.009864     -0.004085
      0.010450     -0.003007
      0.010823     -0.001850
      0.010937     -0.000678
      0.010743      0.000450
      0.010167      0.001470
      0.009138      0.002339
      0.007629      0.003092
      0.005540      0.003473
      0.002828      0.003614
     -0.000671      0.003322
     -0.004955      0.002799
     -0.010057      0.001880
     -0.015888      0.000847
     -0.021418     -0.000146
     -0.023361     -0.000665
     -0.017907     -0.000699
     -0.001820     -0.000354
      0.010185      0.000058
      0.000000      0.000000
      0.000000      0.000000
      0.003370      0.000204
      0.001684      0.000247
     -0.002578     -0.000258
     -0.005757     -0.001410
     -0.007053     -0.002885
     -0.006990     -0.004383
     -0.006193     -0.005736
     -0.005130     -0.006904
     -0.003955     -0.007845
     -0.002738     -0.008584
     -0.001507     -0.009097
     -0.000283     -0.009427
      0.000926     -0.009540
      0.002105     -0.009492
      0.003251     -0.009231
      0.004349     -0.008831
      0.005394     -0.008218
      0.006372     -0.007496
      0.007265     -0.006561
      0.008060     -0.005560
      0.008722     -0.004360
      0.009240     -0.003156
      0.009576     -0.001782
      0.009695     -0.000464
      0.009552      0.000918
      0.009089      0.002069
      0.008269      0.003243
      0.006964      0.004222
      0.005227      0.004821
      0.002891      0.005040
     -0.000185      0.004796
     -0.004107      0.004182
     -0.008680      0.002975
     -0.014266      0.001492
     -0.020140     -0.000045
     -0.022810     -0.001020
     -0.018693     -0.001344
     -0.002826     -0.000883
      0.009828     -0.000130
      0.000000      0.000000
      0.000000      0.000000
      0.003133      0.000180
      0.001825      0.000151
     -0.001625     -0.000398
     -0.004241     -0.001640
     -0.005477     -0.003203
     -0.005496     -0.004829
     -0.004872     -0.006291
     -0.004016     -0.007610
     -0.003066     -0.008644
     -0.002063     -0.009525
     -0.001056     -0.010095
     -0.000033     -0.010539
      0.000966     -0.010662
      0.001957     -0.010695
      0.002906     -0.010399
      0.003830     -0.010052
      0.004694     -0.009365
      0.005513     -0.008675
      0.006247     -0.007635
      0.006909     -0.006650
      0.007448     -0.005313
      0.007882     -0.004104
      0.008146     -0.002546
      0.008232     -0.001214
      0.008052      0.000431
      0.007671      0.001635
      0.006999      0.003177
      0.005930      0.004261
      0.004460      0.005287
      0.002586      0.005646
      0.000028      0.005660
     -0.003059      0.004942
     -0.007374      0.003474
     -0.012828      0.001575
     -0.018924     -0.000556
     -0.021903     -0.001938
     -0.018568     -0.002445
     -0.003109     -0.001705
      0.009397     -0.000428
      0.000000      0.000000
      0.000000      0.000000
      0.002921      0.000182
      0.002144      0.000192
     -0.000654     -0.000387
     -0.002862     -0.001612
     -0.003833     -0.003226
     -0.003882     -0.004875
     -0.003429     -0.006435
     -0.002785     -0.007789
     -0.002059     -0.008958
     -0.001290     -0.009867
     -0.000506     -0.010583
      0.000289     -0.011029
      0.001076     -0.011300
      0.001854     -0.011301
      0.002606     -0.011150
      0.003334     -0.010739
      0.004018     -0.010200
      0.004665     -0.009418
      0.005241     -0.008534
      0.005762     -0.007436
      0.006178     -0.006265
      0.006513     -0.004917
      0.006702     -0.003528
      0.006762     -0.002072
      0.006575     -0.000603
      0.006197      0.000873
      0.005704      0.002516
      0.004775      0.003803
      0.003700      0.005006
      0.002060      0.005895
      0.000834      0.006260
     -0.001808      0.005422
     -0.004968      0.003511
     -0.009993      0.000839
     -0.015999     -0.002020
     -0.019898     -0.004050
     -0.019327     -0.004881
     -0.005034     -0.003525
      0.007616     -0.001132
      0.000000      0.000000
      0.000000      0.000000
      0.002644      0.000237
      0.002237      0.000396
      0.000255     -0.000003
     -0.001376     -0.001000
     -0.002195     -0.002506
     -0.002283     -0.003962
     -0.001972     -0.005504
     -0.001524     -0.006699
     -0.001012     -0.007904
     -0.000467     -0.008663
      0.000091     -0.009459
      0.000663     -0.009754
      0.001231     -0.010137
      0.001797     -0.009977
      0.002346     -0.009967
      0.002881     -0.009380
      0.003386     -0.009012
      0.003861     -0.008042
      0.004290     -0.007365
      0.004670     -0.006073
      0.004981     -0.005150
      0.005213     -0.003605
      0.005339     -0.002510
      0.005353     -0.000891
      0.005231      0.000271
      0.004968      0.002056
      0.004615      0.003340
      0.003743      0.004444
      0.002536      0.005651
      0.001025      0.006963
      0.000957      0.007399
     -0.001141      0.005625
     -0.003017      0.002822
     -0.007442     -0.001761
     -0.013816     -0.005621
     -0.018668     -0.008230
     -0.020468     -0.008967
     -0.007089     -0.006372
      0.004660     -0.002175
      0.000000      0.000000
      0.000000      0.000000
      0.002226      0.000354
      0.002137      0.000909
      0.000805      0.000942
     -0.000349      0.000348
     -0.000873     -0.000683
     -0.000942     -0.001806
     -0.000751     -0.002909
     -0.000483     -0.003828
     -0.000160     -0.004640
      0.000171     -0.005191
      0.000530     -0.005632
      0.000882     -0.005782
      0.001253     -0.005841
      0.001608     -0.005590
      0.001973     -0.005278
      0.002312     -0.004646
      0.002652     -0.003995
      0.002957     -0.003022
      0.003249     -0.002083
      0.003495     -0.000826
      0.003706      0.000324
      0.003854      0.001780
      0.003922      0.003033
      0.003917      0.004535
      0.003803      0.005748
      0.003597      0.007388
      0.003241      0.008323
      0.002585      0.008649
      0.000776      0.009335
     -0.000750      0.011564
      0.001675      0.010312
      0.000440      0.007456
      0.002996      0.001825
     -0.001387     -0.004806
     -0.007548     -0.009649
     -0.014373     -0.015768
     -0.020645     -0.016921
     -0.010927     -0.012335
     -0.001745     -0.005092
      0.000000      0.000000
      0.000000      0.000000
      0.001421      0.000493
      0.001423      0.001434
      0.000824      0.002110
      0.000194      0.002123
     -0.000090      0.001819
     -0.000169      0.001308
     -0.000052      0.000903
      0.000052      0.000521
      0.000236      0.000358
      0.000373      0.000253
      0.000576      0.000393
      0.000725      0.000594
      0.000937      0.001052
      0.001091      0.001570
      0.001305      0.002346
      0.001454      0.003173
      0.001661      0.004250
      0.001794      0.005364
      0.001983      0.006702
      0.002086      0.008065
      0.002240      0.009597
      0.002286      0.011139
      0.002377      0.012750
      0.002352      0.014352
      0.002378      0.015885
      0.002177      0.017636
      0.001832      0.018774
      0.001211      0.019160
      0.000718      0.019762
      0.001727      0.022764
      0.006872      0.020946
      0.009453      0.014750
      0.015878      0.004545
      0.009085     -0.004901
     -0.002362     -0.015662
     -0.013769     -0.028789
     -0.025479     -0.026910
     -0.020225     -0.021604
     -0.012998     -0.008051
      0.000000      0.000000
      0.000000      0.000000
      0.000444      0.000444
      0.000494      0.001419
      0.000323      0.002201
      0.000166      0.002526
      0.000082      0.002654
      0.000068      0.002679
      0.000094      0.002723
      0.000125      0.002847
      0.000173      0.003021
      0.000213      0.003312
      0.000267      0.003657
      0.000312      0.004137
      0.000369      0.004668
      0.000417      0.005349
      0.000476      0.006074
      0.000525      0.006958
      0.000583      0.007878
      0.000630      0.008961
      0.000685      0.010065
      0.000726      0.011329
      0.000772      0.012591
      0.000800      0.013992
      0.000825      0.015363
      0.000837      0.016857
      0.000879      0.018252
      0.000857      0.019752
      0.000648      0.020975
      0.000408      0.021507
      0.000350      0.022866
      0.001263      0.026240
      0.005356      0.027082
      0.007585      0.017174
      0.024740      0.016723
      0.027741     -0.003716
      0.016694     -0.036741
     -0.004916     -0.052949
     -0.026755     -0.049151
     -0.030551     -0.038567
     -0.035259     -0.017643
      0.000000      0.000000
      0.000000      0.000000
      0.000000      0.000000
      0.000000      0.000000
      0.000000      0.000000
      0.000000      0.000000
      0.000000      0.000000
      0.000000      0.000000
      0.000000      0.000000
      0.000000      0.000000
      0.000000      0.000000
      0.000000      0.000000
      0.000000      0.000000
      0.000000      0.000000
      0.000000      0.000000
      0.000000      0.000000
      0.000000      0.000000
      0.000000      0.000000
      0.000000      0.000000
      0.000000      0.000000
      0.000000      0.000000
      0.000000      0.000000
      0.000000      0.000000
      0.000000      0.000000
      0.000000      0.000000
      0.000000      0.000000
      0.000000      0.000000
      0.000000      0.000000
      0.000000      0.000000
      0.000000      0.000000
      0.000000      0.000000
      0.000000      0.000000
      0.000000      0.000000
      0.000000      0.000000
      0.046894      0.024671
      0.062213     -0.003939
      0.041348     -0.047743
      0.006507     -0.064949
     -0.035219     -0.068848
     -0.056262     -0.049049
     -0.052169     -0.028202
      0.000000      0.000000
