    0.000000000000000D+00    0.000000000000000D+00
    0.000000000000000D+00    0.000000000000000D+00
    0.000000000000000D+00    0.000000000000000D+00
    0.000000000000000D+00    0.000000000000000D+00
    0.000000000000000D+00    0.000000000000000D+00
    0.000000000000000D+00    0.000000000000000D+00
    0.000000000000000D+00    0.000000000000000D+00
    0.000000000000000D+00    0.000000000000000D+00
    0.000000000000000D+00    0.000000000000000D+00
    0.000000000000000D+00    0.000000000000000D+00
    0.000000000000000D+00    0.000000000000000D+00
    0.000000000000000D+00    0.000000000000000D+00
    0.000000000000000D+00    0.000000000000000D+00
    0.000000000000000D+00    0.000000000000000D+00
    0.000000000000000D+00    0.000000000000000D+00
    0.000000000000000D+00    0.000000000000000D+00
    0.000000000000000D+00    0.000000000000000D+00
    0.000000000000000D+00    0.000000000000000D+00
    0.000000000000000D+00    0.000000000000000D+00
    0.000000000000000D+00    0.000000000000000D+00
    0.000000000000000D+00    0.000000000000000D+00
    0.000000000000000D+00    0.000000000000000D+00
    0.000000000000000D+00    0.000000000000000D+00
    0.000000000000000D+00    0.000000000000000D+00
    0.000000000000000D+00    0.000000000000000D+00
    0.000000000000000D+00    0.000000000000000D+00
    0.000000000000000D+00    0.000000000000000D+00
    0.000000000000000D+00    0.000000000000000D+00
    0.000000000000000D+00    0.000000000000000D+00
    0.000000000000000D+00    0.000000000000000D+00
    0.000000000000000D+00    0.000000000000000D+00
    0.000000000000000D+00    0.000000000000000D+00
    0.000000000000000D+00    0.000000000000000D+00
    0.000000000000000D+00    0.000000000000000D+00
    0.000000000000000D+00    0.000000000000000D+00
    0.000000000000000D+00    0.000000000000000D+00
    0.000000000000000D+00    0.000000000000000D+00
    0.000000000000000D+00    0.000000000000000D+00
    0.000000000000000D+00    0.000000000000000D+00
    0.000000000000000D+00    0.000000000000000D+00
    0.000000000000000D+00    0.000000000000000D+00
    0.000000000000000D+00    0.000000000000000D+00
   -0.632383015324981D-04    0.367150356514972D-03
    0.283132080320340D-02   -0.454621414963749D-02
    0.551534049284998D-02   -0.131390412724966D-01
    0.648217118938965D-02   -0.228520962455036D-01
    0.727680980326124D-02   -0.371081403711263D-01
    0.510855935301297D-02   -0.451933998658423D-01
    0.184410002599057D-02   -0.512574286402149D-01
   -0.262393147867233D-03   -0.571702562586358D-01
    0.712218416621742D-03   -0.553926768197337D-01
   -0.320227391146153D-03   -0.542563972371124D-01
   -0.806023454331138D-03   -0.536677194957118D-01
   -0.112026869833940D-02   -0.516579206853037D-01
   -0.112842676928815D-02   -0.495572268957028D-01
   -0.102532477551899D-02   -0.474304341614269D-01
   -0.939283647717946D-03   -0.455606129894163D-01
   -0.869909378482031D-03   -0.437126454962846D-01
   -0.803735465538543D-03   -0.421517801277968D-01
   -0.757208562122965D-03   -0.405773019620968D-01
   -0.727923665499138D-03   -0.391816780274893D-01
   -0.723108866382364D-03   -0.377293111832639D-01
   -0.737128702479704D-03   -0.363530269981778D-01
   -0.772968126250188D-03   -0.348596704834549D-01
   -0.823623501666471D-03   -0.333524621412165D-01
   -0.889623444808514D-03   -0.316797283920419D-01
   -0.965144670353731D-03   -0.299278126733287D-01
   -0.104695586417543D-02   -0.279829273571003D-01
   -0.113094546751139D-02   -0.259260002769884D-01
   -0.120955323262041D-02   -0.236794983998943D-01
   -0.128154267549643D-02   -0.213262441063206D-01
   -0.133510091657398D-02   -0.188263329226365D-01
   -0.137326170612738D-02   -0.162648556034890D-01
   -0.138016115792707D-02   -0.136420385165540D-01
   -0.136136098217446D-02   -0.110407624440048D-01
   -0.130099621411868D-02   -0.850105199424482D-02
   -0.120825058730720D-02   -0.609665478038868D-02
   -0.105539967543369D-02   -0.394440138192346D-02
   -0.848594816015993D-03   -0.208255255266009D-02
   -0.529603614237063D-03   -0.766365915299299D-03
   -0.983570400164719D-04   -0.983570400158890D-04
    0.000000000000000D+00    0.000000000000000D+00
    0.000000000000000D+00    0.000000000000000D+00
    0.424230209465510D-02   -0.222824053795725D-02
    0.124843020909645D-01   -0.109077302325182D-01
    0.206973299271534D-01   -0.258164300351562D-01
    0.232374676355630D-01   -0.442037248819271D-01
    0.205539100440783D-01   -0.653522034523619D-01
    0.148181373025673D-01   -0.805973656441078D-01
    0.678811612660430D-02   -0.919550618207764D-01
    0.194609398597940D-02   -0.973670788623909D-01
   -0.810142988882973D-03   -0.978190229949474D-01
   -0.225320461316875D-02   -0.954137890103305D-01
   -0.358917405582863D-02   -0.940191507816272D-01
   -0.408688090504130D-02   -0.901437622451867D-01
   -0.416299150358771D-02   -0.868473161217106D-01
   -0.388274715996003D-02   -0.828669928066088D-01
   -0.359604260338556D-02   -0.799484409146161D-01
   -0.329846408748437D-02   -0.764740131303064D-01
   -0.306133852558680D-02   -0.739102411558653D-01
   -0.287644600691671D-02   -0.708880204262896D-01
   -0.277201662385655D-02   -0.685544676248087D-01
   -0.274103829215723D-02   -0.657587575066493D-01
   -0.278702162837679D-02   -0.634255222085357D-01
   -0.289975818092659D-02   -0.605934261838159D-01
   -0.307381849172757D-02   -0.580245681298220D-01
   -0.329373912105502D-02   -0.549319939903638D-01
   -0.355343544119140D-02   -0.519514412028191D-01
   -0.382853659092226D-02   -0.484502369030242D-01
   -0.411523948733048D-02   -0.449694645546648D-01
   -0.437951294105268D-02   -0.410141151643861D-01
   -0.462132703967741D-02   -0.370569983840224D-01
   -0.480062853959453D-02   -0.327243986571845D-01
   -0.492067669414247D-02   -0.284408963960883D-01
   -0.494361370395467D-02   -0.239350266374988D-01
   -0.487013467763652D-02   -0.195968212052038D-01
   -0.467233454449130D-02   -0.152398516064214D-01
   -0.432915427821752D-02   -0.112344420078557D-01
   -0.381214632611392D-02   -0.748632163687922D-02
   -0.302449294016190D-02   -0.438010384922978D-02
   -0.197092524219240D-02   -0.191631739095017D-02
   -0.744402343435607D-03   -0.499763014403597D-03
    0.000000000000000D+00    0.000000000000000D+00
    0.000000000000000D+00    0.000000000000000D+00
    0.994250295514443D-02   -0.443101869809861D-02
    0.256566509219091D-01   -0.151588499606173D-01
    0.407872798116883D-01   -0.339894192780686D-01
    0.459171272348874D-01   -0.552098704734491D-01
    0.415012958144783D-01   -0.802019053351869D-01
    0.301609455199627D-01   -0.991823964403405D-01
    0.168173366986852D-01   -0.111595968192751D+00
    0.637654311079397D-02   -0.119829335618909D+00
   -0.196516363685699D-03   -0.120679954107033D+00
   -0.401987639784032D-02   -0.118940998162825D+00
   -0.661748646021219D-02   -0.117226298552506D+00
   -0.778838131297736D-02   -0.113401447273717D+00
   -0.784695892375704D-02   -0.109379243152791D+00
   -0.759887983187333D-02   -0.105120789661607D+00
   -0.710832382433873D-02   -0.101390984338110D+00
   -0.663336254616173D-02   -0.975467930227879D-01
   -0.619405629515920D-02   -0.941176915677281D-01
   -0.586742222655853D-02   -0.906710799261604D-01
   -0.568434221144371D-02   -0.874883897466560D-01
   -0.564010978677205D-02   -0.842063155136164D-01
   -0.574699048167758D-02   -0.810104085999265D-01
   -0.597527090894847D-02   -0.776067855108975D-01
   -0.632709858095508D-02   -0.741276534340517D-01
   -0.676443041461785D-02   -0.703510259989752D-01
   -0.727686580152767D-02   -0.663844865718127D-01
   -0.782418980966675D-02   -0.620702460717677D-01
   -0.838176344057818D-02   -0.575150538381371D-01
   -0.891101323052012D-02   -0.526200281987424D-01
   -0.937511420971558D-02   -0.475073494041791D-01
   -0.974102881910236D-02   -0.421330220716725D-01
   -0.996582988003230D-02   -0.366416343436937D-01
   -0.100260167813698D-01   -0.310402806686558D-01
   -0.987746062454589D-02   -0.254928210874023D-01
   -0.950237371460299D-02   -0.200591287004079D-01
   -0.884020392611567D-02   -0.149145084824936D-01
   -0.784590477679882D-02   -0.101863098718243D-01
   -0.637861816207836D-02   -0.609509341714097D-02
   -0.439889934948916D-02   -0.283454972715701D-02
   -0.198630600532894D-02   -0.768102324625645D-03
    0.000000000000000D+00    0.000000000000000D+00
    0.000000000000000D+00    0.000000000000000D+00
    0.179157602160940D-01   -0.478105208264421D-02
    0.406613222605489D-01   -0.159024510613279D-01
    0.603648928854193D-01   -0.337943051769324D-01
    0.684501025617467D-01   -0.549726063661324D-01
    0.630217827487903D-01   -0.779346707032569D-01
    0.474449149222819D-01   -0.979930548436748D-01
    0.286690217271048D-01   -0.112858549819867D+00
    0.124504318814405D-01   -0.122678605769951D+00
    0.109504185365496D-02   -0.126985692757421D+00
   -0.577844105770592D-02   -0.127665967474507D+00
   -0.989130248319031D-02   -0.126506409514827D+00
   -0.114647396493088D-01   -0.123697410690251D+00
   -0.118879485416079D-01   -0.119987272034248D+00
   -0.115546439454145D-01   -0.116366234382643D+00
   -0.109824749538527D-01   -0.112606700284749D+00
   -0.103018499977758D-01   -0.109029311561640D+00
   -0.973105549187365D-02   -0.105359128843490D+00
   -0.927508928985653D-02   -0.101963346923293D+00
   -0.905457032405799D-02   -0.984500115487277D-01
   -0.902036392782231D-02   -0.950759294310002D-01
   -0.922676662873719D-02   -0.914668939649405D-01
   -0.960444103688106D-02   -0.878543196280384D-01
   -0.101794828314637D-01   -0.838896259223213D-01
   -0.108720669448721D-01   -0.797994639234278D-01
   -0.116895990021355D-01   -0.752745860604820D-01
   -0.125435912562803D-01   -0.705473647543690D-01
   -0.134270143852058D-01   -0.653619914143398D-01
   -0.142452115374448D-01   -0.599599406164530D-01
   -0.149816060794485D-01   -0.541525557858569D-01
   -0.155418647578446D-01   -0.481870734095791D-01
   -0.159065685607457D-01   -0.419531172876842D-01
   -0.159916297127613D-01   -0.356955772324158D-01
   -0.157755820922065D-01   -0.293880460425088D-01
   -0.151868609743391D-01   -0.232662080794138D-01
   -0.141691956325475D-01   -0.173907335909168D-01
   -0.126307909823969D-01   -0.119889998034105D-01
   -0.104029561416662D-01   -0.724809224871093D-02
   -0.732634375687393D-02   -0.344099969607836D-02
   -0.364779908998762D-02   -0.910218247167197D-03
    0.000000000000000D+00    0.000000000000000D+00
    0.000000000000000D+00    0.000000000000000D+00
    0.263924176591140D-01   -0.391560407597219D-02
    0.545326226263136D-01   -0.125341937694738D-01
    0.798082225347037D-01   -0.278332042750329D-01
    0.906815361557084D-01   -0.455717072063768D-01
    0.843580040563563D-01   -0.653896981921792D-01
    0.653663591361944D-01   -0.851394509382437D-01
    0.416291245031393D-01   -0.101093662220550D+00
    0.201059564197670D-01   -0.113592792451111D+00
    0.441689720436223D-02   -0.121239508028105D+00
   -0.524089809158773D-02   -0.124968736827223D+00
   -0.110800987102700D-01   -0.126018613262505D+00
   -0.137998041802090D-01   -0.124974840395975D+00
   -0.148446932141669D-01   -0.122818865612869D+00
   -0.149153894082678D-01   -0.120131931728981D+00
   -0.144005141974881D-01   -0.117166821526710D+00
   -0.137420724150541D-01   -0.114059388301237D+00
   -0.131068737366769D-01   -0.110801843710256D+00
   -0.126573204876968D-01   -0.107593587917950D+00
   -0.124513474011762D-01   -0.104272427180556D+00
   -0.125123851773119D-01   -0.100916733153987D+00
   -0.128553861360672D-01   -0.973564095132325D-01
   -0.134448610345996D-01   -0.936492030756348D-01
   -0.142726424235126D-01   -0.896352252137604D-01
   -0.152769717203285D-01   -0.853637228826229D-01
   -0.164236526589972D-01   -0.807103614782816D-01
   -0.176417737115010D-01   -0.757266112610986D-01
   -0.188698829411855D-01   -0.703389964928947D-01
   -0.200373709495745D-01   -0.646084309731274D-01
   -0.210593395620612D-01   -0.585230119288041D-01
   -0.218740724909735D-01   -0.521582728485682D-01
   -0.223846724400937D-01   -0.455682386128680D-01
   -0.225457965695677D-01   -0.388482300553197D-01
   -0.222573535684790D-01   -0.321132436345529D-01
   -0.214834013260996D-01   -0.254869195703936D-01
   -0.200914083986297D-01   -0.191386481823915D-01
   -0.180029741743405D-01   -0.132356864296228D-01
   -0.149565359032430D-01   -0.803847537532260D-02
   -0.107904762487813D-01   -0.383620288291888D-02
   -0.552443084343808D-02   -0.101843303854386D-02
    0.000000000000000D+00    0.000000000000000D+00
    0.000000000000000D+00    0.000000000000000D+00
    0.319087662209577D-01   -0.247296527308555D-02
    0.650094348196513D-01   -0.836385462408513D-02
    0.931675042933143D-01   -0.187304023330619D-01
    0.107196420539869D+00   -0.322717070595413D-01
    0.103616226255602D+00   -0.482220488446606D-01
    0.838147857150733D-01   -0.662950357025437D-01
    0.574934783425110D-01   -0.833210038408832D-01
    0.319685020174422D-01   -0.978961121692526D-01
    0.118371094143312D-01   -0.108874313585547D+00
   -0.161933540234560D-02   -0.115825933884574D+00
   -0.100205959488725D-01   -0.119590361048175D+00
   -0.144729043720724D-01   -0.120934984489721D+00
   -0.165701654059257D-01   -0.120684425231317D+00
   -0.172337067903873D-01   -0.119398247188119D+00
   -0.170892215391757D-01   -0.117443831274920D+00
   -0.166054643317045D-01   -0.115132708633132D+00
   -0.160954060804155D-01   -0.112483131489239D+00
   -0.157417427099536D-01   -0.109741808446861D+00
   -0.156547550051303D-01   -0.106762907598157D+00
   -0.158703919147549D-01   -0.103672239495107D+00
   -0.164167897758582D-01   -0.100293233075531D+00
   -0.172600441188023D-01   -0.967293788204715D-01
   -0.183901038291703D-01   -0.927974259185055D-01
   -0.197353611214994D-01   -0.885885980037003D-01
   -0.212575028057934D-01   -0.839426278540010D-01
   -0.228613974854323D-01   -0.789557207354187D-01
   -0.244857238890421D-01   -0.735064120703603D-01
   -0.260205111744805D-01   -0.677041847624954D-01
   -0.273877071431101D-01   -0.614804187010425D-01
   -0.284732569171457D-01   -0.549630745541238D-01
   -0.291935485579104D-01   -0.481475598608173D-01
   -0.294439600262845D-01   -0.411834613011928D-01
   -0.291393977581131D-01   -0.341360587070832D-01
   -0.281851241301059D-01   -0.271803860216952D-01
   -0.264505136478098D-01   -0.204573876833422D-01
   -0.237892800553211D-01   -0.141817615110015D-01
   -0.198968267106949D-01   -0.861945314164121D-02
   -0.144426820126209D-01   -0.411893887651530D-02
   -0.758088397059288D-02   -0.108851674105418D-02
    0.000000000000000D+00    0.000000000000000D+00
    0.000000000000000D+00    0.000000000000000D+00
    0.353249834260234D-01   -0.896017207162071D-03
    0.707012862439733D-01   -0.325787857902170D-02
    0.102800056268645D+00   -0.915527875855942D-02
    0.120457771979440D+00   -0.180138775681257D-01
    0.119094049332273D+00   -0.299291440159692D-01
    0.100739659032478D+00   -0.457433333610178D-01
    0.734877548387154D-01   -0.626580352452859D-01
    0.455488167753359D-01   -0.786468995339305D-01
    0.220825806734497D-01   -0.922159356828728D-01
    0.525728903549393D-02   -0.102190064934586D+00
   -0.614876764148541D-02   -0.108897464299031D+00
   -0.128197793856354D-01   -0.112797748734524D+00
   -0.165178991106438D-01   -0.114732858958977D+00
   -0.181728276858604D-01   -0.115137873562811D+00
   -0.186742933244206D-01   -0.114515657157085D+00
   -0.186344766918541D-01   -0.113227419710934D+00
   -0.184250252570345D-01   -0.111417327283675D+00
   -0.183309046746962D-01   -0.109293318173090D+00
   -0.184631459526912D-01   -0.106841470113982D+00
   -0.189228923496911D-01   -0.104138794105118D+00
   -0.197296740628217D-01   -0.101114665261702D+00
   -0.208811439634466D-01   -0.978074808935769D-01
   -0.223482470548446D-01   -0.941314267248365D-01
   -0.240752820170657D-01   -0.900992117749620D-01
   -0.259966938909315D-01   -0.856423420720847D-01
   -0.280287528274851D-01   -0.807696551234124D-01
   -0.300711905161095D-01   -0.754468177879917D-01
   -0.320270320453478D-01   -0.696898692769617D-01
   -0.337651256401169D-01   -0.635143587650511D-01
   -0.351890419677183D-01   -0.569530512670629D-01
   -0.361490062500620D-01   -0.500846690383686D-01
   -0.365623608690961D-01   -0.429685702230890D-01
   -0.362690073645540D-01   -0.357538898861045D-01
   -0.351939999115119D-01   -0.285411549487611D-01
   -0.331237799245315D-01   -0.215551282271978D-01
   -0.299118853539757D-01   -0.149705204336280D-01
   -0.251403014335495D-01   -0.911939574306101D-02
   -0.184780105453554D-01   -0.436326093780445D-02
   -0.977988544401371D-02   -0.115687007760977D-02
    0.000000000000000D+00    0.000000000000000D+00
    0.000000000000000D+00    0.000000000000000D+00
    0.359916308623755D-01    0.190498872971650D-03
    0.732697569020007D-01    0.558653791318881D-03
    0.106894700181269D+00   -0.954281989107332D-03
    0.128060785161361D+00   -0.526016240164374D-02
    0.131613885617932D+00   -0.131152972925331D-01
    0.116475625006669D+00   -0.260020454362298D-01
    0.906598345865516D-01   -0.416197713859468D-01
    0.616735374043063D-01   -0.581871162577901D-01
    0.354094909311172D-01   -0.735578568937713D-01
    0.150464858779443D-01   -0.860856348337643D-01
    0.520304650278539D-03   -0.955957154725736D-01
   -0.884874537566186D-02   -0.102048096000365D+00
   -0.144890429280657D-01   -0.106181099144178D+00
   -0.175529220230772D-01   -0.108379353429193D+00
   -0.190489394159780D-01   -0.109223396978302D+00
   -0.197018354274267D-01   -0.109093212311113D+00
   -0.200032725210179D-01   -0.108241994279743D+00
   -0.203016869359946D-01   -0.106861784299882D+00
   -0.207793319035308D-01   -0.105030040260176D+00
   -0.215604354983307D-01   -0.102832681091564D+00
   -0.226998438121173D-01   -0.100250475624224D+00
   -0.242008709135357D-01   -0.973216688804917D-01
   -0.260494586136264D-01   -0.939883796441632D-01
   -0.281815994823298D-01   -0.902642141966456D-01
   -0.305401967131473D-01   -0.860881840455616D-01
   -0.330187795578368D-01   -0.814724288899019D-01
   -0.355257313512939D-01   -0.763725518379481D-01
   -0.379253360745096D-01   -0.708115710300266D-01
   -0.400980104182844D-01   -0.647804469169792D-01
   -0.418920616744932D-01   -0.583255965872110D-01
   -0.431722085443377D-01   -0.514915523404173D-01
   -0.437868839433219D-01   -0.443611019626903D-01
   -0.435895360614726D-01   -0.370488610660422D-01
   -0.424276599569231D-01   -0.296900204863706D-01
   -0.400841196477109D-01   -0.224886837325967D-01
   -0.363188417583071D-01   -0.156627279192981D-01
   -0.306518162911560D-01   -0.955915893315046D-02
   -0.225569819380527D-01   -0.457970708841116D-02
   -0.120799099654463D-01   -0.121627401786197D-02
    0.000000000000000D+00    0.000000000000000D+00
    0.000000000000000D+00    0.000000000000000D+00
    0.347314386270225D-01    0.112431559401905D-02
    0.716256075818793D-01    0.371361102163078D-02
    0.107654287106977D+00    0.561009409898091D-02
    0.132545107208039D+00    0.511619660012906D-02
    0.140320319226085D+00    0.122800339547489D-02
    0.129776289301143D+00   -0.837489735981081D-02
    0.106381155079689D+00   -0.220856810893630D-01
    0.778097838032123D-01   -0.380033244354518D-01
    0.499801673202197D-01   -0.542703496442688D-01
    0.269927360392492D-01   -0.685030393098431D-01
    0.946934840703306D-02   -0.802547809571820D-01
   -0.250796932334024D-02   -0.890256578740017D-01
   -0.104326514783802D-01   -0.952841440388270D-01
   -0.151858148797554D-01   -0.993692339257376D-01
   -0.180160580405733D-01   -0.101781395791979D+00
   -0.196338431084526D-01   -0.102948958309451D+00
   -0.206690012215137D-01   -0.103153665752970D+00
   -0.215302275204772D-01   -0.102642124969706D+00
   -0.224705960063180D-01   -0.101526462670261D+00
   -0.236703662288763D-01   -0.999377133798467D-01
   -0.252025886738939D-01   -0.978867784174877D-01
   -0.271070730024840D-01   -0.954268120479232D-01
   -0.293654069970321D-01   -0.925286583274434D-01
   -0.319366555248369D-01   -0.892018206123720D-01
   -0.347479682570638D-01   -0.854091746273296D-01
   -0.377075789438542D-01   -0.811437751786472D-01
   -0.406964781364670D-01   -0.763817539699981D-01
   -0.435899237615089D-01   -0.711143391972891D-01
   -0.462261352806767D-01   -0.653528787443134D-01
   -0.484635282457459D-01   -0.591007589618580D-01
   -0.501066156535791D-01   -0.524293949275773D-01
   -0.510139378328151D-01   -0.453701911241454D-01
   -0.509599361582119D-01   -0.380788567164586D-01
   -0.497973754422424D-01   -0.306401432207330D-01
   -0.472103146646134D-01   -0.233163984402211D-01
   -0.429427179662047D-01   -0.162974071629203D-01
   -0.363825511875380D-01   -0.998538107652248D-02
   -0.270113041054098D-01   -0.479643651645411D-02
   -0.145124638647956D-01   -0.127892536449746D-02
    0.000000000000000D+00    0.000000000000000D+00
    0.000000000000000D+00    0.000000000000000D+00
    0.322622685069456D-01    0.160867615101990D-02
    0.685455966729666D-01    0.568796883579578D-02
    0.104620844595825D+00    0.101087809486436D-01
    0.132374635561850D+00    0.129680065256284D-01
    0.145356598057448D+00    0.124893995140102D-01
    0.139902065791645D+00    0.635366199949987D-02
    0.120878651321620D+00   -0.451866154449113D-02
    0.941386426311336D-01   -0.190822214636755D-01
    0.659522347990266D-01   -0.350672204307182D-01
    0.409559954629253D-01   -0.502979422951962D-01
    0.207687874821832D-01   -0.636842617223141D-01
    0.597833707809443D-02   -0.744237601440452D-01
   -0.437014239611593D-02   -0.826602948143449D-01
   -0.111671477682342D-01   -0.885546177942045D-01
   -0.155630755906513D-01   -0.925769981140760D-01
   -0.184000285293135D-01   -0.950746830181503D-01
   -0.203652336315437D-01   -0.964085725763180D-01
   -0.219506896112406D-01   -0.968207972827396D-01
   -0.234868751725003D-01   -0.964982906016962D-01
   -0.251915614326089D-01   -0.955802277032138D-01
   -0.271909982674992D-01   -0.941301978948991D-01
   -0.295375475048082D-01   -0.922062921649711D-01
   -0.322463271801563D-01   -0.898105294283057D-01
   -0.352721660938754D-01   -0.869571181743949D-01
   -0.385649347072380D-01   -0.836209513716763D-01
   -0.420153516068060D-01   -0.797960121013633D-01
   -0.455220252142707D-01   -0.754547837295006D-01
   -0.489274050048158D-01   -0.705877663167855D-01
   -0.520848324352378D-01   -0.651877948567428D-01
   -0.548009396754498D-01   -0.592603313518959D-01
   -0.568926622131846D-01   -0.528448238542088D-01
   -0.581458842533224D-01   -0.459843970877182D-01
   -0.583404128099520D-01   -0.387959119282916D-01
   -0.572373549369378D-01   -0.313909101324010D-01
   -0.545014926833264D-01   -0.240024156574121D-01
   -0.497621339862064D-01   -0.168588569318216D-01
   -0.423251651810530D-01   -0.103738317428203D-01
   -0.314388566019089D-01   -0.500236976433627D-02
   -0.170419523104371D-01   -0.133826734826991D-02
    0.000000000000000D+00    0.000000000000000D+00
    0.000000000000000D+00    0.000000000000000D+00
    0.287537169107625D-01    0.193495938846580D-02
    0.627914814279399D-01    0.688414268354064D-02
    0.994516274655994D-01    0.131017860270551D-01
    0.129747217129349D+00    0.183617463950772D-01
    0.146929743009527D+00    0.210314176824054D-01
    0.147053791366829D+00    0.182849706350000D-01
    0.132545445745299D+00    0.103787785402942D-01
    0.108839151556915D+00   -0.190039324628198D-02
    0.814904382134180D-01   -0.169223704721493D-01
    0.556205052515071D-01   -0.321578482676674D-01
    0.334473804136609D-01   -0.464791496093135D-01
    0.162767007191507D-01   -0.586493677650648D-01
    0.348070604578610D-02   -0.685401790832208D-01
   -0.542124772323324D-02   -0.761013376314884D-01
   -0.116351948495379D-01   -0.816593233291603D-01
   -0.158773324292176D-01   -0.855257612719128D-01
   -0.189845897130313D-01   -0.880225223283472D-01
   -0.214556744996016D-01   -0.894414730491765D-01
   -0.237181929697199D-01   -0.899702488641318D-01
   -0.260318396536602D-01   -0.897985735824682D-01
   -0.285635362084916D-01   -0.890057119577983D-01
   -0.314074378400361D-01   -0.876832218530269D-01
   -0.345902178755670D-01   -0.858477788681321D-01
   -0.380989141867244D-01   -0.835307370906133D-01
   -0.418785089481007D-01   -0.807168386701431D-01
   -0.458423614574886D-01   -0.774017746766316D-01
   -0.498724229012526D-01   -0.735627769792285D-01
   -0.538260105623893D-01   -0.691780051335797D-01
   -0.575251540444004D-01   -0.642420289653177D-01
   -0.607845208463317D-01   -0.587327902181336D-01
   -0.633683659856695D-01   -0.526956161103111D-01
   -0.650632943193959D-01   -0.461304970586717D-01
   -0.655689072386263D-01   -0.391746831365292D-01
   -0.646337350295141D-01   -0.318880685252786D-01
   -0.618109313820928D-01   -0.245464967348017D-01
   -0.566884924480354D-01   -0.173416860092505D-01
   -0.484202835200091D-01   -0.107400397892303D-01
   -0.362624721778632D-01   -0.520421970355378D-02
   -0.197045815208402D-01   -0.140226342354404D-02
    0.000000000000000D+00    0.000000000000000D+00
    0.000000000000000D+00    0.000000000000000D+00
    0.250792202551405D-01    0.203044612836942D-02
    0.570092559109084D-01    0.747855687284295D-02
    0.923548111448053D-01    0.147035309675101D-01
    0.124074993594468D+00    0.219069470902483D-01
    0.145184881757210D+00    0.269643515134807D-01
    0.150447627488769D+00    0.273955613591122D-01
    0.141466123886854D+00    0.228115333302839D-01
    0.121723975690610D+00    0.131596554898190D-01
    0.964689384345734D-01    0.939815334935642D-04
    0.707016431455860D-01   -0.144825549383308D-01
    0.472487296949902D-01   -0.289964461780056D-01
    0.279893586713478D-01   -0.420925508845939D-01
    0.129376923264001D-01   -0.532954055920182D-01
    0.181926433408493D-02   -0.622982478207445D-01
   -0.628752886013342D-02   -0.692982766517080D-01
   -0.121379238807976D-01   -0.744763374811674D-01
   -0.165353394692191D-01   -0.781570472402409D-01
   -0.200504910636860D-01   -0.805955823734659D-01
   -0.231606079514276D-01   -0.820273728943931D-01
   -0.261729074844590D-01   -0.826365988578007D-01
   -0.293121335429642D-01   -0.825503716091727D-01
   -0.326921766629844D-01   -0.818685241588648D-01
   -0.363874608437723D-01   -0.806399129219149D-01
   -0.403868346753729D-01   -0.789042174561521D-01
   -0.446717311082556D-01   -0.766631242799351D-01
   -0.491450313532058D-01   -0.739156812283807D-01
   -0.537168693464630D-01   -0.706419973840728D-01
   -0.582206804790736D-01   -0.668185813837358D-01
   -0.624996533239059D-01   -0.624274402453189D-01
   -0.663255479239719D-01   -0.574429353493065D-01
   -0.694747979709491D-01   -0.518800186867672D-01
   -0.716654391058101D-01   -0.457405873616651D-01
   -0.725928161632795D-01   -0.391161923355085D-01
   -0.719081264204347D-01   -0.320819612321385D-01
   -0.691223766015746D-01   -0.248693291452431D-01
   -0.636908119828470D-01   -0.176990712917183D-01
   -0.546527386337886D-01   -0.110364999663402D-01
   -0.409781799518867D-01   -0.538402005212482D-02
   -0.224569685039501D-01   -0.145910199746156D-02
    0.000000000000000D+00    0.000000000000000D+00
    0.000000000000000D+00    0.000000000000000D+00
    0.210007291724960D-01    0.204020239323544D-02
    0.497645726817086D-01    0.759026403918453D-02
    0.842510086481404D-01    0.154635062084434D-01
    0.116915999921913D+00    0.238531740893832D-01
    0.141017129509786D+00    0.310210953999402D-01
    0.151199594570066D+00    0.342267061612344D-01
    0.147309812293252D+00    0.327669677978607D-01
    0.132075573790090D+00    0.261429659444965D-01
    0.109645380375507D+00    0.153240167801240D-01
    0.849722330050317D-01    0.222466965591666D-02
    0.611278790826002D-01   -0.118491713246671D-01
    0.404864207277236D-01   -0.252145816833122D-01
    0.235276644324752D-01   -0.372431082408757D-01
    0.104215424642315D-01   -0.473727425324113D-01
    0.383753810526301D-03   -0.555999511031428D-01
   -0.712278632141361D-02   -0.620127888524978D-01
   -0.129576568814896D-01   -0.668311980209525D-01
   -0.176370767129546D-01   -0.703127688229487D-01
   -0.217184693217099D-01   -0.726640524135768D-01
   -0.255275739665058D-01   -0.741017258879181D-01
   -0.293422678800681D-01   -0.747555230768333D-01
   -0.333157009568081D-01   -0.747596290708892D-01
   -0.375459536721840D-01   -0.741737085710534D-01
   -0.420608647635610D-01   -0.730607451393418D-01
   -0.468466125544137D-01   -0.714328421941876D-01
   -0.518387177962241D-01   -0.692994515313823D-01
   -0.569403170927877D-01   -0.666461143427127D-01
   -0.620089672284884D-01   -0.634460797755411D-01
   -0.668676265155650D-01   -0.596810424733654D-01
   -0.713012744484328D-01   -0.553050615043741D-01
   -0.750448870429446D-01   -0.503310796129941D-01
   -0.778138029258812D-01   -0.447197527697329D-01
   -0.792298464393188D-01   -0.385681589086052D-01
   -0.789133992204161D-01   -0.318921760887775D-01
   -0.762595020995043D-01   -0.249483353309042D-01
   -0.706448132304027D-01   -0.179034823695717D-01
   -0.609341026646491D-01   -0.112678812846396D-01
   -0.460849744352925D-01   -0.553740236755959D-02
   -0.253306325743874D-01   -0.151638012503944D-02
    0.000000000000000D+00    0.000000000000000D+00
    0.000000000000000D+00    0.000000000000000D+00
    0.172058899157822D-01    0.196706712516462D-02
    0.432286808400433D-01    0.749593687425931D-02
    0.754619305789809D-01    0.155412344707787D-01
    0.108080197717969D+00    0.248057220212422D-01
    0.134366584218123D+00    0.333727843905337D-01
    0.148545001381897D+00    0.389832456710820D-01
    0.149867399819805D+00    0.404581274106798D-01
    0.139423529120919D+00    0.368456994130336D-01
    0.120772176486575D+00    0.288553882209109D-01
    0.981525779724910D-01    0.176789239248897D-01
    0.748006587469334D-01    0.477967266840627D-02
    0.534266252591168D-01   -0.830803135535581D-02
    0.350134186054565D-01   -0.206750562224192D-01
    0.200863737977257D-01   -0.315685696216044D-01
    0.822689440976413D-02   -0.408049203136535D-01
   -0.100560649144980D-02   -0.482909330790690D-01
   -0.832946920201289D-02   -0.541924175542094D-01
   -0.142873807920813D-01   -0.586739259237391D-01
   -0.194284530876513D-01   -0.619569506216844D-01
   -0.241195014854453D-01   -0.642286553666548D-01
   -0.286799892120343D-01   -0.656524763150107D-01
   -0.332875231138691D-01   -0.663631434347127D-01
   -0.380902324975203D-01   -0.664502113541995D-01
   -0.431244933947127D-01   -0.659861446917549D-01
   -0.484220191172236D-01   -0.650024659806727D-01
   -0.539154758340030D-01   -0.635184058062692D-01
   -0.595467399740636D-01   -0.615262952246009D-01
   -0.651598518141090D-01   -0.590047306547489D-01
   -0.706082511718005D-01   -0.559266763184234D-01
   -0.756473520104834D-01   -0.522465183293988D-01
   -0.800292188322079D-01   -0.479474410332182D-01
   -0.834140176505710D-01   -0.429895013935765D-01
   -0.854135791556825D-01   -0.374162229848265D-01
   -0.855581849883268D-01   -0.312489608077833D-01
   -0.831739935608983D-01   -0.246795284177430D-01
   -0.774954995025122D-01   -0.178902962449177D-01
   -0.672218551564367D-01   -0.113668806461192D-01
   -0.509607869961818D-01   -0.563921445810763D-02
   -0.282634624744686D-01   -0.155557915065289D-02
    0.000000000000000D+00    0.000000000000000D+00
    0.000000000000000D+00    0.000000000000000D+00
    0.133388152138271D-01    0.185811097823658D-02
    0.359312276816475D-01    0.715233891934948D-02
    0.663743130209907D-01    0.152184825776848D-01
    0.985330591747287D-01    0.248475942741776D-01
    0.126219289464847D+00    0.345906632179983D-01
    0.143853233248717D+00    0.421039302377981D-01
    0.149640193957014D+00    0.462105074060062D-01
    0.143989752533125D+00    0.455860910436173D-01
    0.129309888713533D+00    0.404038393745796D-01
    0.109419241652486D+00    0.316508110248131D-01
    0.873640735142943D-01    0.203485876376708D-01
    0.660242778319511D-01    0.816009720688250D-02
    0.467622188103846D-01   -0.402799489162903D-02
    0.304566940135375D-01   -0.152523771764070D-01
    0.169815431265857D-01   -0.251540486653078D-01
    0.614831360069926D-02   -0.335119135019511D-01
   -0.268542019568669D-02   -0.403410136577479D-01
   -0.995306995388110D-02   -0.457690527876689D-01
   -0.162328667854891D-01   -0.499406723623735D-01
   -0.218742696195072D-01   -0.530566000963513D-01
   -0.272406989614628D-01   -0.552548198121045D-01
   -0.325344067101324D-01   -0.566981120066574D-01
   -0.379317295209196D-01   -0.574765437390528D-01
   -0.435075348742279D-01   -0.576871898433940D-01
   -0.493058080155803D-01   -0.573716366906827D-01
   -0.552991994478866D-01   -0.565644116572946D-01
   -0.614306858739106D-01   -0.552684279960794D-01
   -0.675799108085131D-01   -0.534648373953731D-01
   -0.735907670704814D-01   -0.511328803724474D-01
   -0.792438661218210D-01   -0.482119306454685D-01
   -0.842644581092746D-01   -0.446856699524832D-01
   -0.883160140131157D-01   -0.404746590163826D-01
   -0.909534324934371D-01   -0.356206805082491D-01
   -0.916642281678341D-01   -0.300783633322356D-01
   -0.896685840831145D-01   -0.240456792146244D-01
   -0.840771268468942D-01   -0.176302964898314D-01
   -0.733964497036194D-01   -0.113432235362854D-01
   -0.561740497106364D-01   -0.568648005547163D-02
   -0.312795777910703D-01   -0.159049839329629D-02
    0.000000000000000D+00    0.000000000000000D+00
    0.000000000000000D+00    0.000000000000000D+00
    0.988301733330043D-02    0.172660883323050D-02
    0.296208597230797D-01    0.676809683271248D-02
    0.573230310043833D-01    0.145864109802306D-01
    0.882992471429451D-01    0.244043550089964D-01
    0.116587766265265D+00    0.347505848919875D-01
    0.136655876516425D+00    0.438002619546116D-01
    0.146453782878877D+00    0.500910119604686D-01
    0.145315706022354D+00    0.522000724366249D-01
    0.135021770730008D+00    0.500018824114507D-01
    0.118474506368591D+00    0.438399660621650D-01
    0.984915816835244D-01    0.347027817957041D-01
    0.779512900972923D-01    0.238791007238078D-01
    0.584467294851325D-01    0.124065839519913D-01
    0.411974292974993D-01    0.129966273485773D-02
    0.264088433311845D-01   -0.893049809357173D-02
    0.140980187206976D-01   -0.178781309139074D-01
    0.383427367916737D-02   -0.254795521770273D-01
   -0.476810728044208D-02   -0.317224772419875D-01
   -0.122110695836947D-01   -0.367366056859892D-01
   -0.188593143270433D-01   -0.406534790677471D-01
   -0.250787857497187D-01   -0.436279741983280D-01
   -0.310948685964080D-01   -0.458006695532002D-01
   -0.371183978724175D-01   -0.472856801305078D-01
   -0.432388506503325D-01   -0.481829462722381D-01
   -0.495438622221764D-01   -0.485527036562600D-01
   -0.560116187715276D-01   -0.484430713256870D-01
   -0.626290703475835D-01   -0.478651310163419D-01
   -0.692737466385952D-01   -0.468152814793639D-01
   -0.758291198591917D-01   -0.452662534119283D-01
   -0.820628007825979D-01   -0.431690506555190D-01
   -0.877266597672891D-01   -0.404788548640262D-01
   -0.924512717960789D-01   -0.371222199948763D-01
   -0.957835296637014D-01   -0.330824269189427D-01
   -0.971449369858833D-01   -0.283158747302981D-01
   -0.956627621647834D-01   -0.229360105778315D-01
   -0.903153771810232D-01   -0.170499501964405D-01
   -0.793748973629658D-01   -0.111123101901653D-01
   -0.609742436987577D-01   -0.564047908487941D-02
   -0.342842924964857D-01   -0.159203885302835D-02
    0.000000000000000D+00    0.000000000000000D+00
    0.000000000000000D+00    0.000000000000000D+00
    0.651221049971731D-02    0.157916964177077D-02
    0.229343494392725D-01    0.625074796780476D-02
    0.483789362961965D-01    0.137615667374527D-01
    0.779222850017627D-01    0.234265322402999D-01
    0.106207227827944D+00    0.342174961679777D-01
    0.128133312054445D+00    0.443231182326360D-01
    0.141142408127701D+00    0.524902621463047D-01
    0.144158018501468D+00    0.570611949338769D-01
    0.138022830887269D+00    0.576223877853561D-01
    0.125064172924121D+00    0.542379058933242D-01
    0.107655912038692D+00    0.474290898293196D-01
    0.885249318879207D-01    0.384540748908685D-01
    0.694402330765372D-01    0.281368843245047D-01
    0.517888132850500D-01    0.176209225291295D-01
    0.360991389576144D-01    0.748613710454524D-02
    0.226036267658838D-01   -0.174320655311861D-02
    0.110568172401822D-01   -0.984556441456344D-02
    0.121122522150323D-02   -0.167567901927953D-01
   -0.738655053007948D-02   -0.224825455795049D-01
   -0.150470229731164D-01   -0.271534773295180D-01
   -0.221475564272641D-01   -0.308576703332563D-01
   -0.289131551620143D-01   -0.337572800595453D-01
   -0.355769477825769D-01   -0.359417545947834D-01
   -0.422552709080642D-01   -0.375361686986991D-01
   -0.490516912529239D-01   -0.386002629011845D-01
   -0.559834704068470D-01   -0.392009898568586D-01
   -0.630452937154055D-01   -0.393607565701931D-01
   -0.701578918274704D-01   -0.390831709269872D-01
   -0.772053029154972D-01   -0.383553531927136D-01
   -0.839941150628137D-01   -0.371183743037416D-01
   -0.902661898639788D-01   -0.353378460913473D-01
   -0.956698339979963D-01   -0.329045780632490D-01
   -0.997213900656509D-01   -0.298032221698045D-01
   -0.101799587366243D+00   -0.259202175483846D-01
   -0.100956799312556D+00   -0.213608393275595D-01
   -0.960032848911052D-01   -0.161390045185777D-01
   -0.850193051416930D-01   -0.107026632675249D-01
   -0.660024889642672D-01   -0.551554656393716D-02
   -0.373050940583227D-01   -0.158529013444480D-02
    0.000000000000000D+00    0.000000000000000D+00
    0.000000000000000D+00    0.000000000000000D+00
    0.356837579313696D-02    0.142888328241944D-02
    0.173082571744690D-01    0.574697292665626D-02
    0.398711453295435D-01    0.127950972209708D-01
    0.675166661117468D-01    0.222181486302591D-01
    0.952073533059756D-01    0.330244596174227D-01
    0.118081905044917D+00    0.438837647195183D-01
    0.133614413718336D+00    0.534042735951847D-01
    0.140150914299730D+00    0.600739247283446D-01
    0.138077629114970D+00    0.632365439642483D-01
    0.128873417445323D+00    0.625358346698660D-01
    0.114513206144382D+00    0.583655722933615D-01
    0.974360414613973D-01    0.515133452544255D-01
    0.793696955472616D-01    0.428384340197792D-01
    0.618994862739125D-01    0.333501718379787D-01
    0.457432523616050D-01    0.237229609092884D-01
    0.313802893337596D-01    0.145906372504126D-01
    0.187717598041609D-01    0.624537312539467D-02
    0.779140121611270D-02   -0.109274056467816D-02
   -0.188738319699127D-02   -0.740318349406450D-02
   -0.105503424173345D-01   -0.127050782659376D-01
   -0.185267620691954D-01   -0.170918070348131D-01
   -0.260548707289903D-01   -0.206685821670540D-01
   -0.333684081012155D-01   -0.235425463274107D-01
   -0.406030749409035D-01   -0.258217284779447D-01
   -0.478875759761748D-01   -0.275826794899433D-01
   -0.552549113167112D-01   -0.288994552809061D-01
   -0.627366516672729D-01   -0.298032398222908D-01
   -0.702647403396594D-01   -0.303173406142005D-01
   -0.777647608563525D-01   -0.304245192264074D-01
   -0.850490634081306D-01   -0.300890252307913D-01
   -0.918952432057242D-01   -0.292514386706681D-01
   -0.979471327964112D-01   -0.278210087324926D-01
   -0.102722860831835D+00   -0.257252157727804D-01
   -0.105576351654220D+00   -0.228564457468999D-01
   -0.105453645990337D+00   -0.192234416544132D-01
   -0.101073078703562D+00   -0.148244346882431D-01
   -0.902022993138951D-01   -0.100186636223093D-01
   -0.703758255751236D-01   -0.525058897730898D-02
   -0.401960040260099D-01   -0.152791245002437D-02
    0.000000000000000D+00    0.000000000000000D+00
    0.000000000000000D+00    0.000000000000000D+00
    0.788681606908640D-03    0.127144916585041D-02
    0.115390657068901D-01    0.516768992686105D-02
    0.317215346099909D-01    0.117326590238194D-01
    0.573798613793013D-01    0.206782977312028D-01
    0.840376336553736D-01    0.313910268627682D-01
    0.107373853839782D+00    0.425877327768015D-01
    0.124688380382452D+00    0.531840167764855D-01
    0.134225605044511D+00    0.615580818515631D-01
    0.135718379297388D+00    0.669971315560735D-01
    0.130152735958308D+00    0.688975160901476D-01
    0.118977986576046D+00    0.672900193084782D-01
    0.104294007130774D+00    0.628312734045316D-01
    0.877823396146913D-01    0.560607899202976D-01
    0.709896639875822D-01    0.480192487199176D-01
    0.548775835670733D-01    0.393077878741919D-01
    0.400387477348524D-01    0.306396588619458D-01
    0.266722078992318D-01    0.224082585693946D-01
    0.147735509656055D-01    0.148814523686639D-01
    0.414035826410447D-02    0.822012368558500D-02
   -0.543759050189044D-02    0.240987156180130D-02
   -0.142540052700594D-01   -0.253401941809497D-02
   -0.225187726972709D-01   -0.673789005975690D-02
   -0.304701280140564D-01   -0.102455385920572D-01
   -0.382486537944100D-01   -0.131937244336837D-01
   -0.459974971647552D-01   -0.156326688828549D-01
   -0.537759939158593D-01   -0.176609556312230D-01
   -0.616290159762924D-01   -0.193089520687702D-01
   -0.695289464166402D-01   -0.206136647610089D-01
   -0.774118566996633D-01   -0.215723692365028D-01
   -0.851368415100867D-01   -0.221463339484860D-01
   -0.924888535895544D-01   -0.222960265962043D-01
   -0.991461606614752D-01   -0.219020235234384D-01
   -0.104629302995847D+00   -0.209045012533012D-01
   -0.108262362113988D+00   -0.191292270729620D-01
   -0.108972016561261D+00   -0.165732078560898D-01
   -0.105276594780151D+00   -0.131307809630616D-01
   -0.947901592947668D-01   -0.911606953505954D-02
   -0.748196162309408D-01   -0.489495193288954D-02
   -0.430104604871402D-01   -0.146041635991042D-02
    0.000000000000000D+00    0.000000000000000D+00
    0.000000000000000D+00    0.000000000000000D+00
   -0.158417061337551D-02    0.111839061469946D-02
    0.681513314691914D-02    0.461975300937785D-02
    0.242198943105853D-01    0.106111053122894D-01
    0.476331773630410D-01    0.190446710213056D-01
    0.729128407040413D-01    0.293518087292359D-01
    0.960094142072476D-01    0.406608249407453D-01
    0.114445046110107D+00    0.518348120062947D-01
    0.126220665407795D+00    0.615336088133472D-01
    0.130853012427964D+00    0.688770059390509D-01
    0.128688505093528D+00    0.730929008809995D-01
    0.120794484015147D+00    0.740687590126120D-01
    0.108850671488050D+00    0.720321681494057D-01
    0.943173066524193D-01    0.674892099641129D-01
    0.787581053463906D-01    0.612005574170182D-01
    0.631454714535571D-01    0.538035692094943D-01
    0.482771684501700D-01    0.459921980096967D-01
    0.344820155345183D-01    0.382017073067071D-01
    0.219179569477796D-01    0.308172122624453D-01
    0.105155734707855D-01    0.240183275024336D-01
    0.131857883159733D-03    0.179213558043533D-01
   -0.943880965252979D-02    0.125372725527234D-01
   -0.184016574162548D-01    0.783236837562584D-02
   -0.269528485123122D-01    0.374647659291643D-02
   -0.352541031325817D-01    0.191249656586901D-03
   -0.434397890724172D-01   -0.290098220536757D-02
   -0.515963980119912D-01   -0.561585541255675D-02
   -0.597829349149677D-01   -0.799469232568261D-02
   -0.679983976315948D-01   -0.100865295853098D-01
   -0.762093714571782D-01   -0.118879298451538D-01
   -0.843004077236734D-01   -0.133869618255050D-01
   -0.920940497057121D-01   -0.145252191780062D-01
   -0.992941143727593D-01   -0.152132283580640D-01
   -0.105436235161861D+00   -0.153419016681269D-01
   -0.109872456873111D+00   -0.147537410803265D-01
   -0.111425666248768D+00   -0.133489652460356D-01
   -0.108598801048838D+00   -0.109973618538803D-01
   -0.986206368137215D-01   -0.789998205746827D-02
   -0.783244048366478D-01   -0.435631677581097D-02
   -0.455310655001716D-01   -0.132637584842548D-02
    0.000000000000000D+00    0.000000000000000D+00
    0.000000000000000D+00    0.000000000000000D+00
   -0.375140194236030D-02    0.962419060724920D-03
    0.209873712904737D-02    0.402925938562530D-02
    0.172367316888984D-01    0.944735219755317D-02
    0.384481838404599D-01    0.172086878680917D-01
    0.620623686482551D-01    0.270446977420117D-01
    0.845736433434429D-01    0.381306110283551D-01
    0.103507931290216D+00    0.496529558978484D-01
    0.116996665024178D+00    0.602464233754902D-01
    0.124155519254850D+00    0.691396955635963D-01
    0.125044048791055D+00    0.753889283468269D-01
    0.120247644738174D+00    0.786881693085159D-01
    0.111085494711928D+00    0.790995021571425D-01
    0.988160065908473D-01    0.768151166479981D-01
    0.848183497139272D-01    0.725497576184062D-01
    0.701705173684908D-01    0.667497615980260D-01
    0.556596497432706D-01    0.601396951660940D-01
    0.418277213585022D-01    0.531521457157495D-01
    0.288985132031693D-01    0.462022890382830D-01
    0.169676113547966D-01    0.395768296041059D-01
    0.596299836721893D-02    0.333908119017088D-01
   -0.424056127086655D-02    0.277825507069926D-01
   -0.138000679155175D-01    0.226910505689446D-01
   -0.228913488843624D-01    0.181576821753870D-01
   -0.316547722288571D-01    0.140561361051533D-01
   -0.402330499781122D-01    0.103826759992238D-01
   -0.487154857154220D-01    0.701568758864649D-02
   -0.571789510476856D-01    0.394304094853009D-02
   -0.656469147723705D-01    0.109000376554507D-02
   -0.741062747077719D-01   -0.153911516476203D-02
   -0.824840830889173D-01   -0.394107544617183D-02
   -0.906262385320979D-01   -0.607667421990244D-02
   -0.982819150146187D-01   -0.783936437146667D-02
   -0.105022415335489D+00   -0.914448205943949D-02
   -0.110191190060800D+00   -0.977786673016021D-02
   -0.112666974224660D+00   -0.963752168145206D-02
   -0.110742685676723D+00   -0.848839212080472D-02
   -0.101586223370749D+00   -0.645383833068712D-02
   -0.817134621457030D-01   -0.373494892196785D-02
   -0.478673149269584D-01   -0.118379592432895D-02
    0.000000000000000D+00    0.000000000000000D+00
    0.000000000000000D+00    0.000000000000000D+00
   -0.554399590570591D-02    0.814171980632667D-03
   -0.162892616795118D-02    0.347710089740536D-02
    0.109992935438403D-01    0.827333296217730D-02
    0.299037791151467D-01    0.153648197272310D-01
    0.517178635469878D-01    0.245149293199823D-01
    0.731728176867673D-01    0.352279143196349D-01
    0.921031917876676D-01    0.466820278764877D-01
    0.106584495932994D+00    0.578343363793410D-01
    0.115726472854684D+00    0.678133415242276D-01
    0.119170309306392D+00    0.757124153499369D-01
    0.117254801223724D+00    0.811024142675020D-01
    0.110874460283153D+00    0.837621568082834D-01
    0.101027095851109D+00    0.838202712686494D-01
    0.889585768611280D-01    0.816659150464241D-01
    0.756256138603774D-01    0.777419138873445D-01
    0.619211648348229D-01    0.726237391307300D-01
    0.484074101434731D-01    0.667581806180588D-01
    0.354627017735174D-01    0.605877444656362D-01
    0.232725209491948D-01    0.544023764869941D-01
    0.118604350222281D-01    0.484243620502962D-01
    0.119823289143037D-02    0.427788608953221D-01
   -0.884499013705110D-02    0.375151948179156D-01
   -0.183697779108402D-01    0.326516171636664D-01
   -0.275338864718545D-01    0.281418438719068D-01
   -0.364330011548012D-01    0.239579077219083D-01
   -0.451926262498825D-01    0.200212298658044D-01
   -0.538699968369699D-01    0.163013796747556D-01
   -0.625303525901644D-01    0.127333802107796D-01
   -0.711669617570515D-01    0.931411400062914D-02
   -0.797509149510134D-01    0.603009140895493D-02
   -0.881563998032546D-01    0.292973759865114D-02
   -0.961840723083601D-01    0.864169709403531D-04
   -0.103431583262879D+00   -0.237833203064288D-02
   -0.109323064788520D+00   -0.427991394637635D-02
   -0.112652963701291D+00   -0.542963909558401D-02
   -0.111806781078078D+00   -0.556964675853604D-02
   -0.103516090380432D+00   -0.469861483650920D-02
   -0.838716380984106D-01   -0.290128290208287D-02
   -0.497158036067533D-01   -0.963928344623612D-03
    0.000000000000000D+00    0.000000000000000D+00
    0.000000000000000D+00    0.000000000000000D+00
   -0.711264050897642D-02    0.665297824862828D-03
   -0.525264941414763D-02    0.290368183575630D-02
    0.537349943673406D-02    0.709303921835946D-02
    0.221121701863115D-01    0.134129371996599D-01
    0.419722942923738D-01    0.218517881884764D-01
    0.621719356402574D-01    0.319454679230366D-01
    0.806278508208589D-01    0.431614004222496D-01
    0.956651302848680D-01    0.544756390086515D-01
    0.106180181657666D+00    0.652099252766699D-01
    0.111740098577378D+00    0.743677328347076D-01
    0.112304259247577D+00    0.814858879969979D-01
    0.108513080425544D+00    0.861993622670914D-01
    0.101088319560375D+00    0.884130024664071D-01
    0.910561427293799D-01    0.884295915063694D-01
    0.793342367733181D-01    0.864572836216011D-01
    0.667180892654175D-01    0.830596417929051D-01
    0.538941611797393D-01    0.785757548978787D-01
    0.412404643290227D-01    0.734588096953626D-01
    0.290940507417153D-01    0.680269845583720D-01
    0.175233563403221D-01    0.624951117867121D-01
    0.660140827638067D-02    0.570907549978831D-01
   -0.374916493848907D-02    0.518297275985098D-01
   -0.135885745785120D-01    0.468471387900933D-01
   -0.230305747776299D-01    0.420470792329245D-01
   -0.321722878169505D-01    0.374998606896550D-01
   -0.411132530180019D-01    0.330741590699451D-01
   -0.499327150610963D-01    0.288064658994971D-01
   -0.586935916314714D-01    0.245866177205405D-01
   -0.674193914790788D-01    0.204438043859845D-01
   -0.761056723498630D-01    0.163356461866679D-01
   -0.846640036442184D-01    0.123097161954287D-01
   -0.929395512750056D-01    0.843739569801643D-02
   -0.100591908569263D+00    0.481408601553827D-02
   -0.107060151697909D+00    0.166588523195845D-02
   -0.111273454610430D+00   -0.836025507783928D-03
   -0.111425434067988D+00   -0.233416572053042D-02
   -0.104339259333036D+00   -0.273673801699638D-02
   -0.857262566810725D-01   -0.201520812167850D-02
   -0.512703756796890D-01   -0.741197323768747D-03
    0.000000000000000D+00    0.000000000000000D+00
    0.000000000000000D+00    0.000000000000000D+00
   -0.834250002169908D-02    0.526047775146103D-03
   -0.796625683451530D-02    0.237200115129307D-02
    0.516851498397161D-03    0.593488823273403D-02
    0.150876262067808D-01    0.115120264345273D-01
    0.330125517940467D-01    0.191047191988739D-01
    0.516950357768259D-01    0.284971917085110D-01
    0.693675774278319D-01    0.391650495510770D-01
    0.843880962087105D-01    0.503837521044171D-01
    0.957810167334461D-01    0.614242078949229D-01
    0.102870512800989D+00    0.714512896251923D-01
    0.105531247956621D+00    0.799115291414172D-01
    0.104048807795806D+00    0.863298195963727D-01
    0.989521008755907D-01    0.905445473894452D-01
    0.910521558212714D-01    0.925887032099554D-01
    0.811016891660156D-01    0.926489348036109D-01
    0.698906269474634D-01    0.910669987670911D-01
    0.580377351607215D-01    0.881812138860628D-01
    0.460236564124001D-01    0.843683763236889D-01
    0.342071436301179D-01    0.799397848092965D-01
    0.227536444063006D-01    0.751520045914900D-01
    0.118065614983709D-01    0.702103319298968D-01
    0.133187901682990D-02    0.652241127929569D-01
   -0.864798836089888D-02    0.602945828839807D-01
   -0.182541471067425D-01    0.554211600914213D-01
   -0.275104653388515D-01    0.506367156449247D-01
   -0.365547948281785D-01    0.458824091612405D-01
   -0.454141724961075D-01    0.411610081927926D-01
   -0.542036900769893D-01    0.364031064270766D-01
   -0.629236610000985D-01    0.316144943496256D-01
   -0.716266559619879D-01    0.267597570954315D-01
   -0.802350193480425D-01    0.218801435131643D-01
   -0.886608356104192D-01    0.170237948224339D-01
   -0.965973256292995D-01    0.123063021215127D-01
   -0.103603467169722D+00    0.791612772672363D-02
   -0.108559400120112D+00    0.409556167185112D-02
   -0.109873818433029D+00    0.121107271105877D-02
   -0.103917231365231D+00   -0.518626839769419D-03
   -0.860956081601913D-01   -0.909442539774964D-03
   -0.521422716581579D-01   -0.438910515029816D-03
    0.000000000000000D+00    0.000000000000000D+00
    0.000000000000000D+00    0.000000000000000D+00
   -0.934606409271066D-02    0.387318750741786D-03
   -0.105185354012036D-01    0.183258327384285D-02
   -0.368990520384635D-02    0.479454426330851D-02
    0.891704911622533D-02    0.957217578169158D-02
    0.248611072174846D-01    0.163287388562770D-01
    0.419538467676588D-01    0.248609138416359D-01
    0.585331380526671D-01    0.348760540550615D-01
    0.732308793435258D-01    0.456835529192606D-01
    0.849834357451290D-01    0.567637866719252D-01
    0.931860798274934D-01    0.672560830406054D-01
    0.974517234857720D-01    0.766793551939849D-01
    0.979574689122977D-01    0.844661225014341D-01
    0.949562036889734D-01    0.903484483745961D-01
    0.890950504046655D-01    0.942728021218281D-01
    0.809842668529388D-01    0.962229268043408D-01
    0.712964353009822D-01    0.965066730515968D-01
    0.606617043005589D-01    0.952927693357446D-01
    0.495177792839346D-01    0.929581335034900D-01
    0.383120879123143D-01    0.897498452483585D-01
    0.272248783887766D-01    0.859202670411260D-01
    0.164845082497727D-01    0.817093670182401D-01
    0.610363215262273D-02    0.771977524064217D-01
   -0.385229600783838D-02    0.725777474594137D-01
   -0.134467658731952D-01    0.677959866005785D-01
   -0.227034417180974D-01    0.629924858812978D-01
   -0.317075601608301D-01    0.580414515420086D-01
   -0.405139392160261D-01    0.530425890959666D-01
   -0.492030123167777D-01    0.478566216679101D-01
   -0.578167556176685D-01    0.425612931578311D-01
   -0.664034864096077D-01    0.370616515683981D-01
   -0.749344199772909D-01    0.314330714345519D-01
   -0.833555162510304D-01    0.256929052231667D-01
   -0.914341522963050D-01    0.199438917130856D-01
   -0.987673659491897D-01    0.143952819272403D-01
   -0.104431525293011D+00    0.925155894901990D-02
   -0.106690366242138D+00    0.497139165171963D-02
   -0.102207179809393D+00    0.184967922882048D-02
   -0.859984918972587D-01    0.200229639411487D-03
   -0.526216478643855D-01   -0.143513760593488D-03
    0.000000000000000D+00    0.000000000000000D+00
    0.000000000000000D+00    0.000000000000000D+00
   -0.100463718377047D-01    0.259002054939537D-03
   -0.122509513792593D-01    0.133566332246770D-02
   -0.715196635202763D-02    0.369600679113204D-02
    0.355041784109556D-02    0.772055185047539D-02
    0.176292287759185D-01    0.135681304965822D-01
    0.330346770950081D-01    0.212146086977834D-01
    0.483822088310856D-01    0.303762419264973D-01
    0.623712161433488D-01    0.406059545295978D-01
    0.741193162907594D-01    0.513648956776983D-01
    0.829004054569732D-01    0.619967490935785D-01
    0.883657162297096D-01    0.719640341291656D-01
    0.904327702251264D-01    0.807262603976524D-01
    0.892709756035392D-01    0.879607093837006D-01
    0.852960512429581D-01    0.934563313556623D-01
    0.789893200004243D-01    0.971722232175550D-01
    0.709312951344925D-01    0.992010502672362D-01
    0.616530118724996D-01    0.997086764487530D-01
    0.516216395391070D-01    0.989245038683645D-01
    0.412498595519597D-01    0.970910241127246D-01
    0.307880561032851D-01    0.944210760033035D-01
    0.204895836693083D-01    0.911335178715857D-01
    0.104151060419571D-01    0.873518662589273D-01
    0.692594158365268D-03    0.832294660732245D-01
   -0.873660983818696D-02    0.787951705264741D-01
   -0.178195397863683D-01    0.741378738691026D-01
   -0.266738026834049D-01    0.692189314794957D-01
   -0.352832594534927D-01    0.640833091138611D-01
   -0.437816654736180D-01    0.586621441311033D-01
   -0.521625590899304D-01    0.529838156065538D-01
   -0.605360442481689D-01    0.469936646677788D-01
   -0.688641820479824D-01    0.407326679268464D-01
   -0.771654272484097D-01    0.342191465611381D-01
   -0.852457496031097D-01    0.275525036020488D-01
   -0.928376487174023D-01    0.209036375024505D-01
   -0.990195889132171D-01    0.145344437229662D-01
   -0.102378049577541D+00    0.888673209196443D-02
   -0.991527572217231D-01    0.438434050890961D-02
   -0.842442519531433D-01    0.151345732005866D-02
   -0.522579758926682D-01    0.225278338679774D-03
    0.000000000000000D+00    0.000000000000000D+00
    0.000000000000000D+00    0.000000000000000D+00
   -0.105281474203774D-01    0.131183881687601D-03
   -0.137906756446988D-01    0.836991955060882D-03
   -0.996784605830607D-02    0.262693019737966D-02
   -0.934623196116935D-03    0.587308529744816D-02
    0.113096200180977D-01    0.108492034431283D-01
    0.250484776168086D-01    0.175265718375339D-01
    0.389991322863129D-01    0.257927579088622D-01
    0.521041927906829D-01    0.352326208892897D-01
    0.634690552985201D-01    0.454902494579595D-01
    0.725015611476077D-01    0.559227767295864D-01
    0.786986182533350D-01    0.661100483660782D-01
    0.819834426558636D-01    0.754740316762111D-01
    0.823004254141680D-01    0.836813833742400D-01
    0.799904221293876D-01    0.904620447737083D-01
    0.753513093442905D-01    0.956458655040091D-01
    0.688798339052212D-01    0.992915256373201D-01
    0.610271005309675D-01    0.101394376946684D+00
    0.522114987855548D-01    0.102183780404389D+00
    0.428529659151996D-01    0.101773384998495D+00
    0.331984323042256D-01    0.100385691801756D+00
    0.235407077425445D-01    0.981911705115451D-01
    0.139752927290091D-01    0.953061893284937D-01
    0.465572821814094D-02    0.919106872849357D-01
   -0.441625437612932D-02    0.879974165786861D-01
   -0.131946353735455D-01    0.837311677410512D-01
   -0.217254600742559D-01    0.790069575257966D-01
   -0.300299764593786D-01    0.739705331076192D-01
   -0.381761794942656D-01    0.684652029199997D-01
   -0.462116982741451D-01    0.626195450066483D-01
   -0.542100238009465D-01    0.562855362135773D-01
   -0.621930729241918D-01    0.495778265003124D-01
   -0.701913172361531D-01    0.424389295141390D-01
   -0.780915798582431D-01    0.349914604540065D-01
   -0.856789007288552D-01    0.273887721818077D-01
   -0.922582614239431D-01    0.198486664702377D-01
   -0.963522068956062D-01    0.129001596708487D-01
   -0.947058528480165D-01    0.699239753787920D-02
   -0.819003957739775D-01    0.277724113143613D-02
   -0.514220407123626D-01    0.576630361334785D-03
    0.000000000000000D+00    0.000000000000000D+00
    0.000000000000000D+00    0.000000000000000D+00
   -0.107377872074075D-01    0.130540153420677D-04
   -0.146029413980076D-01    0.377823428520309D-03
   -0.120894477837793D-01    0.160588015081584D-02
   -0.463761263967898D-02    0.412867280693353D-02
    0.593702500732294D-02    0.820376797868085D-02
    0.180222530645183D-01    0.139284299470131D-01
    0.305598834806065D-01    0.211934300513447D-01
    0.425686165433365D-01    0.297626814000311D-01
    0.533311176198701D-01    0.392780430385255D-01
    0.622113293291373D-01    0.492866646328386D-01
    0.688065103101299D-01    0.593401668838063D-01
    0.728719064083847D-01    0.689615659446040D-01
    0.743616120943923D-01    0.777797658580206D-01
    0.734142364556821D-01    0.854791278443786D-01
    0.702702888952593D-01    0.918682782156597D-01
    0.652905449730725D-01    0.968559562229478D-01
    0.588487589745383D-01    0.100437103035615D+00
    0.513259158563351D-01    0.102681908862823D+00
    0.430867184620189D-01    0.103708236858347D+00
    0.344039524302945D-01    0.103640716550349D+00
    0.255577565558841D-01    0.102640284226730D+00
    0.166798130518083D-01    0.100804948289038D+00
    0.795352088257546D-02    0.982820951976962D-01
   -0.607701702874167D-03    0.951089683388305D-01
   -0.889778548131917D-02    0.913936954918914D-01
   -0.169845755589463D-01    0.871114666303119D-01
   -0.248152036867110D-01    0.823334759222139D-01
   -0.325065187258866D-01    0.769943650857083D-01
   -0.400403902434977D-01    0.711365720997427D-01
   -0.475547257318256D-01    0.646896614604832D-01
   -0.550448011841150D-01    0.576913944244554D-01
   -0.626074049961932D-01    0.501171693384842D-01
   -0.701741263291552D-01    0.420520403436106D-01
   -0.776476921729855D-01    0.336183493270208D-01
   -0.844064493743201D-01    0.250712817093211D-01
   -0.893673630566706D-01    0.168923895806352D-01
   -0.889383140565222D-01    0.966856393060710D-02
   -0.778338019670572D-01    0.420958108085467D-02
   -0.496440887459751D-01    0.988964795648490D-03
    0.000000000000000D+00    0.000000000000000D+00
    0.000000000000000D+00    0.000000000000000D+00
   -0.107399734628314D-01   -0.106201071642009D-03
   -0.152030084693336D-01   -0.857341379292525D-04
   -0.135936267008956D-01    0.611144159750492D-03
   -0.748288896988154D-02    0.240296586496305D-02
    0.149554059794652D-02    0.563146848052282D-02
    0.120042947191787D-01    0.103776518279295D-01
    0.230735300464397D-01    0.166513548432108D-01
    0.339155367257450D-01    0.242397649306063D-01
    0.438412234636011D-01    0.329225659374580D-01
    0.523520366016881D-01    0.422773220736325D-01
    0.589742582138708D-01    0.519712547471572D-01
    0.635269526398222D-01    0.615304725461838D-01
    0.658115230954819D-01    0.706267080386091D-01
    0.659638771292611D-01    0.789200602294923D-01
    0.640557708965733D-01    0.861656310847532D-01
    0.604140211655515D-01    0.922508749745946D-01
    0.552900881492137D-01    0.970454253335900D-01
    0.490344238153866D-01    0.100623376924063D+00
    0.419560591966717D-01    0.102961177210936D+00
    0.343202963176912D-01    0.104207138551872D+00
    0.263968234774631D-01    0.104415519502227D+00
    0.183400739029014D-01    0.103706403493891D+00
    0.103326937858571D-01    0.102179417553881D+00
    0.244031040026717D-02    0.998705098457459D-01
   -0.524951883966049D-02    0.969008779414384D-01
   -0.127271142071108D-01    0.932079543398707D-01
   -0.199850032523504D-01    0.889272692216942D-01
   -0.270547247670466D-01    0.839139326272849D-01
   -0.339851177620803D-01    0.783076674701058D-01
   -0.408363872265698D-01    0.719162577491505D-01
   -0.476875564565637D-01    0.648920236684166D-01
   -0.546050976592521D-01    0.570729568168115D-01
   -0.616076359509807D-01    0.486157506917379D-01
   -0.686697222960413D-01    0.395708599544721D-01
   -0.753737518202730D-01    0.301407404112779D-01
   -0.807025121677080D-01    0.208869275787809D-01
   -0.817613113928879D-01    0.123467177044116D-01
   -0.730964093969635D-01    0.554922960993397D-02
   -0.473332676787524D-01    0.137085909623548D-02
    0.000000000000000D+00    0.000000000000000D+00
    0.000000000000000D+00    0.000000000000000D+00
   -0.104913178677538D-01   -0.218474001761041D-03
   -0.151598156258485D-01   -0.517449338486821D-03
   -0.144601958557495D-01   -0.343341690166865D-03
   -0.959811760127721D-02    0.771918258420300D-03
   -0.203825447825838D-02    0.314942719020865D-02
    0.696600552278227D-02    0.695856451304965D-02
    0.166217700879740D-01    0.122070739472918D-01
    0.262147254105758D-01    0.188022097292419D-01
    0.352026543625290D-01    0.265291393295610D-01
    0.430880223588395D-01    0.351122628699263D-01
    0.495099082260140D-01    0.442097896652978D-01
    0.541928578902685D-01    0.534669036467697D-01
    0.570002315262297D-01    0.625316420790584D-01
    0.579154609006021D-01    0.710972086517680D-01
    0.570179254372717D-01    0.788974103763032D-01
    0.544936246389024D-01    0.857575658029406D-01
    0.505640282440114D-01    0.915397462709689D-01
    0.454984729315007D-01    0.962059058941169D-01
    0.395659964310993D-01    0.997334421132883D-01
    0.330116003843153D-01    0.102168873995471D+00
    0.260805617220097D-01    0.103561142479381D+00
    0.189374628904037D-01    0.103978958370682D+00
    0.117710637000114D-01    0.103495059668040D+00
    0.465295848139240D-02    0.102155662944288D+00
   -0.228773703630523D-02    0.100025402505598D+00
   -0.905932397806538D-02    0.971084686513157D-01
   -0.155845762089557D-01    0.934473278261015D-01
   -0.219468012910551D-01    0.890010810265617D-01
   -0.281190822023787D-01    0.837890784431709D-01
   -0.342197330683600D-01    0.777379053299340D-01
   -0.402756548616326D-01    0.708628359312478D-01
   -0.464046645271607D-01    0.630880949856129D-01
   -0.526653559752627D-01    0.544509973107140D-01
   -0.591320720673928D-01    0.449984284110273D-01
   -0.655514717840052D-01    0.349214444025471D-01
   -0.713300295789937D-01    0.246843940907694D-01
   -0.733978564335552D-01    0.150092934029541D-01
   -0.666995932792518D-01    0.701517799955300D-02
   -0.440768469499583D-01    0.180077041530692D-02
    0.000000000000000D+00    0.000000000000000D+00
    0.000000000000000D+00    0.000000000000000D+00
   -0.100414396247761D-01   -0.335492821938407D-03
   -0.148819121160478D-01   -0.964532971167294D-03
   -0.147444959707376D-01   -0.128851122049819D-02
   -0.109064982302351D-01   -0.851486253027714D-03
   -0.467896942253239D-02    0.734785666387800D-03
    0.292045500402631D-02    0.361861471712328D-02
    0.111740557330593D-01    0.788610335577577D-02
    0.195154130532665D-01    0.134595767245657D-01
    0.274479604239238D-01    0.202157723768669D-01
    0.345880552801363D-01    0.279111925444888D-01
    0.405584988528084D-01    0.362951185335331D-01
    0.451611473670602D-01    0.450339719950310D-01
    0.481739988017344D-01    0.538377141802906D-01
    0.496157968613716D-01    0.623961066557901D-01
    0.494409529703602D-01    0.704489640151131D-01
    0.478402099868014D-01    0.778058810050759D-01
    0.449151806818406D-01    0.842731795991297D-01
    0.409282239194431D-01    0.898067419418477D-01
    0.360646953880019D-01    0.942874142242972D-01
    0.305669846131332D-01    0.977753942934216D-01
    0.246363780212369D-01    0.100216509385730D+00
    0.184497390624948D-01    0.101706720052606D+00
    0.121740201349667D-01    0.102237964786186D+00
    0.591726279019004D-02    0.101878839939499D+00
   -0.217815161452666D-03    0.100656470018124D+00
   -0.617370649141637D-02    0.985775559306249D-01
   -0.119198573945618D-01    0.956969053048118D-01
   -0.174422747452750D-01    0.919107839867360D-01
   -0.228006292151212D-01    0.873299143049650D-01
   -0.279945401032017D-01    0.817762417463394D-01
   -0.331480510799024D-01    0.753708531481283D-01
   -0.382915841696308D-01    0.678785072223366D-01
   -0.435855213139204D-01    0.594247706361691D-01
   -0.491409415358965D-01    0.498624909877645D-01
   -0.549175037675030D-01    0.393835143132167D-01
   -0.604945698088335D-01    0.284220428220527D-01
   -0.636817084684464D-01    0.176150518545248D-01
   -0.595504310465453D-01    0.838691691035350D-02
   -0.401938406076859D-01    0.218503933030016D-02
    0.000000000000000D+00    0.000000000000000D+00
    0.000000000000000D+00    0.000000000000000D+00
   -0.934667683753956D-02   -0.448504312112002D-03
   -0.140268907260723D-01   -0.138868082919640D-02
   -0.144384265064198D-01   -0.220825227065677D-02
   -0.115425161784259D-01   -0.240254663463105D-02
   -0.648286853671210D-02   -0.160067447095642D-02
   -0.197865815521119D-03    0.405738638941838D-03
    0.673656780106820D-02    0.370348149772046D-02
    0.138221475661908D-01    0.828219419418960D-02
    0.206750126506996D-01    0.140342489278143D-01
    0.269354369454142D-01    0.208068420039543D-01
    0.323256842957903D-01    0.283575976688136D-01
    0.366032746854547D-01    0.364496239147487D-01
    0.396246889116392D-01    0.447815359784016D-01
    0.413050740244574D-01    0.531107762472723D-01
    0.416467372531225D-01    0.611508164209098D-01
    0.407167648625397D-01    0.687257901036478D-01
    0.386333821490265D-01    0.756122582960717D-01
    0.355578735822005D-01    0.817340096100354D-01
    0.316708657413609D-01    0.869448194237322D-01
    0.271562634717500D-01    0.912564009910532D-01
    0.222057908550402D-01    0.945869187126882D-01
    0.169718269473073D-01    0.970003170986831D-01
    0.116234746634751D-01    0.984518843472301D-01
    0.625766043048100D-02    0.990148971432426D-01
    0.100431170150347D-02    0.986662330023235D-01
   -0.410222966975826D-02    0.974631279918299D-01
   -0.897963937954183D-02    0.953729985091170D-01
   -0.136554404296515D-01    0.923907801474707D-01
   -0.180925886581457D-01    0.885180650941290D-01
   -0.223596692047701D-01    0.837439540477656D-01
   -0.264820516885984D-01    0.779700930798303D-01
   -0.305355862052385D-01    0.711505462176385D-01
   -0.347177993940935D-01    0.631596695716356D-01
   -0.391427152769664D-01    0.538511912862600D-01
   -0.440782489002204D-01    0.433327324186770D-01
   -0.494262574251666D-01    0.318401077448906D-01
   -0.530987242666958D-01    0.202162119205141D-01
   -0.509272244110169D-01    0.990873018793350D-02
   -0.353807592823739D-01    0.265694161372283D-02
    0.000000000000000D+00    0.000000000000000D+00
    0.000000000000000D+00    0.000000000000000D+00
   -0.844947267771410D-02   -0.566901469391762D-03
   -0.129046646861330D-01   -0.183735373139891D-02
   -0.135801944948357D-01   -0.313118189023000D-02
   -0.114318885341925D-01   -0.395308714648769D-02
   -0.745920932850094D-02   -0.387842668683426D-02
   -0.239013285296934D-02   -0.271657686763509D-02
    0.326703028267951D-02   -0.335387077595940D-03
    0.912852103430014D-02    0.326936540434758D-02
    0.148608301535165D-01    0.804124284894707D-02
    0.201913151876831D-01    0.138566327140334D-01
    0.248554477435052D-01    0.205350158583494D-01
    0.286806005041531D-01    0.278584860495227D-01
    0.314850207529805D-01    0.355921955783261D-01
    0.332321025548802D-01    0.434821284511766D-01
    0.338429480874798D-01    0.512989148944244D-01
    0.334128320193830D-01    0.588231034657358D-01
    0.319613454173192D-01    0.658663562871873D-01
    0.296650796975261D-01    0.722915317021450D-01
    0.266159136843906D-01    0.779636756876727D-01
    0.230075894211525D-01    0.828352073895396D-01
    0.189692043242309D-01    0.868195745713910D-01
    0.146634654242954D-01    0.899337240186862D-01
    0.102204857542838D-01    0.921276290901961D-01
    0.575877190836337D-02    0.934433549519092D-01
    0.138087063756730D-02    0.938646645625660D-01
   -0.284322425411576D-02    0.934193843373470D-01
   -0.686999059588809D-02    0.921083685275816D-01
   -0.106477313908193D-01    0.898902680118403D-01
   -0.141820824835828D-01    0.868501805627856D-01
   -0.174917241370182D-01    0.829325346256674D-01
   -0.206865968184407D-01    0.781142035644534D-01
   -0.235609334001182D-01    0.722127799422099D-01
   -0.265262138843558D-01    0.652715667711680D-01
   -0.294914232908676D-01    0.567083488534944D-01
   -0.329695647107454D-01    0.466663166207016D-01
   -0.372709444624530D-01    0.352078683226233D-01
   -0.411848763134268D-01    0.228336713896134D-01
   -0.413356096214529D-01    0.114658343194578D-01
   -0.298352991970295D-01    0.316878961014112D-02
    0.000000000000000D+00    0.000000000000000D+00
    0.000000000000000D+00    0.000000000000000D+00
   -0.730188713764829D-02   -0.678722193010617D-03
   -0.112617000674192D-01   -0.225040721786536D-02
   -0.121767696966842D-01   -0.400992327005689D-02
   -0.107056589462576D-01   -0.541241701710735D-02
   -0.767868353473616D-02   -0.604370465248109D-02
   -0.373516146264150D-02   -0.568769623490145D-02
    0.730910451747973D-03   -0.418757481780811D-02
    0.540399082257891D-02   -0.153443048462125D-02
    0.100320915713752D-01    0.227098934588869D-02
    0.143815817017816D-01    0.711250239428377D-02
    0.182637017687569D-01    0.128715266863651D-01
    0.214958192289736D-01    0.193463578920955D-01
    0.239679618876281D-01    0.263481526710048D-01
    0.255809135819695D-01    0.336404123876815D-01
    0.263170117010747D-01    0.410150211100126D-01
    0.261748950372959D-01    0.482564038471517D-01
    0.252184231026166D-01    0.551785322913130D-01
    0.235242217772302D-01    0.616251931459438D-01
    0.212092043431714D-01    0.674579028644573D-01
    0.183884599479228D-01    0.725893466807001D-01
    0.151993057255742D-01    0.769366267945891D-01
    0.117565698608993D-01    0.804629268356658D-01
    0.819110300377870D-02    0.831443340030688D-01
    0.460080332941377D-02    0.849633752101337D-01
    0.109134379653080D-02    0.859495727465301D-01
   -0.228517367994815D-02    0.860730052736567D-01
   -0.544847512055405D-02    0.853996589760090D-01
   -0.837495137372799D-02    0.838709375714807D-01
   -0.109954746020024D-01    0.816135995994180D-01
   -0.135168281873657D-01    0.785810579156333D-01
   -0.159488990505765D-01    0.748248476671377D-01
   -0.178753911380056D-01    0.703944043327461D-01
   -0.196817338628282D-01    0.650253337047287D-01
   -0.209071534629152D-01    0.580495895176091D-01
   -0.225152109129905D-01    0.491895615011473D-01
   -0.252548913838366D-01    0.381898134318170D-01
   -0.284473382000354D-01    0.255935798002669D-01
   -0.302095532316529D-01    0.131435710565473D-01
   -0.232505127166578D-01    0.374326050922007D-02
    0.000000000000000D+00    0.000000000000000D+00
    0.000000000000000D+00    0.000000000000000D+00
   -0.595529039897573D-02   -0.792034549864683D-03
   -0.934690584114523D-02   -0.264868021666711D-02
   -0.102756028957831D-01   -0.481454745759234D-02
   -0.932079201853539D-02   -0.674657329520821D-02
   -0.715724986323029D-02   -0.801175235511140D-02
   -0.424053164918914D-02   -0.839662315264310D-02
   -0.901340565006960D-03   -0.773653695533525D-02
    0.263771818431395D-02   -0.598538332283558D-02
    0.617422753779923D-02   -0.314511983078006D-02
    0.954238130854320D-02    0.724498244246588D-03
    0.125796270640866D-01    0.551141611896277D-02
    0.151630192525338D-01    0.110589400322843D-01
    0.171702405563080D-01    0.172077103021250D-01
    0.185535551607612D-01    0.237253562098607D-01
    0.192431151808147D-01    0.304614991998515D-01
    0.192798865899806D-01    0.371498250563841D-01
    0.186481142155907D-01    0.436864133416045D-01
    0.174584114835386D-01    0.498155650634658D-01
    0.157404003934913D-01    0.554962590327371D-01
    0.136351958399678D-01    0.605131508812762D-01
    0.112031320464385D-01    0.648875234212159D-01
    0.857815849914840D-02    0.684481982823020D-01
    0.583304231509014D-02    0.712810442367782D-01
    0.307608227679206D-02    0.732532601548424D-01
    0.383599152234997D-03    0.744956918914179D-01
   -0.218607676943308D-02    0.748784326811179D-01
   -0.458659414166065D-02    0.745881135670050D-01
   -0.678028146498195D-02    0.735184990947873D-01
   -0.864541934176197D-02    0.719890863746070D-01
   -0.104815642255449D-01    0.694632125006580D-01
   -0.124255613677618D-01    0.666762075285282D-01
   -0.138785021916439D-01    0.641211980794637D-01
   -0.149491224707114D-01    0.612881015063302D-01
   -0.144065404055993D-01    0.570272020270272D-01
   -0.133746212428938D-01    0.507384780059282D-01
   -0.134854405552117D-01    0.412533835673442D-01
   -0.151941869471665D-01    0.287837149642409D-01
   -0.181389269645799D-01    0.149677444690896D-01
   -0.156822426413560D-01    0.416215817334989D-02
    0.000000000000000D+00    0.000000000000000D+00
    0.000000000000000D+00    0.000000000000000D+00
   -0.443100879444188D-02   -0.857590008090401D-03
   -0.704795896508372D-02   -0.289273318384593D-02
   -0.795140867174385D-02   -0.537564461243234D-02
   -0.742525007301550D-02   -0.772349916424960D-02
   -0.599128870861400D-02   -0.952680370025121D-02
   -0.399227884968866D-02   -0.105844542806654D-01
   -0.168433036239310D-02   -0.106786960328340D-01
    0.800507290671287D-03   -0.982424809974658D-02
    0.329332886651516D-02   -0.790299225054777D-02
    0.570373192708751D-02   -0.507421018069872D-02
    0.789382116367522D-02   -0.128221695317297D-02
    0.978553293539829D-02    0.318958835484717D-02
    0.112807124085069D-01    0.837105557309637D-02
    0.123357739430161D-01    0.138841471295215D-01
    0.129030902766429D-01    0.197700691873406D-01
    0.129919729829283D-01    0.255976858906893D-01
    0.126010107031054D-01    0.314536601214248D-01
    0.117925846132306D-01    0.368920497963109D-01
    0.105943240180579D-01    0.420726319194228D-01
    0.910660683451040D-02    0.465548705783854D-01
    0.736400563394327D-02    0.505926232999745D-01
    0.548820205575030D-02    0.537433713770796D-01
    0.350114944751177D-02    0.563825408075287D-01
    0.153050737746253D-02    0.580507556512311D-01
   -0.423154429534136D-03    0.592394453553425D-01
   -0.224726751683827D-02    0.594146909066922D-01
   -0.398832105250932D-02    0.592766860507731D-01
   -0.553099153173036D-02    0.581920085336879D-01
   -0.706786147870098D-02    0.570148936857669D-01
   -0.885869809567770D-02    0.543547866319316D-01
   -0.109379240058268D-01    0.526920760567484D-01
   -0.128160125090811D-01    0.522225919303250D-01
   -0.137743543059273D-01    0.528909655844765D-01
   -0.112207945353495D-01    0.527713010834595D-01
   -0.678840948985736D-02    0.506625974845249D-01
   -0.327407579699056D-02    0.436665432646759D-01
   -0.240152553219746D-02    0.322581998607133D-01
   -0.599279543621486D-02    0.172602800938180D-01
   -0.774215439428637D-02    0.487695701601414D-02
    0.000000000000000D+00    0.000000000000000D+00
    0.000000000000000D+00    0.000000000000000D+00
   -0.280243822648930D-02   -0.866680471748976D-03
   -0.467330386360080D-02   -0.288116532314654D-02
   -0.537952091230377D-02   -0.544866989116159D-02
   -0.513927861803905D-02   -0.798853746032605D-02
   -0.431415542743315D-02   -0.101234183595454D-01
   -0.310423683755633D-02   -0.116348809310388D-01
   -0.169730979598610D-02   -0.123749675253578D-01
   -0.165655088390274D-03   -0.122402595853024D-01
    0.138710522575975D-02   -0.112507167039466D-01
    0.290070623974045D-02   -0.936344508966854D-02
    0.429208327499213D-02   -0.670697769770422D-02
    0.550608476295089D-02   -0.330908276180097D-02
    0.647696755339763D-02    0.643982569711313D-03
    0.717673246182900D-02    0.505453509795143D-02
    0.756298017514144D-02    0.972377111598300D-02
    0.764983011844785D-02    0.145099306387325D-01
    0.741900831004744D-02    0.192346200460711D-01
    0.692439189862803D-02    0.237537141421405D-01
    0.616752866768413D-02    0.279245030941767D-01
    0.522555249606406D-02    0.316400237216446D-01
    0.411185889681950D-02    0.347971400584314D-01
    0.290923309050693D-02    0.373478454986417D-01
    0.163710858819015D-02    0.392304276522110D-01
    0.363134047185013D-03    0.404714503898943D-01
   -0.887725980947890D-03    0.410157999868479D-01
   -0.206342994815824D-02    0.409225549509037D-01
   -0.318698409994993D-02    0.402442260221834D-01
   -0.423555571656756D-02    0.390394400677357D-01
   -0.529097068511845D-02    0.374700601889392D-01
   -0.688600584372505D-02    0.347416661324294D-01
   -0.893953938155220D-02    0.327594422851332D-01
   -0.131931305294314D-01    0.343206385148582D-01
   -0.172321820006929D-01    0.382443438579921D-01
   -0.141488711111974D-01    0.443393876394169D-01
   -0.527599937681166D-02    0.488821895901940D-01
    0.437537659081780D-02    0.461564495405933D-01
    0.105940100499446D-01    0.362835687670224D-01
    0.916555888730276D-02    0.209432974773153D-01
    0.378865599062740D-02    0.609544027988704D-02
    0.000000000000000D+00    0.000000000000000D+00
    0.000000000000000D+00    0.000000000000000D+00
   -0.132880060598726D-02   -0.682506703162693D-03
   -0.234805096228845D-02   -0.236561605307934D-02
   -0.282176123633510D-02   -0.467463301437143D-02
   -0.276217443051280D-02   -0.697864182025768D-02
   -0.240034486302912D-02   -0.910728564243029D-02
   -0.181429978976078D-02   -0.106991204001860D-01
   -0.115589307369855D-02   -0.118086171101769D-01
   -0.397284987850282D-03   -0.121452526231349D-01
    0.343277933103054D-03   -0.119278576538064D-01
    0.110854526099436D-02   -0.108839446775706D-01
    0.178453066159040D-02   -0.935270325233693D-02
    0.241283002680990D-02   -0.707657153745766D-02
    0.289341963385284D-02   -0.449313784350870D-02
    0.326865441447145D-02   -0.135338791447881D-02
    0.346397677136811D-02    0.183300594907884D-02
    0.352834136402447D-02    0.532910855427166D-02
    0.341308869187844D-02    0.858226141136567D-02
    0.317873545988428D-02    0.118999378150649D-01
    0.279203129692062D-02    0.147103323814542D-01
    0.232778332110339D-02    0.173905044945572D-01
    0.175302581364626D-02    0.193652560662501D-01
    0.115807794256585D-02    0.210958219635503D-01
    0.496211516216157D-03    0.220067367860354D-01
   -0.138981030056520D-03    0.226562815217533D-01
   -0.810041072425023D-03    0.224436134700815D-01
   -0.139106076226380D-02    0.219764158136661D-01
   -0.198478812241289D-02    0.207513439340092D-01
   -0.243526348403170D-02    0.194535580818900D-01
   -0.281704046463607D-02    0.172640186192566D-01
   -0.332521283888158D-02    0.143942955395875D-01
   -0.575167831599840D-02    0.115178931798924D-01
   -0.153886102533098D-01    0.119079177301465D-01
   -0.265303444408115D-01    0.188568040950020D-01
   -0.248259250571443D-01    0.324862732276554D-01
   -0.938124185229953D-02    0.454457983757390D-01
    0.855739497349164D-02    0.491026080274966D-01
    0.246123695248591D-01    0.418601610241076D-01
    0.289289822481776D-01    0.282513198454888D-01
    0.231450731480107D-01    0.976835047415740D-02
    0.000000000000000D+00    0.000000000000000D+00
    0.000000000000000D+00    0.000000000000000D+00
   -0.286579042409578D-03   -0.286579042409608D-03
   -0.672820529841297D-03   -0.132638686958315D-02
   -0.851066803389188D-03   -0.277227968429491D-02
   -0.822038780401422D-03   -0.436252824802388D-02
   -0.733877488195385D-03   -0.578692139457660D-02
   -0.570359162011251D-03   -0.697366469792632D-02
   -0.395316545833037D-03   -0.784604216575433D-02
   -0.189896544088891D-03   -0.831085181449458D-02
    0.164224251964685D-04   -0.842343533169899D-02
    0.226940190060933D-03   -0.808183662222268D-02
    0.422171055378205D-03   -0.741669873017130D-02
    0.595138174751863D-03   -0.633672681402689D-02
    0.739415255239153D-03   -0.502541521665565D-02
    0.841070709826778D-03   -0.342039591037406D-02
    0.905101802601815D-03   -0.172166800896112D-02
    0.917969224700100D-03    0.981866114570102D-04
    0.891693080095742D-03    0.185645957267369D-02
    0.818871816815231D-03    0.355642122151946D-02
    0.712300200061417D-03    0.505305056827728D-02
    0.573595415919503D-03    0.634355890357291D-02
    0.410766757449153D-03    0.732820197249406D-02
    0.235014494027531D-03    0.801516688807133D-02
    0.474597418718634D-04    0.833787528901797D-02
   -0.141866441704809D-03    0.832779227636083D-02
   -0.344149157788621D-03    0.794103911761827D-02
   -0.520301151526978D-03    0.719286771358817D-02
   -0.701763716207630D-03    0.617940743091580D-02
   -0.830222431697327D-03    0.494655159640413D-02
   -0.908320902178396D-03    0.317040594390634D-02
   -0.119155685053984D-02    0.108837429817597D-02
   -0.333923963516180D-02   -0.241913146092130D-02
   -0.109324650749648D-01   -0.419579242492013D-02
   -0.421111912329535D-01    0.185233321053206D-03
   -0.453824059815304D-01    0.215422360368581D-01
   -0.240734723380523D-01    0.441832449249448D-01
    0.666497211945673D-02    0.538241111223187D-01
    0.348039469269529D-01    0.509472771633918D-01
    0.465660817660265D-01    0.401087972130190D-01
    0.401281600322014D-01    0.206512928783536D-01
    0.000000000000000D+00    0.000000000000000D+00
    0.000000000000000D+00    0.000000000000000D+00
    0.000000000000000D+00    0.000000000000000D+00
    0.000000000000000D+00    0.000000000000000D+00
    0.000000000000000D+00    0.000000000000000D+00
    0.000000000000000D+00    0.000000000000000D+00
    0.000000000000000D+00    0.000000000000000D+00
    0.000000000000000D+00    0.000000000000000D+00
    0.000000000000000D+00    0.000000000000000D+00
    0.000000000000000D+00    0.000000000000000D+00
    0.000000000000000D+00    0.000000000000000D+00
    0.000000000000000D+00    0.000000000000000D+00
    0.000000000000000D+00    0.000000000000000D+00
    0.000000000000000D+00    0.000000000000000D+00
    0.000000000000000D+00    0.000000000000000D+00
    0.000000000000000D+00    0.000000000000000D+00
    0.000000000000000D+00    0.000000000000000D+00
    0.000000000000000D+00    0.000000000000000D+00
    0.000000000000000D+00    0.000000000000000D+00
    0.000000000000000D+00    0.000000000000000D+00
    0.000000000000000D+00    0.000000000000000D+00
    0.000000000000000D+00    0.000000000000000D+00
    0.000000000000000D+00    0.000000000000000D+00
    0.000000000000000D+00    0.000000000000000D+00
    0.000000000000000D+00    0.000000000000000D+00
    0.000000000000000D+00    0.000000000000000D+00
    0.000000000000000D+00    0.000000000000000D+00
    0.000000000000000D+00    0.000000000000000D+00
    0.000000000000000D+00    0.000000000000000D+00
    0.000000000000000D+00    0.000000000000000D+00
    0.000000000000000D+00    0.000000000000000D+00
    0.000000000000000D+00    0.000000000000000D+00
    0.000000000000000D+00    0.000000000000000D+00
    0.000000000000000D+00    0.000000000000000D+00
   -0.650433005829619D-01   -0.534393680995950D-02
   -0.658083430424580D-01    0.171197990150943D-01
   -0.405961698908346D-01    0.437396602911674D-01
    0.156818445539568D-02    0.555106475832547D-01
    0.421176622103667D-01    0.553112386032851D-01
    0.642439467893900D-01    0.453436984872157D-01
    0.507703745632942D-01    0.285055842508822D-01
    0.000000000000000D+00    0.000000000000000D+00
