    0.000000000000000E+00    0.000000000000000E+00
    0.000000000000000E+00    0.000000000000000E+00
    0.000000000000000E+00    0.000000000000000E+00
    0.000000000000000E+00    0.000000000000000E+00
    0.000000000000000E+00    0.000000000000000E+00
    0.000000000000000E+00    0.000000000000000E+00
    0.000000000000000E+00    0.000000000000000E+00
    0.000000000000000E+00    0.000000000000000E+00
    0.000000000000000E+00    0.000000000000000E+00
    0.000000000000000E+00    0.000000000000000E+00
    0.000000000000000E+00    0.000000000000000E+00
    0.000000000000000E+00    0.000000000000000E+00
    0.000000000000000E+00    0.000000000000000E+00
    0.000000000000000E+00    0.000000000000000E+00
    0.000000000000000E+00    0.000000000000000E+00
    0.000000000000000E+00    0.000000000000000E+00
    0.000000000000000E+00    0.000000000000000E+00
    0.000000000000000E+00    0.000000000000000E+00
    0.000000000000000E+00    0.000000000000000E+00
    0.000000000000000E+00    0.000000000000000E+00
    0.000000000000000E+00    0.000000000000000E+00
    0.000000000000000E+00    0.000000000000000E+00
    0.000000000000000E+00    0.000000000000000E+00
    0.000000000000000E+00    0.000000000000000E+00
    0.000000000000000E+00    0.000000000000000E+00
    0.000000000000000E+00    0.000000000000000E+00
    0.000000000000000E+00    0.000000000000000E+00
    0.000000000000000E+00    0.000000000000000E+00
    0.000000000000000E+00    0.000000000000000E+00
    0.000000000000000E+00    0.000000000000000E+00
    0.000000000000000E+00    0.000000000000000E+00
    0.000000000000000E+00    0.000000000000000E+00
    0.000000000000000E+00    0.000000000000000E+00
    0.000000000000000E+00    0.000000000000000E+00
    0.000000000000000E+00    0.000000000000000E+00
    0.000000000000000E+00    0.000000000000000E+00
    0.000000000000000E+00    0.000000000000000E+00
    0.000000000000000E+00    0.000000000000000E+00
    0.000000000000000E+00    0.000000000000000E+00
    0.000000000000000E+00    0.000000000000000E+00
    0.000000000000000E+00    0.000000000000000E+00
    0.000000000000000E+00    0.000000000000000E+00
   -0.211453419455373E-04    0.210756820099188E-04
   -0.112061997386163E-04    0.381404575252720E-04
    0.111490310397698E-04    0.346164268074647E-04
    0.414700222839313E-04   -0.277218371257686E-04
    0.728013743996278E-04   -0.141944284956819E-03
    0.103937389617641E-03   -0.319981919632831E-03
    0.134827092518623E-03   -0.555669725676091E-03
    0.163378629084255E-03   -0.849901031725194E-03
    0.190811682755751E-03   -0.119751101141359E-02
    0.214495821436101E-03   -0.159451979333050E-02
    0.236335596685472E-03   -0.203608163907268E-02
    0.253251420339422E-03   -0.251402653199015E-02
    0.267640575563955E-03   -0.302398277436463E-02
    0.276163730756439E-03   -0.355388678653197E-02
    0.281589951249092E-03   -0.410023372262115E-02
    0.280682920426087E-03   -0.464762752007993E-02
    0.276418342752179E-03   -0.519407625450895E-02
    0.266154260550674E-03   -0.572221950411025E-02
    0.252796499300333E-03   -0.623225211542691E-02
    0.234903210889785E-03   -0.670731130434863E-02
    0.214973251867774E-03   -0.715031921280006E-02
    0.193370195723294E-03   -0.754857731903199E-02
    0.171722872054454E-03   -0.790791559785493E-02
    0.152956946038943E-03   -0.822517572184145E-02
    0.137795138288406E-03   -0.850862083946916E-02
    0.132213466395595E-03   -0.877038186803717E-02
    0.137687601340529E-03   -0.902352257767623E-02
    0.157815772585742E-03   -0.929897921670527E-02
    0.186552112958317E-03   -0.960570175413772E-02
    0.239961566657086E-03   -0.100235066763970E-01
    0.343080906249191E-03   -0.105481137004336E-01
    0.470649015024714E-03   -0.111849531559670E-01
    0.695534190238301E-03   -0.121188489937033E-01
    0.736718162035074E-03   -0.132066185909635E-01
    0.203567343740210E-03   -0.139242734669971E-01
    0.167499767047213E-03   -0.152629414525094E-01
    0.147050200972809E-02   -0.161101394628533E-01
    0.142867761289511E-02   -0.120262821118991E-01
   -0.755741720674621E-02   -0.755741720673706E-02
    0.000000000000000E+00    0.000000000000000E+00
    0.000000000000000E+00    0.000000000000000E+00
   -0.380707975782173E-04    0.112271426691966E-04
    0.178270378795538E-06   -0.100252914477462E-06
    0.847302602368950E-04   -0.664852765666839E-04
    0.187512937300428E-03   -0.222319175471790E-03
    0.301930344264293E-03   -0.477486931144946E-03
    0.414735124246637E-03   -0.834338317156079E-03
    0.528141306658297E-03   -0.129748211400091E-02
    0.633608220991311E-03   -0.185872665855398E-02
    0.734064013899564E-03   -0.251815670076340E-02
    0.822690862869635E-03   -0.326213051449622E-02
    0.901938444006505E-03   -0.408739461767950E-02
    0.966258118433587E-03   -0.497597785845012E-02
    0.101728237690584E-02   -0.592196450945068E-02
    0.105107012092104E-02   -0.690381144489727E-02
    0.106843369347781E-02   -0.791362429958728E-02
    0.106769746972471E-02   -0.892746956075402E-02
    0.104906038106550E-02   -0.993665420102779E-02
    0.101372798280028E-02   -0.109169603381161E-01
    0.961744298003015E-03   -0.118606788609995E-01
    0.897495438395918E-03   -0.127463478434215E-01
    0.821756939109570E-03   -0.135697481554278E-01
    0.741823980982399E-03   -0.143159542222409E-01
    0.660758272494815E-03   -0.149876375472188E-01
    0.587578731497293E-03   -0.155804274463508E-01
    0.530479485392508E-03   -0.161082744993495E-01
    0.496712146035194E-03   -0.165792667283622E-01
    0.503589414457865E-03   -0.170257446349940E-01
    0.550192732540477E-03   -0.174683350588521E-01
    0.666835376684773E-03   -0.179623144264865E-01
    0.827420717310915E-03   -0.185257217862525E-01
    0.109430227334450E-02   -0.192256146655807E-01
    0.134277578700735E-02   -0.199684814401609E-01
    0.161248760172794E-02   -0.209003157722307E-01
    0.171842052235932E-02   -0.218893903812438E-01
    0.148920947680656E-02   -0.226071450712931E-01
    0.244846389432660E-03   -0.219885635013270E-01
   -0.305986223231343E-02   -0.191963734880629E-01
   -0.962365969336654E-02   -0.121353171483300E-01
   -0.173494443967903E-01   -0.367163408703463E-02
    0.000000000000000E+00    0.000000000000000E+00
    0.000000000000000E+00    0.000000000000000E+00
   -0.342464339784055E-04   -0.110523013038362E-04
    0.659536515895980E-04   -0.829848894198772E-04
    0.238926606902338E-03   -0.235386649563084E-03
    0.452728997842433E-03   -0.511450546376930E-03
    0.684103890701117E-03   -0.911927249729707E-03
    0.920332455718250E-03   -0.145057932078038E-02
    0.115306217804404E-02   -0.212274456028291E-02
    0.137506244878773E-02   -0.292904523871748E-02
    0.158265192642484E-02   -0.386019102553882E-02
    0.176964524003982E-02   -0.490750198438804E-02
    0.193419366688833E-02   -0.605855358084534E-02
    0.207013894729567E-02   -0.729734359241949E-02
    0.217674366293908E-02   -0.860901037890505E-02
    0.224830341100341E-02   -0.997131250122462E-02
    0.228552442117502E-02   -0.113682104247832E-01
    0.228408621262454E-02   -0.127724149054362E-01
    0.224676139516268E-02   -0.141687721786053E-01
    0.217176400121246E-02   -0.155270834952964E-01
    0.206456564761087E-02   -0.168358034008984E-01
    0.192711022780383E-02   -0.180652146900436E-01
    0.176812449004705E-02   -0.192105222987303E-01
    0.159431240762201E-02   -0.202471359107752E-01
    0.141824485923321E-02   -0.211802709947770E-01
    0.125173380743718E-02   -0.219956242832205E-01
    0.111218046492725E-02   -0.227116889719706E-01
    0.101400665240479E-02   -0.233277268997714E-01
    0.979759063727372E-03   -0.238773662436879E-01
    0.101872146386884E-02   -0.243725194794418E-01
    0.115982437300005E-02   -0.248574246868695E-01
    0.137816360767261E-02   -0.253261198143192E-01
    0.170392100034340E-02   -0.258252683162840E-01
    0.197679809555175E-02   -0.262391047611195E-01
    0.210782574306742E-02   -0.264940965715837E-01
    0.184356629118576E-02   -0.264086949413299E-01
    0.806415720647473E-03   -0.253551925107759E-01
   -0.172259454255057E-02   -0.223595376192872E-01
   -0.856808193149624E-02   -0.169412243116724E-01
   -0.159136965096454E-01   -0.837463339036473E-02
   -0.195213908333725E-01   -0.238645053071918E-02
    0.000000000000000E+00    0.000000000000000E+00
    0.000000000000000E+00    0.000000000000000E+00
    0.255375178278123E-04   -0.390717824208128E-04
    0.215975476192606E-03   -0.176888052723443E-03
    0.510348512691785E-03   -0.431329140829995E-03
    0.858369856278911E-03   -0.830309689125844E-03
    0.123569773088813E-02   -0.138075545451265E-02
    0.161942333578333E-02   -0.208901550233767E-02
    0.199914234580470E-02   -0.295610028630593E-02
    0.236186095470608E-02   -0.397715160652684E-02
    0.270149252091936E-02   -0.514650759901020E-02
    0.300841738366843E-02   -0.645002169368682E-02
    0.327774666546017E-02   -0.787665604647654E-02
    0.350158634919274E-02   -0.940524074536367E-02
    0.367558108576460E-02   -0.110200059428092E-01
    0.379393580936642E-02   -0.126939676292066E-01
    0.385356763194653E-02   -0.144080459084102E-01
    0.385188508995484E-02   -0.161308771924606E-01
    0.378841599284352E-02   -0.178424615797852E-01
    0.366496306160612E-02   -0.195092027841685E-01
    0.348533181683672E-02   -0.211135954862072E-01
    0.325656147868354E-02   -0.226227233618602E-01
    0.298861582582768E-02   -0.240258797988270E-01
    0.269382931811766E-02   -0.252941697731539E-01
    0.239032193605121E-02   -0.264284510249030E-01
    0.209423314047208E-02   -0.274064978997094E-01
    0.183335831869856E-02   -0.282451246644076E-01
    0.162283885814415E-02   -0.289285483630621E-01
    0.149858477509167E-02   -0.294906059688909E-01
    0.146140245655576E-02   -0.299132218096727E-01
    0.154366574340743E-02   -0.302359385865551E-01
    0.169503417015228E-02   -0.304047443970948E-01
    0.189131892090271E-02   -0.304294403138858E-01
    0.195779725883774E-02   -0.301630639701675E-01
    0.165275794204697E-02   -0.294427119669658E-01
    0.519257682269177E-03   -0.278613679868592E-01
   -0.229942718941058E-02   -0.248446911241168E-01
   -0.753590762623231E-02   -0.198165209791201E-01
   -0.163113742626903E-01   -0.127782622892596E-01
   -0.243382321724532E-01   -0.546332302815777E-02
   -0.233705439216400E-01   -0.514607087038326E-03
    0.000000000000000E+00    0.000000000000000E+00
    0.000000000000000E+00    0.000000000000000E+00
    0.132117441657307E-03   -0.665139645731246E-04
    0.453457095147682E-03   -0.274577057542991E-03
    0.890375452114189E-03   -0.626495754587064E-03
    0.139723239339343E-02   -0.114754364829974E-02
    0.193830119099099E-02   -0.183583493764205E-02
    0.249056916731535E-02   -0.270141616888934E-02
    0.303514264189263E-02   -0.373833510507687E-02
    0.355773249450562E-02   -0.494679996884701E-02
    0.404644658133091E-02   -0.631481136119597E-02
    0.448947317760661E-02   -0.783239676950057E-02
    0.487807243845951E-02   -0.948243215474860E-02
    0.520119817166486E-02   -0.112463230431577E-01
    0.545270593249678E-02   -0.131026794496624E-01
    0.562278583171257E-02   -0.150249710909128E-01
    0.570898715874334E-02   -0.169894607574585E-01
    0.570421665969117E-02   -0.189627530736914E-01
    0.561135684339165E-02   -0.209215929197255E-01
    0.542796326214098E-02   -0.228276328094703E-01
    0.516384960501083E-02   -0.246616671646665E-01
    0.482314669480619E-02   -0.263833233259084E-01
    0.442373467941219E-02   -0.279812679661487E-01
    0.397762231888348E-02   -0.294166626029872E-01
    0.351110405646444E-02   -0.306893969512373E-01
    0.304333780301871E-02   -0.317648976840119E-01
    0.260775439726854E-02   -0.326558805411254E-01
    0.222449414518482E-02   -0.333308754934462E-01
    0.192854042482883E-02   -0.338122108374135E-01
    0.172021404772311E-02   -0.340590629160920E-01
    0.161611937099584E-02   -0.340880064777169E-01
    0.154075786417159E-02   -0.338143825416463E-01
    0.142059410382297E-02   -0.331961430479568E-01
    0.100891017493853E-02   -0.320553893741705E-01
   -0.423024951283448E-04   -0.301791337998737E-01
   -0.224689054461642E-02   -0.272249755353025E-01
   -0.678489823135115E-02   -0.227336795089951E-01
   -0.133711810495527E-01   -0.166950918823996E-01
   -0.233782932263291E-01   -0.958057335233986E-02
   -0.303024077308492E-01   -0.328018969233965E-02
   -0.255297460229234E-01   -0.239156619250622E-03
    0.000000000000000E+00    0.000000000000000E+00
    0.000000000000000E+00    0.000000000000000E+00
    0.289460530456668E-03   -0.898194475660637E-04
    0.770933268059269E-03   -0.358784906131254E-03
    0.137870292459951E-02   -0.803220633784178E-03
    0.206068051464106E-02   -0.143237616003553E-02
    0.278249712996381E-02   -0.224558857839703E-02
    0.351492083427386E-02   -0.324541928109309E-02
    0.423714348778114E-02   -0.442856066942671E-02
    0.492993884315198E-02   -0.579022923862075E-02
    0.557807633694370E-02   -0.732114488692781E-02
    0.616628364531430E-02   -0.900746640687214E-02
    0.668165211994383E-02   -0.108338980356750E-01
    0.711101197895575E-02   -0.127784583737420E-01
    0.744370691587121E-02   -0.148202957163590E-01
    0.766918056924884E-02   -0.169298008402279E-01
    0.778069125100624E-02   -0.190822578808787E-01
    0.777192856827146E-02   -0.212415355856382E-01
    0.764247037327018E-02   -0.233817790643603E-01
    0.739216900142358E-02   -0.254620991805757E-01
    0.702943066393996E-02   -0.274591318465262E-01
    0.656179269877155E-02   -0.293296524608791E-01
    0.600842002261182E-02   -0.310567130834415E-01
    0.538491953598450E-02   -0.325973045883116E-01
    0.472155027525142E-02   -0.339439758846075E-01
    0.403996286740279E-02   -0.350552702470936E-01
    0.337786856237451E-02   -0.359333564830198E-01
    0.275536152472861E-02   -0.365357653115737E-01
    0.220363587894431E-02   -0.368670543106354E-01
    0.171984888085569E-02   -0.368722182688381E-01
    0.128724037999847E-02   -0.365355379872671E-01
    0.828594070079568E-03   -0.357645846943947E-01
    0.173922761433346E-03   -0.344687090557769E-01
   -0.931494211723305E-03   -0.324752241984451E-01
   -0.301409430826416E-02   -0.295523688371066E-01
   -0.657137634536888E-02   -0.254789030980201E-01
   -0.125580351780082E-01   -0.200516402543382E-01
   -0.208132885612779E-01   -0.135988253944694E-01
   -0.299880308732080E-01   -0.705790050660638E-02
   -0.343737363102654E-01   -0.227905537067303E-02
   -0.262116378042198E-01   -0.240300387323358E-03
    0.000000000000000E+00    0.000000000000000E+00
    0.000000000000000E+00    0.000000000000000E+00
    0.489314118874795E-03   -0.110691786560227E-03
    0.116319211625883E-02   -0.432948481709496E-03
    0.195894990258029E-02   -0.953072928154169E-03
    0.283193841827305E-02   -0.167428483658123E-02
    0.374368295634960E-02   -0.258903299140026E-02
    0.466567564284177E-02   -0.369959479306068E-02
    0.557201508025299E-02   -0.499718298398594E-02
    0.644159846191639E-02   -0.647933779090546E-02
    0.725477714853536E-02   -0.813221704459467E-02
    0.799285999515840E-02   -0.994505269035265E-02
    0.863970135471384E-02   -0.118984651517728E-01
    0.917765018702000E-02   -0.139728732172594E-01
    0.959445292527533E-02   -0.161439959782991E-01
    0.987435503592617E-02   -0.183829780956566E-01
    0.100110453712889E-01   -0.206626619543365E-01
    0.999283332428752E-02   -0.229453285832066E-01
    0.982198645031536E-02   -0.252039512515314E-01
    0.949358570217118E-02   -0.273932833447667E-01
    0.902073832022780E-02   -0.294899683807125E-01
    0.840773569969471E-02   -0.314435974585103E-01
    0.767947960045679E-02   -0.332375927560611E-01
    0.685044975757553E-02   -0.348191660113914E-01
    0.595591844216514E-02   -0.361798740419078E-01
    0.501777164004752E-02   -0.372660455640667E-01
    0.407570348941885E-02   -0.380751268493481E-01
    0.314733472900549E-02   -0.385496402309824E-01
    0.226021810246437E-02   -0.386837964940140E-01
    0.139628520310001E-02   -0.384051334856535E-01
    0.526721498911123E-03   -0.376819080744296E-01
   -0.467657485389340E-03   -0.364080749565995E-01
   -0.177895673117042E-02   -0.344836484510702E-01
   -0.371298435797761E-02   -0.317630710126054E-01
   -0.684292224443812E-02   -0.280463221212309E-01
   -0.114827150557409E-01   -0.233051693857192E-01
   -0.186217889844899E-01   -0.174492895912082E-01
   -0.270039065167202E-01   -0.111437159698584E-01
   -0.355556689779615E-01   -0.527084652575104E-02
   -0.378346860322467E-01   -0.124081325297962E-02
   -0.267367476213052E-01   -0.481483947307840E-04
    0.000000000000000E+00    0.000000000000000E+00
    0.000000000000000E+00    0.000000000000000E+00
    0.722056981218668E-03   -0.125308597055054E-03
    0.161139545830566E-02   -0.487579396078199E-03
    0.261461745852617E-02   -0.106835801058252E-02
    0.368909333061680E-02   -0.185952299147490E-02
    0.479908613522196E-02   -0.285267943685815E-02
    0.591444900674747E-02   -0.404398856498418E-02
    0.700808679446847E-02   -0.542553285853002E-02
    0.805587157246985E-02   -0.699058510648658E-02
    0.903491770570509E-02   -0.872721520423905E-02
    0.992347456906316E-02   -0.106216633413073E-01
    0.107011277111360E-01   -0.126564631129378E-01
    0.113476352667704E-01   -0.148095515724359E-01
    0.118461261565256E-01   -0.170578766133597E-01
    0.121791129504866E-01   -0.193704394639075E-01
    0.123359919553173E-01   -0.217200809955469E-01
    0.123044689531329E-01   -0.240672701676257E-01
    0.120836261763146E-01   -0.263833942169826E-01
    0.116690876603623E-01   -0.286217272629016E-01
    0.110726038692799E-01   -0.307555226304149E-01
    0.102997699228528E-01   -0.327331061962456E-01
    0.937615624946428E-02   -0.345324103698747E-01
    0.831755018118190E-02   -0.360993227888422E-01
    0.716068659735650E-02   -0.374170220812856E-01
    0.592804451275202E-02   -0.384302916981104E-01
    0.465733641335616E-02   -0.391235828319394E-01
    0.336634435888960E-02   -0.394384854544568E-01
    0.206768435812441E-02   -0.393493262264957E-01
    0.745957417429004E-03   -0.387869637568915E-01
   -0.670229372581083E-03   -0.376940851641702E-01
   -0.228946359938711E-02   -0.359796149680450E-01
   -0.437733770348784E-02   -0.335316089504819E-01
   -0.721406736234796E-02   -0.302489109747157E-01
   -0.113566493082841E-01   -0.260086411611190E-01
   -0.171248991113551E-01   -0.208543612938471E-01
   -0.248178346441802E-01   -0.149760617447045E-01
   -0.334441314527530E-01   -0.903301027136522E-02
   -0.402015205328579E-01   -0.396254068611806E-02
   -0.397106933051792E-01   -0.866002486292132E-03
   -0.269410777866174E-01    0.103075428017352E-03
    0.000000000000000E+00    0.000000000000000E+00
    0.000000000000000E+00    0.000000000000000E+00
    0.981892968990908E-03   -0.136904630637652E-03
    0.210536551606026E-02   -0.527607325432508E-03
    0.332639458376900E-02   -0.114861723180934E-02
    0.460951052208574E-02   -0.198713828235106E-02
    0.592032962244425E-02   -0.303013782943428E-02
    0.723006708395371E-02   -0.427244297181164E-02
    0.850998089802026E-02   -0.570228477821821E-02
    0.973419334490072E-02   -0.731388473780250E-02
    0.108770523246307E-01   -0.909216465980374E-02
    0.119131354001725E-01   -0.110255309407268E-01
    0.128192828656751E-01   -0.130938267055824E-01
    0.135704048336907E-01   -0.152769424511304E-01
    0.141477010431012E-01   -0.175498256613042E-01
    0.145282143972678E-01   -0.198820486730019E-01
    0.147008354250371E-01   -0.222455514000830E-01
    0.146478781400458E-01   -0.245991091447447E-01
    0.143696403905549E-01   -0.269147011765084E-01
    0.138572995954148E-01   -0.291412951279510E-01
    0.131252389353238E-01   -0.312541697996602E-01
    0.121763195768804E-01   -0.331951279732699E-01
    0.110391044470169E-01   -0.349446096810864E-01
    0.972835969151097E-02   -0.364408802197812E-01
    0.828260205721157E-02   -0.376681465145728E-01
    0.672313784702631E-02   -0.385639767432856E-01
    0.508696678309153E-02   -0.391100613559525E-01
    0.338558714249053E-02   -0.392429171815495E-01
    0.162868368509053E-02   -0.389293411606266E-01
   -0.217960668224528E-03   -0.381007251720545E-01
   -0.222766702678230E-02   -0.366909609773877E-01
   -0.453851881088593E-02   -0.346273127876656E-01
   -0.741231183519014E-02   -0.317981573126036E-01
   -0.111039173424852E-01   -0.281752545749013E-01
   -0.161579917983530E-01   -0.236556532431156E-01
   -0.225610845609739E-01   -0.184507705165577E-01
   -0.306605006052479E-01   -0.127465267112589E-01
   -0.386112932482475E-01   -0.729895155587592E-02
   -0.441076657888654E-01   -0.294167326299188E-02
   -0.417620801367411E-01   -0.381276864629204E-03
   -0.269361423294449E-01    0.153976101137687E-03
    0.000000000000000E+00    0.000000000000000E+00
    0.000000000000000E+00    0.000000000000000E+00
    0.125529906784634E-02   -0.141997186076423E-03
    0.262415618991373E-02   -0.547629008576292E-03
    0.407032268531219E-02   -0.119047470248873E-02
    0.556496518933532E-02   -0.205162224669742E-02
    0.707670060414182E-02   -0.311713314078246E-02
    0.857838880761019E-02   -0.437761008217571E-02
    0.100408579303112E-01   -0.582192231194449E-02
    0.114368639393647E-01   -0.744097994316083E-02
    0.127382114735680E-01   -0.922151458175384E-02
    0.139166779353776E-01   -0.111494846115454E-01
    0.149454112254897E-01   -0.132068363079053E-01
    0.157960128537312E-01   -0.153714415305611E-01
    0.164455951750682E-01   -0.176198491931304E-01
    0.168681099851633E-01   -0.199200413630835E-01
    0.170487816497533E-01   -0.222444000680130E-01
    0.169675617671424E-01   -0.245507074379684E-01
    0.166223938337354E-01   -0.268098747701951E-01
    0.160030015709685E-01   -0.289707785811984E-01
    0.151233959104922E-01   -0.310060808399390E-01
    0.139855919667200E-01   -0.328586568607064E-01
    0.126195959240397E-01   -0.345048733416109E-01
    0.110392730378589E-01   -0.358853387805579E-01
    0.928452865955854E-02   -0.369786057056880E-01
    0.737533843064954E-02   -0.377259300145936E-01
    0.534562990963753E-02   -0.381013736714405E-01
    0.320627481032256E-02   -0.380470196638087E-01
    0.952821699759132E-03   -0.375208294238425E-01
   -0.144510056783684E-02   -0.364631964194570E-01
   -0.408853302322225E-02   -0.348050275335929E-01
   -0.710189442189820E-02   -0.324884883931267E-01
   -0.107555341275496E-01   -0.294299306285650E-01
   -0.152888895783012E-01   -0.256181706395062E-01
   -0.210703521968145E-01   -0.210583043514747E-01
   -0.281447697799775E-01   -0.159494113621344E-01
   -0.361457979412960E-01   -0.106489534715639E-01
   -0.435597613571710E-01   -0.580976739523071E-02
   -0.472257059099810E-01   -0.214420402751701E-02
   -0.426112705286847E-01   -0.222126025295380E-03
   -0.268551677038675E-01    0.174341184388404E-03
    0.000000000000000E+00    0.000000000000000E+00
    0.000000000000000E+00    0.000000000000000E+00
    0.153817929421055E-02   -0.144095582200619E-03
    0.315553882200121E-02   -0.552201067353159E-03
    0.482751708149270E-02   -0.119675795080010E-02
    0.653096105484875E-02   -0.205620781491391E-02
    0.823923347802341E-02   -0.311453991226316E-02
    0.992661621621478E-02   -0.436143898041655E-02
    0.115646539234206E-01   -0.578363159666430E-02
    0.131247315529221E-01   -0.737284699260616E-02
    0.145769519772956E-01   -0.911381968104703E-02
    0.158898223678493E-01   -0.109943894575293E-01
    0.170336930310407E-01   -0.129947775181088E-01
    0.179757175867138E-01   -0.150945345817815E-01
    0.186901598813219E-01   -0.172691978541777E-01
    0.191460664034289E-01   -0.194870183279853E-01
    0.193266413609240E-01   -0.217207425689820E-01
    0.192074275252878E-01   -0.239261597836731E-01
    0.187856618565554E-01   -0.260765675898500E-01
    0.180482681792344E-01   -0.281166151828619E-01
    0.170095981184082E-01   -0.300234006417018E-01
    0.156712985327113E-01   -0.317346514203017E-01
    0.140635955158805E-01   -0.332319626302762E-01
    0.122021074437916E-01   -0.344524670550743E-01
    0.101252689590141E-01   -0.353780181115407E-01
    0.785457134124336E-02   -0.359512777503099E-01
    0.542015479504621E-02   -0.361445214095110E-01
    0.282981185595125E-02   -0.359091153607759E-01
    0.750222455840091E-04   -0.351948937252336E-01
   -0.288442539948257E-02   -0.339629416968155E-01
   -0.614870954036933E-02   -0.321326473631742E-01
   -0.984118699612689E-02   -0.296869223545277E-01
   -0.142220029331700E-01   -0.265328588492725E-01
   -0.194341117001720E-01   -0.227366525683162E-01
   -0.258453933606279E-01   -0.182916222946758E-01
   -0.331279099944665E-01   -0.134998388862853E-01
   -0.410423467537606E-01   -0.866854671445848E-02
   -0.474930638383490E-01   -0.442984450055631E-02
   -0.498327838364193E-01   -0.141945338147282E-02
   -0.438170115643678E-01    0.757163307515213E-04
   -0.266912370063650E-01    0.209433800547855E-03
    0.000000000000000E+00    0.000000000000000E+00
    0.000000000000000E+00    0.000000000000000E+00
    0.181620839497161E-02   -0.140163368160804E-03
    0.367986943827036E-02   -0.538371379710778E-03
    0.557226923945050E-02   -0.116607169150626E-02
    0.747875886539208E-02   -0.199958671954738E-02
    0.937544951661879E-02   -0.302299993428460E-02
    0.112400235117190E-01   -0.422383787886846E-02
    0.130440979930712E-01   -0.559004695370482E-02
    0.147586716189746E-01   -0.711123537829023E-02
    0.163520279801043E-01   -0.877427940661239E-02
    0.177898352816262E-01   -0.105651849980847E-01
    0.190394883665706E-01   -0.124665066755125E-01
    0.200639378517624E-01   -0.144562742219926E-01
    0.208341574699103E-01   -0.165117224485229E-01
    0.213146231087567E-01   -0.186001802590838E-01
    0.214859637256925E-01   -0.206948283262269E-01
    0.213196028803164E-01   -0.227515956989769E-01
    0.208121180395139E-01   -0.247428576807000E-01
    0.199471698296631E-01   -0.266150291478311E-01
    0.187412464715004E-01   -0.283435334689272E-01
    0.171932916441726E-01   -0.298698284140089E-01
    0.153382310726578E-01   -0.311742304641108E-01
    0.131886098427455E-01   -0.321993302577819E-01
    0.107880554944273E-01   -0.329273339602207E-01
    0.815381750113770E-02   -0.333071251652971E-01
    0.531795415007376E-02   -0.333140778789497E-01
    0.228352248578235E-02   -0.329050946962209E-01
   -0.962117396389446E-03   -0.320380471565248E-01
   -0.446152055649142E-02   -0.306772664579068E-01
   -0.831647862682993E-02   -0.287622699920547E-01
   -0.126489050228355E-01   -0.262739304728767E-01
   -0.176676286542200E-01   -0.231686943033335E-01
   -0.235282549642429E-01   -0.194957100889813E-01
   -0.303505394701807E-01   -0.153422064174374E-01
   -0.379097913676438E-01   -0.109562332293317E-01
   -0.453745787909655E-01   -0.672149005756146E-02
   -0.509861357040267E-01   -0.316605782048875E-02
   -0.517480626979386E-01   -0.764418846004684E-03
   -0.440341602532489E-01    0.239588677041629E-03
   -0.264444920774710E-01    0.228073085171988E-03
    0.000000000000000E+00    0.000000000000000E+00
    0.000000000000000E+00    0.000000000000000E+00
    0.208652283319411E-02   -0.133472532024922E-03
    0.418442546593734E-02   -0.509807590390693E-03
    0.628711393041522E-02   -0.110234210164962E-02
    0.838399177462294E-02   -0.188667838178247E-02
    0.104574075462715E-01   -0.284714684866681E-02
    0.124862556394244E-01   -0.397149846035774E-02
    0.144439890613381E-01   -0.524709508917738E-02
    0.163006160705461E-01   -0.666490578021231E-02
    0.180230518886144E-01   -0.821086796109636E-02
    0.195743016332733E-01   -0.987295560252501E-02
    0.209183908484826E-01   -0.116328826980980E-01
    0.220145779151529E-01   -0.134701307910623E-01
    0.228296693401883E-01   -0.153619332140380E-01
    0.233243394058887E-01   -0.172753453131838E-01
    0.234754351856657E-01   -0.191854214747934E-01
    0.232518192899935E-01   -0.210453560613721E-01
    0.226474530315150E-01   -0.228322655943554E-01
    0.216462495806026E-01   -0.244879232376375E-01
    0.202630378945142E-01   -0.259954492910865E-01
    0.185009190459272E-01   -0.272922584474406E-01
    0.163925950582582E-01   -0.283674512539737E-01
    0.139582139011403E-01   -0.291645194320983E-01
    0.112364451479283E-01   -0.296714217910163E-01
    0.825288937549135E-02   -0.298476331247984E-01
    0.503095731598972E-02   -0.296664607855029E-01
    0.157926455097029E-02   -0.291080492915905E-01
   -0.212495410034395E-02   -0.281181645046630E-01
   -0.611898466281729E-02   -0.266975234135317E-01
   -0.105114442296633E-01   -0.247660280562176E-01
   -0.153922524276849E-01   -0.223547119664432E-01
   -0.209746053046613E-01   -0.193966566244412E-01
   -0.272746864582523E-01   -0.160049980118954E-01
   -0.344465449607729E-01   -0.122338002130678E-01
   -0.419165267419494E-01   -0.838071712667392E-02
   -0.490297106491958E-01   -0.476707340694584E-02
   -0.536584540818022E-01   -0.185967629051597E-02
   -0.532456228039142E-01   -0.766233738677520E-04
   -0.445396109927999E-01    0.523590074562874E-03
   -0.260771500436973E-01    0.283466287423058E-03
    0.000000000000000E+00    0.000000000000000E+00
    0.000000000000000E+00    0.000000000000000E+00
    0.233556729693273E-02   -0.121501081536818E-03
    0.465241937489173E-02   -0.465302584989173E-03
    0.694806668020164E-02   -0.100560597059980E-02
    0.922072181813808E-02   -0.171895915010353E-02
    0.114549406259160E-01   -0.259105069543178E-02
    0.136335760287133E-01   -0.360945058861834E-02
    0.157303334771040E-01   -0.476355275808938E-02
    0.177151122261724E-01   -0.604348917294784E-02
    0.195534675295037E-01   -0.743773497024846E-02
    0.212052506055580E-01   -0.893331037987339E-02
    0.226320603657347E-01   -0.105142747499652E-01
    0.237880398881219E-01   -0.121594805358790E-01
    0.246374144400468E-01   -0.138474599983498E-01
    0.251349799973631E-01   -0.155455832706174E-01
    0.252562913676825E-01   -0.172286009870071E-01
    0.249647250525870E-01   -0.188517421752801E-01
    0.242560039157814E-01   -0.203905179554859E-01
    0.231095950319895E-01   -0.217911658123480E-01
    0.215464874459458E-01   -0.230354453540164E-01
    0.195659091219863E-01   -0.240677379686955E-01
    0.172109553306604E-01   -0.248786602035363E-01
    0.144967313519520E-01   -0.254199481927698E-01
    0.114741940378360E-01   -0.256868000176988E-01
    0.816060067211325E-02   -0.256454339049595E-01
    0.459006952877692E-02   -0.252841572773279E-01
    0.758811058071223E-03   -0.245846111097028E-01
   -0.334684687944395E-02   -0.235166993513644E-01
   -0.777929455928756E-02   -0.220737099522691E-01
   -0.126246322192447E-01   -0.202117551879359E-01
   -0.179916566027882E-01   -0.179417638509047E-01
   -0.240042597466652E-01   -0.152509150292659E-01
   -0.307212195916052E-01   -0.122133497944397E-01
   -0.380351608649590E-01   -0.894946693217745E-02
   -0.455015631302706E-01   -0.569103192824404E-02
   -0.520177321512824E-01   -0.277392691254484E-02
   -0.557592962098362E-01   -0.582612985170592E-03
   -0.540952450384102E-01    0.615220039472168E-03
   -0.441893800585992E-01    0.764962299212678E-03
   -0.256341158902220E-01    0.333138593064057E-03
    0.000000000000000E+00    0.000000000000000E+00
    0.000000000000000E+00    0.000000000000000E+00
    0.256133896613487E-02   -0.107082741771448E-03
    0.507154221132552E-02   -0.407662760787017E-03
    0.753968047260515E-02   -0.880279270490265E-03
    0.996645070178928E-02   -0.150246711135700E-02
    0.123428442001481E-01   -0.226211178839982E-02
    0.146525008998181E-01   -0.314825217545447E-02
    0.168711249549071E-01   -0.415106832887231E-02
    0.189678072504424E-01   -0.526271388553091E-02
    0.209064654248355E-01   -0.647177171324038E-02
    0.226447753992677E-01   -0.776732359518165E-02
    0.241400683945520E-01   -0.913363858229020E-02
    0.253435434547265E-01   -0.105505504760587E-01
    0.262138177777458E-01   -0.119980144675948E-01
    0.267031676297826E-01   -0.134420019773955E-01
    0.267817151751292E-01   -0.148613897559922E-01
    0.264126397213899E-01   -0.162068952588380E-01
    0.255876059774966E-01   -0.174622996351099E-01
    0.242904204765977E-01   -0.185671956877150E-01
    0.225392697166032E-01   -0.195159406096265E-01
    0.203437247972185E-01   -0.202478545178629E-01
    0.177431314810554E-01   -0.207677963926962E-01
    0.147682477332076E-01   -0.210302842716725E-01
    0.114617331656358E-01   -0.210403348519773E-01
    0.785843497376007E-02   -0.207811385975810E-01
    0.397719395986608E-02   -0.202392737279482E-01
   -0.169655359182330E-03   -0.194299921225467E-01
   -0.461666595107836E-02   -0.183064610974937E-01
   -0.939628692068880E-02   -0.169086660635161E-01
   -0.146172094288526E-01   -0.151639090047650E-01
   -0.203339956019972E-01   -0.131358627229665E-01
   -0.266984364372914E-01   -0.107756617739367E-01
   -0.336132417587396E-01   -0.820672581624571E-02
   -0.410383032478081E-01   -0.550287260419055E-02
   -0.482295572144786E-01   -0.291390211504219E-02
   -0.542771553431705E-01   -0.710150786694313E-03
   -0.571396199896772E-01    0.790216312709322E-03
   -0.545286213713230E-01    0.136734825322389E-02
   -0.440056101143812E-01    0.108976990062016E-02
   -0.250042484568825E-01    0.409944225949559E-03
    0.000000000000000E+00    0.000000000000000E+00
    0.000000000000000E+00    0.000000000000000E+00
    0.275197136165070E-02   -0.883831630308269E-04
    0.542878286247823E-02   -0.337348063578148E-03
    0.804197942976338E-02   -0.728020772534252E-03
    0.106003830434700E-01   -0.124135894228877E-02
    0.130964047048417E-01   -0.186772313368336E-02
    0.155173526684608E-01   -0.259772309199167E-02
    0.178389699945377E-01   -0.342418242388801E-02
    0.200300523430614E-01   -0.433976315416688E-02
    0.220531579659895E-01   -0.533566886895473E-02
    0.238624250485031E-01   -0.640127640629311E-02
    0.254128200707357E-01   -0.752271709724427E-02
    0.266497375904917E-01   -0.868072975871353E-02
    0.275295089659961E-01   -0.985540883498344E-02
    0.279977033557792E-01   -0.110152308860930E-01
    0.280242028527811E-01   -0.121368621526517E-01
    0.275661386386736E-01   -0.131762301655105E-01
    0.266195015882430E-01   -0.141131145608456E-01
    0.251637012876023E-01   -0.148958298994375E-01
    0.232277804843423E-01   -0.155154335453400E-01
    0.208178189870540E-01   -0.159230760479490E-01
    0.179903870173710E-01   -0.161253736106712E-01
    0.147705481511083E-01   -0.160891752553459E-01
    0.112214816104261E-01   -0.158310296198643E-01
    0.736578368694419E-02   -0.153420247423425E-01
    0.324197473461428E-02   -0.146327059024671E-01
   -0.115923393097462E-02   -0.137160203014286E-01
   -0.585258188649792E-02   -0.125808246787673E-01
   -0.109011019161266E-01   -0.112504152196416E-01
   -0.163757272571300E-01   -0.969673826547907E-02
   -0.223712615751897E-01   -0.795082319600174E-02
   -0.289342708075442E-01   -0.601369319714529E-02
   -0.360332855178955E-01   -0.395971975693480E-02
   -0.433869091829216E-01   -0.190246814852066E-02
   -0.503868431583501E-01   -0.274731978730754E-04
   -0.558067748063193E-01    0.141550204958778E-02
   -0.578555716337674E-01    0.217081586805311E-02
   -0.543261540020392E-01    0.214750207260515E-02
   -0.430323109769662E-01    0.141035114845525E-02
   -0.242768575316425E-01    0.485551625111344E-03
    0.000000000000000E+00    0.000000000000000E+00
    0.000000000000000E+00    0.000000000000000E+00
    0.290628987831250E-02   -0.676930645186406E-04
    0.571320965793034E-02   -0.256469522081258E-03
    0.844249179578438E-02   -0.553757924222777E-03
    0.111037840794407E-01   -0.942971122785921E-03
    0.136952148109884E-01   -0.141816469606597E-02
    0.162041796106052E-01   -0.197242460168636E-02
    0.186079529488978E-01   -0.260048999209445E-02
    0.208743671231142E-01   -0.329745471899430E-02
    0.229637976233285E-01   -0.405572345721504E-02
    0.248283528836535E-01   -0.486651502240888E-02
    0.264178477308724E-01   -0.571758672050935E-02
    0.276751674950072E-01   -0.658970458886363E-02
    0.285498099173714E-01   -0.746652441445633E-02
    0.289858569269657E-01   -0.831315153279695E-02
    0.289465782796429E-01   -0.911375466182826E-02
    0.283911403169976E-01   -0.981639223697732E-02
    0.273110011944308E-01   -0.104143301108628E-01
    0.256940219830554E-01   -0.108444341945524E-01
    0.235670111155278E-01   -0.111177386503516E-01
    0.209527140136079E-01   -0.111749522279838E-01
    0.179047079806900E-01   -0.110457577594376E-01
    0.144718192774664E-01   -0.106959425683441E-01
    0.107075007486592E-01   -0.101598044423273E-01
    0.666079316249440E-02   -0.944555146704865E-02
    0.234846122560706E-02   -0.856581502073160E-02
   -0.221364156215177E-02   -0.757183393424384E-02
   -0.707423166271602E-02   -0.643345539797235E-02
   -0.122661280841638E-01   -0.522672445045066E-02
   -0.179023224747499E-01   -0.388700880164179E-02
   -0.240119821077072E-01   -0.249938082036278E-02
   -0.306940615999142E-01   -0.101786759283225E-02
   -0.377635699047435E-01    0.442548243029142E-03
   -0.450297895762373E-01    0.182564762757680E-02
   -0.516423819111974E-01    0.294170177056879E-02
   -0.565608298725213E-01    0.361001639996340E-02
   -0.578870432101583E-01    0.363377551140083E-02
   -0.536641973761547E-01    0.297095342775600E-02
   -0.421093233194177E-01    0.177895332019355E-02
   -0.233146583453856E-01    0.576031093282966E-03
    0.000000000000000E+00    0.000000000000000E+00
    0.000000000000000E+00    0.000000000000000E+00
    0.301503210390523E-02   -0.440920207108791E-04
    0.591661387457745E-02   -0.167306583515905E-03
    0.872717920540171E-02   -0.361118219627796E-03
    0.114630217926191E-01   -0.614390948303952E-03
    0.141225451074762E-01   -0.924342908615937E-03
    0.166959774024330E-01   -0.128707954987390E-02
    0.191599654875242E-01   -0.170013381559856E-02
    0.214816912764631E-01   -0.216043306823881E-02
    0.236196732638430E-01   -0.266261893689791E-02
    0.255222841574393E-01   -0.319977816688577E-02
    0.271364889956840E-01   -0.376052957052058E-02
    0.283991405675556E-01   -0.432877905577207E-02
    0.292571005840364E-01   -0.488641705829050E-02
    0.296476490062264E-01   -0.540438416335120E-02
    0.295340788649448E-01   -0.586137300557171E-02
    0.288701445575898E-01   -0.621549189031772E-02
    0.276532559740291E-01   -0.645108698775389E-02
    0.258689300200041E-01   -0.652028113475577E-02
    0.235584491284088E-01   -0.642475034611052E-02
    0.207444388448122E-01   -0.612479990856210E-02
    0.175032018409621E-01   -0.564646970337323E-02
    0.138808307146275E-01   -0.497536823499509E-02
    0.995749856561051E-02   -0.415514410456812E-02
    0.576941878960521E-02   -0.320677597800215E-02
    0.135837474849467E-02   -0.216935724578317E-02
   -0.328830195006150E-02   -0.109213186327382E-02
   -0.819540689995445E-02    0.139792580591701E-04
   -0.134398835349588E-01    0.109372225255273E-02
   -0.190934723703464E-01    0.216437428980417E-02
   -0.252427201584343E-01    0.317907715568754E-02
   -0.318846755299544E-01    0.414120006169729E-02
   -0.389132160759071E-01    0.498692759600415E-02
   -0.459361752606231E-01    0.564124933386889E-02
   -0.522299542775265E-01    0.597294841797644E-02
   -0.565521446652996E-01    0.584085101270405E-02
   -0.571930580824282E-01    0.509792840316604E-02
   -0.523747467221688E-01    0.381342931025619E-02
   -0.404390964539623E-01    0.214711572539289E-02
   -0.222369092756108E-01    0.668589010033482E-03
    0.000000000000000E+00    0.000000000000000E+00
    0.000000000000000E+00    0.000000000000000E+00
    0.307803831339581E-02   -0.191873563715525E-04
    0.603058787147067E-02   -0.713833464255187E-04
    0.888790847107538E-02   -0.155637395907408E-03
    0.116651990781634E-01   -0.264431833590040E-03
    0.143651527686680E-01   -0.399577187064889E-03
    0.169770486826001E-01   -0.560216759729747E-03
    0.194783079511579E-01   -0.746628235382671E-03
    0.218346160671944E-01   -0.958134196087406E-03
    0.240018688286191E-01   -0.119172218154627E-02
    0.259261551289377E-01   -0.144171007330900E-02
    0.275487863194104E-01   -0.170017451956674E-02
    0.288040702453822E-01   -0.194971009513920E-02
    0.296313454746820E-01   -0.217867864388131E-02
    0.299667723968872E-01   -0.235203717194357E-02
    0.297666085026513E-01   -0.246050291487751E-02
    0.289878209427563E-01   -0.244942886627159E-02
    0.276242329152451E-01   -0.232356939927423E-02
    0.256722429721937E-01   -0.201539177721810E-02
    0.231742625941125E-01   -0.155664085942710E-02
    0.201734440764145E-01   -0.885667153770085E-03
    0.167483361770754E-01   -0.646203084268265E-04
    0.129737059012849E-01    0.934494134318102E-03
    0.892385367385083E-02    0.203662828900444E-02
    0.466646211650960E-02    0.321307462282511E-02
    0.219257718487005E-03    0.441253270897373E-02
   -0.440096525898468E-02    0.555045613663977E-02
   -0.926433110127947E-02    0.663188312754325E-02
   -0.144139360256158E-01    0.754626380526634E-02
   -0.199825808331627E-01    0.835198415591819E-02
   -0.259905537351451E-01    0.894505902470913E-02
   -0.325084734634650E-01    0.938543798275934E-02
   -0.392936224648071E-01    0.956968453584122E-02
   -0.460571384022738E-01    0.949094817889324E-02
   -0.518942359728625E-01    0.901643799633352E-02
   -0.557265794809388E-01    0.807964894115987E-02
   -0.558249353903804E-01    0.658556053612873E-02
   -0.505782815906131E-01    0.465211430492191E-02
   -0.387381845702227E-01    0.252983887068307E-02
   -0.209070665923818E-01    0.755377575487125E-03
    0.000000000000000E+00    0.000000000000000E+00
    0.000000000000000E+00    0.000000000000000E+00
    0.308973147756365E-02    0.681475434178689E-05
    0.605286420480598E-02    0.271655786949256E-04
    0.891828223200822E-02    0.570026002836861E-04
    0.117055940500209E-01    0.969801168487619E-04
    0.144162431692496E-01    0.142029555026372E-03
    0.170411609860823E-01    0.189029364500193E-03
    0.195561230545392E-01    0.235261017176376E-03
    0.219258785462061E-01    0.278451019481476E-03
    0.241036573235458E-01    0.320100642409156E-03
    0.260320143066760E-01    0.362332120389269E-03
    0.276485566072279E-01    0.413385269601266E-03
    0.288819517156097E-01    0.484795506962093E-03
    0.296678854495521E-01    0.592090729466833E-03
    0.299364585356992E-01    0.760196717988110E-03
    0.296428955779323E-01    0.100798562183835E-02
    0.287407320389247E-01    0.137367376113151E-02
    0.272290302794292E-01    0.186883451224560E-02
    0.251064353006999E-01    0.253684209284820E-02
    0.224298936154247E-01    0.336662874508587E-02
    0.192503903781389E-01    0.438896659549646E-02
    0.156699874142800E-01    0.555911708469516E-02
    0.117705279802339E-01    0.687292099398277E-02
    0.765348611250607E-02    0.825829786860037E-02
    0.338117644566765E-02    0.966292379834029E-02
   -0.100536970701414E-02    0.110158950762268E-01
   -0.551723381331920E-02    0.122276332448512E-01
   -0.102057648249240E-01    0.132633595037322E-01
   -0.151650470761955E-01    0.140303745073182E-01
   -0.204959160684499E-01    0.145402896163097E-01
   -0.262857318853421E-01    0.147262577025853E-01
   -0.325233326605110E-01    0.146122260922816E-01
   -0.390476197757740E-01    0.141432917289594E-01
   -0.454217112133070E-01    0.133087492097154E-01
   -0.508471825929174E-01    0.120281966368754E-01
   -0.541466209894955E-01    0.102857838864770E-01
   -0.537141605976386E-01    0.802844463255201E-02
   -0.481886697419089E-01    0.547743548896539E-02
   -0.363421290427519E-01    0.288957378833322E-02
   -0.194581008661850E-01    0.849734964434537E-03
    0.000000000000000E+00    0.000000000000000E+00
    0.000000000000000E+00    0.000000000000000E+00
    0.305118593171350E-02    0.331670833838531E-04
    0.597876251420172E-02    0.127379779152782E-03
    0.881593830794960E-02    0.270824551702787E-03
    0.115790601120743E-01    0.459844630537766E-03
    0.142718769628235E-01    0.684687872508368E-03
    0.168830950333964E-01    0.939188807502012E-03
    0.193884921935394E-01    0.121747634228102E-02
    0.217505781647841E-01    0.151534543209506E-02
    0.239199493614808E-01    0.183088373556486E-02
    0.258364144056219E-01    0.216576197226648E-02
    0.274321365058024E-01    0.252269611508082E-02
    0.286328212230220E-01    0.291573050837428E-02
    0.293667342155399E-01    0.335054322060137E-02
    0.295623032793568E-01    0.386041160740644E-02
    0.291681517837884E-01    0.444703407252160E-02
    0.281401745882159E-01    0.516665684177848E-02
    0.264762610599448E-01    0.600269778183076E-02
    0.241846596971116E-01    0.702877880124737E-02
    0.213301644474479E-01    0.819228051531220E-02
    0.179825207315645E-01    0.956339294992001E-02
    0.142579692826316E-01    0.110452963892656E-01
    0.102647053331986E-01    0.126700040690272E-01
    0.611222965823318E-02    0.143148155413956E-01
    0.189132907053461E-02    0.159411274699795E-01
   -0.237254125534206E-02    0.174477666725041E-01
   -0.666467876780563E-02    0.187225017342354E-01
   -0.110851983465451E-01    0.197355467542586E-01
   -0.156991515367684E-01    0.203399682791186E-01
   -0.206827488337405E-01    0.205875097305223E-01
   -0.260674005897037E-01    0.203483974077333E-01
   -0.319314935966187E-01    0.197104791881893E-01
   -0.380066667941680E-01    0.185735740764400E-01
   -0.439629365521638E-01    0.170061099732401E-01
   -0.488853047301846E-01    0.149236510258986E-01
   -0.517302601514177E-01    0.123901467126074E-01
   -0.509488398476763E-01    0.940590361263136E-02
   -0.452709621306068E-01    0.622992391233208E-02
   -0.338855760667833E-01    0.323415201323980E-02
   -0.177900161695844E-01    0.911172457197632E-03
    0.000000000000000E+00    0.000000000000000E+00
    0.000000000000000E+00    0.000000000000000E+00
    0.296159484439478E-02    0.584343184031363E-04
    0.581287799870695E-02    0.223594671739753E-03
    0.858339149206688E-02    0.478496275128742E-03
    0.112909627822232E-01    0.812214411956499E-03
    0.139363909148529E-01    0.121227951276369E-02
    0.165086579274880E-01    0.166834651944345E-02
    0.189808518104327E-01    0.217283535189522E-02
    0.213144893165634E-01    0.271795093194391E-02
    0.234568189847110E-01    0.330101704706740E-02
    0.253448477619655E-01    0.391869743964554E-02
    0.269063013201389E-01    0.457477043534694E-02
    0.280623001034862E-01    0.527468978306502E-02
    0.287361419773386E-01    0.602933957555826E-02
    0.288515916257673E-01    0.685735742647253E-02
    0.283537424022440E-01    0.777347880007234E-02
    0.271978626922555E-01    0.881056038426657E-02
    0.253829095788232E-01    0.997659228684312E-02
    0.229260302111785E-01    0.113109367893973E-01
    0.199006048854235E-01    0.127972675233996E-01
    0.163972966873125E-01    0.144613241794995E-01
    0.125485058113389E-01    0.162463975358147E-01
    0.848880574384431E-02    0.181360785399289E-01
    0.434627857901545E-02    0.200351983151282E-01
    0.226800065614414E-03    0.218647163096134E-01
   -0.383167289158341E-02    0.235223220493449E-01
   -0.782813589448854E-02    0.248760844227374E-01
   -0.118588345467191E-01    0.258643693429407E-01
   -0.160356596750631E-01    0.263474175299028E-01
   -0.205242529023518E-01    0.263312489537473E-01
   -0.254246425807270E-01    0.257160527411480E-01
   -0.307682752441657E-01    0.245567814359934E-01
   -0.363637646677061E-01    0.227960529741326E-01
   -0.417970368176131E-01    0.205082091085486E-01
   -0.462335658574509E-01    0.176554440517108E-01
   -0.486252816041939E-01    0.143614976167919E-01
   -0.474839669880986E-01    0.106616996778110E-01
   -0.418429400015033E-01    0.692273986081198E-02
   -0.308233194157820E-01    0.351419953134903E-02
   -0.160130018238096E-01    0.987745166342849E-03
    0.000000000000000E+00    0.000000000000000E+00
    0.000000000000000E+00    0.000000000000000E+00
    0.282332129688147E-02    0.828916363791131E-04
    0.555520809138118E-02    0.315440883971381E-03
    0.822499038950797E-02    0.674165649539706E-03
    0.108451117058958E-01    0.114381637544241E-02
    0.134163203666861E-01    0.170814450738333E-02
    0.159241859396202E-01    0.235432305720392E-02
    0.183412088156613E-01    0.307180150783750E-02
    0.206261063705407E-01    0.385157936559735E-02
    0.227241349724294E-01    0.468683649520857E-02
    0.245693212720737E-01    0.557435911026740E-02
    0.260851264011871E-01    0.651052808715407E-02
    0.271893064044551E-01    0.750362525981898E-02
    0.277988247140540E-01    0.855149976979564E-02
    0.278344423373022E-01    0.968187419252308E-02
    0.272357592993341E-01    0.108875911034540E-01
    0.259570934946789E-01    0.122227644734831E-01
    0.239991855053343E-01    0.136606523943196E-01
    0.213824318908227E-01    0.152803155868923E-01
    0.181968819891947E-01    0.170143540933435E-01
    0.145419035123983E-01    0.189476195355783E-01
    0.105829116487217E-01    0.209569107227650E-01
    0.646774311584452E-02    0.230921302058857E-01
    0.236017838280821E-02    0.251872065618923E-01
   -0.161959163904076E-02    0.272098654924564E-01
   -0.542258656904961E-02    0.290042470872840E-01
   -0.903569194980921E-02    0.304389188102633E-01
   -0.125912043031745E-01    0.314374767866240E-01
   -0.161869683414620E-01    0.318114010265712E-01
   -0.200682058767390E-01    0.315969250964215E-01
   -0.243012684362658E-01    0.306228251896538E-01
   -0.290180596118532E-01    0.290105524882973E-01
   -0.339610895887544E-01    0.266467340143447E-01
   -0.388223555309673E-01    0.236940412587632E-01
   -0.427196352818926E-01    0.201080851386888E-01
   -0.447064610154472E-01    0.160936285519559E-01
   -0.434202314017604E-01    0.117530088365395E-01
   -0.379158513484928E-01    0.746361638248348E-02
   -0.277273942532318E-01    0.375684558672546E-02
   -0.141138383185893E-01    0.100046209024076E-02
    0.000000000000000E+00    0.000000000000000E+00
    0.000000000000000E+00    0.000000000000000E+00
    0.264109123868163E-02    0.103959228913718E-03
    0.521746479666482E-02    0.396488975095345E-03
    0.775263885859298E-02    0.849757496425384E-03
    0.102571335366648E-01    0.144225292397814E-02
    0.127273027946656E-01    0.215612492838796E-02
    0.151475865784857E-01    0.297515397573914E-02
    0.174872045925575E-01    0.388800855495034E-02
    0.197041652874479E-01    0.488220262472268E-02
    0.217403894439678E-01    0.595062799962411E-02
    0.235284470598746E-01    0.708429214864770E-02
    0.249874569820049E-01    0.828042825399106E-02
    0.260322913546430E-01    0.953673534653270E-02
    0.265741719702540E-01    0.108556621492940E-01
    0.265307991443213E-01    0.122466806992518E-01
    0.258350777299082E-01    0.137162303804399E-01
    0.244429740729013E-01    0.152892770205075E-01
    0.223489446591424E-01    0.169690407408014E-01
    0.195884669943200E-01    0.187918486641452E-01
    0.162474783976975E-01    0.207415884770526E-01
    0.124613531819887E-01    0.228468381000340E-01
    0.839441172464285E-02    0.250520906802970E-01
    0.424863769829471E-02    0.273430165411827E-01
    0.187030570417786E-03    0.296171156531233E-01
   -0.361807460669221E-02    0.317823708312706E-01
   -0.712494319352008E-02    0.337136415474634E-01
   -0.102997884670340E-01    0.352396675899182E-01
   -0.132934145766470E-01    0.362669526145570E-01
   -0.162310876570459E-01    0.365964283794742E-01
   -0.193781477871244E-01    0.362172681184013E-01
   -0.228639214931193E-01    0.349746508481184E-01
   -0.268201794262918E-01    0.329530544834399E-01
   -0.310612695523757E-01    0.300737703298999E-01
   -0.352657663444471E-01    0.265084021019539E-01
   -0.386113291974111E-01    0.222544936503630E-01
   -0.402308767499684E-01    0.175867809120760E-01
   -0.387705216924936E-01    0.126341153577577E-01
   -0.336187450519359E-01    0.789896289740113E-02
   -0.241697195610955E-01    0.388426266614702E-02
   -0.121258915019964E-01    0.103975099307956E-02
    0.000000000000000E+00    0.000000000000000E+00
    0.000000000000000E+00    0.000000000000000E+00
    0.241830536082763E-02    0.123007115233483E-03
    0.480469071336133E-02    0.466973048592664E-03
    0.717733782658472E-02    0.100043122756983E-02
    0.953982131341599E-02    0.169836563680029E-02
    0.118859859687867E-01    0.254110974853588E-02
    0.141962472355159E-01    0.351102274466548E-02
    0.164389608262492E-01    0.459471029483793E-02
    0.185694460210920E-01    0.577930121994626E-02
    0.205290229570372E-01    0.705346275164665E-02
    0.222478062224883E-01    0.840846704530590E-02
    0.236429718635353E-01    0.983303890381430E-02
    0.246262693410846E-01    0.113267058193557E-01
    0.251048454887691E-01    0.128767500791771E-01
    0.249920462109291E-01    0.144996050622797E-01
    0.242167257295146E-01    0.161769087935772E-01
    0.227289638693555E-01    0.179530461267648E-01
    0.205265718730810E-01    0.197935237899581E-01
    0.176374324832000E-01    0.217769687817506E-01
    0.141707573887312E-01    0.238327947081008E-01
    0.102525714444503E-01    0.260621098671980E-01
    0.609998082639616E-02    0.283379754041457E-01
    0.190482995033500E-02    0.307408712565629E-01
   -0.209573463300173E-02    0.330870438503741E-01
   -0.574045476697650E-02    0.353704341878955E-01
   -0.892605543426043E-02    0.373933706762479E-01
   -0.116318624212018E-01    0.390188787845552E-01
   -0.140026350018146E-01    0.401129164219456E-01
   -0.161770698003949E-01    0.404385903428612E-01
   -0.184846518240376E-01    0.399951929161622E-01
   -0.210560925325521E-01    0.385434422069679E-01
   -0.241307453882352E-01    0.362279750497199E-01
   -0.275103945492217E-01    0.328977627991443E-01
   -0.309831735566253E-01    0.288153160345275E-01
   -0.337498444358728E-01    0.239703749657613E-01
   -0.350220352161603E-01    0.187158102114513E-01
   -0.336264929747842E-01    0.132740638411219E-01
   -0.289120962602331E-01    0.811492811145804E-02
   -0.206538548551417E-01    0.396785377633286E-02
   -0.101791667251944E-01    0.984972252094968E-03
    0.000000000000000E+00    0.000000000000000E+00
    0.000000000000000E+00    0.000000000000000E+00
    0.216531691671092E-02    0.136613331972468E-03
    0.433492651272041E-02    0.520807334754266E-03
    0.651971758662585E-02    0.111862244214449E-02
    0.871788209292889E-02    0.190136529769681E-02
    0.109181983318415E-01    0.284932039495478E-02
    0.130987665560088E-01    0.394326736381699E-02
    0.152249425513405E-01    0.517003911638113E-02
    0.172520793083346E-01    0.651424000746858E-02
    0.191192688982735E-01    0.796444886752046E-02
    0.207572265595879E-01    0.950638844208225E-02
    0.220802964033923E-01    0.111285146431982E-01
    0.229997762277961E-01    0.128191991404825E-01
    0.234179081569767E-01    0.145674491428326E-01
    0.232465062084055E-01    0.163699489536135E-01
    0.224057762773172E-01    0.182178505919634E-01
    0.208475013066216E-01    0.201239128922057E-01
    0.185554058402708E-01    0.220812083557101E-01
    0.155731883255442E-01    0.241224184663042E-01
    0.119894200768122E-01    0.262336930989238E-01
    0.797482075296162E-02    0.284553876552686E-01
    0.372045070105492E-02    0.307501812171357E-01
   -0.499675253715025E-03    0.331273452180481E-01
   -0.447769300639250E-02    0.355057093544946E-01
   -0.795059013304198E-02    0.378083771077897E-01
   -0.108471860712072E-01    0.399119946955994E-01
   -0.130688888020804E-01    0.416226723148605E-01
   -0.148010662234023E-01    0.428147225202826E-01
   -0.161699805027613E-01    0.432179718879386E-01
   -0.175551780855105E-01    0.427823524066465E-01
   -0.191386950213659E-01    0.412642983658939E-01
   -0.212112316360826E-01    0.387502384886748E-01
   -0.236554696481092E-01    0.351133721641222E-01
   -0.263197944229104E-01    0.306133932783708E-01
   -0.284631837774782E-01    0.252773189302012E-01
   -0.294472157789481E-01    0.195403948023032E-01
   -0.280741086572637E-01    0.136414256611436E-01
   -0.240209909819669E-01    0.820629848873033E-02
   -0.168730668077919E-01    0.389418613128276E-02
   -0.816004094301128E-02    0.975030685085863E-03
    0.000000000000000E+00    0.000000000000000E+00
    0.000000000000000E+00    0.000000000000000E+00
    0.188598533466003E-02    0.147156601742015E-03
    0.381784774841446E-02    0.558759953704815E-03
    0.579616056773150E-02    0.120146090393536E-02
    0.781174990211899E-02    0.204471677223459E-02
    0.984870078662900E-02    0.306984874342531E-02
    0.118814965870289E-01    0.425763709161834E-02
    0.138747587330901E-01    0.559446525066538E-02
    0.157822524180968E-01    0.706541730850727E-02
    0.175445683672366E-01    0.865562005406057E-02
    0.190915664027310E-01    0.103509674664659E-01
    0.203391503395100E-01    0.121315607168426E-01
    0.211969531868316E-01    0.139856916049086E-01
    0.215668228881504E-01    0.158869540996747E-01
    0.213560826239422E-01    0.178340911622368E-01
    0.204827139534534E-01    0.197935444055595E-01
    0.188883651776386E-01    0.217889934486561E-01
    0.165585815043232E-01    0.237777377515534E-01
    0.135178782248949E-01    0.258247504800304E-01
    0.987574559112428E-02    0.278673587319935E-01
    0.577282699959031E-02    0.300134750598869E-01
    0.146006508557626E-02    0.321663704337889E-01
   -0.282727105705159E-02    0.344416070998690E-01
   -0.677291599686260E-02    0.366875404561966E-01
   -0.101568874513257E-01    0.389474685993309E-01
   -0.127795004518346E-01    0.410282852125889E-01
   -0.145833786061280E-01    0.428114646451136E-01
   -0.156714059119971E-01    0.441166549306517E-01
   -0.162118456043625E-01    0.446528589730689E-01
   -0.166024338228875E-01    0.443593587560106E-01
   -0.170704712002207E-01    0.428872142021539E-01
   -0.180116318954801E-01    0.403583688125991E-01
   -0.193657389903936E-01    0.365403380028198E-01
   -0.211120329069823E-01    0.317779471675482E-01
   -0.226029552452475E-01    0.260795617218839E-01
   -0.232827971851360E-01    0.199509270151550E-01
   -0.221714148654566E-01    0.137668383913896E-01
   -0.188560463578596E-01    0.806040010724296E-02
   -0.132262041227366E-01    0.380127649381107E-02
   -0.639352568956050E-02    0.848604196029829E-03
    0.000000000000000E+00    0.000000000000000E+00
    0.000000000000000E+00    0.000000000000000E+00
    0.159548660825677E-02    0.150867844114378E-03
    0.327582681821465E-02    0.576332815814098E-03
    0.503399862151096E-02    0.124327009301646E-02
    0.685253681546878E-02    0.212138978962491E-02
    0.871094969374784E-02    0.319374954419320E-02
    0.105807921710565E-01    0.444210974377119E-02
    0.124249437652973E-01    0.585415446454484E-02
    0.141985294521516E-01    0.741408752917721E-02
    0.158420194327105E-01    0.910723330695921E-02
    0.172887303964808E-01    0.109151994883779E-01
    0.184546343723125E-01    0.128166728306794E-01
    0.192523694969525E-01    0.147899824131591E-01
    0.195819332798982E-01    0.168065761810459E-01
    0.193511018970664E-01    0.188468036619501E-01
    0.184706481933551E-01    0.208784930891421E-01
    0.168813603720211E-01    0.228957949454849E-01
    0.145511848553927E-01    0.248707260519841E-01
    0.115114975402815E-01    0.268263120583927E-01
    0.783856095881593E-02    0.287434642481226E-01
    0.370836159826830E-02    0.306765833249697E-01
   -0.677516309603474E-03    0.326160418902048E-01
   -0.499549892183857E-02    0.346185517914285E-01
   -0.898835049552589E-02    0.366548439097102E-01
   -0.122951649246145E-01    0.387095136916287E-01
   -0.147721719858442E-01    0.407126654288284E-01
   -0.162069485599489E-01    0.424901582182338E-01
   -0.167567850858700E-01    0.439172732576407E-01
   -0.165022013410454E-01    0.446550352559424E-01
   -0.159057288014590E-01    0.446002984594386E-01
   -0.152181819170761E-01    0.433754139268589E-01
   -0.149323155152201E-01    0.409964454341431E-01
   -0.150998542659022E-01    0.372310766805739E-01
   -0.158350807036090E-01    0.323792048492303E-01
   -0.165801266993734E-01    0.264777804352181E-01
   -0.169847106708968E-01    0.201014791507226E-01
   -0.160683822396937E-01    0.136476537412089E-01
   -0.136886214477881E-01    0.784303638372758E-02
   -0.952373369957061E-02    0.354591587315445E-02
   -0.454301347935963E-02    0.798933500446482E-03
    0.000000000000000E+00    0.000000000000000E+00
    0.000000000000000E+00    0.000000000000000E+00
    0.129734206810434E-02    0.150843557443591E-03
    0.272197995727724E-02    0.574627522994789E-03
    0.425265597116979E-02    0.124388238740210E-02
    0.586571850950000E-02    0.212872958561217E-02
    0.753454800672300E-02    0.321654907554540E-02
    0.922869357379056E-02    0.449066148122728E-02
    0.109109105299446E-01    0.594032186811868E-02
    0.125367325141528E-01    0.755117774996232E-02
    0.140507083057882E-01    0.930662841351874E-02
    0.153877611046662E-01    0.111887204147099E-01
    0.164698343362593E-01    0.131693838149798E-01
    0.172106298865677E-01    0.152254573395724E-01
    0.175149791946107E-01    0.173151231131949E-01
    0.172882479923415E-01    0.194153907552835E-01
    0.164421122220862E-01    0.214729392191970E-01
    0.149066110129416E-01    0.234799447561847E-01
    0.126476929639909E-01    0.253792070262937E-01
    0.967127403768398E-02    0.272024968770764E-01
    0.605973811710468E-02    0.288958414243854E-01
    0.194453260119832E-02    0.305495804828958E-01
   -0.243310594772076E-02    0.321207293480939E-01
   -0.681107745442306E-02    0.337483659114433E-01
   -0.108263533821712E-01    0.353675461560578E-01
   -0.141830134160959E-01    0.370877221554046E-01
   -0.165663211038588E-01    0.388180037218237E-01
   -0.178180039878856E-01    0.404977117354266E-01
   -0.179137909421274E-01    0.419723001486943E-01
   -0.169943885037231E-01    0.429229217517058E-01
   -0.154324922763919E-01    0.432376511309292E-01
   -0.135701906135171E-01    0.424103973449101E-01
   -0.119559794943522E-01    0.404598932936552E-01
   -0.107844373683422E-01    0.369636850016861E-01
   -0.103427523232778E-01    0.323002154525173E-01
   -0.102572438228653E-01    0.264306113208255E-01
   -0.103059044836229E-01    0.199489192565162E-01
   -0.975360521664051E-02    0.134335948845608E-01
   -0.836638394123988E-02    0.747550102657902E-02
   -0.599516825583720E-02    0.334503786302919E-02
   -0.314733939752598E-02    0.615466064959536E-03
    0.000000000000000E+00    0.000000000000000E+00
    0.000000000000000E+00    0.000000000000000E+00
    0.100976650440002E-02    0.143612051219151E-03
    0.217986659507323E-02    0.551910741172246E-03
    0.348270272909138E-02    0.120084039858585E-02
    0.488472403968664E-02    0.206537864744449E-02
    0.635648667644256E-02    0.313635780830154E-02
    0.786499560315126E-02    0.440074871846174E-02
    0.937316368428327E-02    0.585021719121316E-02
    0.108398372193400E-01    0.747133173015087E-02
    0.122118243759808E-01    0.924854518490656E-02
    0.134310349832251E-01    0.111615238303042E-01
    0.144228083042016E-01    0.131810023947198E-01
    0.151085604176691E-01    0.152766005761042E-01
    0.153958046723608E-01    0.174022825594753E-01
    0.151941895159747E-01    0.195208344951750E-01
    0.144135439722300E-01    0.215724128400417E-01
    0.129808117490894E-01    0.235260614255037E-01
    0.108489300543808E-01    0.253203878865102E-01
    0.801471152794521E-02    0.269552091913812E-01
    0.452831392447299E-02    0.283872262097162E-01
    0.522458449380719E-03    0.296709953197158E-01
   -0.381745480558465E-02    0.308072499436794E-01
   -0.818439562428486E-02    0.319073715131173E-01
   -0.122892414248361E-01    0.330000478374699E-01
   -0.157066766849524E-01    0.341795489561035E-01
   -0.181917009697079E-01    0.354955950983617E-01
   -0.193717208757780E-01    0.368873403868063E-01
   -0.192744305901613E-01    0.383075115699308E-01
   -0.178534649093217E-01    0.394294426630862E-01
   -0.155154557889917E-01    0.401500783812277E-01
   -0.125558908884474E-01    0.399220443378651E-01
   -0.960910897486200E-02    0.386227258330285E-01
   -0.701826085485860E-02    0.357792064584200E-01
   -0.524700251724020E-02    0.316055934549284E-01
   -0.412702109491245E-02    0.260740135960578E-01
   -0.371546005757849E-02    0.197165428535287E-01
   -0.339485287059154E-02    0.131428283775750E-01
   -0.317118994773591E-02    0.722302256856499E-02
   -0.258577578054984E-02    0.306030661371198E-02
   -0.160266705598862E-02    0.575801897676622E-03
    0.000000000000000E+00    0.000000000000000E+00
    0.000000000000000E+00    0.000000000000000E+00
    0.735137302189652E-03    0.132512685740185E-03
    0.166425985352898E-02    0.509294081823173E-03
    0.274362058979548E-02    0.111700089795983E-02
    0.393653301246643E-02    0.193339234941078E-02
    0.520730242917398E-02    0.295657853838413E-02
    0.652353521185379E-02    0.417643640028856E-02
    0.784918610382570E-02    0.558796746893155E-02
    0.914579289146272E-02    0.718024765813811E-02
    0.103668722072219E-01    0.893754193814818E-02
    0.114583991703838E-01    0.108411766490727E-01
    0.123562280687889E-01    0.128577775991292E-01
    0.129859817116162E-01    0.149563136306201E-01
    0.132662685661174E-01    0.170818079273034E-01
    0.131083551479706E-01    0.191917468749093E-01
    0.124285502009431E-01    0.212118120786410E-01
    0.111475404356758E-01    0.230987829254647E-01
    0.921457434904314E-02    0.247721442187948E-01
    0.660475872575771E-02    0.262128106691033E-01
    0.335419932269355E-02    0.273597986399954E-01
   -0.448087884357309E-03    0.282513429045388E-01
   -0.462438816077969E-02    0.288819962291754E-01
   -0.893183494847084E-02    0.293736151261751E-01
   -0.130422140458453E-01    0.297692539891182E-01
   -0.165958019200223E-01    0.302284094301554E-01
   -0.192172298089451E-01    0.308623354878522E-01
   -0.205797441609280E-01    0.317346328023354E-01
   -0.204804804666274E-01    0.328314778435554E-01
   -0.188945752512341E-01    0.339352255516573E-01
   -0.160205718821453E-01    0.350217959800868E-01
   -0.121904279354662E-01    0.354430315929576E-01
   -0.798354149379045E-02    0.350980298348971E-01
   -0.392191383369432E-02    0.332035876728058E-01
   -0.641655896295440E-03    0.300610051580877E-01
    0.169653080686958E-02    0.253036731152521E-01
    0.282139342765429E-02    0.194040360217612E-01
    0.300643721824545E-02    0.130405469278314E-01
    0.221895312356658E-02    0.699615711021440E-02
    0.808114502223568E-03    0.299266539499067E-02
   -0.591198438566236E-03    0.384379659009352E-03
    0.000000000000000E+00    0.000000000000000E+00
    0.000000000000000E+00    0.000000000000000E+00
    0.492096842869261E-03    0.115115895205123E-03
    0.119588617840957E-02    0.448855861167540E-03
    0.206439366023673E-02    0.994415085722198E-03
    0.305167622006947E-02    0.173868754904717E-02
    0.412200926035281E-02    0.268438675309182E-02
    0.524221591758440E-02    0.382688678121442E-02
    0.637828978672443E-02    0.516450985937899E-02
    0.749744719290672E-02    0.668841029712978E-02
    0.855706196537831E-02    0.838544792274291E-02
    0.951362398874383E-02    0.102363608153512E-01
    0.103085844671617E-01    0.122090138593910E-01
    0.108805792908016E-01    0.142686760456627E-01
    0.111547438613042E-01    0.163584854085429E-01
    0.110530588840947E-01    0.184278525131802E-01
    0.104966806334102E-01    0.203945331331707E-01
    0.940649949589632E-02    0.222015378947218E-01
    0.772972428140058E-02    0.237512630137550E-01
    0.542180089509055E-02    0.250058074694368E-01
    0.250320693666609E-02    0.258780825271397E-01
   -0.978963551577955E-03    0.263904902972664E-01
   -0.488163460091944E-02    0.265089444352875E-01
   -0.900596988442509E-02    0.263595610504214E-01
   -0.130738951520081E-01    0.259835853924044E-01
   -0.167076292785459E-01    0.255882850207718E-01
   -0.195786768662049E-01    0.253306938003919E-01
   -0.212277781711731E-01    0.253945703451179E-01
   -0.214716770857017E-01    0.258630556551672E-01
   -0.200440085193081E-01    0.266452170804372E-01
   -0.171164864583409E-01    0.278397930109969E-01
   -0.127801349087160E-01    0.288563375057477E-01
   -0.763506833243546E-02    0.295306059124230E-01
   -0.224795426897813E-02    0.290047557342512E-01
    0.260880362052401E-02    0.273104846761351E-01
    0.642479120052169E-02    0.239377045542382E-01
    0.854308456172737E-02    0.190197571368198E-01
    0.898414154741832E-02    0.131589144560675E-01
    0.724007527359134E-02    0.730203586810212E-02
    0.410425290740738E-02    0.313368728177300E-02
    0.979334075195402E-03    0.524309794683996E-03
    0.000000000000000E+00    0.000000000000000E+00
    0.000000000000000E+00    0.000000000000000E+00
    0.281087240562488E-03    0.943875480192217E-04
    0.788794422857784E-03    0.371349610667210E-03
    0.146120270996538E-02    0.838972257514692E-03
    0.225426306832355E-02    0.148868486272782E-02
    0.312784485722258E-02    0.233193201824288E-02
    0.405234696341046E-02    0.336766525590886E-02
    0.499654169607258E-02    0.459808513703072E-02
    0.593198438435938E-02    0.601779974184252E-02
    0.682482257331327E-02    0.761451555026472E-02
    0.763689268440390E-02    0.937281520549984E-02
    0.832350955481999E-02    0.112591320631641E-01
    0.882955298997981E-02    0.132418924922239E-01
    0.909678281972731E-02    0.152605936060782E-01
    0.905289813916644E-02    0.172637653953828E-01
    0.863286675774834E-02    0.191632438945148E-01
    0.775902940156832E-02    0.208904224463971E-01
    0.637971735057673E-02    0.223408378246268E-01
    0.444149037903857E-02    0.234441264673937E-01
    0.194102443297092E-02    0.241115196418920E-01
   -0.109997987064713E-02    0.243035754423705E-01
   -0.459208542031732E-02    0.240003070685297E-01
   -0.837792618903406E-02    0.232412342578105E-01
   -0.122454079940451E-01    0.221233130412586E-01
   -0.158579541165198E-01    0.207818626858496E-01
   -0.189080815248323E-01    0.194893837963832E-01
   -0.209409375644204E-01    0.184514809719869E-01
   -0.216807149651988E-01    0.178771208153822E-01
   -0.207787456861913E-01    0.178228803631294E-01
   -0.182120725437098E-01    0.186606881659904E-01
   -0.139487215688433E-01    0.198841458449258E-01
   -0.835658519339723E-02    0.214293014986903E-01
   -0.202263460238296E-02    0.222628499882022E-01
    0.429257685312665E-02    0.226615909441748E-01
    0.975157106807281E-02    0.212578843509490E-01
    0.135541626550237E-01    0.181529898860512E-01
    0.147681861785659E-01    0.134601777509846E-01
    0.128547056857358E-01    0.786451548380061E-02
    0.786692142362493E-02    0.383903841079070E-02
    0.189898427340042E-02    0.646519199784986E-03
    0.000000000000000E+00    0.000000000000000E+00
    0.000000000000000E+00    0.000000000000000E+00
    0.117665269655001E-03    0.697934525226258E-04
    0.456002161910926E-03    0.283830069440122E-03
    0.955161487932774E-03    0.658862771523968E-03
    0.156585522900496E-02    0.119814432541692E-02
    0.225117427261224E-02    0.191759278837043E-02
    0.298401486222512E-02    0.282150513546041E-02
    0.373627888068253E-02    0.391571283010358E-02
    0.448747267115366E-02    0.519651783613439E-02
    0.520753918812415E-02    0.665599974797562E-02
    0.587120381745328E-02    0.827887458951215E-02
    0.643913767275224E-02    0.100369268327006E-01
    0.687325734011913E-02    0.118978951105253E-01
    0.712258454787092E-02    0.138062365048178E-01
    0.713273621559960E-02    0.157088446542998E-01
    0.684698446732037E-02    0.175179684245245E-01
    0.619823352918782E-02    0.191618299303642E-01
    0.514202422710869E-02    0.205234149070086E-01
    0.361286307810159E-02    0.215282036929605E-01
    0.161152930742113E-02    0.220484375829219E-01
   -0.896708518146903E-03    0.220455338305778E-01
   -0.382077137426381E-02    0.214189037046579E-01
   -0.711853649422785E-02    0.202286374104983E-01
   -0.105690879643917E-01    0.184515968321388E-01
   -0.139933361359145E-01    0.163051046343038E-01
   -0.170534547418806E-01    0.139079106713474E-01
   -0.194274459813074E-01    0.116637662900938E-01
   -0.207704540153368E-01    0.971172970752872E-02
   -0.206564577049755E-01    0.842086284460372E-02
   -0.189483823626558E-01    0.817187728491001E-02
   -0.153533445990228E-01    0.894223822367861E-02
   -0.100658892100987E-01    0.106675085797568E-01
   -0.353419680116765E-02    0.125997956688505E-01
    0.376440272696392E-02    0.149394024434541E-01
    0.106932996389908E-01    0.160770586793828E-01
    0.163548423553490E-01    0.157357101603826E-01
    0.192872431221677E-01    0.131688770485540E-01
    0.181055723229540E-01    0.898554812459658E-02
    0.119283804427716E-01    0.480872942321342E-02
    0.459666556262684E-02    0.129861277020786E-02
    0.000000000000000E+00    0.000000000000000E+00
    0.000000000000000E+00    0.000000000000000E+00
   -0.448686369657999E-07    0.430817729996506E-04
    0.207857620715190E-03    0.186756587510294E-03
    0.555780620767060E-03    0.463460874519338E-03
    0.100280516569121E-02    0.881342107446956E-03
    0.151186587112042E-02    0.146349632076676E-02
    0.206172909226966E-02    0.221733591406948E-02
    0.262921765013363E-02    0.315093123558493E-02
    0.319825965068116E-02    0.426452615875987E-02
    0.374853318409350E-02    0.555043102174003E-02
    0.425923805113041E-02    0.699966606305706E-02
    0.470583942855027E-02    0.858392700477427E-02
    0.505593703208920E-02    0.102796955537763E-01
    0.527761987709215E-02    0.120319734262688E-01
    0.532363468031595E-02    0.137966512212572E-01
    0.515678235614404E-02    0.154878122812337E-01
    0.471732998932455E-02    0.170362075757615E-01
    0.397156362601959E-02    0.183294607249758E-01
    0.285906108110017E-02    0.192746439535514E-01
    0.136599994465928E-02    0.197557312000681E-01
   -0.542039256505493E-03    0.196705001898289E-01
   -0.283614403333116E-02    0.189475929228361E-01
   -0.547735990061474E-02    0.175090745385204E-01
   -0.837251021113988E-02    0.154055477456051E-01
   -0.113385999565807E-01    0.126365938837733E-01
   -0.142164783637001E-01    0.944902985855374E-02
   -0.166429113221560E-01    0.600824776825581E-02
   -0.184503684960474E-01    0.267776373900232E-02
   -0.190812858043600E-01   -0.280915813682910E-03
   -0.184905475994196E-01   -0.212885801847776E-02
   -0.160734978878760E-01   -0.269218216159978E-02
   -0.120092388722198E-01   -0.195303184097304E-02
   -0.617483679039505E-02   -0.867904299664985E-04
    0.960906910215700E-03    0.354951812108839E-02
    0.869907225223105E-02    0.702060694525687E-02
    0.162245335064945E-01    0.101388396283837E-01
    0.211273752707148E-01    0.107849663199492E-01
    0.218650566808920E-01    0.960903594235006E-02
    0.160351913452249E-01    0.637152866661106E-02
    0.680309973420279E-02    0.143866379724080E-02
    0.000000000000000E+00    0.000000000000000E+00
    0.000000000000000E+00    0.000000000000000E+00
   -0.650154347206240E-04    0.175450745530461E-04
    0.441478542959905E-04    0.940886690320945E-04
    0.268983284204838E-03    0.269960906655958E-03
    0.571659985976198E-03    0.564175461326993E-03
    0.920939026132512E-03    0.100224760672352E-02
    0.130239467145625E-02    0.159361658551911E-02
    0.169565388781766E-02    0.234941785637122E-02
    0.209391048895876E-02    0.326914985901209E-02
    0.247883457131673E-02    0.435070053468421E-02
    0.284243057618848E-02    0.558436256077769E-02
    0.316291761227825E-02    0.695101595320343E-02
    0.342524156548143E-02    0.842786891829417E-02
    0.360193606411093E-02    0.997280843993100E-02
    0.366702299809930E-02    0.115447727782616E-01
    0.358953580221589E-02    0.130720991310018E-01
    0.333057120143664E-02    0.144915080084145E-01
    0.286412857623032E-02    0.156987651079505E-01
    0.213873713532741E-02    0.166108760975975E-01
    0.115070826899659E-02    0.170971426263257E-01
   -0.159905590519208E-03    0.170719303114575E-01
   -0.174549658852033E-02    0.163983438426138E-01
   -0.366212924399662E-02    0.150293888912273E-01
   -0.577144814892970E-02    0.128622529296616E-01
   -0.810274173243695E-02    0.996991195942814E-02
   -0.103959340524240E-01    0.632251046800397E-02
   -0.126241067874196E-01    0.223174317131814E-02
   -0.144182419304815E-01   -0.227555094029978E-02
   -0.156131799148349E-01   -0.659928956192473E-02
   -0.158537704012398E-01   -0.105172797910061E-01
   -0.149350395147660E-01   -0.130584565113894E-01
   -0.126556712465216E-01   -0.144993842647948E-01
   -0.867747066063076E-02   -0.140897183377159E-01
   -0.328077705105353E-02   -0.111915436453681E-01
    0.378212042106071E-02   -0.681666582406365E-02
    0.115328103515660E-01   -0.885701108990927E-03
    0.183711654151437E-01    0.379438228233724E-02
    0.224244609115716E-01    0.736326472143822E-02
    0.198853412749050E-01    0.797159447993123E-02
    0.102350693588178E-01    0.363561078266349E-02
    0.000000000000000E+00    0.000000000000000E+00
    0.000000000000000E+00    0.000000000000000E+00
   -0.829965094046041E-04   -0.586283565136563E-05
   -0.343968665633785E-04    0.820689276585622E-05
    0.922583190245674E-04    0.938831218082966E-04
    0.274148188998657E-03    0.271872459414572E-03
    0.485726859934996E-03    0.569138884032848E-03
    0.718539168102423E-03    0.996204500118118E-03
    0.959001377157007E-03    0.156219170354527E-02
    0.120269582760254E-02    0.227055560139468E-02
    0.144047434977627E-02    0.311684910201710E-02
    0.166581944540048E-02    0.409943089017515E-02
    0.186962266963680E-02    0.519846760464521E-02
    0.203935457298992E-02    0.640442922097221E-02
    0.216424608862174E-02    0.767728725932402E-02
    0.222304915287090E-02    0.899482048032954E-02
    0.220412534551122E-02    0.102912483326795E-01
    0.207607179478678E-02    0.115252647805095E-01
    0.182964217586424E-02    0.126038183769669E-01
    0.142416972743662E-02    0.134596997703150E-01
    0.858512311835049E-03    0.139817852559441E-01
    0.884009199686806E-04    0.140713993710356E-01
   -0.871378741293599E-03    0.136283814113363E-01
   -0.205208931979358E-02    0.125220186855356E-01
   -0.341420547432671E-02    0.107209632333124E-01
   -0.494436346946857E-02    0.808431217381800E-02
   -0.657790277971794E-02    0.471443902082315E-02
   -0.820965794617166E-02    0.520235754278236E-03
   -0.977647037050355E-02   -0.418310944148393E-02
   -0.109710780554275E-01   -0.936942210887013E-02
   -0.118045875020813E-01   -0.144655402280847E-01
   -0.118250937785464E-01   -0.189927559579626E-01
   -0.111935394778148E-01   -0.228855420449600E-01
   -0.915465362272123E-02   -0.253074503150378E-01
   -0.615727410006347E-02   -0.247802070128730E-01
   -0.108227163413657E-02   -0.217631496876755E-01
    0.441783033168300E-02   -0.162022954560136E-01
    0.118834653024175E-01   -0.857902295587907E-02
    0.197724642128590E-01    0.119716738275662E-02
    0.211502716255532E-01    0.652842139096530E-02
    0.186700307261705E-01    0.242392075898115E-02
    0.000000000000000E+00    0.000000000000000E+00
    0.000000000000000E+00    0.000000000000000E+00
   -0.625797731723547E-04   -0.182993628726567E-04
   -0.477219848978304E-04   -0.471917132111821E-04
    0.726802830715393E-05   -0.336039612593911E-04
    0.951850736390738E-04    0.457372050709500E-04
    0.195310326915559E-03    0.216164093872829E-03
    0.309123302650845E-03    0.482594027101939E-03
    0.423451125263452E-03    0.856557653899054E-03
    0.542551963370544E-03    0.133650531426344E-02
    0.656074242910707E-03    0.192428484765472E-02
    0.767715934343951E-03    0.261500966832953E-02
    0.866851475982126E-03    0.340038495516754E-02
    0.954971425686137E-03    0.427033920243723E-02
    0.102003979046894E-02    0.520315975881884E-02
    0.105979783834856E-02    0.618002216992962E-02
    0.106160486184439E-02    0.716095561199385E-02
    0.101741657037194E-02    0.811377147369659E-02
    0.917130304954999E-03    0.897636006154157E-02
    0.743896302109328E-03    0.969885064856820E-02
    0.496667340854060E-03    0.101968828622252E-01
    0.145261088799313E-03    0.104005815623222E-01
   -0.290169423774032E-03    0.102113230275495E-01
   -0.858841086290683E-03    0.954361360921326E-02
   -0.149955678098255E-02    0.830465485366175E-02
   -0.228890955303511E-02    0.641749761104385E-02
   -0.309984306576902E-02    0.381788279144200E-02
   -0.403433192731634E-02    0.486465457531149E-03
   -0.487180170428554E-02   -0.356772143735232E-02
   -0.572374178085679E-02   -0.817534937688097E-02
   -0.630124853031369E-02   -0.133175641053699E-01
   -0.676766390505835E-02   -0.183581608888167E-01
   -0.681440562640256E-02   -0.236230843562112E-01
   -0.624699102032592E-02   -0.279887279014682E-01
   -0.480213832610234E-02   -0.312545009885551E-01
   -0.229710377180196E-02   -0.312608827223596E-01
    0.995119843476582E-03   -0.306584026350585E-01
    0.446375754522603E-02   -0.251223651864011E-01
    0.739421395965912E-02   -0.159379654412802E-01
    0.104563318078882E-01   -0.866694321801208E-02
    0.112524673763459E-01    0.225070455071667E-02
    0.000000000000000E+00    0.000000000000000E+00
    0.000000000000000E+00    0.000000000000000E+00
   -0.200962407206289E-04   -0.200962407201683E-04
   -0.186241112805670E-04   -0.629222397416853E-04
   -0.664622846494284E-05   -0.837444659007720E-04
    0.170940026280930E-04   -0.673265330098670E-04
    0.439733414181364E-04   -0.557026111192405E-06
    0.751022147869373E-04    0.122820609629708E-03
    0.106105036216186E-03    0.304888965372024E-03
    0.138122125824140E-03    0.549806228453031E-03
    0.169296782634739E-03    0.853000542312252E-03
    0.199391130049374E-03    0.121873008136115E-02
    0.227653226286917E-03    0.163588320133497E-02
    0.251857272160973E-03    0.210876886149194E-02
    0.272592670207001E-03    0.261665633800045E-02
    0.284552458400015E-03    0.316335152224583E-02
    0.290598440517520E-03    0.371440949524480E-02
    0.281009085003373E-03    0.427132917377336E-02
    0.262350660048578E-03    0.478300397613417E-02
    0.219075231706589E-03    0.524491653502751E-02
    0.163172680247242E-03    0.559022072354374E-02
    0.721718356750161E-04    0.580073806846603E-02
   -0.346104455479549E-04    0.580397243700616E-02
   -0.186152161380209E-03    0.555471127704214E-02
   -0.353734457190644E-03    0.499918057915682E-02
   -0.571944029397100E-03    0.404564077075349E-02
   -0.805447408118380E-03    0.270562438035677E-02
   -0.108088259605134E-02    0.807472115596507E-03
   -0.135804497003165E-02   -0.148130760050893E-02
   -0.163089098934570E-02   -0.438908672735296E-02
   -0.186330351419989E-02   -0.763968092476782E-02
   -0.208868685889883E-02   -0.114467116943394E-01
   -0.238713050092995E-02   -0.153111122210239E-01
   -0.240533507012481E-02   -0.197083385318226E-01
   -0.225137802832070E-02   -0.233130696794445E-01
   -0.150229946215404E-02   -0.250885345837759E-01
   -0.315743886115680E-03   -0.283067327923376E-01
   -0.248928107068562E-03   -0.292250654414952E-01
   -0.186758372606154E-02   -0.258562659174566E-01
   -0.234068283286047E-02   -0.231296828310556E-01
    0.214917997073077E-01   -0.961458425271213E-02
    0.000000000000000E+00    0.000000000000000E+00
    0.000000000000000E+00    0.000000000000000E+00
    0.000000000000000E+00    0.000000000000000E+00
    0.000000000000000E+00    0.000000000000000E+00
    0.000000000000000E+00    0.000000000000000E+00
    0.000000000000000E+00    0.000000000000000E+00
    0.000000000000000E+00    0.000000000000000E+00
    0.000000000000000E+00    0.000000000000000E+00
    0.000000000000000E+00    0.000000000000000E+00
    0.000000000000000E+00    0.000000000000000E+00
    0.000000000000000E+00    0.000000000000000E+00
    0.000000000000000E+00    0.000000000000000E+00
    0.000000000000000E+00    0.000000000000000E+00
    0.000000000000000E+00    0.000000000000000E+00
    0.000000000000000E+00    0.000000000000000E+00
    0.000000000000000E+00    0.000000000000000E+00
    0.000000000000000E+00    0.000000000000000E+00
    0.000000000000000E+00    0.000000000000000E+00
    0.000000000000000E+00    0.000000000000000E+00
    0.000000000000000E+00    0.000000000000000E+00
    0.000000000000000E+00    0.000000000000000E+00
    0.000000000000000E+00    0.000000000000000E+00
    0.000000000000000E+00    0.000000000000000E+00
    0.000000000000000E+00    0.000000000000000E+00
    0.000000000000000E+00    0.000000000000000E+00
    0.000000000000000E+00    0.000000000000000E+00
    0.000000000000000E+00    0.000000000000000E+00
    0.000000000000000E+00    0.000000000000000E+00
    0.000000000000000E+00    0.000000000000000E+00
    0.000000000000000E+00    0.000000000000000E+00
    0.000000000000000E+00    0.000000000000000E+00
    0.000000000000000E+00    0.000000000000000E+00
    0.000000000000000E+00    0.000000000000000E+00
    0.000000000000000E+00    0.000000000000000E+00
    0.000000000000000E+00    0.000000000000000E+00
    0.000000000000000E+00    0.000000000000000E+00
    0.000000000000000E+00    0.000000000000000E+00
    0.000000000000000E+00    0.000000000000000E+00
    0.000000000000000E+00    0.000000000000000E+00
    0.000000000000000E+00    0.000000000000000E+00
    0.000000000000000E+00    0.000000000000000E+00
    0.000000000000000E+00    0.000000000000000E+00
