    0.000000000000000E+00    0.000000000000000E+00
    0.000000000000000E+00    0.000000000000000E+00
    0.000000000000000E+00    0.000000000000000E+00
    0.000000000000000E+00    0.000000000000000E+00
    0.000000000000000E+00    0.000000000000000E+00
    0.000000000000000E+00    0.000000000000000E+00
    0.000000000000000E+00    0.000000000000000E+00
    0.000000000000000E+00    0.000000000000000E+00
    0.000000000000000E+00    0.000000000000000E+00
    0.000000000000000E+00    0.000000000000000E+00
    0.000000000000000E+00    0.000000000000000E+00
    0.000000000000000E+00    0.000000000000000E+00
    0.000000000000000E+00    0.000000000000000E+00
    0.000000000000000E+00    0.000000000000000E+00
    0.000000000000000E+00    0.000000000000000E+00
    0.000000000000000E+00    0.000000000000000E+00
    0.000000000000000E+00    0.000000000000000E+00
    0.000000000000000E+00    0.000000000000000E+00
    0.000000000000000E+00    0.000000000000000E+00
    0.000000000000000E+00    0.000000000000000E+00
    0.000000000000000E+00    0.000000000000000E+00
    0.000000000000000E+00    0.000000000000000E+00
    0.000000000000000E+00    0.000000000000000E+00
    0.000000000000000E+00    0.000000000000000E+00
    0.000000000000000E+00    0.000000000000000E+00
    0.000000000000000E+00    0.000000000000000E+00
    0.000000000000000E+00    0.000000000000000E+00
    0.000000000000000E+00    0.000000000000000E+00
    0.000000000000000E+00    0.000000000000000E+00
    0.000000000000000E+00    0.000000000000000E+00
    0.000000000000000E+00    0.000000000000000E+00
    0.000000000000000E+00    0.000000000000000E+00
    0.000000000000000E+00    0.000000000000000E+00
    0.000000000000000E+00    0.000000000000000E+00
    0.000000000000000E+00    0.000000000000000E+00
    0.000000000000000E+00    0.000000000000000E+00
    0.000000000000000E+00    0.000000000000000E+00
    0.000000000000000E+00    0.000000000000000E+00
    0.000000000000000E+00    0.000000000000000E+00
    0.000000000000000E+00    0.000000000000000E+00
    0.000000000000000E+00    0.000000000000000E+00
    0.000000000000000E+00    0.000000000000000E+00
   -0.165947776042659E-04    0.162744981917874E-04
   -0.119974759282958E-04    0.340731945467854E-04
    0.152733056109804E-05    0.404310355139152E-04
    0.201893418023445E-04    0.105381547588015E-04
    0.388168781479502E-04   -0.509206138366090E-04
    0.565030387249082E-04   -0.149283392546895E-03
    0.733355706817470E-04   -0.281048265725898E-03
    0.884443188330440E-04   -0.443719258457357E-03
    0.102662929994583E-03   -0.635890480401328E-03
    0.115458796877544E-03   -0.853749711576709E-03
    0.127727165067595E-03   -0.109726231420295E-02
    0.139342945955554E-03   -0.136339182549515E-02
    0.151044968380821E-03   -0.165305834544214E-02
    0.163082411638803E-03   -0.196551297601217E-02
    0.175978664476729E-03   -0.230199552011235E-02
    0.190249163817214E-03   -0.266525300435861E-02
    0.206262108849805E-03   -0.305603947131221E-02
    0.224581716727842E-03   -0.348155562250857E-02
    0.245589735437336E-03   -0.394114653317939E-02
    0.269632929281088E-03   -0.444708324141375E-02
    0.297448712675671E-03   -0.499659630110645E-02
    0.328825094271015E-03   -0.560724797904298E-02
    0.365164390322503E-03   -0.627392065011911E-02
    0.405680548388060E-03   -0.702016911781588E-02
    0.453410086612367E-03   -0.783869702894238E-02
    0.506631716123398E-03   -0.875834578722727E-02
    0.573140295727154E-03   -0.977540187690780E-02
    0.641540783972716E-03   -0.109185302836685E-01
    0.712397067864819E-03   -0.121772660036401E-01
    0.787177545964640E-03   -0.136120149190833E-01
    0.914383932037910E-03   -0.151969702919691E-01
    0.103476612685087E-02   -0.168375617299860E-01
    0.126420367127812E-02   -0.187964034311267E-01
    0.119728791423201E-02   -0.207293694302666E-01
    0.275737507287918E-03   -0.219235020268980E-01
    0.112194302130050E-03   -0.236950398980086E-01
    0.194949217840680E-02   -0.246173459349975E-01
    0.191842278386128E-02   -0.182190204591874E-01
   -0.112767986135266E-01   -0.112767986135133E-01
    0.000000000000000E+00    0.000000000000000E+00
    0.000000000000000E+00    0.000000000000000E+00
   -0.337529151177152E-04    0.108978653951776E-04
   -0.135349212141596E-04    0.111561025420184E-04
    0.384409013653011E-04   -0.215628268225316E-04
    0.101865189645800E-03   -0.111071751805271E-03
    0.170450304342812E-03   -0.261297608049579E-03
    0.236058017748604E-03   -0.472855265047385E-03
    0.299404991520598E-03   -0.746042450488917E-03
    0.357503509880132E-03   -0.107526463377024E-02
    0.411985529452399E-03   -0.145947292904415E-02
    0.462073065943231E-03   -0.189222159382884E-02
    0.509706258903910E-03   -0.237331565067160E-02
    0.554978622409047E-03   -0.289701150628172E-02
    0.600459156396964E-03   -0.346557527652046E-02
    0.646006565734890E-03   -0.407464070042224E-02
    0.695488746879005E-03   -0.472996194820791E-02
    0.747361789125147E-03   -0.542876956951090E-02
    0.807607468389772E-03   -0.618084205659833E-02
    0.872042396515932E-03   -0.698501928828986E-02
    0.949619403030716E-03   -0.785508191641382E-02
    0.103244180986220E-02   -0.879126887709032E-02
    0.113331019888123E-02   -0.981104746772317E-02
    0.123998021208095E-02   -0.109156208402740E-01
    0.136998219624356E-02   -0.121261285492237E-01
    0.150646546410480E-02   -0.134438636088847E-01
    0.167301747452983E-02   -0.148943396954384E-01
    0.184637118094260E-02   -0.164748725433710E-01
    0.205707552982392E-02   -0.182190893218634E-01
    0.227185697004811E-02   -0.201148750204829E-01
    0.252672983061252E-02   -0.222016899974941E-01
    0.276326594077448E-02   -0.244333205624929E-01
    0.304411500739990E-02   -0.268323524130145E-01
    0.319884049999463E-02   -0.291689579684342E-01
    0.324312098241835E-02   -0.315529936199219E-01
    0.298750529281231E-02   -0.336975659015099E-01
    0.215825205650612E-02   -0.350702297608286E-01
   -0.699538655346474E-04   -0.340654201445354E-01
   -0.523179382067215E-02   -0.295706656667279E-01
   -0.148918092430396E-01   -0.186265626400184E-01
   -0.260691069132638E-01   -0.562007076663655E-02
    0.000000000000000E+00    0.000000000000000E+00
    0.000000000000000E+00    0.000000000000000E+00
   -0.371334750181947E-04   -0.458507211255039E-05
    0.218041532903014E-04   -0.472250980531400E-04
    0.130171114810786E-03   -0.140884555533942E-03
    0.263543998266164E-03   -0.314192841481876E-03
    0.404011752465284E-03   -0.565621191971796E-03
    0.543286969594948E-03   -0.901094131342179E-03
    0.676364223285118E-03   -0.131711408906107E-02
    0.801045020346041E-03   -0.181070210581025E-02
    0.917210775268605E-03   -0.237854168483675E-02
    0.102505973656920E-02   -0.301379514872873E-02
    0.112678207205275E-02   -0.371538120890591E-02
    0.122368689847294E-02   -0.447590001719023E-02
    0.131916007654285E-02   -0.529724395545780E-02
    0.141518208165761E-02   -0.617384943348966E-02
    0.151580439539430E-02   -0.711058224084216E-02
    0.162327746811366E-02   -0.810560112870235E-02
    0.174191458454712E-02   -0.916598271862074E-02
    0.187367604961138E-02   -0.102951893654654E-01
    0.202297146784418E-02   -0.115009783555372E-01
    0.219073282347138E-02   -0.127931040172379E-01
    0.238192634742408E-02   -0.141781325206708E-01
    0.259546498215814E-02   -0.156720354945192E-01
    0.283841816594358E-02   -0.172786440135569E-01
    0.310575738888385E-02   -0.190179425188301E-01
    0.340962112325927E-02   -0.208905300438983E-01
    0.373496512080352E-02   -0.229133535454060E-01
    0.410109693150796E-02   -0.250821496978680E-01
    0.447027081074755E-02   -0.273976079534650E-01
    0.487233581179662E-02   -0.298400626515562E-01
    0.520788397553385E-02   -0.323400542464831E-01
    0.551414657657635E-02   -0.348548660202195E-01
    0.550575316917204E-02   -0.371066356050804E-01
    0.507331825639063E-02   -0.388818834514197E-01
    0.386742127122706E-02   -0.397538717387547E-01
    0.142751906195875E-02   -0.388195076756163E-01
   -0.313868005718523E-02   -0.345049231752877E-01
   -0.138025494872615E-01   -0.262723391659098E-01
   -0.247242843341475E-01   -0.131680546768177E-01
   -0.296931740221149E-01   -0.374952171588546E-02
    0.000000000000000E+00    0.000000000000000E+00
    0.000000000000000E+00    0.000000000000000E+00
    0.525723477079058E-06   -0.257995227432023E-04
    0.118532519361732E-03   -0.118068938435267E-03
    0.306444350620004E-03   -0.287354840484287E-03
    0.525592810821443E-03   -0.551500302213269E-03
    0.757455609372019E-03   -0.912130517546006E-03
    0.986516304225691E-03   -0.137027076356641E-02
    0.120770305415669E-02   -0.192541675093533E-02
    0.141534623835268E-02   -0.257149451108173E-02
    0.161046231341613E-02   -0.330725169346540E-02
    0.179148236360611E-02   -0.412239849408926E-02
    0.196294822051322E-02   -0.501781006495003E-02
    0.212495793832555E-02   -0.598173070987676E-02
    0.228466453701990E-02   -0.701905330776092E-02
    0.244243038594224E-02   -0.811812905606096E-02
    0.260781106052851E-02   -0.928917837613892E-02
    0.278010095704218E-02   -0.105217377286216E-01
    0.297111681716288E-02   -0.118316643404801E-01
    0.317762619386530E-02   -0.132104059378676E-01
    0.341358874912384E-02   -0.146784883397461E-01
    0.367185709170323E-02   -0.162293999175049E-01
    0.396862577219819E-02   -0.178861493901890E-01
    0.429166006727853E-02   -0.196432553927764E-01
    0.465973057806389E-02   -0.215229902319536E-01
    0.505381346990370E-02   -0.235174628349722E-01
    0.549483365194925E-02   -0.256437234317859E-01
    0.595198275965998E-02   -0.278833042499268E-01
    0.644347840575038E-02   -0.302387263154649E-01
    0.691054705833033E-02   -0.326609768743107E-01
    0.735190808867501E-02   -0.351128787087334E-01
    0.763373667870034E-02   -0.374607665654747E-01
    0.767216941124306E-02   -0.395780731128434E-01
    0.717416390984358E-02   -0.411597913868022E-01
    0.578867058946488E-02   -0.418149251955796E-01
    0.288537874932703E-02   -0.408206892680040E-01
   -0.264397754111161E-02   -0.372825501627324E-01
   -0.116563597402512E-01   -0.302542637274648E-01
   -0.255116878680844E-01   -0.198454076399395E-01
   -0.376553843548831E-01   -0.872707445271897E-02
   -0.357921104696365E-01   -0.970728195787912E-03
    0.000000000000000E+00    0.000000000000000E+00
    0.000000000000000E+00    0.000000000000000E+00
    0.736496972826563E-04   -0.473389942236067E-04
    0.281575102673051E-03   -0.194091901048634E-03
    0.564320214190023E-03   -0.438198749952103E-03
    0.886525018660597E-03   -0.794411978164619E-03
    0.122142156477359E-02   -0.125860497105703E-02
    0.155406004619444E-02   -0.183239381837438E-02
    0.187436071943417E-02   -0.251210418882676E-02
    0.217718563138069E-02   -0.329271187161561E-02
    0.246113639415551E-02   -0.417081055548156E-02
    0.272585899316252E-02   -0.513640241002243E-02
    0.297486870654647E-02   -0.618846316463566E-02
    0.321059474345346E-02   -0.731519401417720E-02
    0.343953678509652E-02   -0.851918615359440E-02
    0.366602378540862E-02   -0.978943692813723E-02
    0.389814062627307E-02   -0.111325588121861E-01
    0.414130140828987E-02   -0.125408900316816E-01
    0.440369762452358E-02   -0.140239173518669E-01
    0.469065055263607E-02   -0.155795854929074E-01
    0.500916664479616E-02   -0.172173244963420E-01
    0.536270864271562E-02   -0.189418913955761E-01
    0.575664006364280E-02   -0.207582202666334E-01
    0.618975775314466E-02   -0.226766778545997E-01
    0.666654346763978E-02   -0.246922954729451E-01
    0.717552023127421E-02   -0.268152547481214E-01
    0.772099852985660E-02   -0.290239406263234E-01
    0.826816055708229E-02   -0.313144811621639E-01
    0.881723989573228E-02   -0.336371044892669E-01
    0.927776648835237E-02   -0.359422671544458E-01
    0.962340932199451E-02   -0.381284045592852E-01
    0.963452480351706E-02   -0.400345748203321E-01
    0.916966190008994E-02   -0.414452244267929E-01
    0.778326037177313E-02   -0.419936794995433E-01
    0.499221213838113E-02   -0.412442798825048E-01
    0.946710546547643E-04   -0.385043073638388E-01
   -0.847910782047708E-02   -0.331178108077169E-01
   -0.199662044240731E-01   -0.248928927938736E-01
   -0.360760016924917E-01   -0.146441068397003E-01
   -0.468035925776274E-01   -0.528663970337276E-02
   -0.393206013707303E-01   -0.491398120730746E-03
    0.000000000000000E+00    0.000000000000000E+00
    0.000000000000000E+00    0.000000000000000E+00
    0.187357564049080E-03   -0.660509274471995E-04
    0.506949198294793E-03   -0.260713988420497E-03
    0.905506591396918E-03   -0.576385465341660E-03
    0.134184816458708E-02   -0.101494563034172E-02
    0.179157500294767E-02   -0.157256609215301E-02
    0.223482999964087E-02   -0.224504163165344E-02
    0.266252921220390E-02   -0.302998260550283E-02
    0.306592703925120E-02   -0.391846166289696E-02
    0.344506327402230E-02   -0.490861898873424E-02
    0.379715144874985E-02   -0.598680852480689E-02
    0.412835419324445E-02   -0.715382971439121E-02
    0.443919096596741E-02   -0.839352204135731E-02
    0.474056354595675E-02   -0.971134085232930E-02
    0.503449576605823E-02   -0.110904143704580E-01
    0.533557293355205E-02   -0.125423008455703E-01
    0.564539716294518E-02   -0.140511782011159E-01
    0.598080545487651E-02   -0.156344783074105E-01
    0.634061390249401E-02   -0.172786819655640E-01
    0.674209709671973E-02   -0.190045186689489E-01
    0.717861077858496E-02   -0.208008033532035E-01
    0.766586904156090E-02   -0.226863185625750E-01
    0.818874476122557E-02   -0.246498635789764E-01
    0.875876719837940E-02   -0.267002212808136E-01
    0.934749747080433E-02   -0.288196664515125E-01
    0.995618789878955E-02   -0.309950384995718E-01
    0.105312261172487E-01   -0.331881745675066E-01
    0.110457372880678E-01   -0.353438805299754E-01
    0.113895540657246E-01   -0.373752522008266E-01
    0.114573772672973E-01   -0.391488690209074E-01
    0.110131280625146E-01   -0.404790359442656E-01
    0.975068368013598E-02   -0.410861235873049E-01
    0.719149132046484E-02   -0.406053432086509E-01
    0.260817885017997E-02   -0.385632712498954E-01
   -0.470271295738370E-02   -0.344627256118013E-01
   -0.158740670671381E-01   -0.279747353375566E-01
   -0.303259232077115E-01   -0.194387464924965E-01
   -0.456246896263037E-01   -0.103274823412921E-01
   -0.529139197560992E-01   -0.347760106356911E-02
   -0.405011136405477E-01   -0.410813738628125E-03
    0.000000000000000E+00    0.000000000000000E+00
    0.000000000000000E+00    0.000000000000000E+00
    0.334562911441946E-03   -0.827648325225122E-04
    0.790582156702438E-03   -0.318801095128132E-03
    0.131638644022270E-02   -0.692385502157967E-03
    0.187742711099807E-02   -0.119909243343088E-02
    0.244625693284312E-02   -0.183071478792464E-02
    0.300486586194216E-02   -0.258058250475925E-02
    0.354088824965613E-02   -0.344345591046853E-02
    0.404646467375733E-02   -0.440934666667044E-02
    0.451933749386892E-02   -0.547436910553022E-02
    0.495805857812615E-02   -0.662416541459849E-02
    0.536739337535962E-02   -0.785775251050970E-02
    0.575059062870421E-02   -0.915846687018399E-02
    0.611739186103314E-02   -0.105297855142440E-01
    0.647463850563702E-02   -0.119553577928207E-01
    0.683472374256256E-02   -0.134436103242384E-01
    0.720661947831430E-02   -0.149818668178104E-01
    0.760228536675921E-02   -0.165814195497865E-01
    0.803037121243227E-02   -0.182364704792352E-01
    0.849896386576936E-02   -0.199558458538725E-01
    0.901253963345899E-02   -0.217421787396538E-01
    0.957235988114021E-02   -0.235934645137715E-01
    0.101727104343118E-01   -0.255183382733537E-01
    0.108056501821802E-01   -0.274935336012992E-01
    0.114445889236068E-01   -0.295242012713866E-01
    0.120676857995432E-01   -0.315538087385158E-01
    0.126053257391788E-01   -0.335632373217184E-01
    0.130049311787023E-01   -0.354472697105053E-01
    0.131069110409105E-01   -0.371247097602633E-01
    0.127747317539072E-01   -0.384174438114902E-01
    0.116782033111890E-01   -0.391264843508289E-01
    0.946448062077299E-02   -0.389685865350333E-01
    0.557410369691779E-02   -0.375843650718766E-01
   -0.822660427623846E-03   -0.346034316621247E-01
   -0.100796524391708E-01   -0.297418154209230E-01
   -0.234422096342475E-01   -0.229067219158644E-01
   -0.385440621573602E-01   -0.148816227157011E-01
   -0.533803877643811E-01   -0.705649808911834E-02
   -0.578503067238833E-01   -0.162593021889740E-02
   -0.412272396060229E-01   -0.159761048500577E-04
    0.000000000000000E+00    0.000000000000000E+00
    0.000000000000000E+00    0.000000000000000E+00
    0.507451126663016E-03   -0.938708704399162E-04
    0.111631459579837E-02   -0.359735126041608E-03
    0.178321394308227E-02   -0.777488710026817E-03
    0.247458491221498E-02   -0.133322038997667E-02
    0.316671389231187E-02   -0.201717743696614E-02
    0.383986898940073E-02   -0.281792244651119E-02
    0.448325465800860E-02   -0.372928507923078E-02
    0.508651900769947E-02   -0.473775590778629E-02
    0.564897953061676E-02   -0.583910278970751E-02
    0.616692240039875E-02   -0.701598161495615E-02
    0.664807775361343E-02   -0.826761531151637E-02
    0.709351570068638E-02   -0.957410770289782E-02
    0.751824685336045E-02   -0.109403443515766E-01
    0.792622737466714E-02   -0.123459439314003E-01
    0.833787568593791E-02   -0.138029876121057E-01
    0.875722051918985E-02   -0.152931715318578E-01
    0.920681603716149E-02   -0.168348121634608E-01
    0.968669630134142E-02   -0.184136407150552E-01
    0.102169000694709E-01   -0.200494688371381E-01
    0.107883125593675E-01   -0.217320437665230E-01
    0.114127613278414E-01   -0.234736199466087E-01
    0.120657122582105E-01   -0.252641357401554E-01
    0.127433912220128E-01   -0.270952605574856E-01
    0.133965030101735E-01   -0.289473647999768E-01
    0.139923875815465E-01   -0.307748347213462E-01
    0.144378982292997E-01   -0.325302323413757E-01
    0.146406818726995E-01   -0.341093320253057E-01
    0.144216183117195E-01   -0.354076920663628E-01
    0.135588273006964E-01   -0.362357260963680E-01
    0.117108374334864E-01   -0.363944138113491E-01
    0.840437644436751E-02   -0.355952992984838E-01
    0.308243153547613E-02   -0.335440861878075E-01
   -0.502721728743743E-02   -0.299652835202020E-01
   -0.163218697793670E-01   -0.247190311780837E-01
   -0.309167694470979E-01   -0.180717002998249E-01
   -0.468520221532249E-01   -0.108473844409021E-01
   -0.594569376020986E-01   -0.448634878235304E-02
   -0.601704656376665E-01   -0.706430300716508E-03
   -0.413424105006137E-01    0.317710431507567E-03
    0.000000000000000E+00    0.000000000000000E+00
    0.000000000000000E+00    0.000000000000000E+00
    0.700303500673656E-03   -0.101961887585351E-03
    0.147462552230122E-02   -0.386231503080816E-03
    0.228762045272735E-02   -0.829845344030818E-03
    0.311211889532035E-02   -0.141314676137788E-02
    0.392531422634933E-02   -0.212404262962623E-02
    0.470966184251814E-02   -0.294717524468105E-02
    0.545315254658819E-02   -0.387456160082452E-02
    0.614640366815943E-02   -0.488949341108675E-02
    0.678726929893863E-02   -0.598669287365383E-02
    0.737347620132215E-02   -0.714585939826881E-02
    0.791164024311814E-02   -0.836590115182905E-02
    0.840613087743612E-02   -0.962410704986105E-02
    0.887076284041489E-02   -0.109256834095803E-01
    0.931567057029520E-02   -0.122485609492396E-01
    0.975856656248004E-02   -0.136048362482661E-01
    0.102130705716000E-01   -0.149777623466064E-01
    0.106953367717390E-01   -0.163830576300879E-01
    0.112179711897877E-01   -0.178141378164668E-01
    0.117886288518868E-01   -0.192819007603426E-01
    0.124116919378998E-01   -0.207924649815477E-01
    0.130793094029033E-01   -0.223387643884162E-01
    0.137770049063220E-01   -0.239363041220783E-01
    0.144747491116210E-01   -0.255447283264364E-01
    0.151226398684725E-01   -0.271759276439298E-01
    0.156582256609432E-01   -0.287419960107611E-01
    0.159670740125332E-01   -0.302256810797315E-01
    0.159279091615329E-01   -0.314802872767320E-01
    0.153108856740423E-01   -0.324222818840903E-01
    0.138696520602081E-01   -0.328402490872277E-01
    0.111984933382949E-01   -0.325517030619024E-01
    0.680080503871141E-02   -0.312970733312640E-01
    0.172152904167305E-03   -0.288452448838154E-01
   -0.949470089519130E-02   -0.250128982768468E-01
   -0.220110293201548E-01   -0.198523553802175E-01
   -0.376346795835057E-01   -0.136799496272893E-01
   -0.529920474592796E-01   -0.743786493970284E-02
   -0.641644644875843E-01   -0.239754177516192E-02
   -0.624969698339998E-01    0.305348807637209E-03
   -0.409014217234130E-01    0.491006483281489E-03
    0.000000000000000E+00    0.000000000000000E+00
    0.000000000000000E+00    0.000000000000000E+00
    0.900410501502256E-03   -0.103994222340033E-03
    0.184618173490810E-02   -0.394812823809860E-03
    0.280851520622616E-02   -0.846889430215439E-03
    0.376484467048898E-02   -0.143637348459561E-02
    0.469555551281877E-02   -0.214866438981119E-02
    0.558362322675429E-02   -0.296579377499662E-02
    0.641848583306549E-02   -0.387698159020885E-02
    0.718946360072912E-02   -0.486347516898821E-02
    0.789599003194309E-02   -0.591717738493471E-02
    0.853411329279765E-02   -0.701652014140334E-02
    0.911383070408432E-02   -0.815774409339830E-02
    0.963765530317549E-02   -0.931739431006446E-02
    0.101258536449499E-01   -0.104989928531652E-01
    0.105857659789917E-01   -0.116799820409555E-01
    0.110452709396816E-01   -0.128732287051898E-01
    0.115125600228171E-01   -0.140608945300676E-01
    0.120172810782163E-01   -0.152637884460429E-01
    0.125617314382659E-01   -0.164719713405997E-01
    0.131684867495822E-01   -0.177072453180547E-01
    0.138248018241267E-01   -0.189678250130993E-01
    0.145353711461876E-01   -0.202634697365160E-01
    0.152613641326627E-01   -0.215951905707638E-01
    0.159769588433518E-01   -0.229433196528938E-01
    0.166028863021616E-01   -0.242984846438310E-01
    0.170643304604297E-01   -0.255932812550939E-01
    0.172177506330960E-01   -0.267863210620532E-01
    0.169038514995994E-01   -0.277473192191859E-01
    0.158715140842416E-01   -0.283759959142088E-01
    0.138118528306491E-01   -0.284759214137850E-01
    0.103123744666349E-01   -0.278730712957111E-01
    0.485353141679119E-02   -0.263470711002131E-01
   -0.307597436824121E-02   -0.237129486457451E-01
   -0.139856626829915E-01   -0.199139158685378E-01
   -0.278039330478957E-01   -0.150420481071524E-01
   -0.436279740587229E-01   -0.961603333744820E-02
   -0.585967421998935E-01   -0.447732568819844E-02
   -0.674484591122289E-01   -0.687733246694938E-03
   -0.627749690810624E-01    0.845270064645091E-03
   -0.402461098235767E-01    0.606917958812902E-03
    0.000000000000000E+00    0.000000000000000E+00
    0.000000000000000E+00    0.000000000000000E+00
    0.110400210861319E-02   -0.102977377322461E-03
    0.221990732657781E-02   -0.388132137253739E-03
    0.332851437284506E-02   -0.831575605494730E-03
    0.441112387394786E-02   -0.140520585550708E-02
    0.545107531280787E-02   -0.209461842963579E-02
    0.643259875421618E-02   -0.287725610663808E-02
    0.734532287414361E-02   -0.374231208335457E-02
    0.817912403120957E-02   -0.466585450784923E-02
    0.893280722917561E-02   -0.564063100177545E-02
    0.960392460738645E-02   -0.663905700090789E-02
    0.102019762789259E-01   -0.765985178460803E-02
    0.107336070435015E-01   -0.867273575708293E-02
    0.112184112051131E-01   -0.968575342902806E-02
    0.116718933898439E-01   -0.106700413841576E-01
    0.121193898379997E-01   -0.116442286865573E-01
    0.125820095645791E-01   -0.125876622796605E-01
    0.130820572186416E-01   -0.135253733125448E-01
    0.136387971287452E-01   -0.144524317173528E-01
    0.142593992168925E-01   -0.153884548718977E-01
    0.149492103271078E-01   -0.163487057298608E-01
    0.156875840931231E-01   -0.173288805740105E-01
    0.164493041061935E-01   -0.183606374770149E-01
    0.171746353478703E-01   -0.193955932026130E-01
    0.177855826685682E-01   -0.204651328323602E-01
    0.181702193068274E-01   -0.214624235319743E-01
    0.181662170911868E-01   -0.223885074932068E-01
    0.175821245476355E-01   -0.230761140283112E-01
    0.161293634864120E-01   -0.234613441003262E-01
    0.134786795977339E-01   -0.233336214122212E-01
    0.920284067602324E-02   -0.225562092859415E-01
    0.276988714483501E-02   -0.209332559604895E-01
   -0.616707107075033E-02   -0.183522135781817E-01
   -0.181661792651708E-01   -0.147984201924631E-01
   -0.325149036986125E-01   -0.104803999103312E-01
   -0.485615278642410E-01   -0.588557508665731E-02
   -0.624671334402279E-01   -0.181407012490102E-02
   -0.697460007723878E-01    0.806740069694734E-03
   -0.634144073726241E-01    0.150045080807840E-02
   -0.392640100694346E-01    0.723521122476242E-03
    0.000000000000000E+00    0.000000000000000E+00
    0.000000000000000E+00    0.000000000000000E+00
    0.129777174040774E-02   -0.969395747501730E-04
    0.257849414123932E-02   -0.367126675202303E-03
    0.382597701648438E-02   -0.785718936014903E-03
    0.502672803351182E-02   -0.132531694371444E-02
    0.616534482419243E-02   -0.196855853921016E-02
    0.722755178880850E-02   -0.269301292529946E-02
    0.820331288540560E-02   -0.348343793071031E-02
    0.908219552150995E-02   -0.431625572427382E-02
    0.986397231313739E-02   -0.517855993139005E-02
    0.105454853610658E-01   -0.604425871918492E-02
    0.111396566458918E-01   -0.690548132734844E-02
    0.116524304693041E-01   -0.773497740799965E-02
    0.121108986621922E-01   -0.853432947853634E-02
    0.125291197305293E-01   -0.927927830401185E-02
    0.129449214639267E-01   -0.998428470012997E-02
    0.133750904060583E-01   -0.106339078357764E-01
    0.138589204406610E-01   -0.112544218200824E-01
    0.144053091778531E-01   -0.118443968462509E-01
    0.150403669347300E-01   -0.124331998775005E-01
    0.157500106232912E-01   -0.130344372288398E-01
    0.165296997117853E-01   -0.136635707143936E-01
    0.173247860317711E-01   -0.143421917077590E-01
    0.180823005940774E-01   -0.150502611162390E-01
    0.186877939614207E-01   -0.157999533783445E-01
    0.190200167575527E-01   -0.165170606076911E-01
    0.188805860421426E-01   -0.171785905448146E-01
    0.180500611648356E-01   -0.176498080358891E-01
    0.162139015404631E-01   -0.178484310749108E-01
    0.130146242289535E-01   -0.175986680779070E-01
    0.801200229792618E-02   -0.167634055275297E-01
    0.737885202909677E-03   -0.152027307119029E-01
   -0.918737826645031E-02   -0.128191923833842E-01
   -0.219175665734498E-01   -0.969904792193030E-02
   -0.369164961196731E-01   -0.603693518828663E-02
   -0.525642313621092E-01   -0.239004181903028E-02
   -0.655506256009284E-01    0.549264146801727E-03
   -0.708390325366561E-01    0.212072355410324E-02
   -0.623569477593949E-01    0.194045252450971E-02
   -0.381129832668741E-01    0.805003536462337E-03
    0.000000000000000E+00    0.000000000000000E+00
    0.000000000000000E+00    0.000000000000000E+00
    0.148019386712903E-02   -0.884821162675896E-04
    0.291237924390080E-02   -0.333425573344823E-03
    0.428813715824376E-02   -0.714785053911765E-03
    0.559431385659776E-02   -0.120242395361612E-02
    0.681855874063927E-02   -0.178153026916240E-02
    0.794599392657292E-02   -0.242483337740079E-02
    0.896731183346759E-02   -0.311927765882259E-02
    0.987154788346655E-02   -0.383422800695519E-02
    0.106585481603909E-01   -0.456033351607857E-02
    0.113262496981554E-01   -0.526183651740549E-02
    0.118880655628312E-01   -0.593728781631485E-02
    0.123546048956896E-01   -0.654714440931992E-02
    0.127537205631276E-01   -0.710329010375403E-02
    0.131095449206308E-01   -0.756809502282244E-02
    0.134590305521234E-01   -0.796972653307500E-02
    0.138354575524711E-01   -0.828219163330502E-02
    0.142717841208981E-01   -0.854573348018499E-02
    0.147989523616811E-01   -0.875734839846231E-02
    0.154265620288374E-01   -0.895442111429657E-02
    0.161644147263552E-01   -0.916450007499273E-02
    0.169781728614956E-01   -0.939765644612710E-02
    0.178322273457919E-01   -0.970817645472340E-02
    0.186320150358316E-01   -0.100530176742315E-01
    0.192692604126311E-01   -0.104921410326772E-01
    0.195767942933033E-01   -0.109149483832157E-01
    0.193449931152209E-01   -0.113509376247753E-01
    0.183153816195726E-01   -0.116298944371326E-01
    0.161558684183111E-01   -0.117168025545044E-01
    0.124845168638503E-01   -0.114196443511444E-01
    0.689389479664396E-02   -0.106463673811653E-01
   -0.110624060547173E-02   -0.926632817221120E-02
   -0.116658135094115E-01   -0.724195869086835E-02
   -0.250250977659215E-01   -0.466578052405394E-02
   -0.400549184898839E-01   -0.178461907301630E-02
   -0.554492558172375E-01    0.902223538795333E-03
   -0.672781099121924E-01    0.280091328641880E-02
   -0.711713811893170E-01    0.334977774088073E-02
   -0.616764358885519E-01    0.246730202389065E-02
   -0.366504554322560E-01    0.912702190401941E-03
    0.000000000000000E+00    0.000000000000000E+00
    0.000000000000000E+00    0.000000000000000E+00
    0.164034419833795E-02   -0.768284084349202E-04
    0.320930184618969E-02   -0.291215015501045E-03
    0.469744780488472E-02   -0.623267127865785E-03
    0.609541128221811E-02   -0.104731272772111E-02
    0.738934722319709E-02   -0.154528469377888E-02
    0.856583331407344E-02   -0.209282226925670E-02
    0.961390554920544E-02   -0.267102506604780E-02
    0.105229814441580E-01   -0.325250600286507E-02
    0.112923933544772E-01   -0.381937104662119E-02
    0.119206494418779E-01   -0.434088120431281E-02
    0.124237222279841E-01   -0.480437240787790E-02
    0.128136429626725E-01   -0.517810365989867E-02
    0.131259079779980E-01   -0.546113363835028E-02
    0.133863101256764E-01   -0.562679540971357E-02
    0.136458476805631E-01   -0.569165450206238E-02
    0.139371622826469E-01   -0.564277802306337E-02
    0.143132097978945E-01   -0.551473044772444E-02
    0.147976048614143E-01   -0.531652869336317E-02
    0.154227738147266E-01   -0.509118555002724E-02
    0.161797422866642E-01   -0.487224527380275E-02
    0.170540122477962E-01   -0.469032695857165E-02
    0.179775259327638E-01   -0.459470137842518E-02
    0.188655080784809E-01   -0.457708314191127E-02
    0.195668558181956E-01   -0.467967491934203E-02
    0.199090168129320E-01   -0.483529052398771E-02
    0.196386738744996E-01   -0.504746299316958E-02
    0.184803617584465E-01   -0.519098872210983E-02
    0.160687482841842E-01   -0.520732618902266E-02
    0.120236891776662E-01   -0.494953420355706E-02
    0.591405430235858E-02   -0.431434074331012E-02
   -0.263180381979439E-02   -0.322532102968632E-02
   -0.138212564154170E-01   -0.164020564936169E-02
   -0.274734735530041E-01    0.286496417597668E-03
   -0.426665901448618E-01    0.233876370594617E-02
   -0.573618588370230E-01    0.403149824120553E-02
   -0.681163357146363E-01    0.485273817671271E-02
   -0.704618325470204E-01    0.449163742537909E-02
   -0.595624684640781E-01    0.289395518457872E-02
   -0.350820114069328E-01    0.100296155643065E-02
    0.000000000000000E+00    0.000000000000000E+00
    0.000000000000000E+00    0.000000000000000E+00
    0.177874101290817E-02   -0.637172964480830E-04
    0.346309215441219E-02   -0.240739005211448E-03
    0.504766025828845E-02   -0.517420195042912E-03
    0.651988079789004E-02   -0.866556867383751E-03
    0.786777587464228E-02   -0.127446255005852E-02
    0.907497042586840E-02   -0.171189963057052E-02
    0.101310967732066E-01   -0.216449039993272E-02
    0.110232767704498E-01   -0.259620886742359E-02
    0.117514160283622E-01   -0.299584216980743E-02
    0.123138844733324E-01   -0.331934291937886E-02
    0.127284579972933E-01   -0.356495834287284E-02
    0.130113544462250E-01   -0.368244180726778E-02
    0.132014058649951E-01   -0.368770948505228E-02
    0.133351811497342E-01   -0.353166917254498E-02
    0.134667833394040E-01   -0.325384904505694E-02
    0.136476021667935E-01   -0.281946044857722E-02
    0.139288313786043E-01   -0.228898412436140E-02
    0.143599438104419E-01   -0.165826851759532E-02
    0.149600152027685E-01   -0.991710147713948E-03
    0.157487590915869E-01   -0.327999357413706E-03
    0.166811905224304E-01    0.295362475442794E-03
    0.177132241279378E-01    0.799617027378951E-03
    0.187127665244456E-01    0.120741751501698E-02
    0.195400294847138E-01    0.142581808635429E-02
    0.199670965681655E-01    0.155441028491583E-02
    0.197378388620374E-01    0.153029996870235E-02
    0.185274715947543E-01    0.151445598009810E-02
    0.159720772636068E-01    0.151119221923376E-02
    0.116566091496978E-01    0.168915174710668E-02
    0.521731406079735E-02    0.210509607528904E-02
   -0.375610681998696E-02    0.284041108210764E-02
   -0.152183811434951E-01    0.389314390395104E-02
   -0.291058702832755E-01    0.512397657784506E-02
   -0.439975187705971E-01    0.630467149812732E-02
   -0.581820803505020E-01    0.701403671639241E-02
   -0.678669744611882E-01    0.685150931087957E-02
   -0.691076406000389E-01    0.557660810070685E-02
   -0.577674686606524E-01    0.336043882046390E-02
   -0.331939322825221E-01    0.110156768252387E-02
    0.000000000000000E+00    0.000000000000000E+00
    0.000000000000000E+00    0.000000000000000E+00
    0.188839228735715E-02   -0.494427662921858E-04
    0.366752602840711E-02   -0.188020870500033E-03
    0.532750599072623E-02   -0.402708370655823E-03
    0.685716014989446E-02   -0.673023609454108E-03
    0.824016616371243E-02   -0.981928008404172E-03
    0.946092421531098E-02   -0.130547218422350E-02
    0.105049227225934E-01   -0.162253251268802E-02
    0.113600386230230E-01   -0.190330071596283E-02
    0.120233183787724E-01   -0.212559920858488E-02
    0.124950959453672E-01   -0.225424873143644E-02
    0.127935519280227E-01   -0.227160048109633E-02
    0.129392526026500E-01   -0.214047111045494E-02
    0.129770767062643E-01   -0.185644401101854E-02
    0.129502804317391E-01   -0.138850443958411E-02
    0.129264874237032E-01   -0.754443614506357E-03
    0.129635160059745E-01    0.584200889346256E-04
    0.131333929048450E-01    0.100648739155745E-02
    0.134860470548440E-01    0.207163280824016E-02
    0.140652125953854E-01    0.319314470180365E-02
    0.148777906644119E-01    0.431656282224465E-02
    0.159004266199959E-01    0.538803560705777E-02
    0.170581918702294E-01    0.632665033070107E-02
    0.182297267046206E-01    0.711790878201364E-02
    0.192289955680102E-01    0.768343033315497E-02
    0.198240528197082E-01    0.807204854789327E-02
    0.197085655560370E-01    0.824747996254121E-02
    0.185474790558525E-01    0.831751850806958E-02
    0.159363773445804E-01    0.831361603592326E-02
    0.114808948160514E-01    0.835579570763669E-02
    0.478423106624430E-02    0.851852012916043E-02
   -0.442141823179362E-02    0.883855010676052E-02
   -0.161628970088549E-01    0.932667961705983E-02
   -0.299916948532013E-01    0.981695999737002E-02
   -0.446979086139699E-01    0.101114265252527E-01
   -0.580593995246863E-01    0.985020407346961E-02
   -0.666993902442009E-01    0.868739189765828E-02
   -0.668422578538706E-01    0.660311983477741E-02
   -0.547280889696485E-01    0.376870638849176E-02
   -0.312138918018166E-01    0.119240770982197E-02
    0.000000000000000E+00    0.000000000000000E+00
    0.000000000000000E+00    0.000000000000000E+00
    0.197140997219354E-02   -0.347412942241793E-04
    0.382059091768991E-02   -0.131959059047410E-03
    0.553754270198382E-02   -0.284763468750517E-03
    0.710518444486719E-02   -0.471995670253883E-03
    0.850735633341381E-02   -0.682161280105004E-03
    0.972322471086906E-02   -0.886794157240503E-03
    0.107382828909506E-01   -0.107137690125785E-02
    0.115359434593177E-01   -0.119677147324752E-02
    0.121140002557873E-01   -0.125041908550580E-02
    0.124704823266110E-01   -0.118120218900096E-02
    0.126267242819442E-01   -0.986545743044160E-03
    0.126053815107805E-01   -0.605060977486346E-03
    0.124581836023753E-01   -0.553255082812904E-04
    0.122374244821422E-01    0.725992592059536E-03
    0.120204487416397E-01    0.168902328367758E-02
    0.118828476973964E-01    0.288264170946068E-02
    0.119044031283387E-01    0.422458084007893E-02
    0.121609725538253E-01    0.572701580632193E-02
    0.126930675957773E-01    0.729212031082759E-02
    0.135372868130073E-01    0.887635161560523E-02
    0.146464929515831E-01    0.104028265328333E-01
    0.159713010839017E-01    0.117715400808660E-01
    0.173427865101186E-01    0.129694397714776E-01
    0.185886887665205E-01    0.138697062415249E-01
    0.194142160066989E-01    0.145465103693324E-01
    0.195160676731051E-01    0.149001409212286E-01
    0.184983567716038E-01    0.150733710594481E-01
    0.159715557184938E-01    0.150378926676459E-01
    0.114939312948547E-01    0.149406166849445E-01
    0.475467161338001E-02    0.148088984849818E-01
   -0.456682372564297E-02    0.146956718816932E-01
   -0.162540269314163E-01    0.145790816439308E-01
   -0.299896808022876E-01    0.143216485011317E-01
   -0.441762525662414E-01    0.137352335692567E-01
   -0.568980224041149E-01    0.125234166859390E-01
   -0.646348584061374E-01    0.104507290805803E-01
   -0.639968647714909E-01    0.754789181714321E-02
   -0.519509014696011E-01    0.417700310836857E-02
   -0.289427131175711E-01    0.127251684743572E-02
    0.000000000000000E+00    0.000000000000000E+00
    0.000000000000000E+00    0.000000000000000E+00
    0.202502651037170E-02   -0.206453568349986E-04
    0.392155106376823E-02   -0.789077338688098E-04
    0.567294087044281E-02   -0.168506937807815E-03
    0.726116626410838E-02   -0.275666570897563E-03
    0.866353357247497E-02   -0.385934570365263E-03
    0.985901342144565E-02   -0.477804430255587E-03
    0.108266011943546E-01   -0.530147878341247E-03
    0.115503802434217E-01   -0.512612737699590E-03
    0.120224647810035E-01   -0.400579054514705E-03
    0.122438564149986E-01   -0.155341384273910E-03
    0.122328189011453E-01    0.245175593110715E-03
    0.120194077935890E-01    0.844321048904716E-03
    0.116574121406999E-01    0.165139096427104E-02
    0.112122351322108E-01    0.270464288220351E-02
    0.107707571139004E-01    0.398824462805536E-02
    0.104256389300216E-01    0.551950873892532E-02
    0.102741576384624E-01    0.724916132318036E-02
    0.104066112680532E-01    0.915546961165228E-02
    0.108856920507712E-01    0.111607555586031E-01
    0.117492712952187E-01    0.131933385361422E-01
    0.129695592932202E-01    0.151718545214541E-01
    0.144760995378749E-01    0.169833102438792E-01
    0.161076388320918E-01    0.185813407810816E-01
    0.176484310416743E-01    0.198463072593816E-01
    0.187963975675859E-01    0.207982925656816E-01
    0.191949201832830E-01    0.213606888571660E-01
    0.184379008771243E-01    0.216176655226849E-01
    0.160899543745765E-01    0.215675300765942E-01
    0.117362194273500E-01    0.213078964091391E-01
    0.502754160071489E-02    0.208851650390748E-01
   -0.421585455983354E-02    0.203189535470119E-01
   -0.158523865702269E-01    0.196010461982840E-01
   -0.292468230910341E-01    0.185955554403940E-01
   -0.429956820933390E-01    0.171383230291968E-01
   -0.548692976416675E-01    0.150206009631888E-01
   -0.616789447548852E-01    0.120406753364735E-01
   -0.603697729299420E-01    0.842558200841769E-02
   -0.480991527997016E-01    0.452605414959053E-02
   -0.265886826340193E-01    0.135285416533007E-02
    0.000000000000000E+00    0.000000000000000E+00
    0.000000000000000E+00    0.000000000000000E+00
    0.205226649990775E-02   -0.696127378481319E-05
    0.397214107097560E-02   -0.266820168921824E-04
    0.573975251291009E-02   -0.577445261871618E-04
    0.732995756269290E-02   -0.863570995800694E-04
    0.871868578226822E-02   -0.104107417683235E-03
    0.987811847260683E-02   -0.861010938552937E-04
    0.107863721897349E-01   -0.193012226720302E-04
    0.114210264191426E-01    0.135030116987404E-03
    0.117745430790048E-01    0.389766737346286E-03
    0.118427818171088E-01    0.799915037297374E-03
    0.116479039656286E-01    0.136958107806716E-02
    0.112181288784014E-01    0.216971589779238E-02
    0.106176190166825E-01    0.318231694850227E-02
    0.991574949717057E-02    0.448658342151820E-02
    0.921759594174214E-02    0.602765315840866E-02
    0.862769437162424E-02    0.787456565728466E-02
    0.826582230881209E-02    0.992825220710927E-02
    0.824211774958228E-02    0.122191511473172E-01
    0.863542916984739E-02    0.146164854455278E-01
    0.950780433550605E-02    0.170834368328049E-01
    0.108260909883310E-01    0.194964268887006E-01
    0.125410405908963E-01    0.217423937498585E-01
    0.144541343807486E-01    0.237582296917294E-01
    0.163609498108018E-01    0.253843747678622E-01
    0.178951885735445E-01    0.266535929802356E-01
    0.187042118555457E-01    0.274239505275264E-01
    0.183110888726605E-01    0.278098461419633E-01
    0.163009189869031E-01    0.277434200471197E-01
    0.121995426087246E-01    0.273521949655564E-01
    0.574635748486789E-02    0.266327214228714E-01
   -0.329963435838773E-02    0.256297965760754E-01
   -0.145867839960108E-01    0.243093257113316E-01
   -0.276086793745466E-01    0.225740352244100E-01
   -0.406921445150375E-01    0.202821666187969E-01
   -0.518718649220662E-01    0.172869692180017E-01
   -0.579796065147533E-01    0.134977496244495E-01
   -0.562227707087143E-01    0.916971991075963E-02
   -0.444858874755933E-01    0.484362314259580E-02
   -0.240172842852691E-01    0.139540971363247E-02
    0.000000000000000E+00    0.000000000000000E+00
    0.000000000000000E+00    0.000000000000000E+00
    0.205384528123475E-02    0.498551467713126E-05
    0.397549242018677E-02    0.194067654995189E-04
    0.573830273282373E-02    0.442052958373233E-04
    0.731474599750642E-02    0.865575123229544E-04
    0.867340977078505E-02    0.156595319597138E-03
    0.978528002102960E-02    0.271493856681425E-03
    0.106205308327280E-01    0.449180352660269E-03
    0.111566720347365E-01    0.717926226425732E-03
    0.113779172398508E-01    0.110146920231045E-02
    0.112830303411098E-01    0.163987457909045E-02
    0.108867838878269E-01    0.235771846473347E-02
    0.102267280511734E-01    0.330420293642410E-02
    0.936263975158962E-02    0.449470293324569E-02
    0.838322419377786E-02    0.597780648893187E-02
    0.739476090024917E-02    0.774507911861402E-02
    0.653179771902913E-02    0.982581582203168E-02
    0.592240361641802E-02    0.121738040074967E-01
    0.571146747384944E-02    0.147742199185564E-01
    0.599123520872578E-02    0.175406857929175E-01
    0.684961295705013E-02    0.203941890023892E-01
    0.826494686482096E-02    0.232284425041877E-01
    0.101890705388103E-01    0.259024974802656E-01
    0.124235231933066E-01    0.283321238996890E-01
    0.147335121187456E-01    0.303517408778250E-01
    0.167375635382172E-01    0.319407814398861E-01
    0.180323187217598E-01    0.329706145639756E-01
    0.181237991313298E-01    0.334920066661934E-01
    0.165480884159865E-01    0.334576677350734E-01
    0.128516183101553E-01    0.329443558550553E-01
    0.673327778388874E-02    0.319648025830809E-01
   -0.192973278397810E-02    0.305404606157965E-01
   -0.128542779689821E-01    0.286489433059234E-01
   -0.253015065498088E-01    0.262171571117302E-01
   -0.377606461967526E-01    0.231212019561575E-01
   -0.481260725710339E-01    0.193191043360063E-01
   -0.534725797741439E-01    0.147387735924278E-01
   -0.514491870844379E-01    0.981889038630020E-02
   -0.399841107156882E-01    0.507421817879928E-02
   -0.213782284732418E-01    0.144933427163243E-02
    0.000000000000000E+00    0.000000000000000E+00
    0.000000000000000E+00    0.000000000000000E+00
    0.203282850047896E-02    0.160917490707534E-04
    0.393561043543918E-02    0.622349738657041E-04
    0.567746125646373E-02    0.136254360514723E-03
    0.722445442629877E-02    0.244661946672141E-03
    0.854295861430784E-02    0.391616599973449E-03
    0.959693302239410E-02    0.595529962040831E-03
    0.103546544636224E-01    0.865621460260568E-03
    0.107859046974341E-01    0.123546500067710E-02
    0.108740586534290E-01    0.171621003797923E-02
    0.106098952176973E-01    0.236122918730332E-02
    0.100114076100566E-01    0.317621421295105E-02
    0.910902196310427E-02    0.423701892034421E-02
    0.797471301937846E-02    0.553051655030865E-02
    0.669278300934897E-02    0.715045414303714E-02
    0.539555843748646E-02    0.904683565381011E-02
    0.421798087325208E-02    0.113136208920533E-01
    0.332833741154788E-02    0.138488297593505E-01
    0.287785359319789E-02    0.167130815476494E-01
    0.300333651462472E-02    0.197550814346326E-01
    0.380333938488220E-02    0.229609599704409E-01
    0.528436409434184E-02    0.261636969466363E-01
    0.740780995810851E-02    0.292505891384100E-01
    0.996526888341729E-02    0.320982269744418E-01
    0.127245516666698E-01    0.345172543635355E-01
    0.152512284054237E-01    0.364796306751042E-01
    0.171404534861816E-01    0.377915438500625E-01
    0.178224194539310E-01    0.385223475228916E-01
    0.168496749430949E-01    0.385492939159640E-01
    0.136983684500502E-01    0.379780004426004E-01
    0.814231447231257E-02    0.367644998415958E-01
   -0.681145751377769E-05    0.349631475594686E-01
   -0.103079190652223E-01    0.325286854458165E-01
   -0.221369373982354E-01    0.294370535710267E-01
   -0.338327038516795E-01    0.255968841133013E-01
   -0.435004452650691E-01    0.210261430795991E-01
   -0.483686335445248E-01    0.157735445700097E-01
   -0.462381701638795E-01    0.102723965678891E-01
   -0.357396413741714E-01    0.525322621619999E-02
   -0.186550589342333E-01    0.143497811233673E-02
    0.000000000000000E+00    0.000000000000000E+00
    0.000000000000000E+00    0.000000000000000E+00
    0.199194680215580E-02    0.251702065971112E-04
    0.385739197837783E-02    0.984441055055080E-04
    0.556071061162501E-02    0.217014575173186E-03
    0.706560729499989E-02    0.382497650950043E-03
    0.833210027743142E-02    0.598594097523736E-03
    0.932217668800455E-02    0.876212573103373E-03
    0.999629826313478E-02    0.122601999628756E-02
    0.103227617342293E-01    0.167070827535942E-02
    0.102753035620833E-01    0.222820569650602E-02
    0.984589205570944E-02    0.293604483892059E-02
    0.904109371506363E-02    0.381716090463001E-02
    0.789989898112560E-02    0.492418751045170E-02
    0.648204772037015E-02    0.627787688664611E-02
    0.489428140569250E-02    0.793893895782010E-02
    0.325796780967055E-02    0.991199263086503E-02
    0.174945582018465E-02    0.122469536910001E-01
    0.529863404975313E-03    0.149139770117537E-01
   -0.191190958617258E-03    0.179207765227804E-01
   -0.279617301336734E-03    0.211901229185935E-01
    0.424138383243910E-03    0.246537764377745E-01
    0.192416792614794E-02    0.281944300163720E-01
    0.422121134914410E-02    0.316549872813019E-01
    0.709587151459845E-02    0.349141892845416E-01
    0.103143871087927E-01    0.377578280463695E-01
    0.134169485566551E-01    0.401110929467701E-01
    0.159597666659739E-01    0.417756576969012E-01
    0.173440331985715E-01    0.427508555079015E-01
    0.170714336138726E-01    0.429213458928052E-01
    0.146206761547368E-01    0.423355295400718E-01
    0.972154447904851E-02    0.409587438642348E-01
    0.226286038727815E-02    0.388282415746745E-01
   -0.737267896918676E-02    0.359081451300929E-01
   -0.184262636721061E-01    0.322179065110171E-01
   -0.293594157527453E-01    0.276807853179064E-01
   -0.382888513871843E-01    0.224349200612062E-01
   -0.425993399019672E-01    0.165357770864986E-01
   -0.405942192308228E-01    0.106002467858376E-01
   -0.308307164676872E-01    0.530485017930533E-02
   -0.158799388373798E-01    0.144558748989786E-02
    0.000000000000000E+00    0.000000000000000E+00
    0.000000000000000E+00    0.000000000000000E+00
    0.193342544151716E-02    0.334936317382851E-04
    0.374497058009277E-02    0.131137790778602E-03
    0.539638729258063E-02    0.288383540404850E-03
    0.684745544077433E-02    0.505367575525484E-03
    0.805614472587787E-02    0.780303342877229E-03
    0.897875357865885E-02    0.112235683918874E-02
    0.957298692015329E-02    0.153387544841755E-02
    0.979961630725418E-02    0.203785086614632E-02
    0.962971190304420E-02    0.264023777205919E-02
    0.904539377219681E-02    0.338522599547107E-02
    0.805384937772284E-02    0.427815370526606E-02
    0.668162750734359E-02    0.539140338976607E-02
    0.499880288330069E-02    0.671969321981809E-02
    0.309753129175321E-02    0.836500714347269E-02
    0.112820250455037E-02    0.102938947922485E-01
   -0.748063715492675E-03    0.126252533971359E-01
   -0.231552336093924E-02    0.152765503145516E-01
   -0.337799413463425E-02    0.183486039214534E-01
   -0.372499623249193E-02    0.216980096125039E-01
   -0.320729320045217E-02    0.253533307846397E-01
   -0.174471031582821E-02    0.291260755337167E-01
    0.654631739065337E-03    0.329242739165667E-01
    0.381163984468145E-02    0.365664685670697E-01
    0.748111878122637E-02    0.398406695572344E-01
    0.111832671208478E-01    0.426386332179274E-01
    0.144612880252062E-01    0.447004307035182E-01
    0.166468480935245E-01    0.460227340457443E-01
    0.172426015057175E-01    0.464007916854502E-01
    0.156469266511293E-01    0.459032277873588E-01
    0.116334200350012E-01    0.444238535383798E-01
    0.501892739083314E-02    0.420392817202542E-01
   -0.372388741073087E-02    0.386894059734690E-01
   -0.139338174082834E-01    0.344544472227969E-01
   -0.240389746659439E-01    0.293031629748397E-01
   -0.323095549320377E-01    0.234296815197029E-01
   -0.363883928136794E-01    0.170335886659880E-01
   -0.346302364178971E-01    0.106778343815936E-01
   -0.262338109645440E-01    0.530054239174259E-02
   -0.132155404626396E-01    0.135842879911471E-02
    0.000000000000000E+00    0.000000000000000E+00
    0.000000000000000E+00    0.000000000000000E+00
    0.186028627632837E-02    0.402690086800663E-04
    0.360315026152978E-02    0.158996503141655E-03
    0.518915980835877E-02    0.350307902898995E-03
    0.657728082063088E-02    0.611366777243261E-03
    0.772172089889180E-02    0.937264132894107E-03
    0.857657126016695E-02    0.133075291993507E-02
    0.909365727018955E-02    0.179112444766606E-02
    0.923060973041450E-02    0.233148329570599E-02
    0.894949473612587E-02    0.295797924105727E-02
    0.823034934319037E-02    0.369997870369350E-02
    0.706684316121838E-02    0.457195877157626E-02
    0.548947433744395E-02    0.562440354695906E-02
    0.354932787035865E-02    0.687849716747413E-02
    0.135736346118010E-02    0.840510803185970E-02
   -0.960104295626840E-03    0.102233956056037E-01
   -0.319736451871371E-02    0.124104001325985E-01
   -0.516517328450226E-02    0.149659240089243E-01
   -0.659034792505435E-02    0.179388732770996E-01
   -0.728737842032687E-02    0.212866096655215E-01
   -0.700690670954031E-02    0.249801047004207E-01
   -0.569042441933867E-02    0.289204244588382E-01
   -0.325220766890000E-02    0.329599800835303E-01
    0.105243934103103E-03    0.369577675947278E-01
    0.418682663722420E-02    0.406565021958671E-01
    0.847925428213934E-02    0.439199143941476E-01
    0.125155536303524E-01    0.464580111670405E-01
    0.155855184807555E-01    0.481907275393471E-01
    0.171413402809917E-01    0.488976625876772E-01
    0.165552954771693E-01    0.485741275130121E-01
    0.135465180201472E-01    0.471092780020987E-01
    0.794991088813872E-02    0.445591135038701E-01
    0.183457829799166E-03    0.408707439707320E-01
   -0.906212298305789E-02    0.361815002584029E-01
   -0.183015202068188E-01    0.304769466538308E-01
   -0.259425382237903E-01    0.240893011357093E-01
   -0.297055970866711E-01    0.172154662045455E-01
   -0.284594199372874E-01    0.106158682706009E-01
   -0.212383933977957E-01    0.513021411774918E-02
   -0.105070163523704E-01    0.131447743039673E-02
    0.000000000000000E+00    0.000000000000000E+00
    0.000000000000000E+00    0.000000000000000E+00
    0.177337320744746E-02    0.467891406870126E-04
    0.343415678188757E-02    0.184863747897703E-03
    0.494403493111614E-02    0.406952283382845E-03
    0.626132152200327E-02    0.707885067923639E-03
    0.733938820408648E-02    0.107807849761366E-02
    0.812924947999553E-02    0.151555001465726E-02
    0.857977481672933E-02    0.201263443684113E-02
    0.864297194465542E-02    0.257704610866087E-02
    0.827651807603569E-02    0.320487629648056E-02
    0.745075931699695E-02    0.392295223303557E-02
    0.615592372683074E-02    0.473127211569628E-02
    0.440676691820191E-02    0.568719533790696E-02
    0.225813752830658E-02    0.679141069698093E-02
   -0.202409940451079E-03    0.814133007419312E-02
   -0.282596810464017E-02    0.972742310330561E-02
   -0.543774350784860E-02    0.116844798872162E-01
   -0.779242682656295E-02    0.139735015564115E-01
   -0.965219315879528E-02    0.167380785404724E-01
   -0.107333191526776E-01    0.198837564965126E-01
   -0.108211027578340E-01    0.235008227133188E-01
   -0.973045728923672E-02    0.274277082642803E-01
   -0.740490549366065E-02    0.316223624740770E-01
   -0.393501789736812E-02    0.358772110891590E-01
    0.457546003071742E-03    0.399768798806571E-01
    0.530619408596975E-02    0.437288182316792E-01
    0.101149424237343E-01    0.467952478906258E-01
    0.141379721746350E-01    0.490628803730527E-01
    0.167996692592273E-01    0.502020661458200E-01
    0.173882775731195E-01    0.502099308058127E-01
    0.156152858847260E-01    0.488715112128520E-01
    0.112270553464515E-01    0.462826056389699E-01
    0.464582531960711E-02    0.423540045178162E-01
   -0.352877227827226E-02    0.372927198780277E-01
   -0.118874827739168E-01    0.311456453539907E-01
   -0.189436046832470E-01    0.242972318560680E-01
   -0.227433959818325E-01    0.171278496658002E-01
   -0.221140939110225E-01    0.102815921747455E-01
   -0.166228029561827E-01    0.492401965784059E-02
   -0.815130857739932E-02    0.114922831861529E-02
    0.000000000000000E+00    0.000000000000000E+00
    0.000000000000000E+00    0.000000000000000E+00
    0.167465397272449E-02    0.525965793258510E-04
    0.324181784930721E-02    0.208544880577863E-03
    0.466556257552530E-02    0.458163666678477E-03
    0.590593201584280E-02    0.794650316025486E-03
    0.691579521477336E-02    0.120318030514872E-02
    0.764460254988983E-02    0.167708405235204E-02
    0.803867943929078E-02    0.220158924305172E-02
    0.804596193033959E-02    0.277676320666012E-02
    0.761811646332028E-02    0.339158045859545E-02
    0.671979570430136E-02    0.406078883865558E-02
    0.532915132781648E-02    0.478185388949547E-02
    0.345695799366726E-02    0.559410185737928E-02
    0.113682359015475E-02    0.650865325992551E-02
   -0.153737305445062E-02    0.759788094328041E-02
   -0.444943043874369E-02    0.888767666792746E-02
   -0.739243634563661E-02    0.104804750043824E-01
   -0.101643032086696E-01    0.124092697323900E-01
   -0.124513187055108E-01    0.147791038644886E-01
   -0.140178975451312E-01    0.176041903121750E-01
   -0.145234974666184E-01    0.209308642858197E-01
   -0.138268881915422E-01    0.247223666882609E-01
   -0.117164562093485E-01    0.288879585968832E-01
   -0.831872720803525E-02    0.333122113172736E-01
   -0.372700071476332E-02    0.377270800597155E-01
    0.155792915301628E-02    0.419538102947488E-01
    0.708943569891952E-02    0.455993256256305E-01
    0.120754842509329E-01    0.484784410826593E-01
    0.159027502551828E-01    0.502102654204542E-01
    0.178030495141949E-01    0.506915165579220E-01
    0.174110903085203E-01    0.496759366246076E-01
    0.144178250829192E-01    0.472051034313478E-01
    0.916509045410643E-02    0.431927995794335E-01
    0.217098144790774E-02    0.378971778751988E-01
   -0.522467709540262E-02    0.313880835526247E-01
   -0.117719674185426E-01    0.242109995931139E-01
   -0.155285692797156E-01    0.167378986397744E-01
   -0.157900626536777E-01    0.984279578638129E-02
   -0.118951665136147E-01    0.453674520548262E-02
   -0.573258900365373E-02    0.105421665034884E-02
    0.000000000000000E+00    0.000000000000000E+00
    0.000000000000000E+00    0.000000000000000E+00
    0.156376908453045E-02    0.587268578321716E-04
    0.302552261910785E-02    0.232192885762635E-03
    0.435459852407789E-02    0.508599214488531E-03
    0.551293861245588E-02    0.878242725266581E-03
    0.645449271144373E-02    0.132279929519547E-02
    0.712869331381709E-02    0.182908621187662E-02
    0.747991281937480E-02    0.237753815045418E-02
    0.745379193577952E-02    0.295849427883163E-02
    0.699721448679662E-02    0.355371601087173E-02
    0.606791052365166E-02    0.416641128334348E-02
    0.463684661901523E-02    0.478374623628360E-02
    0.269977203053584E-02    0.543584027080192E-02
    0.284305136344599E-03    0.612036775455577E-02
   -0.254254945117170E-02    0.691158441072376E-02
   -0.565905243457392E-02    0.781942978051904E-02
   -0.889899446989086E-02    0.897344584803793E-02
   -0.120240101920861E-01    0.103890689399992E-01
   -0.147724888338817E-01    0.122399001472676E-01
   -0.168184068846230E-01    0.145180504524642E-01
   -0.178756795539476E-01    0.173844028706165E-01
   -0.176507403808225E-01    0.207755895767518E-01
   -0.159775637224234E-01    0.247371911313788E-01
   -0.127962646620471E-01    0.291095377986038E-01
   -0.823637597448380E-02    0.337235840341772E-01
   -0.264945959090202E-02    0.383465511376690E-01
    0.348183369694689E-02    0.425759303283125E-01
    0.941073557063380E-02    0.461711650084302E-01
    0.144676689450920E-01    0.486230484734380E-01
    0.178207415744642E-01    0.498086174100124E-01
    0.190259996537757E-01    0.493113417359779E-01
    0.176601981146209E-01    0.471939737920679E-01
    0.139592999716884E-01    0.432794093092873E-01
    0.831989106363541E-02    0.379036222577307E-01
    0.190490398377237E-02    0.311964524619333E-01
   -0.412306086293166E-02    0.237500257145729E-01
   -0.817910282569376E-02    0.161855964015604E-01
   -0.942838052655467E-02    0.918282880450689E-02
   -0.757888730926599E-02    0.417404980638822E-02
   -0.391766745740976E-02    0.826387191571104E-03
    0.000000000000000E+00    0.000000000000000E+00
    0.000000000000000E+00    0.000000000000000E+00
    0.144135605271074E-02    0.646519965747916E-04
    0.278868732792774E-02    0.255082132556350E-03
    0.401542047318031E-02    0.556221354168332E-03
    0.508758628908981E-02    0.957087557590916E-03
    0.596126578787012E-02    0.143376210604296E-02
    0.658597398648664E-02    0.197044802809232E-02
    0.690728926176823E-02    0.253872563552488E-02
    0.686768798350377E-02    0.312432568992575E-02
    0.641280464889066E-02    0.369670645969111E-02
    0.549293280832675E-02    0.425088162628210E-02
    0.407229986609658E-02    0.476011007760143E-02
    0.213466255553683E-02    0.524187541506915E-02
   -0.308931386540529E-03    0.568356399982984E-02
   -0.320367341663486E-02    0.614272143809642E-02
   -0.645884783710258E-02    0.663325868134051E-02
   -0.990659407429184E-02    0.726640354933159E-02
   -0.133563152997664E-01    0.809135525937314E-02
   -0.165054247824627E-01    0.926629598805883E-02
   -0.190886841620489E-01    0.108622660591089E-01
   -0.207096209700054E-01    0.130295917458565E-01
   -0.211352207288039E-01    0.158304451089099E-01
   -0.200121581001638E-01    0.193030988522928E-01
   -0.173264900903513E-01    0.234220333054872E-01
   -0.129943096553561E-01    0.279971949724632E-01
   -0.739203744542006E-02    0.328843880832491E-01
   -0.843773459277585E-03    0.376264542306132E-01
    0.587249337142403E-02    0.419577008291898E-01
    0.121086185271737E-01    0.452841791559856E-01
    0.169660916723774E-01    0.473610507485686E-01
    0.199011981107924E-01    0.476943092551112E-01
    0.203603191359024E-01    0.462068226875577E-01
    0.184247707962990E-01    0.426944214334291E-01
    0.142908637887786E-01    0.374851469270851E-01
    0.902686513417657E-02    0.307364536323905E-01
    0.348160382641065E-02    0.231863859421137E-01
   -0.769843466715848E-03    0.154738871474706E-01
   -0.324689048779256E-02    0.855733756337662E-02
   -0.338840685024285E-02    0.367127238051819E-02
   -0.196528853011545E-02    0.714760687848386E-03
    0.000000000000000E+00    0.000000000000000E+00
    0.000000000000000E+00    0.000000000000000E+00
    0.130684206912149E-02    0.710758143522963E-04
    0.252881405899694E-02    0.278414357868527E-03
    0.364668983655078E-02    0.603888391077932E-03
    0.462890707210905E-02    0.103374963767538E-02
    0.543451516398212E-02    0.154229037872331E-02
    0.601555902709452E-02    0.210767756515717E-02
    0.631804382393653E-02    0.269937024001115E-02
    0.628607781948759E-02    0.329240457739620E-02
    0.586247997279312E-02    0.385235739984176E-02
    0.499558614906035E-02    0.435756328205184E-02
    0.364150297561303E-02    0.477549584363191E-02
    0.177436273305262E-02    0.510087089182701E-02
   -0.609179619545414E-03    0.531460971541131E-02
   -0.347662618018135E-02    0.544864874012936E-02
   -0.675368759305988E-02    0.551310145330949E-02
   -0.103115860813863E-01    0.560113147308478E-02
   -0.139626334313473E-01    0.576536272555493E-02
   -0.174594905205787E-01    0.617372423869146E-02
   -0.204962689727984E-01    0.691158472371836E-02
   -0.227377961951672E-01    0.819170495957328E-02
   -0.238320939334381E-01    0.101036242644927E-01
   -0.234762544749736E-01    0.128134849235284E-01
   -0.214465634381147E-01    0.163074553107801E-01
   -0.176833437676094E-01    0.205497399719160E-01
   -0.123206165717765E-01    0.254058090375002E-01
   -0.569139355081238E-02    0.304915468755532E-01
    0.160812678950414E-02    0.355047150354327E-01
    0.887269232210737E-02    0.397543539785929E-01
    0.152364419899084E-01    0.429819609383947E-01
    0.200096427066407E-01    0.444181279826283E-01
    0.225287710324637E-01    0.439834372308980E-01
    0.226278807311233E-01    0.412132009760106E-01
    0.203053818751541E-01    0.365249031572317E-01
    0.163114371036412E-01    0.300560056630611E-01
    0.113787333519033E-01    0.225240941513564E-01
    0.670741434229132E-02    0.148956428170172E-01
    0.294023409511015E-02    0.789313707035227E-02
    0.485970919629591E-03    0.331153979450543E-02
   -0.795042446856192E-03    0.459967110451519E-03
    0.000000000000000E+00    0.000000000000000E+00
    0.000000000000000E+00    0.000000000000000E+00
    0.116076204491247E-02    0.768029895321087E-04
    0.225080074245439E-02    0.299304348650926E-03
    0.325361940223193E-02    0.646369943848945E-03
    0.414249898312800E-02    0.110267212484783E-02
    0.487969586682090E-02    0.163902758113233E-02
    0.541966490187654E-02    0.223313243743070E-02
    0.571261753065761E-02    0.284736050072516E-02
    0.570273013650925E-02    0.345532266563277E-02
    0.533653312826048E-02    0.400993240089269E-02
    0.455706480754334E-02    0.448559495171663E-02
    0.332113806781009E-02    0.483009330429003E-02
    0.158784492078027E-02    0.503133105765189E-02
   -0.652283000832932E-03    0.504326525476474E-02
   -0.339443384715649E-02    0.488940616325494E-02
   -0.658198948777340E-02    0.454914906585811E-02
   -0.101223113163479E-01    0.411043002483186E-02
   -0.138610040713491E-01    0.360183833064435E-02
   -0.175752841257311E-01    0.319833180138020E-02
   -0.210076435003193E-01    0.298972291293198E-02
   -0.237929905705575E-01    0.321991591638876E-02
   -0.256332046406363E-01    0.403377272892129E-02
   -0.260958320295206E-01    0.566068633449453E-02
   -0.249991226897357E-01    0.820385331846860E-02
   -0.220383409729600E-01    0.116960087671413E-01
   -0.173571596476391E-01    0.161564614111366E-01
   -0.109948787708440E-01    0.212401139437900E-01
   -0.354261853033796E-02    0.267134874453203E-01
    0.445218801123026E-02    0.318434373411686E-01
    0.121136538710657E-01    0.363046871660408E-01
    0.186893557132754E-01    0.392031243435721E-01
    0.233839747302790E-01    0.402214594499450E-01
    0.257630512553310E-01    0.387816999316620E-01
    0.255385093560939E-01    0.350927032665825E-01
    0.232026029661197E-01    0.293021282545754E-01
    0.190566174318017E-01    0.220885198395345E-01
    0.141803320172398E-01    0.144675804739354E-01
    0.890730492622300E-02    0.757868180030481E-02
    0.410551055306813E-02    0.296485048930330E-02
    0.668434927568783E-03    0.418423586531958E-03
    0.000000000000000E+00    0.000000000000000E+00
    0.000000000000000E+00    0.000000000000000E+00
    0.100370200051594E-02    0.824416600641481E-04
    0.195315173227319E-02    0.318004464020751E-03
    0.283692800147258E-02    0.683013625834552E-03
    0.362912261204317E-02    0.116046798931862E-02
    0.429595101513547E-02    0.172177283382349E-02
    0.479590994333102E-02    0.234148392021890E-02
    0.508287345592273E-02    0.298256259786769E-02
    0.510604143352703E-02    0.361118747207860E-02
    0.481340403866726E-02    0.417966622755468E-02
    0.415156336154912E-02    0.464730008454556E-02
    0.307259863534941E-02    0.496044815024887E-02
    0.153430785261112E-02    0.507987447798782E-02
   -0.488973311942160E-03    0.495919372744882E-02
   -0.300315914885391E-02    0.457833787677612E-02
   -0.598338562664117E-02    0.392191246539285E-02
   -0.936180647278660E-02    0.301738539840264E-02
   -0.130280416817568E-01    0.191142883419580E-02
   -0.167994440186357E-01    0.712389601414957E-03
   -0.204549012208778E-01   -0.447199016469706E-03
   -0.236773153617158E-01   -0.136459891334634E-02
   -0.261533886129558E-01   -0.182177812430266E-02
   -0.274860799216228E-01   -0.155464836238685E-02
   -0.273746855742282E-01   -0.369563121290970E-03
   -0.255066803118037E-01    0.190445923547088E-02
   -0.217914386367093E-01    0.541152632055302E-02
   -0.162167407121585E-01    0.999502450535517E-02
   -0.907623369604767E-02    0.154514928599884E-01
   -0.872959332173315E-03    0.211310510396763E-01
    0.769915607350901E-02    0.268072052698709E-01
    0.158247416174395E-01    0.312903624892424E-01
    0.226926976555691E-01    0.342861853340969E-01
    0.275229071413611E-01    0.346806530295000E-01
    0.297903353345761E-01    0.328110874712674E-01
    0.294354460696640E-01    0.283516115927722E-01
    0.265287951605013E-01    0.218846687035184E-01
    0.216411003051954E-01    0.145944100071770E-01
    0.151439832444327E-01    0.748046486198158E-02
    0.781819788936583E-02    0.298554350173360E-02
    0.138809316824294E-02    0.208504994795074E-03
    0.000000000000000E+00    0.000000000000000E+00
    0.000000000000000E+00    0.000000000000000E+00
    0.838774196013608E-03    0.855967182793802E-04
    0.164459373314822E-02    0.328960579867497E-03
    0.240504363286426E-02    0.705525960706872E-03
    0.309734008186366E-02    0.119687076605151E-02
    0.369056416090860E-02    0.177509266307562E-02
    0.414794754297678E-02    0.241616620119153E-02
    0.442905319224537E-02    0.308091661394701E-02
    0.448790031669129E-02    0.373661473770766E-02
    0.427944971886257E-02    0.432820145572221E-02
    0.375099727059134E-02    0.481488151695167E-02
    0.286146016646278E-02    0.512682228792108E-02
    0.155867004527271E-02    0.522356649361547E-02
   -0.178287767467331E-03    0.502841902009106E-02
   -0.238488529247988E-02    0.452024727047317E-02
   -0.503588367811122E-02    0.363330866060564E-02
   -0.812149660983384E-02    0.239871526001437E-02
   -0.115369584604790E-01    0.789926865540707E-03
   -0.151861922653861E-01   -0.106592321111120E-02
   -0.188579747970493E-01   -0.312370138096591E-02
   -0.223272148194035E-01   -0.512519412606996E-02
   -0.252887713784174E-01   -0.693147623043846E-02
   -0.273851729099364E-01   -0.816140911562808E-02
   -0.283091658591319E-01   -0.863484859233437E-02
   -0.276401135359066E-01   -0.799204470847929E-02
   -0.252503894309859E-01   -0.602257687725339E-02
   -0.208631780926596E-01   -0.262118671494339E-02
   -0.147023774986620E-01    0.213116527716003E-02
   -0.694627828171850E-02    0.776565298114949E-02
    0.180423917648285E-02    0.141800142689040E-01
    0.109393457650483E-01    0.201816097006182E-01
    0.196115085344462E-01    0.253219734725575E-01
    0.268197432957800E-01    0.282519936766219E-01
    0.318010336053328E-01    0.289257428250526E-01
    0.339665558446331E-01    0.267440883549179E-01
    0.327759301906775E-01    0.218284796024897E-01
    0.285474937626982E-01    0.152771862775633E-01
    0.209351747895675E-01    0.834428263126295E-02
    0.114615828473329E-01    0.345969600620882E-02
    0.305819358853786E-02    0.487214173558511E-03
    0.000000000000000E+00    0.000000000000000E+00
    0.000000000000000E+00    0.000000000000000E+00
    0.668613136431194E-03    0.871007109393261E-04
    0.132831155501299E-02    0.331652406536160E-03
    0.196509922261712E-02    0.709794285858809E-03
    0.255500202494097E-02    0.120345330869684E-02
    0.307067000208163E-02    0.178817663925734E-02
    0.348016734707135E-02    0.244108170660365E-02
    0.374970612454674E-02    0.312554105853385E-02
    0.384018870184911E-02    0.380784201913367E-02
    0.371304393231145E-02    0.443474541483026E-02
    0.332294740466942E-02    0.495871914773753E-02
    0.263061591219014E-02    0.531215784429568E-02
    0.159009640207067E-02    0.543570579053509E-02
    0.170652028064164E-03    0.525736663442349E-02
   -0.166062698674596E-02    0.471487948805734E-02
   -0.390967930656128E-02    0.375378184716420E-02
   -0.657066734727155E-02    0.232907429722573E-02
   -0.960131858519871E-02    0.440059776613610E-03
   -0.129172284396207E-01   -0.190680897817130E-02
   -0.164030549983756E-01   -0.461163733514730E-02
   -0.198486320519040E-01   -0.757217309333001E-02
   -0.230568678799103E-01   -0.105540040610092E-01
   -0.256712542187673E-01   -0.133206638863348E-01
   -0.274540813255551E-01   -0.155361353812210E-01
   -0.279386405728968E-01   -0.168813256025768E-01
   -0.269566711183700E-01   -0.169387684328599E-01
   -0.240980854679503E-01   -0.154423231845139E-01
   -0.194067453568752E-01   -0.123279950747713E-01
   -0.128189975950227E-01   -0.774041448236741E-02
   -0.471086948143530E-02   -0.145392474045802E-02
    0.453774247286710E-02    0.540597281387843E-02
    0.142664139389364E-01    0.124769533954452E-01
    0.234093460923977E-01    0.179813986210327E-01
    0.310985672922788E-01    0.222684559830991E-01
    0.361826631089547E-01    0.233035766442549E-01
    0.379611906044166E-01    0.211979711072649E-01
    0.352243926557430E-01    0.163671469673102E-01
    0.277848863714275E-01    0.966284449814811E-02
    0.160531577545453E-01    0.475788632996656E-02
    0.394303684169896E-02    0.776225490784029E-03
    0.000000000000000E+00    0.000000000000000E+00
    0.000000000000000E+00    0.000000000000000E+00
    0.501474845994580E-03    0.836026278351967E-04
    0.101785884255599E-02    0.319416125059115E-03
    0.153070008749725E-02    0.686808540511698E-03
    0.201580848141236E-02    0.116791158866616E-02
    0.244812400706090E-02    0.174370268685358E-02
    0.280250275807130E-02    0.239368725989168E-02
    0.305054010661098E-02    0.308533215276889E-02
    0.316245343556907E-02    0.378684300725454E-02
    0.310678860836810E-02    0.444675625322880E-02
    0.284608018957537E-02    0.501981751724334E-02
    0.234958304730039E-02    0.543423324046154E-02
    0.157230917254192E-02    0.563402853768177E-02
    0.493274495470262E-03    0.552988299504925E-02
   -0.935946403233543E-03    0.506512501955774E-02
   -0.270984633546337E-02    0.414313643473091E-02
   -0.486991564237691E-02    0.272944368272985E-02
   -0.735796689216116E-02    0.740873987320973E-03
   -0.101881201235370E-01   -0.179354997070878E-02
   -0.132170795174325E-01   -0.491131023425434E-02
   -0.163998407776309E-01   -0.845805254912991E-02
   -0.194861988164562E-01   -0.123938783927436E-01
   -0.223358502077031E-01   -0.163730863983875E-01
   -0.246130033024928E-01   -0.202727547462135E-01
   -0.260514502928316E-01   -0.235460437815920E-01
   -0.263329073426780E-01   -0.259860167851197E-01
   -0.251309647386389E-01   -0.269143227541549E-01
   -0.223014122396277E-01   -0.263089052499080E-01
   -0.175333973005160E-01   -0.237844316871523E-01
   -0.110132826719568E-01   -0.190737632220967E-01
   -0.272204270298362E-02   -0.126067952304451E-01
    0.690271692560327E-02   -0.477187219073796E-02
    0.168733090797743E-01    0.290774968591183E-02
    0.266822616647261E-01    0.106493688214698E-01
    0.346117817383276E-01    0.158772741904943E-01
    0.397352456635989E-01    0.181753871229545E-01
    0.401279959031497E-01    0.165396766671356E-01
    0.342501653747305E-01    0.118657001726816E-01
    0.212668976042900E-01    0.654131770471171E-02
    0.760402581977107E-02    0.184329694735691E-02
    0.000000000000000E+00    0.000000000000000E+00
    0.000000000000000E+00    0.000000000000000E+00
    0.341933022730394E-03    0.768094343255213E-04
    0.724315016576315E-03    0.291472819042221E-03
    0.111778045308485E-02    0.631526405263867E-03
    0.149837924470077E-02    0.108149881590404E-02
    0.184368623558392E-02    0.162805833053535E-02
    0.213403331213158E-02    0.225577086995105E-02
    0.234958753124935E-02    0.293448362148495E-02
    0.246688244971336E-02    0.363876081932510E-02
    0.246449741031268E-02    0.431945984974625E-02
    0.231250659838681E-02    0.493667918951078E-02
    0.198826908797475E-02    0.542272851667956E-02
    0.145581899752989E-02    0.572059422314794E-02
    0.694828270388615E-03    0.574871242380255E-02
   -0.332672048026715E-03    0.543267181886213E-02
   -0.163768983016901E-02    0.469052256994897E-02
   -0.324967614857256E-02    0.343559140868439E-02
   -0.515923897357727E-02    0.161313637349509E-02
   -0.736551253818447E-02   -0.860080786908124E-03
   -0.982458890224093E-02   -0.396680016719875E-02
   -0.124689582998842E-01   -0.775192773715258E-02
   -0.152106910793049E-01   -0.120751241229033E-01
   -0.178678483992682E-01   -0.168855751431008E-01
   -0.203210776592439E-01   -0.218790932991605E-01
   -0.222208770541979E-01   -0.268453657950564E-01
   -0.234670048753251E-01   -0.313350786504792E-01
   -0.235685756063357E-01   -0.348975926325483E-01
   -0.225401900629482E-01   -0.371953739899441E-01
   -0.197700285843701E-01   -0.377487421782020E-01
   -0.155064928155509E-01   -0.358655969936284E-01
   -0.917728896190298E-02   -0.314651279885616E-01
   -0.125157004247088E-02   -0.249846771615759E-01
    0.814011549637466E-02   -0.170292595762446E-01
    0.183760176187117E-01   -0.686052964893421E-02
    0.282698395575987E-01    0.228394933801176E-02
    0.369851001605185E-01    0.100769937440516E-01
    0.409969017555536E-01    0.133422766196156E-01
    0.386544802964642E-01    0.131071096655118E-01
    0.267772945010538E-01    0.904456328942657E-02
    0.107373046513559E-01    0.211939432542453E-02
    0.000000000000000E+00    0.000000000000000E+00
    0.000000000000000E+00    0.000000000000000E+00
    0.205566739717378E-03    0.634048879745157E-04
    0.464497695090267E-03    0.244279906460899E-03
    0.744490623010093E-03    0.539603665679537E-03
    0.102141799736312E-02    0.936940192869714E-03
    0.127524012138099E-02    0.143134043597852E-02
    0.149521653468787E-02    0.200838174889672E-02
    0.166468370081673E-02    0.264715207831960E-02
    0.177167497499815E-02    0.332252937592915E-02
    0.179887184537320E-02    0.399662933928126E-02
    0.172858048129396E-02    0.463198805494978E-02
    0.154359188346442E-02    0.517181188905568E-02
    0.121857786736156E-02    0.556481351417445E-02
    0.740320560659330E-03    0.573459467121921E-02
    0.743651020574935E-04    0.561706322122142E-02
   -0.780309720153976E-03    0.511916327335547E-02
   -0.186807604874776E-02    0.417109001022766E-02
   -0.316294517196390E-02    0.267270841698412E-02
   -0.471775938175039E-02    0.567827677965982E-03
   -0.645631627513311E-02   -0.223220534052098E-02
   -0.843420026050195E-02   -0.572869674519940E-02
   -0.104962459771939E-01   -0.997560359206464E-02
   -0.126865524751048E-01   -0.148489464465648E-01
   -0.147494333220009E-01   -0.203466789332859E-01
   -0.166973810928339E-01   -0.261098724757433E-01
   -0.181892358115590E-01   -0.321058770934086E-01
   -0.191843200766859E-01   -0.376158161748196E-01
   -0.193266895495950E-01   -0.427033155622509E-01
   -0.184148310343836E-01   -0.463186552810300E-01
   -0.162427721901429E-01   -0.484275549845862E-01
   -0.126151940500679E-01   -0.476425472841301E-01
   -0.753392678014528E-02   -0.447998425651273E-01
   -0.651430572010663E-03   -0.390969261655051E-01
    0.752328127447774E-02   -0.298437953626684E-01
    0.171707982920329E-01   -0.190696772871224E-01
    0.270787243994400E-01   -0.664720585685870E-02
    0.348646978553948E-01    0.283014535184957E-02
    0.382108558163909E-01    0.983117620353885E-02
    0.319462237984597E-01    0.115506018278339E-01
    0.157498647317852E-01    0.542989651997674E-02
    0.000000000000000E+00    0.000000000000000E+00
    0.000000000000000E+00    0.000000000000000E+00
    0.947428044248316E-04    0.459708033952977E-04
    0.254756384941002E-03    0.177630395731682E-03
    0.432113491039341E-03    0.410477356617026E-03
    0.611208840811873E-03    0.735247472433034E-03
    0.776584453904574E-03    0.114945090474862E-02
    0.921686758646431E-03    0.164694059906211E-02
    0.103899036037847E-02    0.220556500312467E-02
    0.111927441208103E-02    0.281300239891892E-02
    0.115571186807698E-02    0.343200792504331E-02
    0.113456285748984E-02    0.404157952768334E-02
    0.104933055621629E-02    0.458847528167527E-02
    0.880813644343992E-03    0.503928847648041E-02
    0.624013997166925E-03    0.532523299801352E-02
    0.253966151267576E-03    0.539598715142761E-02
   -0.230402134057981E-03    0.517233265574073E-02
   -0.858613771553135E-03    0.458181372240771E-02
   -0.162387532602123E-02    0.354906753545866E-02
   -0.255537484549463E-02    0.197516507610311E-02
   -0.363296096238261E-02   -0.183176712841267E-03
   -0.487385789211002E-02   -0.304986538431203E-02
   -0.623986388657851E-02   -0.659172610801051E-02
   -0.771215896380946E-02   -0.109416571117974E-01
   -0.923623875507317E-02   -0.159354178092003E-01
   -0.107229884395182E-01   -0.216577677359313E-01
   -0.121242304164945E-01   -0.278056355210293E-01
   -0.132404949592030E-01   -0.343063347812921E-01
   -0.140859264922059E-01   -0.407262303505169E-01
   -0.142180252050032E-01   -0.467632143501918E-01
   -0.138115726531471E-01   -0.518773427752337E-01
   -0.123088497766794E-01   -0.551013093626171E-01
   -0.100792537770337E-01   -0.569538484906842E-01
   -0.619416199095823E-02   -0.560501384738629E-01
   -0.135853298029050E-02   -0.507641304433033E-01
    0.593461625289401E-02   -0.420783849165663E-01
    0.132718796176960E-01   -0.300749790933871E-01
    0.230080681535263E-01   -0.160225837389985E-01
    0.330926645203388E-01    0.491922353979674E-03
    0.333112755241627E-01    0.933569080981384E-02
    0.282154319855462E-01    0.360021559140188E-02
    0.000000000000000E+00    0.000000000000000E+00
    0.000000000000000E+00    0.000000000000000E+00
    0.255365486194407E-04    0.243667249303415E-04
    0.103265875971038E-03    0.100731878253460E-03
    0.191662197595482E-03    0.257318169094411E-03
    0.284736640069670E-03    0.486906001519467E-03
    0.367860999863761E-03    0.795113074541423E-03
    0.444381425210557E-03    0.117107811779664E-02
    0.505463118100553E-03    0.160613139273677E-02
    0.552499480410960E-03    0.208461322112904E-02
    0.577386289300177E-03    0.258815048750231E-02
    0.578833931387791E-03    0.309578271538084E-02
    0.549391760153482E-03    0.357758782184979E-02
    0.483991179754232E-03    0.400431505566332E-02
    0.377154339481043E-03    0.433320802146502E-02
    0.218283134919902E-03    0.452388046083938E-02
    0.694321834025152E-05    0.452077288388861E-02
   -0.275956741938768E-03    0.426969258107750E-02
   -0.619967799028511E-03    0.370563487981021E-02
   -0.105708630930892E-02    0.275957403272336E-02
   -0.155589400811302E-02    0.136602634999292E-02
   -0.216695801678328E-02   -0.554875956080532E-03
   -0.282235663593180E-02   -0.305199693264001E-02
   -0.359668538679452E-02   -0.619904614289108E-02
   -0.436686153911355E-02   -0.100064043090860E-01
   -0.523924255047081E-02   -0.144934821188319E-01
   -0.602323930371478E-02   -0.196353931555892E-01
   -0.684496592068011E-02   -0.253198356692456E-01
   -0.743868689150438E-02   -0.314860910604396E-01
   -0.791917827657507E-02   -0.377046497824813E-01
   -0.801162654090002E-02   -0.440653331492661E-01
   -0.788071792529585E-02   -0.494423955170245E-01
   -0.730317609416454E-02   -0.546550902503684E-01
   -0.587051445862132E-02   -0.579245550402029E-01
   -0.344286764609087E-02   -0.593895117597483E-01
    0.351217411539037E-03   -0.559161131237053E-01
    0.496705869456854E-02   -0.518366778547475E-01
    0.955680824126940E-02   -0.409676925208533E-01
    0.131496972835117E-01   -0.252869070429212E-01
    0.167108812523635E-01   -0.134133776995428E-01
    0.171202862956384E-01    0.331395630196093E-02
    0.000000000000000E+00    0.000000000000000E+00
    0.000000000000000E+00    0.000000000000000E+00
   -0.508611071416234E-07   -0.508611064883028E-07
    0.251510805481771E-04    0.256768219988554E-04
    0.500546382243744E-04    0.100114803723530E-03
    0.757442065740975E-04    0.225226835720913E-03
    0.998143176435682E-04    0.393584356620494E-03
    0.121246562812099E-03    0.610024529936610E-03
    0.140195055527594E-03    0.859150161062416E-03
    0.154097204651407E-03    0.114390293650655E-02
    0.164297458301842E-03    0.144342179572768E-02
    0.166428672583902E-03    0.176025939204319E-02
    0.163533116481300E-03    0.206513954944228E-02
    0.148537528701711E-03    0.235898001979392E-02
    0.126635369954424E-03    0.260305422568265E-02
    0.873855806379314E-04    0.279444104022771E-02
    0.390839116398897E-04    0.288523798760669E-02
   -0.329516793585846E-04    0.286449238307405E-02
   -0.116164324759677E-03    0.267914609126341E-02
   -0.230190810409445E-03    0.230255686800585E-02
   -0.356916123975252E-03    0.168765173774847E-02
   -0.520758503344588E-03    0.779165884876032E-03
   -0.696875869285693E-03   -0.440160287188217E-03
   -0.911867282118670E-03   -0.207140620551758E-02
   -0.113360216657770E-02   -0.406615743282739E-02
   -0.138939646914461E-02   -0.658806972785876E-02
   -0.164792879007577E-02   -0.947667934454599E-02
   -0.191816183355215E-02   -0.129851750294479E-01
   -0.217313812524537E-02   -0.167602039290978E-01
   -0.237432491240667E-02   -0.210695324043703E-01
   -0.250746887761674E-02   -0.255437902733543E-01
   -0.261972306045859E-02   -0.303233918155230E-01
   -0.286387207369174E-02   -0.349123444753303E-01
   -0.271657041609251E-02   -0.397927833381853E-01
   -0.235125094576381E-02   -0.433943928984743E-01
   -0.119088204808583E-02   -0.439342460521017E-01
    0.582074149392190E-03   -0.468467387231912E-01
    0.527299722024342E-03   -0.463817452937435E-01
   -0.209635269560668E-02   -0.398918598891478E-01
   -0.307285733628943E-02   -0.349571458407362E-01
    0.321228444859259E-01   -0.142859849409041E-01
    0.000000000000000E+00    0.000000000000000E+00
    0.000000000000000E+00    0.000000000000000E+00
    0.000000000000000E+00    0.000000000000000E+00
    0.000000000000000E+00    0.000000000000000E+00
    0.000000000000000E+00    0.000000000000000E+00
    0.000000000000000E+00    0.000000000000000E+00
    0.000000000000000E+00    0.000000000000000E+00
    0.000000000000000E+00    0.000000000000000E+00
    0.000000000000000E+00    0.000000000000000E+00
    0.000000000000000E+00    0.000000000000000E+00
    0.000000000000000E+00    0.000000000000000E+00
    0.000000000000000E+00    0.000000000000000E+00
    0.000000000000000E+00    0.000000000000000E+00
    0.000000000000000E+00    0.000000000000000E+00
    0.000000000000000E+00    0.000000000000000E+00
    0.000000000000000E+00    0.000000000000000E+00
    0.000000000000000E+00    0.000000000000000E+00
    0.000000000000000E+00    0.000000000000000E+00
    0.000000000000000E+00    0.000000000000000E+00
    0.000000000000000E+00    0.000000000000000E+00
    0.000000000000000E+00    0.000000000000000E+00
    0.000000000000000E+00    0.000000000000000E+00
    0.000000000000000E+00    0.000000000000000E+00
    0.000000000000000E+00    0.000000000000000E+00
    0.000000000000000E+00    0.000000000000000E+00
    0.000000000000000E+00    0.000000000000000E+00
    0.000000000000000E+00    0.000000000000000E+00
    0.000000000000000E+00    0.000000000000000E+00
    0.000000000000000E+00    0.000000000000000E+00
    0.000000000000000E+00    0.000000000000000E+00
    0.000000000000000E+00    0.000000000000000E+00
    0.000000000000000E+00    0.000000000000000E+00
    0.000000000000000E+00    0.000000000000000E+00
    0.000000000000000E+00    0.000000000000000E+00
    0.000000000000000E+00    0.000000000000000E+00
    0.000000000000000E+00    0.000000000000000E+00
    0.000000000000000E+00    0.000000000000000E+00
    0.000000000000000E+00    0.000000000000000E+00
    0.000000000000000E+00    0.000000000000000E+00
    0.000000000000000E+00    0.000000000000000E+00
    0.000000000000000E+00    0.000000000000000E+00
    0.000000000000000E+00    0.000000000000000E+00
