#  pod_008.txt
#  created by BASIS_WRITE.F90,
#  part of program POD_BASIS_FLOW.F90.
#
#  Created on October  8 2004  12:07:13.638 PM
#
#  Velocities ( U, V ).
#
#  Number of records =   1681
#  Singular value S =     2.36534    
#  Epsilon =             0.222045E-15
#
   -0.353296088058551E-14   -0.317863625434838E-14
   -0.332906994738630E-17    0.304565946708666E-16
    0.245908451186900E-14    0.590025263891787E-15
    0.911785133927855E-15   -0.559607545700304E-16
    0.873186174541387E-16    0.756018993060702E-17
   -0.737291495593224E-17    0.786537633705969E-19
   -0.278547805654964E-21    0.962607364648288E-23
    0.111923744340043E-24   -0.440692096773300E-28
   -0.274604122084579E-31   -0.372793462922023E-35
   -0.188717661832859E-39    0.125232470783658E-44
    0.159561697089222E-49   -0.135655796598635E-54
   -0.158911751426164E-61    0.173265523471307E-67
   -0.981068261256299E-74    0.602573076649158E-81
    0.328251194553695E-88    0.717509432316768E-97
   -0.119421268235636-104   -0.163964579720780-113
   -0.116087640572527-122   -0.425851527239731-131
    0.528251882421057-142   -0.633192197373192-152
    0.000000000000000E+00    0.000000000000000E+00
    0.000000000000000E+00    0.000000000000000E+00
    0.000000000000000E+00    0.000000000000000E+00
    0.000000000000000E+00    0.000000000000000E+00
    0.000000000000000E+00    0.000000000000000E+00
    0.000000000000000E+00    0.000000000000000E+00
    0.000000000000000E+00    0.000000000000000E+00
    0.000000000000000E+00    0.000000000000000E+00
    0.000000000000000E+00    0.000000000000000E+00
    0.000000000000000E+00    0.000000000000000E+00
    0.000000000000000E+00    0.000000000000000E+00
    0.000000000000000E+00    0.000000000000000E+00
    0.000000000000000E+00    0.000000000000000E+00
    0.000000000000000E+00    0.000000000000000E+00
    0.000000000000000E+00    0.000000000000000E+00
    0.000000000000000E+00    0.000000000000000E+00
    0.000000000000000E+00    0.000000000000000E+00
    0.000000000000000E+00    0.000000000000000E+00
    0.000000000000000E+00    0.000000000000000E+00
    0.000000000000000E+00    0.000000000000000E+00
    0.000000000000000E+00    0.000000000000000E+00
    0.000000000000000E+00    0.000000000000000E+00
    0.000000000000000E+00    0.000000000000000E+00
   -0.193050581502932E-01    0.000000000000000E+00
    0.000000000000000E+00    0.000000000000000E+00
   -0.252808030282264E-04    0.255366009156316E-04
   -0.554111192318804E-04    0.109925197750213E-03
   -0.707658971434938E-04    0.224782926531985E-03
   -0.813825613648967E-04    0.370179908225396E-03
   -0.939190531855371E-04    0.536787462812344E-03
   -0.104184768871547E-03    0.727740545167894E-03
   -0.112457911929099E-03    0.936875158360233E-03
   -0.107926177755032E-03    0.114674903895272E-02
   -0.975122860927693E-04    0.134860200771515E-02
   -0.725474851953665E-04    0.150980228605512E-02
   -0.431334419982354E-04    0.162608288960957E-02
   -0.477197995612277E-05    0.167113860627958E-02
    0.334521517991669E-04    0.164526881638017E-02
    0.720417261056325E-04    0.154380573999557E-02
    0.104638245040383E-03    0.136757754547454E-02
    0.129198541754348E-03    0.114180627810118E-02
    0.142040894454371E-03    0.861926758129691E-03
    0.140830603367625E-03    0.585185209100263E-03
    0.123336197783837E-03    0.295838617288854E-03
    0.898448942854020E-04    0.787329003443571E-04
    0.373783828768361E-04   -0.965590524531764E-04
   -0.275272639631531E-04   -0.129618133793469E-03
   -0.111432032101167E-03   -0.652922009038610E-04
   -0.197234445927669E-03    0.192605779263729E-03
   -0.299264117476546E-03    0.588640839397194E-03
   -0.383791512148538E-03    0.118351393136262E-02
   -0.480757262504475E-03    0.192358821047617E-02
   -0.524926811230698E-03    0.278966814333337E-02
   -0.546224873150940E-03    0.372019977649969E-02
   -0.509845908183591E-03    0.466824124254000E-02
   -0.536722919578367E-03    0.558211889135238E-02
   -0.646456291879154E-03    0.630804320854972E-02
   -0.994632939550309E-03    0.732815353891977E-02
   -0.148056452791695E-02    0.941882430457566E-02
   -0.865972180770543E-03    0.112557113551810E-01
   -0.278574234960318E-02    0.188951799910768E-01
   -0.120790109600946E-01    0.338041312600190E-01
   -0.785158690595077E-02    0.326169074084719E-01
    0.221514881934180E-01    0.221514881934389E-01
   -0.193050581502932E-01    0.000000000000000E+00
    0.000000000000000E+00    0.000000000000000E+00
   -0.110180995657846E-03    0.572034994938755E-04
   -0.192982682462024E-03    0.197123382192713E-03
   -0.252632097455454E-03    0.403315661830493E-03
   -0.294218902280421E-03    0.648385373915853E-03
   -0.342115100158559E-03    0.944704952487536E-03
   -0.378136295485683E-03    0.127319236648864E-02
   -0.404349686477396E-03    0.163925183458278E-02
   -0.390528843702301E-03    0.200183070929932E-02
   -0.348957542926657E-03    0.235047260974099E-02
   -0.262645801719849E-03    0.262975103112560E-02
   -0.153076503636809E-03    0.282947907931649E-02
   -0.140304857306651E-04    0.290320414939199E-02
    0.127372189621852E-03    0.285363051730445E-02
    0.275538710719723E-03    0.265593719549050E-02
    0.397516883750486E-03    0.233271297560666E-02
    0.505042525406309E-03    0.188339063093084E-02
    0.557195633345439E-03    0.135256074871909E-02
    0.580979542399812E-03    0.758933464013174E-03
    0.525502150623365E-03    0.167735482262037E-03
    0.439119537193862E-03   -0.394822920544098E-03
    0.260344334651550E-03   -0.846391355090134E-03
    0.627071016865127E-04   -0.117244616489758E-02
   -0.224382587454530E-03   -0.127797860098311E-02
   -0.499777373686076E-03   -0.118807650681261E-02
   -0.839676150970206E-03   -0.801137917175994E-03
   -0.111172476676620E-02   -0.221496152836189E-03
   -0.139349717876613E-02    0.652110824504217E-03
   -0.152547081756739E-02    0.159781546299658E-02
   -0.159834890711544E-02    0.271213958543690E-02
   -0.147199317234971E-02    0.365289884979171E-02
   -0.139908147176311E-02    0.456222025003284E-02
   -0.138736999537584E-02    0.501129020244491E-02
   -0.203254730070592E-02    0.587418507292481E-02
   -0.401672698109850E-02    0.792413658096893E-02
   -0.858217932660760E-02    0.124833448234217E-01
   -0.152472032276445E-01    0.199412769284180E-01
   -0.177536794821625E-01    0.291625227640634E-01
    0.102206604074355E-01    0.284481192452084E-01
    0.499002470536700E-01    0.149193343755639E-01
   -0.193050581502932E-01    0.000000000000000E+00
    0.000000000000000E+00    0.000000000000000E+00
   -0.228521735003579E-03    0.759542185299300E-04
   -0.406138652493420E-03    0.274173021931991E-03
   -0.519132764442587E-03    0.551378956845714E-03
   -0.617532571901145E-03    0.902572049635415E-03
   -0.716327486507587E-03    0.131196629532518E-02
   -0.800878558376170E-03    0.178228919254842E-02
   -0.847814280617548E-03    0.229036734194191E-02
   -0.828071078477578E-03    0.280749721772505E-02
   -0.736130187483564E-03    0.329379538574101E-02
   -0.564373782436545E-03    0.370096401140325E-02
   -0.329220147937120E-03    0.399054924030794E-02
   -0.422897878225598E-04    0.412277514057520E-02
    0.269214655315912E-03    0.407301308943911E-02
    0.583349722601744E-03    0.383199886891268E-02
    0.871822133653049E-03    0.339053871047669E-02
    0.110980592320245E-02    0.278391994062299E-02
    0.127419135276748E-02    0.201144039141471E-02
    0.134407520096254E-02    0.115912284401325E-02
    0.130517197056623E-02    0.222805956390156E-03
    0.114844437896668E-02   -0.664312893812163E-03
    0.869355345036003E-03   -0.152323740181225E-02
    0.481225924076613E-03   -0.219060983056077E-02
   -0.127639015645330E-04   -0.271593714860709E-02
   -0.562002386552544E-03   -0.294012937629571E-02
   -0.116015412867505E-02   -0.294991177620293E-02
   -0.169889162236572E-02   -0.264354779386327E-02
   -0.217564484870137E-02   -0.215351643736545E-02
   -0.242080223364458E-02   -0.148872730779391E-02
   -0.247424560880893E-02   -0.826775889827721E-03
   -0.220515513575731E-02   -0.305173478628128E-03
   -0.185391444945045E-02   -0.478323775162020E-04
   -0.171611840557481E-02   -0.133346557443346E-03
   -0.240374271369772E-02   -0.331207837945496E-03
   -0.572312047120198E-02    0.466153063031057E-03
   -0.126866745791731E-01    0.305264064148340E-02
   -0.221208955982382E-01    0.729436356321347E-02
   -0.254615060085037E-01    0.128933430625345E-01
    0.196850613570910E-02    0.140355777459274E-01
    0.631535428485782E-01    0.629523735580594E-02
   -0.193050581502932E-01    0.000000000000000E+00
    0.000000000000000E+00    0.000000000000000E+00
   -0.397010904045110E-03    0.100053429892397E-03
   -0.687440367528156E-03    0.364603563795420E-03
   -0.894607850049399E-03    0.745476510023546E-03
   -0.107290351820899E-02    0.123215005304781E-02
   -0.124174999047898E-02    0.179517898158776E-02
   -0.138372916372359E-02    0.244742161806620E-02
   -0.146143337374637E-02    0.313417438819512E-02
   -0.143008972091343E-02    0.385097089479570E-02
   -0.128041551584989E-02    0.451082541147709E-02
   -0.999512306710851E-03    0.510082471386589E-02
   -0.612873810800022E-03    0.552353371181576E-02
   -0.135591407403853E-03    0.578395535458126E-02
    0.385295810965864E-03    0.579186882657976E-02
    0.923645520007020E-03    0.559075128106832E-02
    0.142199483684371E-02    0.510485118626452E-02
    0.185783937021439E-02    0.442844154152826E-02
    0.217097975845109E-02    0.349756768121840E-02
    0.235449778179656E-02    0.246264785783302E-02
    0.235226100660220E-02    0.126009533932015E-02
    0.218342194369862E-02    0.944442822355607E-04
    0.180327442785848E-02   -0.111657007872385E-02
    0.126681424549825E-02   -0.212613827558328E-02
    0.549599576055537E-03   -0.306063322827962E-02
   -0.246836134306116E-03   -0.365570006128581E-02
   -0.111598107743629E-02   -0.411271347029246E-02
   -0.189748046455848E-02   -0.418802894282987E-02
   -0.255141204141724E-02   -0.419144911342405E-02
   -0.286093277310350E-02   -0.394442327099209E-02
   -0.282331023822151E-02   -0.387604728505522E-02
   -0.227296681013598E-02   -0.389418146541844E-02
   -0.155632582070663E-02   -0.441531885051025E-02
   -0.103965378173417E-02   -0.526810996383796E-02
   -0.209373071697339E-02   -0.641864429686474E-02
   -0.643834950953404E-02   -0.707217704667115E-02
   -0.153034253596443E-01   -0.677591548701044E-02
   -0.282074817210489E-01   -0.432593440008992E-02
   -0.272630442878920E-01   -0.139070132301178E-02
    0.169582836937771E-01    0.161866130518693E-02
    0.674451567245976E-01    0.102266048777545E-02
   -0.193050581502932E-01    0.000000000000000E+00
    0.000000000000000E+00    0.000000000000000E+00
   -0.614024571033557E-03    0.132762829625627E-03
   -0.107812882753007E-02    0.491511475263666E-03
   -0.140007098367736E-02    0.100775304458112E-02
   -0.168427956427291E-02    0.166294624248658E-02
   -0.194873700786704E-02    0.242869102016177E-02
   -0.216605357505713E-02    0.329087850022356E-02
   -0.227974002997089E-02    0.421584669953026E-02
   -0.223793150383825E-02    0.515317312384885E-02
   -0.201717815666352E-02    0.605386823110020E-02
   -0.161020274465436E-02    0.684285008447536E-02
   -0.103963599136827E-02    0.747663530062648E-02
   -0.339347338452389E-03    0.788301735931497E-02
    0.442335933893932E-03    0.804042544482763E-02
    0.124743880509501E-02    0.790457015354281E-02
    0.202256143209120E-02    0.748018156535716E-02
    0.269992346917467E-02    0.676965902548868E-02
    0.323690515425053E-02    0.579733434976101E-02
    0.356924980663812E-02    0.462349887073064E-02
    0.367705645955797E-02    0.327724724931625E-02
    0.351594268421500E-02    0.187623840157146E-02
    0.309628703416032E-02    0.435461538385049E-03
    0.241595238363583E-02   -0.888525609199676E-03
    0.151814011663561E-02   -0.211333174437855E-02
    0.473831374425513E-03   -0.308535138352955E-02
   -0.643240470677035E-03   -0.387010470956384E-02
   -0.165310580335845E-02   -0.438281122349197E-02
   -0.246746339427054E-02   -0.474505055767574E-02
   -0.279602320259608E-02   -0.502204553775855E-02
   -0.261910998002929E-02   -0.536606369857028E-02
   -0.173688978880973E-02   -0.604449797159213E-02
   -0.494723353768947E-03   -0.709617629047090E-02
    0.398751164352664E-03   -0.883632317805656E-02
   -0.373696116548469E-03   -0.107774838868282E-01
   -0.544171133447078E-02   -0.126823703665327E-01
   -0.157331214159546E-01   -0.135739213693475E-01
   -0.294092946082962E-01   -0.123574172551882E-01
   -0.325586256974642E-01   -0.912420285250027E-02
    0.192931996778587E-02   -0.447226061514945E-02
    0.667224823429070E-01   -0.126228691199882E-02
   -0.193050581502932E-01    0.000000000000000E+00
    0.000000000000000E+00    0.000000000000000E+00
   -0.911843451214839E-03    0.174779056317204E-03
   -0.158837432546574E-02    0.640341547660823E-03
   -0.208422543899139E-02    0.132317635482282E-02
   -0.251244925476724E-02    0.217848394257817E-02
   -0.289019405517750E-02    0.317562142306465E-02
   -0.319458249134470E-02    0.428471151909684E-02
   -0.335267248508999E-02    0.546682958268052E-02
   -0.329655892255402E-02    0.666095278620702E-02
   -0.300027386706170E-02    0.781347509947688E-02
   -0.244898880439556E-02    0.883811902978886E-02
   -0.167686569412654E-02    0.969010525301583E-02
   -0.719866343158815E-03    0.102825357538498E-01
    0.350214637988182E-03    0.105996213351581E-01
    0.147078378841192E-02    0.105758066767764E-01
    0.255447341226106E-02    0.102341396787093E-01
    0.353355768090636E-02    0.954590306622055E-02
    0.432356524129446E-02    0.857153494022671E-02
    0.487004885274457E-02    0.732754535936051E-02
    0.510925316469648E-02    0.589927089327563E-02
    0.501819510170147E-02    0.434678502488655E-02
    0.457206243709390E-02    0.275858409642559E-02
    0.379914538944631E-02    0.122200626389220E-02
    0.273212289614732E-02   -0.198865861521812E-03
    0.147426715038653E-02   -0.142466537293836E-02
    0.132439023409868E-03   -0.244483979052354E-02
   -0.108830292943431E-02   -0.324411960520715E-02
   -0.201309933800449E-02   -0.388749277505754E-02
   -0.233907949401047E-02   -0.449560277896708E-02
   -0.194716963651803E-02   -0.519014169115895E-02
   -0.638542485160390E-03   -0.627433837307345E-02
    0.115576167984006E-02   -0.777218591248661E-02
    0.270483658024832E-02   -0.100421436557968E-01
    0.209009101606421E-02   -0.125805294192626E-01
   -0.372389493087947E-02   -0.151070760064917E-01
   -0.155859813256504E-01   -0.165757734965165E-01
   -0.331695897202902E-01   -0.154952303938365E-01
   -0.355956501151409E-01   -0.120430167552460E-01
    0.101122292993944E-01   -0.676501532519888E-02
    0.632570654075991E-01   -0.193457590268649E-02
   -0.193050581502932E-01    0.000000000000000E+00
    0.000000000000000E+00    0.000000000000000E+00
   -0.128646621376931E-02    0.220010148951720E-03
   -0.225235900740149E-02    0.804387244159109E-03
   -0.295049213286599E-02    0.165484003439019E-02
   -0.354600626888164E-02    0.271718526131137E-02
   -0.406745132000384E-02    0.394904790309451E-02
   -0.447275553712732E-02    0.530493488672719E-02
   -0.467776872047008E-02    0.674503907666611E-02
   -0.460447809794551E-02    0.818852014701126E-02
   -0.421670809061163E-02    0.958703559946602E-02
   -0.350371553304722E-02    0.108337957806862E-01
   -0.249938092762083E-02    0.118922036788246E-01
   -0.125788262261316E-02    0.126565246513583E-01
    0.144641229791233E-03    0.131186128216949E-01
    0.161291903803670E-02    0.132013572988127E-01
    0.305932035212999E-02    0.129295283155994E-01
    0.436924218437401E-02    0.122786193029903E-01
    0.547005061716344E-02    0.112972683867275E-01
    0.624983195716677E-02    0.100302894748216E-01
    0.667347767302240E-02    0.853000774799625E-02
    0.665959408481325E-02    0.691228341674466E-02
    0.622744219417810E-02    0.520801828293447E-02
    0.536326385286777E-02    0.358166253222385E-02
    0.414978605422958E-02    0.202128235492824E-02
    0.268884199554437E-02    0.686531928026661E-03
    0.112647906106557E-02   -0.487178183290536E-03
   -0.269410823745400E-03   -0.142996383216700E-02
   -0.131397086429837E-02   -0.224869778500174E-02
   -0.158387026198079E-02   -0.306711576770299E-02
   -0.983931031368384E-03   -0.397834887619378E-02
    0.741476420424998E-03   -0.535839107776896E-02
    0.313790679591989E-02   -0.711773862197781E-02
    0.513992576659771E-02   -0.967272286431292E-02
    0.487140892351700E-02   -0.124609552373792E-01
   -0.130485003156622E-02   -0.150473573259866E-01
   -0.149559053755966E-01   -0.165596307354565E-01
   -0.338295571895181E-01   -0.154837555735992E-01
   -0.420969282580566E-01   -0.118446510898692E-01
   -0.822190484902052E-02   -0.673744514019109E-02
    0.594225589160348E-01   -0.188431541133547E-02
   -0.193050581502932E-01    0.000000000000000E+00
    0.000000000000000E+00    0.000000000000000E+00
   -0.174612014384764E-02    0.259315184987405E-03
   -0.304584537266990E-02    0.948230443945317E-03
   -0.400899392997496E-02    0.196147141647675E-02
   -0.481356991706881E-02    0.321670669599474E-02
   -0.548720796910765E-02    0.466668125087120E-02
   -0.599897537262523E-02    0.624966099477004E-02
   -0.625116218380010E-02    0.791881189994684E-02
   -0.614905572843978E-02    0.958275693390617E-02
   -0.565926228831335E-02    0.111883918838288E-01
   -0.476042813038928E-02    0.126191632592297E-01
   -0.350430818318345E-02    0.138383431393592E-01
   -0.194333152752486E-02    0.147287642880437E-01
   -0.185514643662202E-03    0.152902935156315E-01
    0.167344125482560E-02    0.154298836424322E-01
    0.350100680346653E-02    0.151936815704428E-01
    0.518745304616798E-02    0.145331814173489E-01
    0.660610243018313E-02    0.135366034347147E-01
    0.766076388183996E-02    0.122124964549512E-01
    0.826197875034921E-02    0.106723486970086E-01
    0.835645207696373E-02    0.898009102793743E-02
    0.792322122767230E-02    0.724081277464902E-02
    0.698458510803592E-02    0.555136408864497E-02
    0.561623459248386E-02    0.397812045401437E-02
    0.395372902776153E-02    0.260369744767004E-02
    0.218903188765755E-02    0.143072570824258E-02
    0.609220194601099E-03    0.457301872265411E-03
   -0.495738265400347E-03   -0.383484670290921E-03
   -0.703917640572831E-03   -0.125706848982370E-02
    0.188011988831085E-03   -0.225651439106248E-02
    0.242243424557165E-02   -0.373687823497338E-02
    0.542545456203497E-02   -0.564405481939439E-02
    0.808217074221414E-02   -0.829179728351455E-02
    0.782559001473405E-02   -0.111266573003958E-01
    0.620035117637781E-03   -0.136496592589907E-01
   -0.148978001737163E-01   -0.149613487006068E-01
   -0.378277089584045E-01   -0.136990618643827E-01
   -0.450129576561857E-01   -0.102539027259824E-01
   -0.355065771032227E-03   -0.569244066205098E-02
    0.560686117515312E-01   -0.158832125469830E-02
   -0.193050581502932E-01    0.000000000000000E+00
    0.000000000000000E+00    0.000000000000000E+00
   -0.227750534505292E-02    0.294246721877029E-03
   -0.397948829234089E-02    0.107363503230782E-02
   -0.522793491965647E-02    0.221866197691531E-02
   -0.625425120631356E-02    0.363517841757206E-02
   -0.710646815225022E-02    0.526540038114605E-02
   -0.773124285848834E-02    0.703295873840050E-02
   -0.802366015952891E-02    0.888646442889223E-02
   -0.788254987326331E-02    0.107191384442120E-01
   -0.726446553893474E-02    0.124775646009158E-01
   -0.615711215882579E-02    0.140325231874679E-01
   -0.461094634780781E-02    0.153488671207918E-01
   -0.270292011015408E-02    0.163023800292895E-01
   -0.544219494791312E-03    0.168930747045608E-01
    0.172807565205039E-02    0.170334725291716E-01
    0.398297465686841E-02    0.167616890793237E-01
    0.605308867817787E-02    0.160578904245195E-01
    0.782720479178436E-02    0.149833602679646E-01
    0.914137133846381E-02    0.136082164603229E-01
    0.994085960903111E-02    0.119863250479415E-01
    0.101086115772175E-01    0.102784571854852E-01
    0.967465986602250E-02    0.849558106637660E-02
    0.862348192489443E-02    0.685496970460724E-02
    0.708407438820364E-02    0.530148738684764E-02
    0.520620709825178E-02    0.403362901955366E-02
    0.321515698044918E-02    0.293482064653191E-02
    0.148285269705111E-02    0.207610971998428E-02
    0.291994175199257E-03    0.132037453639800E-02
    0.195952791380986E-03    0.502726428900853E-03
    0.135211351154722E-02   -0.447553544683318E-03
    0.403021059887398E-02   -0.193579259789598E-02
    0.762985760596301E-02   -0.381360381013694E-02
    0.106591151414155E-01   -0.637482109528726E-02
    0.105727457656257E-01   -0.908690247973329E-02
    0.293386738481378E-02   -0.113135101265490E-01
   -0.144876988999628E-01   -0.124341425031799E-01
   -0.385311172265596E-01   -0.112781554190454E-01
   -0.511550309531860E-01   -0.813676247763040E-02
   -0.176131666875417E-01   -0.439021302726999E-02
    0.536658288964802E-01   -0.114678061472210E-02
   -0.193050581502932E-01    0.000000000000000E+00
    0.000000000000000E+00    0.000000000000000E+00
   -0.286160328566565E-02    0.316051810359792E-03
   -0.499575677968441E-02    0.115942194072422E-02
   -0.658146498230646E-02    0.240636161779347E-02
   -0.786572849222132E-02    0.394520965169502E-02
   -0.889143426391962E-02    0.570933818307772E-02
   -0.962456158573952E-02    0.761344001754872E-02
   -0.994751120654226E-02    0.959226788515272E-02
   -0.974517860645063E-02    0.115365892529157E-01
   -0.898020681770503E-02    0.133792013258215E-01
   -0.763107902845137E-02    0.149926166028734E-01
   -0.577070922767326E-02    0.163306378294522E-01
   -0.347567068942881E-02    0.172734112305194E-01
   -0.895909884487606E-03    0.178171483036706E-01
    0.182974703460331E-02    0.178788635648716E-01
    0.451607275583763E-02    0.175066663139938E-01
    0.700056101322024E-02    0.166807187588761E-01
    0.910822454371623E-02    0.154919389668266E-01
    0.106940173466948E-01    0.139990570034075E-01
    0.116427211254240E-01    0.123060574786253E-01
    0.118726535450697E-01    0.105438703918141E-01
    0.113751598796609E-01    0.878649681408945E-02
    0.101804586010712E-01    0.720009805873713E-02
    0.842130947039013E-02    0.578937567753785E-02
    0.628844150958492E-02    0.468765847933111E-02
    0.406979040640268E-02    0.381432641611697E-02
    0.215479118928378E-02    0.318341588325148E-02
    0.942764390056011E-03    0.265146204241734E-02
    0.971861752037448E-03    0.204244741893901E-02
    0.248830480324450E-02    0.123186039686469E-02
    0.573169271731757E-02   -0.113268578396097E-03
    0.989563390221415E-02   -0.191499249992983E-02
    0.134669870891031E-01   -0.434277576563215E-02
    0.131589717955572E-01   -0.687970067247717E-02
    0.425624051246878E-02   -0.890164755187003E-02
   -0.148256992467767E-01   -0.982541514384365E-02
   -0.422486011093723E-01   -0.868257698946760E-02
   -0.525869182790954E-01   -0.605477521572353E-02
   -0.783634270319215E-02   -0.310616345837871E-02
    0.516652717396282E-01   -0.710426869008415E-03
   -0.193050581502932E-01    0.000000000000000E+00
    0.000000000000000E+00    0.000000000000000E+00
   -0.348620274177442E-02    0.331129360712190E-03
   -0.609675461717450E-02    0.121347357052367E-02
   -0.802447462252869E-02    0.252280808129200E-02
   -0.956356579617767E-02    0.413662440772214E-02
   -0.107831785398791E-01    0.598548535184995E-02
   -0.116221744980911E-01    0.796612659842901E-02
   -0.119602870218102E-01    0.100154894638183E-01
   -0.116785400803048E-01    0.120024884385485E-01
   -0.107316844939180E-01    0.138686437911713E-01
   -0.911150823906394E-02    0.154642878080225E-01
   -0.689190433284523E-02    0.167581325283139E-01
   -0.418013873572184E-02    0.176112313167578E-01
   -0.113228410528877E-02    0.180384433887139E-01
    0.206226911490060E-02    0.179497547599149E-01
    0.521766122358920E-02    0.174077744087594E-01
    0.810232101741386E-02    0.164111835334623E-01
    0.105582641718384E-01    0.150468446870495E-01
    0.123627878129872E-01    0.134298301039638E-01
    0.134430920365828E-01    0.116244723151028E-01
    0.136511815772554E-01    0.985716757956989E-02
    0.130422416982085E-01    0.811759053729858E-02
    0.116184242576043E-01    0.668737360339939E-02
    0.957773940961923E-02    0.545473278268797E-02
    0.714648274748193E-02    0.464787207182554E-02
    0.464799357293768E-02    0.407841018417482E-02
    0.257793609291479E-02    0.378781008206461E-02
    0.131525678010238E-02    0.359139199660925E-02
    0.152549072776946E-02    0.325440751904598E-02
    0.338916270278010E-02    0.271395392955551E-02
    0.711831044333292E-02    0.154595797398888E-02
    0.118843057429590E-01   -0.616053034239188E-04
    0.157501497639365E-01   -0.228211321509912E-02
    0.155110921121421E-01   -0.462768300602220E-02
    0.623858742850871E-02   -0.641727110234888E-02
   -0.145167501187766E-01   -0.726592262078728E-02
   -0.425178665158239E-01   -0.640884891354129E-02
   -0.576322064006497E-01   -0.424534109643978E-02
   -0.234289539311116E-01   -0.206195963980715E-02
    0.507107289306975E-01   -0.400592597687475E-03
   -0.193050581502932E-01    0.000000000000000E+00
    0.000000000000000E+00    0.000000000000000E+00
   -0.412385916277573E-02    0.333853406855571E-03
   -0.721658948884412E-02    0.123158473960540E-02
   -0.951971155122030E-02    0.256814867532275E-02
   -0.113402348057232E-01    0.421792603005232E-02
   -0.127334983226982E-01    0.609954548402844E-02
   -0.136648298079950E-01    0.811002551027593E-02
   -0.139991541074307E-01    0.101662834603729E-01
   -0.136083922912211E-01    0.121444997856200E-01
   -0.124541320196184E-01    0.139628851171183E-01
   -0.105239200053866E-01    0.154860376259107E-01
   -0.791678811406301E-02    0.166593098745057E-01
   -0.474600003762735E-02    0.173644106946618E-01
   -0.121196867092249E-02    0.175990897407887E-01
    0.248673455934194E-02    0.172977912167208E-01
    0.610195642586712E-02    0.165216100774638E-01
    0.940087839447323E-02    0.152909898630721E-01
    0.121545967276658E-01    0.137154312258791E-01
    0.141582326819005E-01    0.119184023924260E-01
    0.152779813122038E-01    0.100123586601601E-01
    0.154079260726638E-01    0.820702543922723E-02
    0.145757635842277E-01    0.655435557689258E-02
    0.128423187546520E-01    0.528879353389948E-02
    0.104324220190574E-01    0.435107999013960E-02
    0.762488195696890E-02    0.390169959850716E-02
    0.483215315262616E-02    0.376672312852532E-02
    0.256635661806681E-02    0.393043467278978E-02
    0.133385478985269E-02    0.416654538148602E-02
    0.176514355932413E-02    0.423937770661547E-02
    0.409681675427515E-02    0.399937613325873E-02
    0.848824329614052E-02    0.310456261451900E-02
    0.138295495785544E-01    0.166627738611581E-02
    0.181815333712500E-01   -0.386487329805135E-03
    0.176569078287389E-01   -0.257154941670854E-02
    0.710960220141270E-02   -0.424880554433629E-02
   -0.148706408193108E-01   -0.506206300085883E-02
   -0.454553806114209E-01   -0.437098202036797E-02
   -0.574207793485816E-01   -0.274855286664670E-02
   -0.119102311634651E-01   -0.122051985516783E-02
    0.498297531762613E-01   -0.159827387164344E-03
   -0.193050581502932E-01    0.000000000000000E+00
    0.000000000000000E+00    0.000000000000000E+00
   -0.476714762057272E-02    0.330704035945815E-03
   -0.836081575686682E-02    0.122000799617044E-02
   -0.110273628631070E-01    0.255236533829335E-02
   -0.131097426050416E-01    0.419368556412210E-02
   -0.146921277635760E-01    0.606814673693945E-02
   -0.157051931269822E-01    0.805170142262177E-02
   -0.160159923325824E-01    0.100727727557885E-01
   -0.154922017331517E-01    0.119780006760753E-01
   -0.140920406169747E-01    0.137066635574535E-01
   -0.118179783709486E-01    0.150883234404739E-01
   -0.877641140438137E-02    0.161004782087099E-01
   -0.511529694600546E-02    0.165883402688683E-01
   -0.105004105145385E-02    0.165911942708937E-01
    0.316295902897238E-02    0.160169081725732E-01
    0.726555197394300E-02    0.149683910652755E-01
    0.109469698197886E-01    0.134670848411757E-01
    0.139902062031337E-01    0.116458789314158E-01
    0.161073720169979E-01    0.967334703696983E-02
    0.172114312704404E-01    0.764324296897068E-02
    0.171354854006108E-01    0.585620406592505E-02
    0.159858370348594E-01    0.428957187275362E-02
    0.138158059612412E-01    0.328816751706258E-02
    0.109336685553490E-01    0.267761724674865E-02
    0.768489234808280E-02    0.269474679899389E-02
    0.452598702241107E-02    0.306215682643309E-02
    0.209803382266771E-02    0.375271152320769E-02
    0.876625211335573E-03    0.451519403072533E-02
    0.160479783749284E-02    0.500950544077249E-02
    0.443167309458188E-02    0.516679869242770E-02
    0.942744197210206E-02    0.452771716942985E-02
    0.154592319915691E-01    0.331423968321225E-02
    0.201462518440295E-01    0.143948140088592E-02
    0.197139623982619E-01   -0.633970325662780E-03
    0.898382174259247E-02   -0.223368110448970E-02
   -0.143739656976854E-01   -0.310691684293486E-02
   -0.451117104044172E-01   -0.276458095577195E-02
   -0.614516127511876E-01   -0.155697042230301E-02
   -0.262500375635644E-01   -0.579432389356326E-03
    0.497798098740730E-01    0.157693918369614E-04
   -0.193050581502932E-01    0.000000000000000E+00
    0.000000000000000E+00    0.000000000000000E+00
   -0.539246249050826E-02    0.319265871551470E-03
   -0.946949890061193E-02    0.118556974944845E-02
   -0.125145819736845E-01    0.248432128845726E-02
   -0.148761076428113E-01    0.409008426258090E-02
   -0.166134796540799E-01    0.591309679432106E-02
   -0.176889338421849E-01    0.783845590527514E-02
   -0.179503057840769E-01    0.977025154206146E-02
   -0.172614758475376E-01    0.115719809519203E-01
   -0.155860374262350E-01    0.131518379691276E-01
   -0.129291155528336E-01    0.143652463663929E-01
   -0.942302855482970E-02    0.151550925265845E-01
   -0.523191327985353E-02    0.154017163945914E-01
   -0.619407413857795E-03    0.151141161440157E-01
    0.413542349171738E-02    0.142416922797110E-01
    0.870623298043592E-02    0.128742064634585E-01
    0.127673069748021E-01    0.110724479870385E-01
    0.160276912606507E-01    0.898609139452191E-02
    0.182093374827840E-01    0.680596709307707E-02
    0.191718093214420E-01    0.467586846796117E-02
    0.187933296436027E-01    0.288497194132064E-02
    0.171772192940467E-01    0.147877720249529E-02
    0.144485716019939E-01    0.749561246715772E-03
    0.109821086731823E-01    0.575455036208055E-03
    0.718810070305665E-02    0.111440608984055E-02
    0.365233235698092E-02    0.208807757077742E-02
    0.102681530986552E-02    0.340545119928483E-02
   -0.704607470253148E-04    0.474502391486050E-02
    0.103565605942593E-02    0.576936071261267E-02
    0.451859604815462E-02    0.629995401883366E-02
    0.103511857914816E-01    0.596294147853366E-02
    0.170763389796384E-01    0.490539961438268E-02
    0.222882030193771E-01    0.313325127388853E-02
    0.216441664690699E-01    0.111771769062066E-02
    0.973708503286375E-02   -0.493475063538150E-03
   -0.144464291489867E-01   -0.146023708366492E-02
   -0.471701909440652E-01   -0.133249631388533E-02
   -0.599026470380399E-01   -0.589052637751226E-03
   -0.135605152414816E-01   -0.757053911218721E-04
    0.495348459828507E-01    0.137616679357206E-03
   -0.193050581502932E-01    0.000000000000000E+00
    0.000000000000000E+00    0.000000000000000E+00
   -0.599701057542698E-02    0.303878127960916E-03
   -0.105567651518209E-01    0.112904000204711E-02
   -0.139543347537876E-01    0.237545428832402E-02
   -0.165614450655925E-01    0.391095218126342E-02
   -0.184663928439648E-01    0.565818377737898E-02
   -0.195879796116040E-01    0.747970832938759E-02
   -0.197803828813417E-01    0.929982991284904E-02
   -0.189006660859511E-01    0.109474384401581E-01
   -0.169143931724058E-01    0.123630327684662E-01
   -0.138407225921410E-01    0.133567644129165E-01
   -0.982814451121374E-02    0.139185060203770E-01
   -0.507663316007910E-02    0.138765100991738E-01
    0.121065235256591E-03    0.133004928551921E-01
    0.542453307719315E-02    0.120940321710975E-01
    0.104793409361943E-01    0.104115887415441E-01
    0.148785467027504E-01    0.829659553891998E-02
    0.183272324017375E-01    0.594480195888349E-02
    0.204676575678965E-01    0.358088522722407E-02
    0.212015627779111E-01    0.134519712712649E-02
    0.203638369358717E-01   -0.383106934831352E-03
    0.181481474731159E-01   -0.163156679022687E-02
    0.147070233175604E-01   -0.199361141352000E-02
    0.105201981044493E-01   -0.171632840772665E-02
    0.610715668618963E-02   -0.570253496024285E-03
    0.211116319588878E-02    0.105340248682567E-02
   -0.661806817622954E-03    0.302950158372620E-02
   -0.163617305785179E-02    0.501465626378926E-02
   -0.444655613547710E-04    0.653654796049462E-02
    0.416481132080967E-02    0.750865402083611E-02
    0.108210926840282E-01    0.742238415437518E-02
    0.184112049229897E-01    0.654375108742560E-02
    0.241045948545823E-01    0.485572096589689E-02
    0.236386540875639E-01    0.284036825446971E-02
    0.117481164083290E-01    0.116860044704390E-02
   -0.135943776373814E-01    0.582889591923616E-04
   -0.462402290322899E-01   -0.170131459807685E-03
   -0.631740363582807E-01    0.246861796705961E-03
   -0.270513742094524E-01    0.351043440841616E-03
    0.500466662693599E-01    0.260378840665345E-03
   -0.193050581502932E-01    0.000000000000000E+00
    0.000000000000000E+00    0.000000000000000E+00
   -0.656475344471256E-02    0.284184352642032E-03
   -0.115718175525230E-01    0.106203463733830E-02
   -0.153225134824185E-01    0.223448874144791E-02
   -0.181850379313353E-01    0.368526047690595E-02
   -0.202124629549678E-01    0.532256056534419E-02
   -0.213582133024102E-01    0.702547076548476E-02
   -0.214524234733666E-01    0.869260359188160E-02
   -0.203526922609639E-01    0.101781410293532E-01
   -0.180271056774115E-01    0.113870988918864E-01
   -0.145043720098317E-01    0.121653820272647E-01
   -0.995741451230843E-02    0.124593559572767E-01
   -0.461481284210045E-02    0.121442900787032E-01
    0.118184324300043E-02    0.112464939738090E-01
    0.705006053607564E-02    0.972478884969660E-02
    0.125660237868422E-01    0.770640328499519E-02
    0.172844399878993E-01    0.528788787198533E-02
    0.208405084767967E-01    0.267263789132261E-02
    0.228672015742348E-01    0.117341068988513E-03
    0.232314025941757E-01   -0.218679264853498E-02
    0.218076129272103E-01   -0.387124586867052E-02
    0.188265112627864E-01   -0.488636233190011E-02
    0.145220206588919E-01   -0.488775315666923E-02
    0.949741747078848E-02   -0.406357973867749E-02
    0.434848295223091E-02   -0.227748148277772E-02
   -0.994386009989508E-04    0.698171754738632E-04
   -0.303950263893634E-02    0.278164250363392E-02
   -0.373653134548996E-02    0.542135772098826E-02
   -0.153714706471280E-02    0.752402640405483E-02
    0.360300568755067E-02    0.887463746935055E-02
    0.113475468629727E-01    0.905934748465399E-02
    0.198371693156092E-01    0.827015473606112E-02
    0.261571681611579E-01    0.659128431528931E-02
    0.256063394028761E-01    0.452037732732479E-02
    0.126460672129236E-01    0.273935114483358E-02
   -0.132437270970609E-01    0.144887851482978E-02
   -0.474829603461228E-01    0.994109693666797E-03
   -0.605981491051833E-01    0.100219815981039E-02
   -0.135651881571916E-01    0.742181234880617E-03
    0.502012535579818E-01    0.353390411112421E-03
   -0.193050581502932E-01    0.000000000000000E+00
    0.000000000000000E+00    0.000000000000000E+00
   -0.709569857637733E-02    0.262054391965710E-03
   -0.125364991049708E-01    0.979127421048673E-03
   -0.166033943711363E-01    0.206821210825167E-02
   -0.196770268764063E-01    0.340727877997364E-02
   -0.218383856019147E-01    0.492212853334202E-02
   -0.229900184055822E-01    0.647055659191591E-02
   -0.229712700644987E-01    0.797829227461335E-02
   -0.216299548594350E-01    0.926492354845215E-02
   -0.189400654633734E-01    0.102758008654117E-01
   -0.149416373677009E-01    0.108074717113971E-01
   -0.983230311661397E-02    0.108627101620460E-01
   -0.387393636129632E-02    0.102543884579280E-01
    0.254522430175865E-02    0.908127366083691E-02
    0.898409930950801E-02    0.723953458283469E-02
    0.149631983195173E-01    0.493571030573414E-02
    0.199622393947169E-01    0.222963498049496E-02
    0.235812903215766E-01   -0.614043767737649E-03
    0.253898140691360E-01   -0.331800261948912E-02
    0.252760602237627E-01   -0.568548712018094E-02
    0.231041432831224E-01   -0.725654008667273E-02
    0.191972463858902E-01   -0.805964916931966E-02
    0.138667100311527E-01   -0.762094792079348E-02
    0.784315172317091E-02   -0.627314786822710E-02
    0.188419932701448E-02   -0.379415452232137E-02
   -0.310838536936042E-02   -0.717907614163907E-03
   -0.614751569834850E-02    0.272103673946011E-02
   -0.655394281898604E-02    0.606009076127040E-02
   -0.360462116467072E-02    0.867754877263703E-02
    0.256913199389151E-02    0.104663297174136E-01
    0.114451472776927E-01    0.108532643496964E-01
    0.210345262528766E-01    0.101778917442264E-01
    0.280430487532811E-01    0.847794750802577E-02
    0.277670183636379E-01    0.631329917381709E-02
    0.149801708397809E-01    0.436285562923182E-02
   -0.119387716894809E-01    0.287667384708334E-02
   -0.460075301373548E-01    0.204760019919461E-02
   -0.632461898630432E-01    0.177036680408502E-02
   -0.263859938918716E-01    0.113927135176091E-02
    0.511733748723219E-01    0.474913074375191E-03
   -0.193050581502932E-01    0.000000000000000E+00
    0.000000000000000E+00    0.000000000000000E+00
   -0.757949409001748E-02    0.237719297361679E-03
   -0.134057772734658E-01    0.892116194328389E-03
   -0.177785410188465E-01    0.188064313853807E-02
   -0.210671998437695E-01    0.310040568383681E-02
   -0.233102950024076E-01    0.446499739249767E-02
   -0.244463141186752E-01    0.585420971676542E-02
   -0.242875016779096E-01    0.717131640569466E-02
   -0.226842320933109E-01    0.826773179260500E-02
   -0.196098312871483E-01    0.905425309066835E-02
   -0.151184358243633E-01    0.937050209227298E-02
   -0.942782521226929E-02    0.917094671531206E-02
   -0.284058430392029E-02    0.832362573675639E-02
    0.421111696394561E-02    0.687138070487540E-02
    0.112202205957454E-01    0.477451962419419E-02
    0.176446505923318E-01    0.219421032428519E-02
    0.228914245045227E-01   -0.748145586617083E-03
    0.265045628589125E-01   -0.379613025501490E-02
    0.280097215433063E-01   -0.663579052216366E-02
    0.272898740526603E-01   -0.902249926282203E-02
    0.242296693005732E-01   -0.105108174373557E-01
    0.192411742663161E-01   -0.110377466859911E-01
    0.127217329410157E-01   -0.102058016348046E-01
    0.559310575355990E-02   -0.826698833343589E-02
   -0.129507461781221E-02   -0.511119996967258E-02
   -0.680255188994173E-02   -0.127101895763282E-02
   -0.994528937998808E-02    0.293514671442639E-02
   -0.987462465600241E-02    0.694386653246019E-02
   -0.602838504276683E-02    0.101417001443247E-01
    0.141327841696347E-02    0.122804576750292E-01
    0.116838906159222E-01    0.128913408242104E-01
    0.224287955068951E-01    0.122360410570453E-01
    0.301967742762336E-01    0.104694404623854E-01
    0.299662009516928E-01    0.816103747262180E-02
    0.161994988127219E-01    0.603871499030550E-02
   -0.110899009218469E-01    0.430981560690230E-02
   -0.464737054457381E-01    0.323582926627904E-02
   -0.597915457203322E-01    0.254716768728556E-02
   -0.122062629698993E-01    0.155903433298611E-02
    0.517090885259822E-01    0.589604109487626E-03
   -0.193050581502932E-01    0.000000000000000E+00
    0.000000000000000E+00    0.000000000000000E+00
   -0.801655491122884E-02    0.211229520504243E-03
   -0.142045968507579E-01    0.790249820831166E-03
   -0.188368748312085E-01    0.167102495345517E-02
   -0.222882227390507E-01    0.274628632045110E-02
   -0.246243837276044E-01    0.395130307644195E-02
   -0.257293249402349E-01    0.515003245198871E-02
   -0.254253326392723E-01    0.627732542676673E-02
   -0.235515127915257E-01    0.715721166545562E-02
   -0.200874061141434E-01    0.774434268162970E-02
   -0.150946253163956E-01    0.783372795494722E-02
   -0.882050987021472E-02    0.743834661139376E-02
   -0.159370408042719E-02    0.636151688076931E-02
    0.608972816848459E-02    0.471996711694656E-02
    0.136758002239919E-01    0.239865696563439E-02
    0.205315796889557E-01   -0.359574030342969E-03
    0.260079644429738E-01   -0.349073372720815E-02
    0.295650237083370E-01   -0.667375251659824E-02
    0.306954538093168E-01   -0.959119981889389E-02
    0.292598260989620E-01   -0.119930891732648E-01
    0.251783491053126E-01   -0.133392080436376E-01
    0.189414707396182E-01   -0.136571598772333E-01
    0.110823499774585E-01   -0.123879137513724E-01
    0.267315636597972E-02   -0.995673148459169E-02
   -0.522045127301481E-02   -0.612175563370098E-02
   -0.113489366520306E-01   -0.158189632308833E-02
   -0.145263849841733E-01    0.333460363317069E-02
   -0.139649798360989E-01    0.802482852290462E-02
   -0.905895470613505E-02    0.117080719966650E-01
   -0.231125280780612E-03    0.142643302801439E-01
    0.115337341298034E-01    0.150245567290671E-01
    0.236449616250069E-01    0.144458249274003E-01
    0.323339214960194E-01    0.125832225368609E-01
    0.324703970447922E-01    0.101353323852326E-01
    0.189874901502955E-01    0.777603305698340E-02
   -0.924641161230486E-02    0.582468381474291E-02
   -0.444348519233587E-01    0.434987249080213E-02
   -0.617936364209904E-01    0.337159078476857E-02
   -0.243462799945980E-01    0.201074478233854E-02
    0.531739082389822E-01    0.714975689511124E-03
   -0.193050581502932E-01    0.000000000000000E+00
    0.000000000000000E+00    0.000000000000000E+00
   -0.839761008319139E-02    0.182168612328232E-03
   -0.148881795804909E-01    0.683124058004277E-03
   -0.197602328392906E-01    0.143817712471314E-02
   -0.233728150981348E-01    0.236036793179718E-02
   -0.257471977013926E-01    0.337887147169351E-02
   -0.268031454409426E-01    0.438348652527589E-02
   -0.263362770041049E-01    0.529555293124171E-02
   -0.241869751403408E-01    0.597518449143297E-02
   -0.203315164545244E-01    0.635024205435028E-02
   -0.148452584346296E-01    0.626283322539606E-02
   -0.798821386521686E-02    0.567894111972240E-02
   -0.137355042425339E-03    0.446011039929450E-02
    0.817965717416004E-02    0.265712589993620E-02
    0.163191204734818E-01    0.220625820352510E-03
    0.236027796377525E-01   -0.267364401066366E-02
    0.292661929745203E-01   -0.590094464438558E-02
    0.327373506130570E-01   -0.917272211166984E-02
    0.334138652610957E-01   -0.121402196039297E-01
    0.311862047776724E-01   -0.145138964377786E-01
    0.259590638112397E-01   -0.157813290425834E-01
    0.183622717088764E-01   -0.158548964750108E-01
    0.901594948010644E-02   -0.142749965850167E-01
   -0.757262821543918E-03   -0.113348622597018E-01
   -0.976682342904622E-02   -0.693313374913146E-02
   -0.164835591653194E-01   -0.171611290969521E-02
   -0.196978740544986E-01    0.388004853842365E-02
   -0.184653383225298E-01    0.917646481298889E-02
   -0.123605220973943E-01    0.133888642325819E-01
   -0.192058666191648E-02    0.162551295757059E-01
    0.115611978379114E-01    0.172107012614674E-01
    0.250925661528407E-01    0.166239401246654E-01
    0.346860179269450E-01    0.146783686197840E-01
    0.349866138246367E-01    0.120630654506406E-01
    0.206127222836155E-01    0.952976630579199E-02
   -0.786916977638677E-02    0.732012126360522E-02
   -0.441211249594059E-01    0.559601372443667E-02
   -0.574965627920401E-01    0.419625417772948E-02
   -0.943981693125358E-02    0.246072922649365E-02
    0.541562401481840E-01    0.858428424681714E-03
   -0.193050581502932E-01    0.000000000000000E+00
    0.000000000000000E+00    0.000000000000000E+00
   -0.872124658010813E-02    0.149763327255215E-03
   -0.154784812315374E-01    0.556290207912979E-03
   -0.205338563735366E-01    0.117370753183855E-02
   -0.242493642236645E-01    0.191388537809797E-02
   -0.266736500520092E-01    0.273136952393475E-02
   -0.276735125456520E-01    0.351053264784919E-02
   -0.270531907711106E-01    0.420611029819520E-02
   -0.246429512852238E-01    0.466577245282350E-02
   -0.204205344368076E-01    0.486002424954552E-02
   -0.144642453933583E-01    0.460103443081528E-02
   -0.706112202668594E-02    0.390773757459106E-02
    0.139817949252817E-02    0.258484419850870E-02
    0.103117049634269E-01    0.746573139158427E-03
    0.190103365067520E-01   -0.173738612532395E-02
    0.266900144792694E-01   -0.462369301367326E-02
    0.325614947140559E-01   -0.786501890674117E-02
    0.359071922793727E-01   -0.111234106042395E-01
    0.361324076519193E-01   -0.140683106473352E-01
    0.330366536138610E-01   -0.164211112291630E-01
    0.266079358357575E-01   -0.175709268361461E-01
    0.175186934810209E-01   -0.175443101255235E-01
    0.657356682755534E-02   -0.156672118245220E-01
   -0.472846357646406E-02   -0.124448951983617E-01
   -0.149448438849187E-01   -0.755168901012508E-02
   -0.223725438667706E-01   -0.184772542462035E-02
   -0.255966827398132E-01    0.430161609954953E-02
   -0.237028170354099E-01    0.101491324540452E-01
   -0.162569997263377E-01    0.147577942171868E-01
   -0.409659907164449E-02    0.180099824518889E-01
    0.112381045811263E-01    0.190838817700662E-01
    0.263967773336948E-01    0.186019029408561E-01
    0.371381871772750E-01    0.165615227911117E-01
    0.378939930668449E-01    0.138516332522661E-01
    0.238791327520287E-01    0.111048686685412E-01
   -0.545974138622889E-02    0.871327853597384E-02
   -0.415142688923273E-01    0.662706895666714E-02
   -0.587922916463893E-01    0.495779139153601E-02
   -0.208597249995910E-01    0.291697541517107E-02
    0.561161697814838E-01    0.946835843501574E-03
   -0.193050581502932E-01    0.000000000000000E+00
    0.000000000000000E+00    0.000000000000000E+00
   -0.897453869463892E-02    0.112508998453047E-03
   -0.159269366816209E-01    0.417570240965545E-03
   -0.211362765266560E-01    0.874601297488547E-03
   -0.249477639707684E-01    0.141744973113218E-02
   -0.273689876234180E-01    0.200435210588627E-02
   -0.283013991170721E-01    0.254835756778497E-02
   -0.275269866182239E-01    0.300460666147170E-02
   -0.248726924885446E-01    0.325885097501006E-02
   -0.203116283303162E-01    0.326936595689388E-02
   -0.139285368952973E-01    0.289598655158885E-02
   -0.601298950751435E-02    0.211991038811848E-02
    0.299865765835413E-02    0.801302821704524E-03
    0.124925298102031E-01   -0.101510759043891E-02
    0.216957899610020E-01   -0.340218430500425E-02
    0.297865950946263E-01   -0.620458570485234E-02
    0.358196316980126E-01   -0.932939992230954E-02
    0.390762923763832E-01   -0.125022394161182E-01
    0.388043059456432E-01   -0.153838166064201E-01
    0.348629814667042E-01   -0.176720459140448E-01
    0.271707959338343E-01   -0.188137290329933E-01
    0.165662801545935E-01   -0.186888622036408E-01
    0.393833568489889E-02   -0.167593137957100E-01
   -0.894312562033596E-02   -0.133093468779387E-01
   -0.204455882384278E-01   -0.819392624704587E-02
   -0.285881450718072E-01   -0.210913181758097E-02
   -0.318407372869290E-01    0.443482688508707E-02
   -0.291835666763288E-01    0.106907625563612E-01
   -0.203161912395828E-01    0.156910216749799E-01
   -0.628770916169836E-02    0.191928724020942E-01
    0.110315123070069E-01    0.204630439838337E-01
    0.278261864236551E-01    0.200169199501586E-01
    0.396022450819830E-01    0.179766721460587E-01
    0.406193999790090E-01    0.151936332392287E-01
    0.258192086186479E-01    0.123860607550564E-01
   -0.366325324834682E-02    0.984080840475587E-02
   -0.405051139302247E-01    0.759477806340786E-02
   -0.537539065463966E-01    0.559729454002324E-02
   -0.527506129755113E-02    0.324581242433623E-02
    0.575438661858233E-01    0.107982342431391E-02
   -0.193050581502932E-01    0.000000000000000E+00
    0.000000000000000E+00    0.000000000000000E+00
   -0.915311531082845E-02    0.697392339631109E-04
   -0.162477159381097E-01    0.250903582689497E-03
   -0.215431765841772E-01    0.527950095619140E-03
   -0.253881956351405E-01    0.839368221853166E-03
   -0.278186843499621E-01    0.117230235456721E-02
   -0.286893921225821E-01    0.144841851594527E-02
   -0.277881091835672E-01    0.165566704471924E-02
   -0.249354595994759E-01    0.168772563599433E-02
   -0.200966055738104E-01    0.154070623958723E-02
   -0.133546244442310E-01    0.106767060399797E-02
   -0.501342848211782E-02    0.291445242158543E-03
    0.449316886110751E-02   -0.965142068741270E-03
    0.144823559347826E-01   -0.261493974676079E-02
    0.241847951762327E-01   -0.480531967304751E-02
    0.326337688073578E-01   -0.734546259317984E-02
    0.388978135467516E-01   -0.102331847381965E-01
    0.420555544557597E-01   -0.131846329788463E-01
    0.414024729522142E-01   -0.159035927928823E-01
    0.366226801757412E-01   -0.181396570358608E-01
    0.277478192473198E-01   -0.192444868265180E-01
    0.155982606206945E-01   -0.192512231381833E-01
    0.125800873267049E-02   -0.173445526498712E-01
   -0.133017576514713E-01   -0.140641156491328E-01
   -0.262080598716175E-01   -0.890205784936228E-02
   -0.351928673243185E-01   -0.282096260974895E-02
   -0.385552478267775E-01    0.389006288054357E-02
   -0.351980996700390E-01    0.103718984702447E-01
   -0.248637296540659E-01    0.155652966022273E-01
   -0.890981913412359E-02    0.193759474522117E-01
    0.105167348233470E-01    0.207499606363381E-01
    0.291259778724840E-01    0.205145312088187E-01
    0.422204011412679E-01    0.184940072778499E-01
    0.437594682742532E-01    0.157954063569983E-01
    0.293511754428748E-01    0.129629052843672E-01
   -0.878107154423072E-03    0.104184286255295E-01
   -0.375320966654552E-01    0.803132617613189E-02
   -0.544741731324411E-01    0.591906216133788E-02
   -0.161246930254933E-01    0.351864585190977E-02
    0.598049919774541E-01    0.105299012629089E-02
   -0.193050581502932E-01    0.000000000000000E+00
    0.000000000000000E+00    0.000000000000000E+00
   -0.923809410472896E-02    0.196758854752755E-04
   -0.163888658330604E-01    0.657996654529655E-04
   -0.217307840720885E-01    0.135336199584741E-03
   -0.255969774894665E-01    0.193135499165932E-03
   -0.279890879366178E-01    0.241030532544282E-03
   -0.287951243343836E-01    0.231561679771590E-03
   -0.277880537973117E-01    0.168680651362699E-03
   -0.247788823177156E-01   -0.158574821953201E-04
   -0.197285690482731E-01   -0.319226742609971E-03
   -0.127122146932931E-01   -0.842900121877925E-03
   -0.402573243285303E-02   -0.158389321545950E-02
    0.586976470177556E-02   -0.267152679655018E-02
    0.163029354174967E-01   -0.407962841146557E-02
    0.264101369893903E-01   -0.591591343434325E-02
    0.352402404372214E-01   -0.808809836565927E-02
    0.416869136699515E-01   -0.105803704401080E-01
    0.448599589845024E-01   -0.132026229506128E-01
    0.438406535482176E-01   -0.156956072452487E-01
    0.383860438165546E-01   -0.178125926544698E-01
    0.283888101697112E-01   -0.190160792807669E-01
    0.148152225309176E-01   -0.191695035764265E-01
   -0.118226501636545E-02   -0.176454768103137E-01
   -0.174140538207097E-01   -0.146515206132388E-01
   -0.317204139025147E-01   -0.990416659571935E-02
   -0.416306292451994E-01   -0.403187437592056E-02
   -0.451460682832538E-01    0.249817228809082E-02
   -0.411642910416400E-01    0.896412248652407E-02
   -0.294039789214185E-01    0.142479079102200E-01
   -0.115574790783693E-01    0.181702703580412E-01
    0.994786730132713E-02    0.197396161461181E-01
    0.302713344266009E-01    0.196456177171180E-01
    0.444530190484337E-01    0.178167939220244E-01
    0.462961049687230E-01    0.152912660703324E-01
    0.312054628431339E-01    0.126749168116418E-01
    0.921981123892705E-03    0.102851075482410E-01
   -0.362157566090913E-01    0.802076864559061E-02
   -0.490915588997517E-01    0.590175491827771E-02
   -0.227108960246640E-03    0.344570054373947E-02
    0.614649144899371E-01    0.109628529964359E-02
   -0.193050581502932E-01    0.000000000000000E+00
    0.000000000000000E+00    0.000000000000000E+00
   -0.922325233465888E-02   -0.377372919479519E-04
   -0.163563411786597E-01   -0.153092344435792E-03
   -0.216660868834684E-01   -0.314291604424452E-03
   -0.254888536010217E-01   -0.544168084690541E-03
   -0.278554918352333E-01   -0.809382213458039E-03
   -0.286159581809136E-01   -0.113492365206122E-02
   -0.275468649009247E-01   -0.148659520741667E-02
   -0.244584902368276E-01   -0.190419282026464E-02
   -0.192926585818323E-01   -0.235341429951252E-02
   -0.121193536506941E-01   -0.291531882059795E-02
   -0.322624506621746E-02   -0.355841102545975E-02
    0.694441607699552E-02   -0.441887614084169E-02
    0.176810559284659E-01   -0.545410396215565E-02
    0.281534202877578E-01   -0.682216524284351E-02
    0.372824591603520E-01   -0.844009817387544E-02
    0.440124206462511E-01   -0.103790704808011E-01
    0.472281569962808E-01   -0.125022691635860E-01
    0.460849150418860E-01   -0.146160198336116E-01
    0.400907223077913E-01   -0.165934980374544E-01
    0.292435015203788E-01   -0.178270288479387E-01
    0.144066318856815E-01   -0.183871728667989E-01
   -0.312758112745941E-02   -0.173360412398484E-01
   -0.209664036892139E-01   -0.151692440320956E-01
   -0.368010183058730E-01   -0.110968114191202E-01
   -0.477177660325293E-01   -0.604326990128350E-02
   -0.516433355698938E-01   -0.454050843300588E-04
   -0.471734390421303E-01    0.602991125796731E-02
   -0.341428244133080E-01    0.110988639284935E-01
   -0.144522031770056E-01    0.151256268139091E-01
    0.916275648913479E-02    0.167470520687750E-01
    0.313027603234752E-01    0.170054018459679E-01
    0.468292718460337E-01    0.154079719942804E-01
    0.491741626658474E-01    0.132748512156552E-01
    0.344157383130648E-01    0.110202211383997E-01
    0.348293340791193E-02    0.900149149490080E-02
   -0.335140076862053E-01    0.709376551748362E-02
   -0.498082654730612E-01    0.524295397279273E-02
   -0.110482530548802E-01    0.325477397431499E-02
    0.635145791002991E-01    0.866428849451230E-03
   -0.193050581502932E-01    0.000000000000000E+00
    0.000000000000000E+00    0.000000000000000E+00
   -0.908621844942122E-02   -0.102388758739110E-03
   -0.161014370065323E-01   -0.389008432311511E-03
   -0.213297358775907E-01   -0.807248767607492E-03
   -0.250922009676628E-01   -0.134616958918194E-02
   -0.273919060624773E-01   -0.194992872170894E-02
   -0.281112172128395E-01   -0.261155155085371E-02
   -0.270204912245522E-01   -0.326882443116722E-02
   -0.239156713987415E-01   -0.392527584863168E-02
   -0.187372183036586E-01   -0.452154625106027E-02
   -0.115288874734533E-01   -0.509687350898510E-02
   -0.256326068853331E-02   -0.561529705035224E-02
    0.772539531523346E-02   -0.617432705291402E-02
    0.186569505938495E-01   -0.676770173843580E-02
    0.293514530694190E-01   -0.753580401828133E-02
    0.387757340689945E-01   -0.848193949421070E-02
    0.457283481838727E-01   -0.970654025788910E-02
    0.491510115126469E-01   -0.111800810941471E-01
    0.479656908167219E-01   -0.128117596560302E-01
    0.417444577641204E-01   -0.145134735461188E-01
    0.302754419584704E-01   -0.158666831636519E-01
    0.144933514390559E-01   -0.167838836669185E-01
   -0.429316649402732E-02   -0.165811909215754E-01
   -0.236157079515263E-01   -0.153445028488075E-01
   -0.407961566053741E-01   -0.125378271126650E-01
   -0.528865602104965E-01   -0.856963287119246E-02
   -0.572560652241344E-01   -0.364901202941276E-02
   -0.526398190085813E-01    0.167961820928864E-02
   -0.385511574709948E-01    0.629050846931232E-02
   -0.173363239225094E-01    0.101122038924194E-01
    0.811842659290788E-02    0.118484635515942E-01
    0.318000251371589E-01    0.123356650575483E-01
    0.482766457228526E-01    0.111627200702148E-01
    0.508438217037406E-01    0.954836804233358E-02
    0.354179742186272E-01    0.791537510298827E-02
    0.446062755067829E-02    0.656163181904740E-02
   -0.327468891536433E-01    0.528319747465445E-02
   -0.449447395545690E-01    0.402630757294248E-02
    0.432282161911969E-02    0.247085258177983E-02
    0.648951828140061E-01    0.726872830287810E-03
   -0.193050581502932E-01    0.000000000000000E+00
    0.000000000000000E+00    0.000000000000000E+00
   -0.882277369671631E-02   -0.174040980050867E-03
   -0.156280830757341E-01   -0.654544605927626E-03
   -0.206901453596804E-01   -0.134485301654707E-02
   -0.243279270675016E-01   -0.221468912884287E-02
   -0.265729907067065E-01   -0.317699541014321E-02
   -0.272778834142103E-01   -0.419388359892101E-02
   -0.262175263429863E-01   -0.517723468927233E-02
   -0.231935624581894E-01   -0.608829686124732E-02
   -0.181192428984130E-01   -0.684225568071997E-02
   -0.110327864858566E-01   -0.743406432362955E-02
   -0.217125876780885E-02   -0.780958277901727E-02
    0.806094249618632E-02   -0.803676473141746E-02
    0.189950959738950E-01   -0.811473818599890E-02
    0.298068035619221E-01   -0.819054820863248E-02
    0.394012383088469E-01   -0.831977720798618E-02
    0.466523304828686E-01   -0.865729796486178E-02
    0.503234633297088E-01   -0.929577638903717E-02
    0.494145719393598E-01   -0.102160290466437E-01
    0.432291128833763E-01   -0.115326694851431E-01
    0.316090905439789E-01   -0.128122152552925E-01
    0.152952342284507E-01   -0.142346395803371E-01
   -0.439446622778574E-02   -0.148595760893266E-01
   -0.248493068740329E-01   -0.150688264639868E-01
   -0.434302237076626E-01   -0.137703635791339E-01
   -0.566182849688519E-01   -0.116255457355024E-01
   -0.618723497026377E-01   -0.822200002748340E-02
   -0.572996911280459E-01   -0.420836854240879E-02
   -0.426094505894996E-01   -0.488549226321634E-03
   -0.200905523010306E-01    0.301855390064959E-02
    0.705514156521872E-02    0.462806546076821E-02
    0.322262033675490E-01    0.555288128805087E-02
    0.498429651340929E-01    0.480988953128635E-02
    0.527048905142175E-01    0.391412164755879E-02
    0.373751730239802E-01    0.312596395381971E-02
    0.575181121593393E-02    0.260150462864734E-02
   -0.314727804916304E-01    0.239456161323414E-02
   -0.467782768734884E-01    0.197977976180840E-02
   -0.746484491124203E-02    0.158339556536154E-02
    0.659141884013302E-01    0.254929140723567E-03
   -0.193050581502932E-01    0.000000000000000E+00
    0.000000000000000E+00    0.000000000000000E+00
   -0.841559669195113E-02   -0.247751085388468E-03
   -0.149032034465159E-01   -0.920626795374280E-03
   -0.197442246664348E-01   -0.189611082974669E-02
   -0.232376471135747E-01   -0.310267925721857E-02
   -0.253903868551584E-01   -0.443066939044484E-02
   -0.260873522737498E-01   -0.581173924714308E-02
   -0.251052497968634E-01   -0.712654197013645E-02
   -0.222320051040050E-01   -0.830384872933919E-02
   -0.173850703211221E-01   -0.922257763633470E-02
   -0.105613360567267E-01   -0.983992065131803E-02
   -0.198249591370024E-02   -0.100732060586864E-01
    0.799911983344249E-02   -0.995842968540711E-02
    0.187553981846155E-01   -0.949314964243809E-02
    0.294903167285686E-01   -0.882298977196826E-02
    0.391716807538844E-01   -0.804732763725509E-02
    0.466217510804791E-01   -0.738713892700214E-02
    0.506717024160946E-01   -0.701870156137644E-02
    0.501470915408351E-01   -0.709246754293655E-02
    0.443884369673871E-01   -0.778320977051553E-02
    0.329949670760834E-01   -0.893717744287393E-02
    0.166716015404416E-01   -0.106365334819257E-01
   -0.335663787926947E-02   -0.122717372340671E-01
   -0.246084695225122E-01   -0.138475694057024E-01
   -0.441105158170691E-01   -0.145369479743307E-01
   -0.585496613418549E-01   -0.143948578447674E-01
   -0.646020929171986E-01   -0.130923883866610E-01
   -0.606728064048247E-01   -0.108070144817399E-01
   -0.457581645310032E-01   -0.832491384862702E-02
   -0.226116354584165E-01   -0.558440698135530E-02
    0.563192240793691E-02   -0.408246138672851E-02
    0.318179689485676E-01   -0.297428197540899E-02
    0.499551667499065E-01   -0.312569491738995E-02
    0.528004834778481E-01   -0.324598383879871E-02
    0.366305323299629E-01   -0.308059577797172E-02
    0.487303812019190E-02   -0.245692433434093E-02
   -0.324459701118496E-01   -0.150029993537874E-02
   -0.436761742281591E-01   -0.623433932028907E-03
    0.615457800801821E-02   -0.137292281248996E-04
    0.662745816192171E-01   -0.114685668641583E-03
   -0.193050581502932E-01    0.000000000000000E+00
    0.000000000000000E+00    0.000000000000000E+00
   -0.786780044462617E-02   -0.324410701653509E-03
   -0.139409730586542E-01   -0.119630163562990E-02
   -0.184790462603275E-01   -0.244755464041782E-02
   -0.217670955471105E-01   -0.398459524022540E-02
   -0.238362834055143E-01   -0.567223608714532E-02
   -0.245482804031105E-01   -0.741244970626328E-02
   -0.236895816134555E-01   -0.906621714160179E-02
   -0.210606168913657E-01   -0.105187038547450E-01
   -0.165514499047237E-01   -0.116282841848589E-01
   -0.101574785434406E-01   -0.122961094766451E-01
   -0.204268399897277E-02   -0.124260091820089E-01
    0.747184148917234E-02   -0.119932588677806E-01
    0.178302304311951E-01   -0.110099472523462E-01
    0.282994587594769E-01   -0.957382968759219E-02
    0.378919650171282E-01   -0.785887015852034E-02
    0.455119587500350E-01   -0.607549288131372E-02
    0.499400177666599E-01   -0.456706774212220E-02
    0.500636419704437E-01   -0.352233324872978E-02
    0.450342485696126E-01   -0.338294740130648E-02
    0.344286916251705E-01   -0.403858320730830E-02
    0.187097189108812E-01   -0.588931090115807E-02
   -0.106100245356725E-02   -0.823501915508249E-02
   -0.224124948383022E-01   -0.113543298338482E-01
   -0.426578119401723E-01   -0.140376189214549E-01
   -0.579624788362679E-01   -0.164364493424172E-01
   -0.653061794106661E-01   -0.175961356047337E-01
   -0.621745067278029E-01   -0.176159055947794E-01
   -0.478191476007036E-01   -0.168867129906806E-01
   -0.244907519685341E-01   -0.150582652755261E-01
    0.446974138280641E-02   -0.140108502783904E-01
    0.313987162768367E-01   -0.124665878534036E-01
    0.502435984974102E-01   -0.120994074262957E-01
    0.529931005750451E-01   -0.113244636641826E-01
    0.364970739223600E-01   -0.100471806157696E-01
    0.381628777132024E-02   -0.840515747166089E-02
   -0.338863694708032E-01   -0.585671252584976E-02
   -0.479375357556525E-01   -0.373685305994788E-02
   -0.773444784147602E-02   -0.148887013879892E-02
    0.654298718661922E-01   -0.713871098748011E-03
   -0.193050581502932E-01    0.000000000000000E+00
    0.000000000000000E+00    0.000000000000000E+00
   -0.718031445592093E-02   -0.392021920292846E-03
   -0.127379844927981E-01   -0.143962339275193E-02
   -0.169216251350048E-01   -0.295224664261246E-02
   -0.199840144939979E-01   -0.479357163871358E-02
   -0.219314275569880E-01   -0.681536077118950E-02
   -0.226581051619555E-01   -0.889522815993340E-02
   -0.219592129455815E-01   -0.108708505008667E-01
   -0.196295768928845E-01   -0.126013607906957E-01
   -0.155709623543441E-01   -0.139101137328723E-01
   -0.973351963174470E-02   -0.146656302416407E-01
   -0.227240174992837E-02   -0.147291058936192E-01
    0.657893103670626E-02   -0.140471235002040E-01
    0.163013780701107E-01   -0.125916536292607E-01
    0.262772403134276E-01   -0.104621708093659E-01
    0.355798261911439E-01   -0.781190642875582E-02
    0.432039201925013E-01   -0.492761548240523E-02
    0.479897527881776E-01   -0.216548689068913E-02
    0.488059057098335E-01    0.845920320832221E-04
    0.448046860925116E-01    0.134888567706205E-02
    0.353857821748746E-01    0.139485039497835E-02
    0.208764029804121E-01   -0.151574139010686E-03
    0.211902313253844E-02   -0.299862938056258E-02
   -0.187337056262064E-01   -0.720822940984637E-02
   -0.389035888421439E-01   -0.118563105788733E-01
   -0.549916216428636E-01   -0.166164839007294E-01
   -0.632541268613403E-01   -0.204604973425997E-01
   -0.615942302227210E-01   -0.230381982168281E-01
   -0.482328578614819E-01   -0.242834272327955E-01
   -0.257233300490446E-01   -0.238872940135192E-01
    0.302636804564915E-02   -0.231742132423787E-01
    0.301174552469142E-01   -0.216201703172723E-01
    0.488189627720454E-01   -0.205304587337027E-01
    0.513265382666996E-01   -0.189808225134929E-01
    0.336895153612732E-01   -0.168187302549230E-01
    0.628537238112958E-03   -0.140853533792102E-01
   -0.373357241237561E-01   -0.103553099599591E-01
   -0.475166249085195E-01   -0.677896197471864E-02
    0.316972910016440E-02   -0.338017860533053E-02
    0.641954656127901E-01   -0.120227615121834E-02
   -0.193050581502932E-01    0.000000000000000E+00
    0.000000000000000E+00    0.000000000000000E+00
   -0.636697758691552E-02   -0.455156972996766E-03
   -0.113323420700611E-01   -0.165775621774445E-02
   -0.150942323990480E-01   -0.338534006525433E-02
   -0.178776903223925E-01   -0.548437737199102E-02
   -0.197046869039120E-01   -0.779334606983922E-02
   -0.204524975592671E-01   -0.101720566431659E-01
   -0.199346068567470E-01   -0.124464875136882E-01
   -0.179653288007432E-01   -0.144454225529870E-01
   -0.144285820057387E-01   -0.159758122116174E-01
   -0.928089069083093E-02   -0.168575394126904E-01
   -0.261245023740890E-02   -0.169379059107717E-01
    0.536616061900970E-02   -0.160918119387756E-01
    0.142543265077812E-01   -0.143001469248885E-01
    0.234890021145703E-01   -0.115709477308923E-01
    0.322965697493689E-01   -0.812291804291572E-02
    0.397428741342714E-01   -0.415205312713216E-02
    0.447907977037640E-01   -0.176085062892435E-03
    0.463464741046517E-01    0.346312772927641E-02
    0.435547991398976E-01    0.601855905422429E-02
    0.357300769605532E-01    0.722034101355978E-02
    0.230151146946008E-01    0.636390977139864E-02
    0.595322884639686E-02    0.363875503079608E-02
   -0.135054275233458E-01   -0.124519020632262E-02
   -0.330845567534546E-01   -0.738731249327312E-02
   -0.491963542192349E-01   -0.143549794684179E-01
   -0.586194202816356E-01   -0.208618930390852E-01
   -0.583784563325944E-01   -0.261559760850502E-01
   -0.469309126883085E-01   -0.298073335063447E-01
   -0.258810085636126E-01   -0.308041037305807E-01
    0.198781941863143E-02   -0.307590137145098E-01
    0.286363344762726E-01   -0.286836831714322E-01
    0.475162912811909E-01   -0.269651645346302E-01
    0.495576338934333E-01   -0.243442364528697E-01
    0.314835782884001E-01   -0.213262445580338E-01
   -0.278545935963965E-02   -0.181116364933084E-01
   -0.416601191553169E-01   -0.132045760422003E-01
   -0.544791279292445E-01   -0.902351000870132E-02
   -0.130939796486836E-01   -0.457467353601891E-02
    0.613540739377749E-01   -0.154762039488503E-02
   -0.193050581502932E-01    0.000000000000000E+00
    0.000000000000000E+00    0.000000000000000E+00
   -0.545976958064500E-02   -0.494862102807288E-03
   -0.975798702447471E-02   -0.180362651800723E-02
   -0.130631068016781E-01   -0.369566867667602E-02
   -0.155494435496801E-01   -0.598592962960556E-02
   -0.172143593164995E-01   -0.851603822364807E-02
   -0.179674682556930E-01   -0.111334608901878E-01
   -0.176369868562247E-01   -0.136567929699477E-01
   -0.160459313558217E-01   -0.158993259466208E-01
   -0.130971288292001E-01   -0.176465707131129E-01
   -0.871271586033528E-02   -0.186955062213980E-01
   -0.298330591670433E-02   -0.188532218338381E-01
    0.397790075785593E-02   -0.179716085788774E-01
    0.117958755475088E-01   -0.159686223035615E-01
    0.200786088223016E-01   -0.128495714390309E-01
    0.280999346258822E-01   -0.875032222799199E-02
    0.351457080407622E-01   -0.392365381841607E-02
    0.402193997778659E-01    0.119983720890085E-02
    0.424105573969263E-01    0.610690131303707E-02
    0.408317584343183E-01    0.101150310976205E-01
    0.348101486176409E-01    0.126292874288245E-01
    0.242912051866948E-01    0.129703646596857E-01
    0.958586194421612E-02    0.108924792921471E-01
   -0.776949984085060E-02    0.613747771996746E-02
   -0.257820981992051E-01   -0.726777257233975E-03
   -0.414004897799703E-01   -0.914414936433630E-02
   -0.512577442746238E-01   -0.176927487359742E-01
   -0.527601245402761E-01   -0.254284354810595E-01
   -0.434902645586324E-01   -0.311174036823434E-01
   -0.249532333422849E-01   -0.338964334601766E-01
    0.872300130940151E-03   -0.341224070329943E-01
    0.264295748956125E-01   -0.320525003600409E-01
    0.443169297474816E-01   -0.291781159476446E-01
    0.463688855389305E-01   -0.257644704541709E-01
    0.273549555487535E-01   -0.219672767353184E-01
   -0.695005221721932E-02   -0.186862478685682E-01
   -0.461228900505923E-01   -0.137394873727750E-01
   -0.557708696542863E-01   -0.956074265345689E-02
   -0.414889207949990E-02   -0.524794475096774E-02
    0.587776108644768E-01   -0.179674755867758E-02
   -0.193050581502932E-01    0.000000000000000E+00
    0.000000000000000E+00    0.000000000000000E+00
   -0.448108851909689E-02   -0.520821508525807E-03
   -0.808295385710965E-02   -0.188627701490684E-02
   -0.108891291196131E-01   -0.386137283426992E-02
   -0.130386102603354E-01   -0.625746101107350E-02
   -0.145331509519412E-01   -0.892001534267955E-02
   -0.152743479164029E-01   -0.116976876346515E-01
   -0.151178973855867E-01   -0.144057309802253E-01
   -0.139124042152657E-01   -0.168517983870248E-01
   -0.115592902173933E-01   -0.188090438709262E-01
   -0.799517259272775E-02   -0.200533563102280E-01
   -0.325691087555836E-02   -0.203764038853217E-01
    0.255232722617931E-02   -0.195778017897899E-01
    0.918734213640283E-02   -0.175713126313347E-01
    0.162932994113852E-01   -0.142634357940263E-01
    0.233583817016352E-01   -0.982281879465350E-02
    0.297199539900951E-01   -0.435540820995270E-02
    0.346430743515179E-01    0.160181962153335E-02
    0.372367731547740E-01    0.769459421729006E-02
    0.368138519370880E-01    0.130326641321221E-01
    0.325991227451683E-01    0.170987509850217E-01
    0.245232195409903E-01    0.189332306592033E-01
    0.125707089006110E-01    0.181557103599691E-01
   -0.201610319466124E-02    0.143213729280733E-01
   -0.178117987355448E-01    0.761226983545457E-02
   -0.320818061732626E-01   -0.123275249364246E-02
   -0.420580895414766E-01   -0.112008711014955E-01
   -0.449185842342886E-01   -0.206476695204082E-01
   -0.383852646182226E-01   -0.284566334752654E-01
   -0.230266234049699E-01   -0.324952629532308E-01
   -0.198473462724405E-03   -0.332853500922963E-01
    0.230522579909097E-01   -0.304081668482894E-01
    0.404968169104250E-01   -0.264509860416527E-01
    0.421599765734047E-01   -0.210222651814937E-01
    0.240300762580498E-01   -0.163730719179788E-01
   -0.103370365071472E-01   -0.134520607615764E-01
   -0.504344076036181E-01   -0.941152900088231E-02
   -0.625839233372810E-01   -0.723451811424217E-02
   -0.204401263446154E-01   -0.445880564146276E-02
    0.556025804163607E-01   -0.145355922149088E-02
   -0.193050581502932E-01    0.000000000000000E+00
    0.000000000000000E+00    0.000000000000000E+00
   -0.349367894642083E-02   -0.512972328163986E-03
   -0.636941690179595E-02   -0.186918481009372E-02
   -0.867213267045747E-02   -0.384722121517127E-02
   -0.104722744332939E-01   -0.625236653138391E-02
   -0.117534416205931E-01   -0.894769393651322E-02
   -0.124496674578043E-01   -0.117882874672361E-01
   -0.124364432080409E-01   -0.145953684043231E-01
   -0.115864575269617E-01   -0.171800992305542E-01
   -0.982408844102089E-02   -0.193094692923572E-01
   -0.707185156412113E-02   -0.207601136555656E-01
   -0.337408849399142E-02   -0.212947363695117E-01
    0.124459681103378E-02   -0.207143273567009E-01
    0.655374873937047E-02   -0.188638519525148E-01
    0.123682918177187E-01   -0.156610217508637E-01
    0.182108003122054E-01   -0.111493856935842E-01
    0.236870672115848E-01   -0.547765399531996E-02
    0.280903557304504E-01    0.100033030873110E-02
    0.308491707550878E-01    0.781731961341015E-02
    0.312349698701747E-01    0.142893368469651E-01
    0.287046683792254E-01    0.196722708774999E-01
    0.229881266044875E-01    0.231502633756114E-01
    0.140051554898436E-01    0.239955987848917E-01
    0.259506676490926E-02    0.217485045365694E-01
   -0.103047308762767E-01    0.162510499007873E-01
   -0.224477066623422E-01    0.803437475219379E-02
   -0.317330756587711E-01   -0.192373283002674E-02
   -0.355335092313399E-01   -0.121430288814583E-01
   -0.316166640476137E-01   -0.208479165014882E-01
   -0.199870183009778E-01   -0.261645375199338E-01
   -0.125788476884408E-02   -0.270345732398017E-01
    0.189836885714492E-01   -0.240031236666063E-01
    0.343968990831152E-01   -0.181749516882390E-01
    0.369042769365040E-01   -0.114154634644815E-01
    0.195869298294400E-01   -0.525648479584366E-02
   -0.126958734055982E-01   -0.270181818375291E-02
   -0.516574532601470E-01   -0.100800234089338E-02
   -0.616184021842035E-01   -0.151979743669451E-02
   -0.100645350777078E-01   -0.146887456874709E-02
    0.537068910877099E-01   -0.819374742513936E-03
   -0.193050581502932E-01    0.000000000000000E+00
    0.000000000000000E+00    0.000000000000000E+00
   -0.252160919949749E-02   -0.487386742530791E-03
   -0.471172306233800E-02   -0.176486063229300E-02
   -0.649911038717339E-02   -0.364902715575098E-02
   -0.793010777972972E-02   -0.595643481000961E-02
   -0.898397431535214E-02   -0.857192451802266E-02
   -0.959873051032995E-02   -0.113690163084447E-01
   -0.968547424532214E-02   -0.141725894361174E-01
   -0.914322367334538E-02   -0.168151496375076E-01
   -0.791234998975240E-02   -0.190592517936535E-01
   -0.593234355491313E-02   -0.206973433482837E-01
   -0.321770399209511E-02   -0.214841154473016E-01
    0.207402878225201E-03   -0.212091677628417E-01
    0.421660616537450E-02   -0.197112553930518E-01
    0.864527415784472E-02   -0.168406272585123E-01
    0.132188397754781E-01   -0.126478069481574E-01
    0.175769625851791E-01   -0.713075558853902E-02
    0.213087835435053E-01   -0.686250466015564E-03
    0.238588537646448E-01    0.645309069424802E-02
    0.248121351393672E-01    0.134938539650532E-01
    0.235574192765465E-01    0.199397205651484E-01
    0.199832306433935E-01    0.247901075565826E-01
    0.137750464615961E-01    0.273947037972740E-01
    0.555464372372243E-02    0.271208435608200E-01
   -0.416761617383879E-02    0.234758937535291E-01
   -0.137923206050515E-01    0.170365388302723E-01
   -0.216763610206159E-01    0.795758956185706E-02
   -0.258664083190929E-01   -0.165300308544607E-02
   -0.241880950647163E-01   -0.109056809710612E-01
   -0.165008070666244E-01   -0.166133062052228E-01
   -0.244420194622107E-02   -0.179426588481702E-01
    0.134213376637080E-01   -0.146692696763211E-01
    0.268008962921350E-01   -0.750519592196736E-02
    0.291995024410654E-01    0.169661928472963E-02
    0.150968904951010E-01    0.964165150933056E-02
   -0.141065672766036E-01    0.121516950165116E-01
   -0.508855291872894E-01    0.103016773722878E-01
   -0.620708429695664E-01    0.568262258516932E-02
   -0.210967610883574E-01    0.244998512193490E-02
    0.538662173012373E-01    0.744031456051425E-03
   -0.193050581502932E-01    0.000000000000000E+00
    0.000000000000000E+00    0.000000000000000E+00
   -0.165414472634551E-02   -0.426371057806207E-03
   -0.317868986598469E-02   -0.155911399162339E-02
   -0.448164224066655E-02   -0.325750179995415E-02
   -0.554134821565502E-02   -0.536344360752707E-02
   -0.633436527409991E-02   -0.778183924518003E-02
   -0.682964331186547E-02   -0.104136888767707E-01
   -0.696210604904116E-02   -0.130900931715555E-01
   -0.665969744940281E-02   -0.156782250487792E-01
   -0.588787505348433E-02   -0.179373784460788E-01
   -0.458597698489562E-02   -0.197083246060864E-01
   -0.278279390877574E-02   -0.207180527717372E-01
   -0.451941344715695E-03   -0.208175592329170E-01
    0.228209393312024E-02   -0.197688194163432E-01
    0.538271582568099E-02   -0.174953889931332E-01
    0.859414305942817E-02   -0.138911731221831E-01
    0.117843133191365E-01   -0.904167283366561E-02
    0.145618048183125E-01   -0.308277776016362E-02
    0.166914680313806E-01    0.364005471280867E-02
    0.177302659872965E-01    0.106869279084677E-01
    0.173980585722271E-01    0.174028307338761E-01
    0.154322146254443E-01    0.231421094198122E-01
    0.116681296011354E-01    0.270337427885491E-01
    0.640520227812225E-02    0.286106656659279E-01
   -0.161430343814054E-03    0.271264840038956E-01
   -0.683243644092893E-02    0.229327557490410E-01
   -0.128866187193413E-01    0.159666666213510E-01
   -0.164557331944392E-01    0.786745749292245E-02
   -0.164943553034133E-01   -0.428815620890357E-03
   -0.120423108900571E-01   -0.622880697131205E-02
   -0.314193849420802E-02   -0.802252640769208E-02
    0.765132783628719E-02   -0.518067039349543E-02
    0.173339510365949E-01    0.206951786331398E-02
    0.194250764427662E-01    0.120901481072676E-01
    0.820392181123079E-02    0.208332400870563E-01
   -0.148253990752649E-01    0.240930993933483E-01
   -0.460469151022031E-01    0.192350058319156E-01
   -0.529362498035838E-01    0.111637978174388E-01
   -0.190776969541626E-02    0.649047112187674E-02
    0.573450244630247E-01    0.236068590379295E-02
   -0.193050581502932E-01    0.000000000000000E+00
    0.000000000000000E+00    0.000000000000000E+00
   -0.897570968857330E-03   -0.343586828730632E-03
   -0.187636295222449E-02   -0.124520142239595E-02
   -0.271402667295560E-02   -0.266530764477825E-02
   -0.340987613366444E-02   -0.445742073216585E-02
   -0.394041583334858E-02   -0.655367603360249E-02
   -0.428443131550649E-02   -0.887640342230395E-02
   -0.441347660759096E-02   -0.112774386436847E-01
   -0.427502552247524E-02   -0.136498815198986E-01
   -0.385667438037156E-02   -0.157880565258990E-01
   -0.311293558275240E-02   -0.175542664132206E-01
   -0.206259357501496E-02   -0.187226329963283E-01
   -0.685760566505919E-03   -0.191398681690888E-01
    0.956797992257065E-03   -0.186239274530519E-01
    0.283306793531820E-02   -0.170362416120980E-01
    0.482880251892124E-02   -0.143331069359952E-01
    0.682726195967334E-02   -0.104390740258573E-01
    0.866657327210477E-02   -0.556344539303710E-02
    0.101244896307698E-01    0.243528525380394E-03
    0.110414119353053E-01    0.643864858849310E-02
    0.111137393132908E-01    0.127877657924642E-01
    0.102993894614698E-01    0.184818925725495E-01
    0.832693046838639E-02    0.230828818432293E-01
    0.544059005358412E-02    0.258842719963861E-01
    0.162590114118456E-02    0.263194748614232E-01
   -0.247158183085855E-02    0.244851842977746E-01
   -0.634970501654638E-02    0.198975633142526E-01
   -0.915459922244642E-02    0.142245333021737E-01
   -0.979229487369048E-02    0.734317668783378E-02
   -0.803740774370356E-02    0.231896045746009E-02
   -0.321546279225715E-02   -0.662875511451801E-04
    0.286727047728681E-02    0.116659043396334E-02
    0.870216213469875E-02    0.714619880526975E-02
    0.984561294650749E-02    0.156689706366168E-01
    0.256171237116635E-02    0.248882061463364E-01
   -0.145673084404844E-01    0.268646696590357E-01
   -0.373147762020900E-01    0.192722217775895E-01
   -0.425295891469022E-01    0.962099593584726E-02
   -0.726345071769740E-02    0.290778960683124E-02
    0.583554007456483E-01    0.211928434156263E-03
   -0.193050581502932E-01    0.000000000000000E+00
    0.000000000000000E+00    0.000000000000000E+00
   -0.349265847712656E-03   -0.221629443447718E-03
   -0.840448417029551E-03   -0.833743332694730E-03
   -0.127831597016850E-02   -0.188119839579162E-02
   -0.164717951363254E-02   -0.322629365914182E-02
   -0.192346368283459E-02   -0.485905931426034E-02
   -0.211209973065991E-02   -0.667518594515135E-02
   -0.219834192796499E-02   -0.860807487491311E-02
   -0.215447397682952E-02   -0.105291978013981E-01
   -0.198391275015188E-02   -0.123349449043490E-01
   -0.164857822271585E-02   -0.138723707069811E-01
   -0.118002502504922E-02   -0.150224080246342E-01
   -0.534270170974556E-03   -0.156148807291136E-01
    0.219989542667329E-03   -0.155574780247955E-01
    0.112506264253251E-02   -0.146825239015060E-01
    0.206478609955648E-02   -0.129882315356015E-01
    0.306767879208836E-02   -0.103420597073395E-01
    0.396962787970197E-02   -0.691623988907411E-02
    0.477249778108095E-02   -0.265605659559558E-02
    0.529078534293766E-02    0.201805881386416E-02
    0.549358793184794E-02    0.704605755820255E-02
    0.524723630086880E-02    0.117615982044266E-01
    0.449823640231834E-02    0.159916159197354E-01
    0.329343692503652E-02    0.189980363127429E-01
    0.158458733841876E-02    0.205858927622697E-01
   -0.256357834388092E-03    0.203428839696676E-01
   -0.222865675202745E-02    0.182475294631010E-01
   -0.360338305319516E-02    0.147659979548772E-01
   -0.433625118949026E-02    0.103541486920396E-01
   -0.375575606369936E-02    0.639299178153382E-02
   -0.208104020283026E-02    0.399049283320445E-02
    0.276361840565130E-03    0.390166467922237E-02
    0.285155598427167E-02    0.673194603742037E-02
    0.327348574128393E-02    0.113974395045451E-01
   -0.287906563527843E-03    0.168055006810816E-01
   -0.964875206413899E-02    0.148952798875232E-01
   -0.259235347021383E-01    0.218740659163562E-02
   -0.317529871489641E-01   -0.909569081881653E-02
    0.250399608873206E-02   -0.201227509257058E-01
    0.396791783892609E-01   -0.947225340713509E-02
   -0.193050581502932E-01    0.000000000000000E+00
    0.000000000000000E+00    0.000000000000000E+00
   -0.552192259019039E-04   -0.552192259020792E-04
   -0.223867825886637E-03   -0.349552649140552E-03
   -0.353046095299092E-03   -0.910933397446665E-03
   -0.453356845066229E-03   -0.169929575655129E-02
   -0.535781603032497E-03   -0.263504764866873E-02
   -0.587886466254929E-03   -0.372431530830463E-02
   -0.621423372768144E-03   -0.486646968806000E-02
   -0.611235580591329E-03   -0.605113753026200E-02
   -0.576639029460161E-03   -0.715852295748154E-02
   -0.487541593368269E-03   -0.816859356288882E-02
   -0.372964914379863E-03   -0.894966680558467E-02
   -0.200878695261511E-03   -0.946800142917307E-02
   -0.614830754544734E-05   -0.961115457680169E-02
    0.236375461754631E-03   -0.932870288941839E-02
    0.490392349652550E-03   -0.857346860827161E-02
    0.761828873019301E-03   -0.727769700417683E-02
    0.102299940693340E-02   -0.552263889133296E-02
    0.124577417866338E-02   -0.322750409603988E-02
    0.142762541868826E-02   -0.661030736818771E-03
    0.149620102735308E-02    0.225534737835725E-02
    0.149452041164428E-02    0.506145101676192E-02
    0.131368173051456E-02    0.779875467606269E-02
    0.105717572404275E-02    0.994433961664534E-02
    0.617819110043132E-03    0.114386904896568E-01
    0.142879355445920E-03    0.120335340276628E-01
   -0.386094994556064E-03    0.114628201694207E-01
   -0.839685271800938E-03    0.102840506080404E-01
   -0.105833264245374E-02    0.801258132073297E-02
   -0.105465306623583E-02    0.611990278059125E-02
   -0.704922017956147E-03    0.400900167044697E-02
   -0.421754024539248E-03    0.348147524048921E-02
    0.439093038272379E-04    0.346691296762007E-02
    0.350925897318709E-03    0.431691626431077E-02
   -0.767179965553276E-03    0.667372468386279E-02
   -0.276237417138711E-02    0.437782084178968E-03
   -0.100117950854716E-01   -0.145301521745668E-01
   -0.178946021008033E-01   -0.286876595646689E-01
   -0.493484289336889E-02   -0.425386287296193E-01
    0.315279541932301E-01   -0.286685038528916E-01
   -0.193050581502932E-01    0.000000000000000E+00
    0.000000000000000E+00    0.000000000000000E+00
    0.000000000000000E+00    0.000000000000000E+00
    0.000000000000000E+00    0.000000000000000E+00
    0.000000000000000E+00    0.000000000000000E+00
    0.000000000000000E+00    0.000000000000000E+00
    0.000000000000000E+00    0.000000000000000E+00
    0.000000000000000E+00    0.000000000000000E+00
    0.000000000000000E+00    0.000000000000000E+00
    0.000000000000000E+00    0.000000000000000E+00
    0.000000000000000E+00    0.000000000000000E+00
    0.000000000000000E+00    0.000000000000000E+00
    0.000000000000000E+00    0.000000000000000E+00
    0.000000000000000E+00    0.000000000000000E+00
    0.000000000000000E+00    0.000000000000000E+00
    0.000000000000000E+00    0.000000000000000E+00
    0.000000000000000E+00    0.000000000000000E+00
    0.000000000000000E+00    0.000000000000000E+00
    0.000000000000000E+00    0.000000000000000E+00
    0.000000000000000E+00    0.000000000000000E+00
    0.000000000000000E+00    0.000000000000000E+00
    0.000000000000000E+00    0.000000000000000E+00
    0.000000000000000E+00    0.000000000000000E+00
    0.000000000000000E+00    0.000000000000000E+00
    0.000000000000000E+00    0.000000000000000E+00
    0.000000000000000E+00    0.000000000000000E+00
    0.000000000000000E+00    0.000000000000000E+00
    0.000000000000000E+00    0.000000000000000E+00
    0.000000000000000E+00    0.000000000000000E+00
    0.000000000000000E+00    0.000000000000000E+00
    0.000000000000000E+00    0.000000000000000E+00
    0.000000000000000E+00    0.000000000000000E+00
    0.000000000000000E+00    0.000000000000000E+00
    0.000000000000000E+00    0.000000000000000E+00
    0.000000000000000E+00    0.000000000000000E+00
    0.000000000000000E+00    0.000000000000000E+00
    0.000000000000000E+00    0.000000000000000E+00
    0.000000000000000E+00    0.000000000000000E+00
    0.000000000000000E+00    0.000000000000000E+00
    0.000000000000000E+00    0.000000000000000E+00
    0.000000000000000E+00    0.000000000000000E+00
   -0.193050581502932E-01    0.000000000000000E+00
