#  pod_012.txt
#  created by BASIS_WRITE.F90,
#  part of program POD_BASIS_FLOW.F90.
#
#  Created on October  8 2004  12:07:13.756 PM
#
#  Velocities ( U, V ).
#
#  Number of records =   1681
#  Singular value S =    0.429141    
#  Epsilon =             0.222045E-15
#
   -0.565309065659201E-13    0.212771917389453E-13
    0.255167915899209E-14   -0.738670405286975E-14
   -0.183726429366756E-13    0.283298859520383E-14
    0.439101876777980E-15    0.122041806663834E-16
    0.269275973941745E-15   -0.766877561481965E-16
   -0.195322493071695E-14   -0.172828570575798E-15
    0.318798441059570E-16   -0.697799682903669E-16
   -0.347246797439290E-16    0.456250620546676E-18
    0.883145161232783E-20    0.368802055395251E-22
    0.568681932461382E-25   -0.114887446939684E-28
   -0.444828609480328E-32    0.114934187609260E-35
    0.409036141552851E-41   -0.135498763711934E-45
    0.233085099989872E-50   -0.434927308946105E-56
   -0.719782899690016E-62   -0.477981241763478E-69
    0.241686569560413E-75    0.100811147301102E-82
    0.216837285864008E-90    0.241682971415574E-97
   -0.913546200449408-107    0.355762785637224-115
    0.723886936010720-126    0.458091602000736-134
   -0.635415735366476-144    0.301556352621490-154
    0.238871351272270-165   -0.523756176761537-178
   -0.671142473648945-188    0.255332698033588-201
   -0.105452022895159-213   -0.208531221006281-227
   -0.153308563381485-239    0.000000000000000E+00
    0.000000000000000E+00    0.000000000000000E+00
    0.000000000000000E+00    0.000000000000000E+00
    0.000000000000000E+00    0.000000000000000E+00
    0.000000000000000E+00    0.000000000000000E+00
    0.000000000000000E+00    0.000000000000000E+00
    0.000000000000000E+00    0.000000000000000E+00
    0.000000000000000E+00    0.000000000000000E+00
    0.000000000000000E+00    0.000000000000000E+00
    0.000000000000000E+00    0.000000000000000E+00
    0.000000000000000E+00    0.000000000000000E+00
    0.000000000000000E+00    0.000000000000000E+00
    0.000000000000000E+00    0.000000000000000E+00
    0.000000000000000E+00    0.000000000000000E+00
    0.000000000000000E+00    0.000000000000000E+00
    0.000000000000000E+00    0.000000000000000E+00
    0.000000000000000E+00    0.000000000000000E+00
    0.000000000000000E+00    0.000000000000000E+00
    0.339265170709450E-02    0.000000000000000E+00
    0.000000000000000E+00    0.000000000000000E+00
    0.802832216703362E-04   -0.807827055964948E-04
    0.129724664010351E-03   -0.285652873013318E-03
    0.141844255725868E-03   -0.527733083607515E-03
    0.122272476572416E-03   -0.763740874739170E-03
    0.887511262486389E-04   -0.959309608702076E-03
    0.253515505997470E-04   -0.105267501708204E-02
   -0.520855738226841E-04   -0.102359471830933E-02
   -0.148508483038697E-03   -0.821504729569929E-03
   -0.248905106037304E-03   -0.436859551302211E-03
   -0.346966424435881E-03    0.132873911087374E-03
   -0.435989106332019E-03    0.893559802946656E-03
   -0.505137447250931E-03    0.178390392939059E-02
   -0.555608685007681E-03    0.282310930142554E-02
   -0.578624430211857E-03    0.389250710446922E-02
   -0.579035435615870E-03    0.504064222328567E-02
   -0.555265161493861E-03    0.610906766033603E-02
   -0.510995016726986E-03    0.718530622292842E-02
   -0.453556300302245E-03    0.809345001743868E-02
   -0.381806665066820E-03    0.895818995288230E-02
   -0.308192426007645E-03    0.960524627126393E-02
   -0.226295320915215E-03    0.101811302986111E-01
   -0.142943989871835E-03    0.105168653304318E-01
   -0.501792177990221E-04    0.107552725194504E-01
    0.638410456056423E-04    0.107138222907309E-01
    0.197310490801805E-03    0.105067737089760E-01
    0.380977570616792E-03    0.990250674322333E-02
    0.574785467261845E-03    0.901496593111692E-02
    0.813541590780040E-03    0.757780050686580E-02
    0.107605427198845E-02    0.574307904953295E-02
    0.112912971331110E-02    0.376102219739084E-02
    0.832353509261339E-03    0.185323522934587E-02
   -0.377005215991897E-03    0.103397404102259E-02
   -0.290659182351613E-02    0.308042709000843E-02
   -0.596006848000110E-02    0.973360107044170E-02
   -0.643645516810277E-02    0.187565080412831E-01
   -0.564660442849460E-02    0.367532452101524E-01
    0.962652185710369E-03    0.429033347453823E-01
    0.848569184861651E-02    0.280198545718548E-01
    0.847318037951937E-02    0.847318037954885E-02
    0.339265170709450E-02    0.000000000000000E+00
    0.000000000000000E+00    0.000000000000000E+00
    0.286152356890275E-03   -0.134150141346711E-03
    0.415856547295061E-03   -0.427628503695821E-03
    0.443461574321418E-03   -0.778966544061157E-03
    0.378176742870364E-03   -0.111256244826550E-02
    0.245370332347662E-03   -0.134585193810092E-02
    0.266376021345558E-04   -0.144104192859370E-02
   -0.254253831545248E-03   -0.128662251445597E-02
   -0.589754706643186E-03   -0.896401318863450E-03
   -0.943106161712682E-03   -0.149230695058103E-03
   -0.129380546215558E-02    0.850306071371998E-03
   -0.160262231129939E-02    0.222560388407876E-02
   -0.186402184175076E-02    0.377067336542148E-02
   -0.203627998771722E-02    0.562563559964181E-02
   -0.214482930350211E-02    0.749772502574184E-02
   -0.214220049666741E-02    0.956671805162990E-02
   -0.208825916101469E-02    0.114759152424449E-01
   -0.192848558140684E-02    0.134663562863507E-01
   -0.174746585152117E-02    0.151396565769247E-01
   -0.148476570137667E-02    0.168075947564101E-01
   -0.122706025556302E-02    0.180450965200958E-01
   -0.910072566895220E-03    0.192207012405497E-01
   -0.592688419725639E-03    0.198859190096491E-01
   -0.208736662689428E-03    0.204209812250012E-01
    0.231509627266250E-03    0.203502805130197E-01
    0.785000993776896E-03    0.199964917921322E-01
    0.147043528981130E-02    0.188704680052040E-01
    0.228246291493318E-02    0.172095556464458E-01
    0.313708133813840E-02    0.146566950029883E-01
    0.381074227024645E-02    0.115140580384260E-01
    0.385687242151390E-02    0.799576396372511E-02
    0.245022476869195E-02    0.491273487044161E-02
   -0.930264844985326E-03    0.322722447083966E-02
   -0.709857014383133E-02    0.534559576353597E-02
   -0.154689109712217E-01    0.138843975629131E-01
   -0.214325411393552E-01    0.264140534623572E-01
   -0.179618524247178E-01    0.429364504050099E-01
    0.135357577358153E-02    0.474512666100640E-01
    0.287687527645167E-01    0.300325111062304E-01
    0.360427926750966E-01    0.119073032814248E-01
    0.339265170709450E-02    0.000000000000000E+00
    0.000000000000000E+00    0.000000000000000E+00
    0.539362196572734E-03   -0.155672643276230E-03
    0.787414858341832E-03   -0.504890180341436E-03
    0.823687589475707E-03   -0.912304149207031E-03
    0.702237960688168E-03   -0.129060828707440E-02
    0.431687404673732E-03   -0.155720959671507E-02
    0.178617492607215E-05   -0.162571476001361E-02
   -0.563365366559220E-03   -0.142712939455289E-02
   -0.123132429966251E-02   -0.886145188094831E-03
   -0.194616255090883E-02    0.283785641876360E-04
   -0.265011377467788E-02    0.133266795073318E-02
   -0.329275822192117E-02    0.301525266336999E-02
   -0.382142551209265E-02    0.501544788994446E-02
   -0.421230130495417E-02    0.730145921009572E-02
   -0.443236132899495E-02    0.974424722726448E-02
   -0.448963838875402E-02    0.123238920648911E-01
   -0.437346114587081E-02    0.148637165973589E-01
   -0.411799853324491E-02    0.173819944994172E-01
   -0.372747003862334E-02    0.196798081724341E-01
   -0.324683099475434E-02    0.218201944601978E-01
   -0.267604452631554E-02    0.236044317301379E-01
   -0.204911241369617E-02    0.251180688134773E-01
   -0.133255899119318E-02    0.261722385873770E-01
   -0.532977389509312E-03    0.268260885457496E-01
    0.440002992228857E-03    0.268921375344403E-01
    0.158758573796437E-02    0.263547758862889E-01
    0.302592832890128E-02    0.250225136396946E-01
    0.465021708342873E-02    0.228267883592150E-01
    0.638721999742247E-02    0.196839962093053E-01
    0.771084218694119E-02    0.157040032700515E-01
    0.790219493266858E-02    0.112100816895106E-01
    0.560831634464685E-02    0.720083339705714E-02
   -0.362756787085473E-03    0.469057458236507E-02
   -0.105649184986585E-01    0.550695784790539E-02
   -0.246186633276362E-01    0.132889143635922E-01
   -0.349336567827024E-01    0.220152943430499E-01
   -0.330124099763658E-01    0.332319356144939E-01
    0.610985948236673E-02    0.347332323632544E-01
    0.517706127858372E-01    0.149628046193045E-01
    0.449321863378078E-01    0.121941571191601E-01
    0.339265170709450E-02    0.000000000000000E+00
    0.000000000000000E+00    0.000000000000000E+00
    0.836719193933175E-03   -0.172657406595399E-03
    0.121855850384326E-02   -0.570534462429526E-03
    0.126559218916270E-02   -0.104675800837234E-02
    0.107275431183713E-02   -0.149725076443122E-02
    0.640645412980389E-03   -0.182272061642017E-02
   -0.350563565307302E-04   -0.194199000837687E-02
   -0.919039267579684E-03   -0.176466107744636E-02
   -0.196454676409592E-02   -0.122646082514097E-02
   -0.308169365008477E-02   -0.276467194067651E-03
   -0.419179259424220E-02    0.108971530034877E-02
   -0.520331608036754E-02    0.287339493856429E-02
   -0.605496416675361E-02    0.500625373005056E-02
   -0.668326864320301E-02    0.745730281509027E-02
   -0.706763232959255E-02    0.100971430152377E-01
   -0.718135436420695E-02    0.128930404307160E-01
   -0.704624445454597E-02    0.156750698707006E-01
   -0.666698168096383E-02    0.184381228180294E-01
   -0.609220085203115E-02    0.209919462449139E-01
   -0.533899134278021E-02    0.233733791583756E-01
   -0.445142354435090E-02    0.253851621657588E-01
   -0.342839202090179E-02    0.270940839359290E-01
   -0.226943717758200E-02    0.282967403845384E-01
   -0.928058756792841E-03    0.290507396485137E-01
    0.664571078395803E-03    0.291339781980981E-01
    0.257539395781252E-02    0.285565770560381E-01
    0.488366478975524E-02    0.270716797075415E-01
    0.748535411552367E-02    0.246890004072610E-01
    0.102035833245566E-01    0.211950695993949E-01
    0.122549909539163E-01    0.168875168096348E-01
    0.126798811883732E-01    0.117585001445480E-01
    0.961454675513038E-02    0.704650944512114E-02
    0.122278717664005E-02    0.332466185279388E-02
   -0.129652576531765E-01    0.264631021701934E-02
   -0.319203234389664E-01    0.635221300891961E-02
   -0.438252341347374E-01    0.113514887264008E-01
   -0.327095317792174E-01    0.162476900590609E-01
    0.131780181622485E-01    0.155198643861175E-01
    0.599548598759723E-01    0.603833265079783E-02
    0.582665132970222E-01    0.241572460341456E-02
    0.339265170709450E-02    0.000000000000000E+00
    0.000000000000000E+00    0.000000000000000E+00
    0.117114131050385E-02   -0.193835627119816E-03
    0.170538526131690E-02   -0.646299327523958E-03
    0.178104399252755E-02   -0.119815306931861E-02
    0.151627575180615E-02   -0.172917316640685E-02
    0.920866109087887E-03   -0.215576830999695E-02
   -0.107459290486306E-04   -0.236119230416294E-02
   -0.123252098576098E-02   -0.229354435380187E-02
   -0.267229079121996E-02   -0.184093997570850E-02
   -0.421812203370385E-02   -0.100217413238893E-02
   -0.575032957976420E-02    0.281273159471297E-03
   -0.716407350238708E-02    0.195848693506435E-02
   -0.834833786051308E-02    0.401495875698109E-02
   -0.925232626596692E-02    0.637266196074794E-02
   -0.979998659110984E-02    0.894727782911304E-02
   -0.100083105232987E-01    0.116693630460484E-01
   -0.984049153279806E-02    0.144024417345461E-01
   -0.936892089713273E-02    0.171122877902910E-01
   -0.858350243992024E-02    0.196382503369966E-01
   -0.757672741365198E-02    0.219816807787615E-01
   -0.633448745501122E-02    0.239905731145820E-01
   -0.491999275340558E-02    0.256668558486744E-01
   -0.326975528042035E-02    0.268935011556010E-01
   -0.138173368742411E-02    0.276117362728945E-01
    0.888598088449972E-03    0.277461142175676E-01
    0.356770140596054E-02    0.271296384683838E-01
    0.680672030948467E-02    0.257170273388918E-01
    0.104127981282753E-01    0.232902017951980E-01
    0.141799009729384E-01    0.198321069619226E-01
    0.171226200425465E-01    0.153922564669417E-01
    0.179634687022207E-01    0.100667669429657E-01
    0.145561050806120E-01    0.470517641442523E-02
    0.455424088133014E-02    0.117639380903409E-04
   -0.124966545348922E-01   -0.293179586459478E-02
   -0.347605588618163E-01   -0.235814508729756E-02
   -0.482175892161944E-01   -0.134015613924789E-02
   -0.402725655793062E-01   -0.483134430067382E-03
    0.148146797266716E-01   -0.688332400993212E-03
    0.720646876135676E-01   -0.588075835001281E-02
    0.540116240539884E-01   -0.685252607141242E-03
    0.339265170709450E-02    0.000000000000000E+00
    0.000000000000000E+00    0.000000000000000E+00
    0.154606249115492E-02   -0.212048786082783E-03
    0.226913310578638E-02   -0.711126874058635E-03
    0.238686320016021E-02   -0.134212992379865E-02
    0.206427462631347E-02   -0.196494422086592E-02
    0.131608725715238E-02   -0.250058035354858E-02
    0.136416693595430E-03   -0.282852141347765E-02
   -0.140284231724921E-02   -0.290168592134397E-02
   -0.322622720760448E-02   -0.260664781269661E-02
   -0.517890878296281E-02   -0.194949083435354E-02
   -0.712698481566044E-02   -0.863207161671944E-03
   -0.892078038672914E-02    0.588293272539002E-03
   -0.104423756180712E-01    0.241184116072773E-02
   -0.116007062726050E-01    0.450535258948162E-02
   -0.123302578301456E-01    0.682270839939251E-02
   -0.126149905031427E-01    0.925535493246761E-02
   -0.124461290981459E-01    0.117234433716202E-01
   -0.118706424670439E-01    0.141395855087958E-01
   -0.109162379343802E-01    0.164149983909999E-01
   -0.965413164045544E-02    0.184911692161709E-01
   -0.810588056263391E-02    0.202941426174163E-01
   -0.630851434055073E-02    0.217714222615170E-01
   -0.422227318058009E-02    0.228763093217375E-01
   -0.180234158761697E-02    0.235141506319925E-01
    0.108315494658357E-02    0.236558348439258E-01
    0.451709006995874E-02    0.231259326667381E-01
    0.863101967703642E-02    0.218808014743987E-01
    0.132478022470666E-01    0.197145272872072E-01
    0.180862369482550E-01    0.165427715046915E-01
    0.220199339637631E-01    0.123928395944341E-01
    0.234989881925979E-01    0.722600239844431E-02
    0.200893661200606E-01    0.175559634229738E-02
    0.886035376069426E-02   -0.365324712742844E-02
   -0.995896525928583E-02   -0.791750969625247E-02
   -0.346793190681020E-01   -0.996903270289510E-02
   -0.484427707650813E-01   -0.113080079997934E-01
   -0.332870687743430E-01   -0.118186595856122E-01
    0.184182241439319E-01   -0.117202805228332E-01
    0.622091362306551E-01   -0.106696519395590E-01
    0.492023109531702E-01   -0.486932559627984E-02
    0.339265170709450E-02    0.000000000000000E+00
    0.000000000000000E+00    0.000000000000000E+00
    0.195000365502734E-02   -0.227226885397067E-03
    0.287434745770663E-02   -0.764254769412638E-03
    0.306274199111043E-02   -0.145554233629501E-02
    0.270139238785501E-02   -0.215594260687198E-02
    0.181975932788029E-02   -0.279971086194099E-02
    0.419731910715866E-03   -0.325431737764260E-02
   -0.142314734087559E-02   -0.349064821214288E-02
   -0.359867597654485E-02   -0.338777042363605E-02
   -0.593963886621611E-02   -0.296084582502131E-02
   -0.826701198572678E-02   -0.214596276252879E-02
   -0.104239182516356E-01   -0.997038418862977E-03
   -0.122432659606123E-01    0.471628522306246E-03
   -0.136467244874669E-01    0.219636569375806E-02
   -0.145199452277506E-01    0.408387257466640E-02
   -0.148830319032670E-01    0.609842157512744E-02
   -0.146840893949768E-01    0.808692875142858E-02
   -0.140212555409397E-01    0.100653167092433E-01
   -0.128898331599268E-01    0.118601304292537E-01
   -0.114100332681500E-01    0.135267556223940E-01
   -0.958136376473607E-02    0.149244680159048E-01
   -0.747000377074017E-02    0.160903296712096E-01
   -0.501395306472385E-02    0.169621472397249E-01
   -0.217244708678364E-02    0.174730273916245E-01
    0.122528866579050E-02    0.176459392434292E-01
    0.526593700400538E-02    0.172529495888106E-01
    0.101319024047243E-01    0.163438810590977E-01
    0.156226019621731E-01    0.145990302597385E-01
    0.214414891578774E-01    0.119914998710705E-01
    0.263723716672941E-01    0.841261507603690E-02
    0.286503169409280E-01    0.376793120501264E-02
    0.255982970826211E-01   -0.139050313255561E-02
    0.141407877553568E-01   -0.680928050670061E-02
   -0.606141784722633E-02   -0.116190801548720E-01
   -0.323800023461630E-01   -0.146991907249039E-01
   -0.485956290710147E-01   -0.169593738176947E-01
   -0.389970102655910E-01   -0.178712363818300E-01
    0.159111584292514E-01   -0.170518234472421E-01
    0.669359207730423E-01   -0.142666677173627E-01
    0.412911243903001E-01   -0.548003985776875E-02
    0.339265170709450E-02    0.000000000000000E+00
    0.000000000000000E+00    0.000000000000000E+00
    0.237661500076954E-02   -0.232787632773409E-03
    0.353820324176587E-02   -0.789930055274607E-03
    0.380981750053317E-02   -0.152668140515544E-02
    0.343287476091321E-02   -0.229507450014741E-02
    0.244392499212603E-02   -0.303075284292877E-02
    0.848932300963725E-03   -0.361526482311254E-02
   -0.125110999123377E-02   -0.401314667692920E-02
   -0.374103009450372E-02   -0.412158546748818E-02
   -0.641781494707085E-02   -0.394732699600475E-02
   -0.908390973289278E-02   -0.343997136780240E-02
   -0.115486799675542E-01   -0.264738920919639E-02
   -0.136316476924155E-01   -0.158691633127528E-02
   -0.152267702173885E-01   -0.323528410130252E-03
   -0.162232833709023E-01    0.106250336261896E-02
   -0.166226529004859E-01    0.252483503777549E-02
   -0.163945661950340E-01    0.394314658839747E-02
   -0.156294011942547E-01    0.531826104803482E-02
   -0.143533731040418E-01    0.652702903892442E-02
   -0.126863144214988E-01    0.761720093728236E-02
   -0.106534873920816E-01    0.850434914516394E-02
   -0.831556176247883E-02    0.923965347786805E-02
   -0.561881613265402E-02    0.980245544863569E-02
   -0.249285421300898E-02    0.101696838605700E-01
    0.124336401244270E-02    0.103674399175509E-01
    0.573852620753024E-02    0.102321128615317E-01
    0.111887673158936E-01    0.976556965883780E-02
    0.174453373405959E-01    0.869375856482818E-02
    0.241880707933262E-01    0.690876333002720E-02
    0.301109789441771E-01    0.425764464380641E-02
    0.332780126993834E-01    0.572483035646733E-03
    0.307660195019860E-01   -0.376973278776438E-02
    0.189350165603828E-01   -0.858038570942624E-02
   -0.192763246031510E-02   -0.131005570009292E-01
   -0.296703216595327E-01   -0.163833278941670E-01
   -0.461957677961995E-01   -0.187967191601740E-01
   -0.325519499554033E-01   -0.193157277273233E-01
    0.145518029145152E-01   -0.177060747280669E-01
    0.499144963583835E-01   -0.131319785364366E-01
    0.316978425797974E-01   -0.501539893707654E-02
    0.339265170709450E-02    0.000000000000000E+00
    0.000000000000000E+00    0.000000000000000E+00
    0.280803517336492E-02   -0.232299792020572E-03
    0.420342194439818E-02   -0.792200315744241E-03
    0.459133897206261E-02   -0.155329439611009E-02
    0.422822863872009E-02   -0.236381130337417E-02
    0.316787432083525E-02   -0.318559200482526E-02
    0.142525861694866E-02   -0.388524694798574E-02
   -0.896453822397905E-03   -0.445441731419556E-02
   -0.364821722796957E-02   -0.477643463959720E-02
   -0.661457336880688E-02   -0.487694477904537E-02
   -0.955972891803762E-02   -0.470068824168559E-02
   -0.122821288754878E-01   -0.429736799909694E-02
   -0.145634359265209E-01   -0.369707793885818E-02
   -0.163036121079876E-01   -0.293897317760940E-02
   -0.173598865033046E-01   -0.214090177198459E-02
   -0.177609189220887E-01   -0.128738208851157E-02
   -0.174588863931366E-01   -0.557026429600845E-03
   -0.165827198080892E-01    0.145141623106833E-03
   -0.151628674212877E-01    0.639990881215004E-03
   -0.133474464063187E-01    0.107621247193012E-02
   -0.111845256186023E-01    0.135507802701164E-02
   -0.873045021914859E-02    0.158887455647496E-02
   -0.595197288411484E-02    0.182115879654455E-02
   -0.273623962464354E-02    0.200264017613475E-02
    0.111188029806868E-02    0.230563128219630E-02
    0.580016962928768E-02    0.243989801052809E-02
    0.115810562954823E-01    0.258240367785805E-02
    0.183452641038466E-01    0.227841333633377E-02
    0.257901201240694E-01    0.152975035190082E-02
    0.325915503494442E-01    0.312513722055636E-04
    0.366531231108369E-01   -0.239696797745704E-02
    0.348339521295039E-01   -0.548757006189278E-02
    0.234738502388609E-01   -0.911775243332880E-02
    0.180005674376348E-02   -0.126618230866640E-01
   -0.268764338600932E-01   -0.151823396189792E-01
   -0.461921936745702E-01   -0.170958227745785E-01
   -0.386023923797863E-01   -0.173465288039111E-01
    0.110250645517985E-01   -0.158878566418710E-01
    0.541760296143249E-01   -0.120846121773406E-01
    0.249769420886892E-01   -0.404114522582224E-02
    0.339265170709450E-02    0.000000000000000E+00
    0.000000000000000E+00    0.000000000000000E+00
    0.323588574117913E-02   -0.225302454939058E-03
    0.489636084575726E-02   -0.778334454844347E-03
    0.540745087494595E-02   -0.154766029016619E-02
    0.508754677692821E-02   -0.239771953231931E-02
    0.398831870807993E-02   -0.328551187766256E-02
    0.213577314265645E-02   -0.410549612346518E-02
   -0.350696860132163E-03   -0.483203024572304E-02
   -0.330970679769282E-02   -0.537780533120284E-02
   -0.650343142216751E-02   -0.574892953621342E-02
   -0.966636387626257E-02   -0.591410346358532E-02
   -0.125798725360742E-01   -0.590951622178884E-02
   -0.149992672574244E-01   -0.577684532375824E-02
   -0.168167204443777E-01   -0.555481063722505E-02
   -0.178811472273021E-01   -0.535186928662507E-02
   -0.182284250262793E-01   -0.516588317998219E-02
   -0.178225396179093E-01   -0.513874120337659E-02
   -0.168191378684926E-01   -0.519235110690708E-02
   -0.152688960179136E-01   -0.544450940853040E-02
   -0.133612881302238E-01   -0.574692829734927E-02
   -0.111511437649329E-01   -0.613021501469773E-02
   -0.873075525775404E-02   -0.644579524278749E-02
   -0.603917754524167E-02   -0.660699026925643E-02
   -0.296420398112195E-02   -0.658447161065340E-02
    0.757889554362618E-03   -0.621966997114142E-02
    0.538281304814256E-02   -0.570333470058894E-02
    0.112596267197760E-01   -0.493521597477516E-02
    0.183155227614471E-01   -0.430035373126509E-02
    0.263418357834516E-01   -0.389537043301849E-02
    0.338592456017752E-01   -0.404640849862033E-02
    0.387635260528259E-01   -0.498867611238558E-02
    0.375355760805281E-01   -0.658320427273263E-02
    0.261238566184020E-01   -0.876057041580816E-02
    0.433873692373131E-02   -0.110185962317027E-01
   -0.251792334735715E-01   -0.126501451503193E-01
   -0.442784304823046E-01   -0.138547614560690E-01
   -0.333071765678710E-01   -0.137595375518799E-01
    0.861154631803299E-02   -0.121286898008840E-01
    0.374225892437505E-01   -0.872189213523943E-02
    0.177952948765122E-01   -0.298286624341602E-02
    0.339265170709450E-02    0.000000000000000E+00
    0.000000000000000E+00    0.000000000000000E+00
    0.364657738262332E-02   -0.213395106050381E-03
    0.555462873068218E-02   -0.744102387129378E-03
    0.622947697341154E-02   -0.151254434328855E-02
    0.598755076687322E-02   -0.237930938334074E-02
    0.490000514338977E-02   -0.333700635368926E-02
    0.299208978187111E-02   -0.425801636002100E-02
    0.389971570368351E-03   -0.515188916752712E-02
   -0.272151281315224E-02   -0.590540069289663E-02
   -0.608252096531462E-02   -0.655403864892362E-02
   -0.940380266491981E-02   -0.704822003046821E-02
   -0.124416677951147E-01   -0.743937621087317E-02
   -0.149319847569749E-01   -0.777129253465499E-02
   -0.167577506535377E-01   -0.806993397912256E-02
   -0.177610610109198E-01   -0.847625824715721E-02
   -0.179915916133679E-01   -0.893405177947110E-02
   -0.174326577968887E-01   -0.964236252469270E-02
   -0.162648516641553E-01   -0.104296929829325E-01
   -0.145941371202763E-01   -0.114642157573070E-01
   -0.126158065048031E-01   -0.124971409321171E-01
   -0.104674726971141E-01   -0.135509439645881E-01
   -0.819467558863102E-02   -0.144304103566982E-01
   -0.581093096744434E-02   -0.149394937446716E-01
   -0.309481851318655E-02   -0.151137920646303E-01
    0.199742584565676E-03   -0.145923590772094E-01
    0.447165104917189E-02   -0.137453608418978E-01
    0.101148878825169E-01   -0.122543435297561E-01
    0.171899522282400E-01   -0.107212554014214E-01
    0.254803093277039E-01   -0.910938096467058E-02
    0.336026206392851E-01   -0.790011239909019E-02
    0.392303516858325E-01   -0.731014938349292E-02
    0.387376261546906E-01   -0.730806800233037E-02
    0.280538354522396E-01   -0.786443121587152E-02
    0.585971706276397E-02   -0.866822694409731E-02
   -0.239521892061340E-01   -0.911210755776735E-02
   -0.451658799210886E-01   -0.964309533580256E-02
   -0.392066587126479E-01   -0.956168488213102E-02
    0.629680621295724E-02   -0.875191136888067E-02
    0.442716123883596E-01   -0.672334989634720E-02
    0.145328773012190E-01   -0.225512260072117E-02
    0.339265170709450E-02    0.000000000000000E+00
    0.000000000000000E+00    0.000000000000000E+00
    0.403774572697983E-02   -0.199661555787101E-03
    0.622346899705560E-02   -0.709398746204653E-03
    0.706135317507572E-02   -0.146355665414871E-02
    0.693062588198979E-02   -0.235363195186393E-02
    0.588455301185298E-02   -0.335873462773076E-02
    0.396383099497542E-02   -0.438647855734341E-02
    0.129825571557449E-02   -0.541926405099624E-02
   -0.190733089323790E-02   -0.637633142876812E-02
   -0.538324862273254E-02   -0.726708267343749E-02
   -0.879809186160240E-02   -0.806555253484795E-02
   -0.119043617917055E-01   -0.881178884024019E-02
   -0.143976887706837E-01   -0.955575636350052E-02
   -0.161706455624340E-01   -0.103378698720939E-01
   -0.170455149656953E-01   -0.112759007413590E-01
   -0.171067146397905E-01   -0.123548065722893E-01
   -0.163413434840292E-01   -0.137123664174582E-01
   -0.149989871518072E-01   -0.152287630957244E-01
   -0.131959134593044E-01   -0.169779770399076E-01
   -0.112232777257554E-01   -0.187422687842371E-01
   -0.920088068034756E-02   -0.204446272018580E-01
   -0.726549805883484E-02   -0.218697753529645E-01
   -0.534925147564367E-02   -0.227630944380177E-01
   -0.327453667426052E-02   -0.230814895135068E-01
   -0.637560040711023E-03   -0.224873304448593E-01
    0.297508480169132E-02   -0.212416104917512E-01
    0.817310665932729E-02   -0.191304506923286E-01
    0.149970855367193E-01   -0.166687302659602E-01
    0.234675382926452E-01   -0.139459974172370E-01
    0.319244736007123E-01   -0.114223108413774E-01
    0.382071681807816E-01   -0.939934936746441E-02
    0.381994767052185E-01   -0.789390785209125E-02
    0.276024062209807E-01   -0.698988465269137E-02
    0.581953225654939E-02   -0.644368694737171E-02
   -0.240688232073379E-01   -0.596604179235960E-02
   -0.438839002085471E-01   -0.584176220697913E-02
   -0.339090280271422E-01   -0.576444413656906E-02
    0.537924704452470E-02   -0.531174713400581E-02
    0.303468903663295E-01   -0.412385076077277E-02
    0.100962952291661E-01   -0.146281293560090E-02
    0.339265170709450E-02    0.000000000000000E+00
    0.000000000000000E+00    0.000000000000000E+00
    0.440050522726101E-02   -0.182344258875573E-03
    0.683704605406686E-02   -0.657572648755762E-03
    0.788587202063605E-02   -0.139827982611634E-02
    0.790015576937719E-02   -0.228909054909735E-02
    0.695249208491890E-02   -0.334772575168440E-02
    0.506690820391172E-02   -0.445186787909576E-02
    0.238585386756494E-02   -0.562045772403678E-02
   -0.875621092985366E-03   -0.673772830755366E-02
   -0.441260007805199E-02   -0.784360073103261E-02
   -0.788360016198032E-02   -0.888855905529432E-02
   -0.109977762176960E-01   -0.992734438340020E-02
   -0.134470702652312E-01   -0.110177747954457E-01
   -0.150971204861466E-01   -0.121799953408063E-01
   -0.157865437735750E-01   -0.135873821216706E-01
   -0.156008508602682E-01   -0.151499044805293E-01
   -0.145842498193340E-01   -0.171037448477138E-01
   -0.130013873918081E-01   -0.191995699433668E-01
   -0.110796040281446E-01   -0.216118343884560E-01
   -0.909596141472385E-02   -0.239805042723473E-01
   -0.731974644387289E-02   -0.262618467550143E-01
   -0.579275772771311E-02   -0.281665412057714E-01
   -0.458187901951792E-02   -0.293500661717032E-01
   -0.331492884318974E-02   -0.298361906147285E-01
   -0.164702997131278E-02   -0.290877119904408E-01
    0.109021183656808E-02   -0.275661955671208E-01
    0.551278028697991E-02   -0.248428691562000E-01
    0.119157320394347E-01   -0.216604458257407E-01
    0.202315370094609E-01   -0.179765237424064E-01
    0.290288224609457E-01   -0.143975602159615E-01
    0.358128178544973E-01   -0.111796459899824E-01
    0.365018627399288E-01   -0.844206839360463E-02
    0.267753939895738E-01   -0.626643488334900E-02
    0.495646027240325E-02   -0.459428334970673E-02
   -0.245265710165812E-01   -0.324549997717398E-02
   -0.455070148159820E-01   -0.270934932183569E-02
   -0.390930192789489E-01   -0.276410424693702E-02
    0.497743633075589E-02   -0.316056474729227E-02
    0.400409641158726E-01   -0.292536378015164E-02
    0.922013408824996E-02   -0.110764449213407E-02
    0.339265170709450E-02    0.000000000000000E+00
    0.000000000000000E+00    0.000000000000000E+00
    0.473645300763388E-02   -0.165979752882585E-03
    0.745448005482215E-02   -0.614821622123056E-03
    0.870283093939482E-02   -0.132683093447460E-02
    0.889209353989407E-02   -0.222558459903706E-02
    0.805880692728582E-02   -0.330457586572898E-02
    0.624218678171895E-02   -0.447832947913452E-02
    0.357725636685378E-02   -0.572956524004596E-02
    0.303431129985188E-03   -0.697208933091543E-02
   -0.327064300939299E-02   -0.821658641822131E-02
   -0.675156708592204E-02   -0.942978072373670E-02
   -0.984823343603374E-02   -0.106632866304168E-01
   -0.122011101724303E-01   -0.119675292077485E-01
   -0.136924564153107E-01   -0.134021866700276E-01
   -0.141335008765338E-01   -0.150944662889330E-01
   -0.136639661378275E-01   -0.170394062870261E-01
   -0.123303477800008E-01   -0.193776921674925E-01
   -0.105043049873361E-01   -0.219687335339737E-01
   -0.842194240997956E-02   -0.248511005961930E-01
   -0.650854473476651E-02   -0.277524840490288E-01
   -0.499710283823063E-02   -0.304925265123348E-01
   -0.407145680136842E-02   -0.328040624823594E-01
   -0.366274290621870E-02   -0.342672179591963E-01
   -0.347705026319318E-02   -0.348509150212736E-01
   -0.291798128685746E-02   -0.340515038517989E-01
   -0.132964966632299E-02   -0.322332741360428E-01
    0.223246914799877E-02   -0.290962616298751E-01
    0.798471178101918E-02   -0.252954927696011E-01
    0.162010517630737E-01   -0.209306437579795E-01
    0.250697660502830E-01   -0.165535347257380E-01
    0.323489906492104E-01   -0.125073056758748E-01
    0.334620930765204E-01   -0.888448830354069E-02
    0.239018773706914E-01   -0.586926618677531E-02
    0.299681377701518E-02   -0.340790041182952E-02
   -0.258607789310550E-01   -0.157525130927153E-02
   -0.443191747405463E-01   -0.715869514978732E-03
   -0.332798788879168E-01   -0.894434136343690E-03
    0.552878085058218E-02   -0.150779707652516E-02
    0.280835777919544E-01   -0.172054958332242E-02
    0.641072795669295E-02   -0.804013138459286E-03
    0.339265170709450E-02    0.000000000000000E+00
    0.000000000000000E+00    0.000000000000000E+00
    0.503976535249800E-02   -0.146739715526014E-03
    0.800391826528525E-02   -0.554439408331434E-03
    0.950145509105475E-02   -0.124177053883299E-02
    0.988941115057840E-02   -0.211904847946917E-02
    0.921962082721737E-02   -0.321596854200052E-02
    0.749869858663298E-02   -0.440961228769970E-02
    0.487726588202666E-02   -0.571491313334070E-02
    0.159598275465990E-02   -0.700608897089306E-02
   -0.199033953228436E-02   -0.831720409180142E-02
   -0.548353851331618E-02   -0.959520944193199E-02
   -0.853274929745909E-02   -0.108933325754745E-01
   -0.107795145194677E-01   -0.122903545825778E-01
   -0.120639019270107E-01   -0.138009740775002E-01
   -0.122246994043092E-01   -0.156538429491344E-01
   -0.113958235285967E-01   -0.177261812098853E-01
   -0.970715355235068E-02   -0.203315455773285E-01
   -0.754708158707489E-02   -0.231371256359958E-01
   -0.530748942225443E-02   -0.263754384238027E-01
   -0.339495678854599E-02   -0.295608481494425E-01
   -0.224645037189263E-02   -0.326353346216952E-01
   -0.191397781451020E-02   -0.352040393609958E-01
   -0.251016673620713E-02   -0.368191509091831E-01
   -0.346224474940792E-02   -0.375013265378794E-01
   -0.426580471525064E-02   -0.365806546544945E-01
   -0.389439184361226E-02   -0.346355365489392E-01
   -0.144530272240259E-02   -0.311714829934316E-01
    0.366316940278056E-02   -0.270769515184377E-01
    0.115150290129804E-01   -0.223261545815504E-01
    0.206144633084489E-01   -0.175936737175643E-01
    0.282850905571530E-01   -0.131462316325730E-01
    0.300427580175770E-01   -0.913038416292245E-02
    0.214250332956074E-01   -0.566973986556352E-02
    0.663051782250673E-03   -0.280357930592116E-02
   -0.273234820688608E-01   -0.670608584458745E-03
   -0.463389425812908E-01    0.303666533487374E-03
   -0.378067376080971E-01    0.453256884928471E-04
    0.629575363142574E-02   -0.103738409964618E-02
    0.393248464004818E-01   -0.153065867173633E-02
    0.651487564296490E-02   -0.749791168724228E-03
    0.339265170709450E-02    0.000000000000000E+00
    0.000000000000000E+00    0.000000000000000E+00
    0.531267577089125E-02   -0.129337071454890E-03
    0.855166987069254E-02   -0.506448167035793E-03
    0.102703865142766E-01   -0.114784940026178E-02
    0.108724039492843E-01   -0.200438507356249E-02
    0.103573220875542E-01   -0.307093492635474E-02
    0.874108329325499E-02   -0.425837885337462E-02
    0.616179025474836E-02   -0.553916649814106E-02
    0.288343771414457E-02   -0.681036214425183E-02
   -0.732066694938428E-03   -0.807733283208931E-02
   -0.422948454779128E-02   -0.929202642513649E-02
   -0.724900136394930E-02   -0.105163525478124E-01
   -0.937301974186342E-02   -0.118040568447247E-01
   -0.104511450965790E-01   -0.132388895666905E-01
   -0.102916794875866E-01   -0.149765545276220E-01
   -0.908722445364216E-02   -0.170311211430840E-01
   -0.697773785683783E-02   -0.195834816716662E-01
   -0.448105920422038E-02   -0.224794207699386E-01
   -0.201309969273701E-02   -0.257725587070510E-01
   -0.162622930709677E-03   -0.291366523477150E-01
    0.666006647766374E-03   -0.323416477271706E-01
    0.253647189964659E-03   -0.350684953026502E-01
   -0.134496080578760E-02   -0.367830380255397E-01
   -0.363561526880040E-02   -0.374802046270224E-01
   -0.579452922314076E-02   -0.365413669534817E-01
   -0.680025965241071E-02   -0.344624604048946E-01
   -0.535564819446818E-02   -0.309047383604908E-01
   -0.987290166304802E-03   -0.266731507098877E-01
    0.674255616823420E-02   -0.218895334584911E-01
    0.159057297269399E-01   -0.171474858340078E-01
    0.240210850487578E-01   -0.127686751846352E-01
    0.262154753556870E-01   -0.880810755593016E-02
    0.177241901674321E-01   -0.541061797799582E-02
   -0.185267606599947E-02   -0.257072973471902E-02
   -0.289134842986714E-01   -0.526756127004172E-03
   -0.448904087410519E-01    0.407192497877704E-03
   -0.317158272868248E-01    0.236740654955785E-04
    0.737581231725625E-02   -0.989553108257613E-03
    0.277586806055282E-01   -0.140645077048584E-02
    0.396289052541366E-02   -0.833093843575116E-03
    0.339265170709450E-02    0.000000000000000E+00
    0.000000000000000E+00    0.000000000000000E+00
    0.555036308177267E-02   -0.109189003728334E-03
    0.901739749094081E-02   -0.437604689882765E-03
    0.109993783789989E-01   -0.103521939831677E-02
    0.118198703256771E-01   -0.183182783892591E-02
    0.114856526799490E-01   -0.285256457056282E-02
    0.996994068080637E-02   -0.396656915715046E-02
    0.742350723489362E-02   -0.517059138547163E-02
    0.411170965803090E-02   -0.632403166254569E-02
    0.447023692836003E-03   -0.744281061385062E-02
   -0.310427096618147E-02   -0.847042603963964E-02
   -0.611130503450114E-02   -0.944940355862482E-02
   -0.814848528777268E-02   -0.104894743114329E-01
   -0.901166396269042E-02   -0.115962790203884E-01
   -0.853125507499641E-02   -0.130806594120647E-01
   -0.689406454687856E-02   -0.147886160522366E-01
   -0.432889536369793E-02   -0.171604079362104E-01
   -0.138980111828692E-02   -0.197801904025642E-01
    0.133354932444560E-02   -0.230066482000781E-01
    0.324396198122905E-02   -0.262226849446281E-01
    0.371238698541467E-02   -0.294267490254327E-01
    0.265119523946925E-02   -0.321156491167619E-01
   -0.748378258414315E-04   -0.337932821138971E-01
   -0.363798468479364E-02   -0.344995546321154E-01
   -0.730645917042843E-02   -0.334670394739319E-01
   -0.959771903749266E-02   -0.314406081675016E-01
   -0.928711367546890E-02   -0.278818393591006E-01
   -0.547379942760701E-02   -0.238553326228665E-01
    0.200202004414706E-02   -0.193500811145585E-01
    0.115100176636019E-01   -0.150548185852122E-01
    0.200874591875257E-01   -0.111959833553853E-01
    0.228567458806369E-01   -0.778936071901712E-02
    0.152664850789834E-01   -0.489403999575785E-02
   -0.431516696106242E-02   -0.243350746504784E-02
   -0.304737692031417E-01   -0.718912912467007E-03
   -0.469813365609618E-01    0.463669521063103E-04
   -0.358886925540398E-01   -0.413561755397716E-03
    0.835827531545439E-02   -0.157355430394751E-02
    0.393185007606661E-01   -0.183678092892905E-02
    0.410297374294591E-02   -0.913101803498633E-03
    0.339265170709450E-02    0.000000000000000E+00
    0.000000000000000E+00    0.000000000000000E+00
    0.575428559368953E-02   -0.905153544918808E-04
    0.947058971317036E-02   -0.380337579610003E-03
    0.116654327152672E-01   -0.906415946462404E-03
    0.126942662171000E-01   -0.163561007785191E-02
    0.125019576387835E-01   -0.255142779963209E-02
    0.110599784747623E-01   -0.355150853994098E-02
    0.850997856392943E-02   -0.458925425479390E-02
    0.513338144483482E-02   -0.553963951424872E-02
    0.136205494752224E-02   -0.639371091831994E-02
   -0.228054646639499E-02   -0.708876663156007E-02
   -0.533599065808130E-02   -0.768681677691245E-02
   -0.731407396090532E-02   -0.825549173685946E-02
   -0.800019661670165E-02   -0.889465503242853E-02
   -0.719288379189000E-02   -0.981739314707983E-02
   -0.512417716928604E-02   -0.110547895790911E-01
   -0.204934905326858E-02   -0.128813962441166E-01
    0.134970420589072E-02   -0.151305377364512E-01
    0.442038100091755E-02   -0.179457044865225E-01
    0.638052843714343E-02   -0.209420959080931E-01
    0.659092705467899E-02   -0.239210292190274E-01
    0.481222942741167E-02   -0.264988537356718E-01
    0.106290458752041E-02   -0.280978428646684E-01
   -0.385862521094053E-02   -0.287323646391824E-01
   -0.887961426277647E-02   -0.277257529617424E-01
   -0.124652398746310E-01   -0.257158468475634E-01
   -0.129925826258122E-01   -0.223717115015235E-01
   -0.965617212047168E-02   -0.186484497685573E-01
   -0.203520816508359E-02   -0.147090301549901E-01
    0.781061632580152E-02   -0.111276312400287E-01
    0.169062617392542E-01   -0.815967418358471E-02
    0.201758619146515E-01   -0.568187006722788E-02
    0.125175105271794E-01   -0.367835537352535E-02
   -0.593376363546356E-02   -0.201525060536741E-02
   -0.313471166817104E-01   -0.928966189222691E-03
   -0.449671790663613E-01   -0.596691489999798E-03
   -0.298154963207179E-01   -0.125883446120815E-02
    0.915257650719909E-02   -0.225504985170403E-02
    0.270636305367734E-01   -0.218606144633231E-02
    0.956170024787294E-03   -0.116828879882222E-02
    0.339265170709450E-02    0.000000000000000E+00
    0.000000000000000E+00    0.000000000000000E+00
    0.591827431284455E-02   -0.687792363339432E-04
    0.982169201485002E-02   -0.298213574881623E-03
    0.122547071671956E-01   -0.751118966750315E-03
    0.134727525749709E-01   -0.136748537191616E-02
    0.134166496642475E-01   -0.215418500880642E-02
    0.120150635818936E-01   -0.296976491689206E-02
    0.941205127140418E-02   -0.378314097819476E-02
    0.590034263984464E-02   -0.444122645094196E-02
    0.195802874182814E-02   -0.493104545533869E-02
   -0.186514392894453E-02   -0.519606163845096E-02
   -0.503401300095933E-02   -0.525679307820828E-02
   -0.703132110644836E-02   -0.525957119260812E-02
   -0.757795522042755E-02   -0.519624579507861E-02
   -0.647405708815579E-02   -0.547588138140071E-02
   -0.394807719325598E-02   -0.592231249414050E-02
   -0.324765691547969E-03   -0.714018067437195E-02
    0.363996588733203E-02   -0.865068275933092E-02
    0.713948425534917E-02   -0.109992874119357E-01
    0.930961602453155E-02   -0.134555713820792E-01
    0.931535319310299E-02   -0.161367506281688E-01
    0.698254263625492E-02   -0.184437028424291E-01
    0.218620137597062E-02   -0.198611176310717E-01
   -0.394537756847135E-02   -0.204763691918078E-01
   -0.103814566758813E-01   -0.194073541798849E-01
   -0.150764472065220E-01   -0.176263435637874E-01
   -0.164710043836566E-01   -0.145164199480146E-01
   -0.133294545632313E-01   -0.113710534470815E-01
   -0.555225902025581E-02   -0.817719451504334E-02
    0.495482705559887E-02   -0.559791132195349E-02
    0.147693441563629E-01   -0.381764565741924E-02
    0.185401572074318E-01   -0.255109980466485E-02
    0.116554942574690E-01   -0.177718943367510E-02
   -0.721997528402159E-02   -0.106402888539434E-02
   -0.320731693035977E-01   -0.858626231210883E-03
   -0.466447088860037E-01   -0.968984052087037E-03
   -0.336178317229663E-01   -0.188311543196868E-02
    0.993767017896342E-02   -0.299290913637031E-02
    0.383932737437364E-01   -0.271666059662509E-02
    0.804524336597388E-03   -0.121870957693467E-02
    0.339265170709450E-02    0.000000000000000E+00
    0.000000000000000E+00    0.000000000000000E+00
    0.604358688655705E-02   -0.475228511361695E-04
    0.101422186131555E-01   -0.224889062686392E-03
    0.127390416213162E-01   -0.573611778151262E-03
    0.141058862763775E-01   -0.106507570041478E-02
    0.141217587812751E-01   -0.166498066691436E-02
    0.126992892093218E-01   -0.225633358910667E-02
    0.998439473661064E-02   -0.277069937028460E-02
    0.627289617677876E-02   -0.306658165966261E-02
    0.207838631466881E-02   -0.311152244792270E-02
   -0.199666776214040E-02   -0.283570423833625E-02
   -0.536820724142168E-02   -0.228312723604471E-02
   -0.744863714499522E-02   -0.154595178787599E-02
   -0.792117331074449E-02   -0.720901367797116E-03
   -0.654903579212538E-02   -0.101781346387494E-03
   -0.357506050093385E-02    0.270815021904882E-03
    0.629893212492538E-03   -0.203294698686291E-04
    0.521293940992422E-02   -0.804180989725817E-03
    0.924001457160431E-02   -0.239083901776857E-02
    0.116966771045730E-01   -0.434421605350541E-02
    0.116415752799426E-01   -0.658025148275468E-02
    0.880522332001551E-02   -0.863337945597009E-02
    0.313866403002610E-02   -0.993853789693073E-02
   -0.416687705609462E-02   -0.104893195536227E-01
   -0.117675453127778E-01   -0.957046370164262E-02
   -0.174652984166519E-01   -0.792742794839605E-02
   -0.193366580848391E-01   -0.525016419748509E-02
   -0.161888125444907E-01   -0.262165608503992E-02
   -0.781691638376075E-02   -0.284145549285541E-03
    0.349230183033478E-02    0.126260834287505E-02
    0.139945980554440E-01    0.177962963592307E-02
    0.183806389473504E-01    0.169530074451536E-02
    0.111628489114529E-01    0.116612242496952E-02
   -0.684744121438954E-02    0.623469193874717E-03
   -0.314146545616807E-01   -0.146384723759257E-03
   -0.436817860117537E-01   -0.106323822135952E-02
   -0.274992380642988E-01   -0.239630701170251E-02
    0.102603597032528E-01   -0.352623433752971E-02
    0.251826817124187E-01   -0.300909811661722E-02
   -0.315270117715465E-02   -0.147921551821911E-02
    0.339265170709450E-02    0.000000000000000E+00
    0.000000000000000E+00    0.000000000000000E+00
    0.612043668779173E-02   -0.226435614448123E-04
    0.103351675371320E-01   -0.124002436227798E-03
    0.130997723481901E-01   -0.364451244007641E-03
    0.145774381911100E-01   -0.688291696221747E-03
    0.146310449501159E-01   -0.107969481140664E-02
    0.131411106944826E-01   -0.139440078028318E-02
    0.102391249314216E-01   -0.157317756694102E-02
    0.624760092376622E-02   -0.146241544137687E-02
    0.171316991507130E-02   -0.101439691058016E-02
   -0.271920633749819E-02   -0.177192796328211E-03
   -0.638792569964129E-02    0.106242439544230E-02
   -0.865817707852857E-02    0.252841099235739E-02
   -0.913420266813444E-02    0.424797587130132E-02
   -0.755159994245323E-02    0.572381573147066E-02
   -0.414413155732595E-02    0.713424577002121E-02
    0.690897963248285E-03    0.770448074023220E-02
    0.598026208390093E-02    0.792440416650701E-02
    0.106961927123924E-01    0.702936059835403E-02
    0.136183085336135E-01    0.580173906890718E-02
    0.136895697743923E-01    0.397048838703947E-02
    0.105489950559713E-01    0.219423443238707E-02
    0.410167926728578E-02    0.102714716306276E-02
   -0.421910446695721E-02    0.321558812764620E-03
   -0.130164487528113E-01    0.117888774617498E-02
   -0.195673448975239E-01    0.236809048920975E-02
   -0.219575934544274E-01    0.471074605049084E-02
   -0.185807069635230E-01    0.663053175993088E-02
   -0.953162194351285E-02    0.816728353606421E-02
    0.282959444673031E-02    0.869090494976117E-02
    0.144385097824804E-01    0.793369206417866E-02
    0.193004354451815E-01    0.661929229055773E-02
    0.127715058913968E-01    0.466073631084672E-02
   -0.610568017252524E-02    0.306130593356371E-02
   -0.305488186447248E-01    0.110996264187455E-02
   -0.442804333654294E-01   -0.440809271957540E-03
   -0.304407547890282E-01   -0.231029677627817E-02
    0.111309920565447E-01   -0.380953706032265E-02
    0.364423622182128E-01   -0.328026342694955E-02
   -0.342129223307080E-02   -0.144088656138900E-02
    0.339265170709450E-02    0.000000000000000E+00
    0.000000000000000E+00    0.000000000000000E+00
    0.615189544791681E-02    0.273302319950646E-05
    0.104748528920017E-01   -0.293205293444678E-04
    0.133143898298273E-01   -0.133048083860068E-03
    0.148375553186186E-01   -0.279736918239795E-03
    0.148557464441122E-01   -0.422037597298478E-03
    0.132190797372992E-01   -0.440213968213017E-03
    0.100752007608480E-01   -0.250625243207352E-03
    0.573214144619485E-02    0.287202415527016E-03
    0.784247605972464E-03    0.123467417414282E-02
   -0.408038419251015E-02    0.265813446415983E-02
   -0.813627497410515E-02    0.455317076308695E-02
   -0.106720916934932E-01    0.680364355969768E-02
   -0.112275303172490E-01    0.934248687863954E-02
   -0.948750613929223E-02    0.117964425781838E-01
   -0.565468708562141E-02    0.141229390366658E-01
   -0.184303553342751E-03    0.157417066388498E-01
    0.591587692628676E-02    0.167990900969222E-01
    0.114091495763561E-01    0.167630582251325E-01
    0.149966390776385E-01    0.160744817350684E-01
    0.153587845527853E-01    0.146379929243461E-01
    0.121202639031701E-01    0.129950193206703E-01
    0.510400471372409E-02    0.116843349018544E-01
   -0.409370366842908E-02    0.108051931924935E-01
   -0.138321715348418E-01    0.111791637329319E-01
   -0.211284000984930E-01    0.120575373973604E-01
   -0.237138938564730E-01    0.138092593984249E-01
   -0.199501726011490E-01    0.152807659533595E-01
   -0.994130191207870E-02    0.161134764233967E-01
    0.365247497809620E-02    0.158982993007863E-01
    0.161358079338384E-01    0.142179636534313E-01
    0.217983997959801E-01    0.118549300723371E-01
    0.147891505689584E-01    0.886090862393671E-02
   -0.343391888007241E-02    0.608011851535284E-02
   -0.279455001231532E-01    0.316203699380577E-02
   -0.400131989642812E-01    0.587112353630828E-03
   -0.238817253405168E-01   -0.196153762652221E-02
    0.113763163387820E-01   -0.379732130356463E-02
    0.226239532236274E-01   -0.331794965987646E-02
   -0.800977258925102E-02   -0.163368531463361E-02
    0.339265170709450E-02    0.000000000000000E+00
    0.000000000000000E+00    0.000000000000000E+00
    0.612321974205522E-02    0.321596986010606E-04
    0.104613358914034E-01    0.923204441622327E-04
    0.133615333934908E-01    0.128191922445444E-03
    0.148871085067110E-01    0.187863857631796E-03
    0.148236988958974E-01    0.300984482733065E-03
    0.130072508567323E-01    0.594263250945900E-03
    0.955046004460344E-02    0.114326312516033E-02
    0.480131423297479E-02    0.208131784151430E-02
   -0.634078588582401E-03    0.348888418160502E-02
   -0.601732750120873E-02    0.540966251925725E-02
   -0.105510318256467E-01    0.790134054178780E-02
   -0.134647113754256E-01    0.107822385549877E-01
   -0.142005595801958E-01    0.141074881675326E-01
   -0.123855672887420E-01    0.173375356243660E-01
   -0.818944911649070E-02    0.206282796010010E-01
   -0.203275252571968E-02    0.230768668764460E-01
    0.492550512072696E-02    0.250998150925979E-01
    0.114490651661013E-01    0.257231175190874E-01
    0.158794340449540E-01    0.256590845301668E-01
    0.168972908652378E-01    0.244740006496260E-01
    0.137801877205584E-01    0.228068547419752E-01
    0.642364649433974E-02    0.213041307191025E-01
   -0.353323000114994E-02    0.197798275781621E-01
   -0.142937256231074E-01    0.197456149096648E-01
   -0.223546987588411E-01    0.197712752787716E-01
   -0.253796459435592E-01    0.211294636447721E-01
   -0.212560793736550E-01    0.219548228246698E-01
   -0.103014091479668E-01    0.223678760598495E-01
    0.456852385424291E-02    0.217277933941746E-01
    0.185385742330204E-01    0.194039684263498E-01
    0.247621186790435E-01    0.165921777327862E-01
    0.185754990486386E-01    0.126601068745610E-01
   -0.633992564346471E-03    0.931989877681680E-02
   -0.251912142964504E-01    0.533355781988294E-02
   -0.389211002077420E-01    0.213438615342414E-02
   -0.252462488959746E-01   -0.110952387481551E-02
    0.129883980282256E-01   -0.367516537701135E-02
    0.343063342667239E-01   -0.332741325958273E-02
   -0.812618971826355E-02   -0.157344827964174E-02
    0.339265170709450E-02    0.000000000000000E+00
    0.000000000000000E+00    0.000000000000000E+00
    0.604180976595108E-02    0.624285482437330E-04
    0.103731461893269E-01    0.208484122138714E-03
    0.132349971559513E-01    0.403500391477064E-03
    0.146882491579668E-01    0.669399137837824E-03
    0.144849625139535E-01    0.104903160695814E-02
    0.124192922029718E-01    0.164023423100326E-02
    0.863237761294779E-02    0.252385743050845E-02
    0.343616501834652E-02    0.381403750167392E-02
   -0.251340221037543E-02    0.559725937360843E-02
   -0.845301650778076E-02    0.792850333378893E-02
   -0.135196088331836E-01    0.108601845940639E-01
   -0.168651471825166E-01    0.142728807854459E-01
   -0.178481631434813E-01    0.181584410927983E-01
   -0.160220338257971E-01    0.221062292942175E-01
   -0.114714225547355E-01    0.260816567633185E-01
   -0.466255289667715E-02    0.293738560014264E-01
    0.330196735123167E-02    0.320548727067241E-01
    0.109068050422938E-01    0.333586405507176E-01
    0.165184375008650E-01    0.336235116340826E-01
    0.183549102783151E-01    0.325329036332345E-01
    0.157599429678013E-01    0.306247251788000E-01
    0.829421037281400E-02    0.284353239987275E-01
   -0.218853376284783E-02    0.262162520369725E-01
   -0.137656196977512E-01    0.250758375889479E-01
   -0.226237974550061E-01    0.244313960448354E-01
   -0.259863905811137E-01    0.249604634440221E-01
   -0.216429563176573E-01    0.255425875335628E-01
   -0.983228960679706E-02    0.257521048169420E-01
    0.632881213995540E-02    0.252025457164056E-01
    0.212396932399446E-01    0.229939809301687E-01
    0.285089049068838E-01    0.201525921875630E-01
    0.220229798741565E-01    0.161465405329598E-01
    0.358635634972693E-02    0.122741318623720E-01
   -0.208953723310510E-01    0.774557512364654E-02
   -0.333054552448427E-01    0.360654381583919E-02
   -0.178940561918590E-01   -0.429447208095585E-03
    0.136872738118856E-01   -0.346911473999357E-02
    0.202799141753854E-01   -0.336870155723150E-02
   -0.131612679913872E-01   -0.176337581780554E-02
    0.339265170709450E-02    0.000000000000000E+00
    0.000000000000000E+00    0.000000000000000E+00
    0.588839437156299E-02    0.965986218234153E-04
    0.101137315492093E-01    0.346475471092599E-03
    0.129150219934253E-01    0.698236354626138E-03
    0.142658399130977E-01    0.117807444034120E-02
    0.138885618908718E-01    0.180773519307140E-02
    0.115824146808762E-01    0.266703346038306E-02
    0.743325348422649E-02    0.382419101556183E-02
    0.179779925669513E-02    0.536652062565245E-02
   -0.468538837127971E-02    0.739484065176931E-02
   -0.112087335591225E-01    0.994206949064169E-02
   -0.168558151525862E-01    0.131172835520889E-01
   -0.207212864578733E-01    0.167714202914279E-01
   -0.220532769803547E-01    0.210051577533000E-01
   -0.203230061073297E-01    0.253192186010105E-01
   -0.155374055769164E-01    0.298383498701061E-01
   -0.805856079809300E-02    0.336318330637219E-01
    0.878266021749585E-03    0.369532772658331E-01
    0.987179846842136E-02    0.386818703990664E-01
    0.168045959846712E-01    0.392844336183647E-01
    0.200194796413630E-01    0.381631541426297E-01
    0.181935107756384E-01    0.357843601664861E-01
    0.110485842065027E-01    0.329055771410925E-01
    0.144723734784288E-03    0.293360408464256E-01
   -0.123949503251179E-01    0.271928112700806E-01
   -0.222768526583594E-01    0.250461696279119E-01
   -0.266081886615896E-01    0.249666276371307E-01
   -0.224500782605588E-01    0.249337215176257E-01
   -0.101384424482826E-01    0.252933864600801E-01
    0.705150003100554E-02    0.252924277619581E-01
    0.235994846989179E-01    0.235627928638084E-01
    0.316557713576021E-01    0.216494072133252E-01
    0.264788614350736E-01    0.177225055503315E-01
    0.755565032224608E-02    0.142493818221418E-01
   -0.166244946993233E-01    0.920079131759135E-02
   -0.303297772666300E-01    0.468633078681432E-02
   -0.172643926829401E-01    0.201126617352485E-03
    0.163864229962703E-01   -0.375008919374248E-02
    0.325616340989203E-01   -0.354494589318090E-02
   -0.132569296976695E-01   -0.185462220671847E-02
    0.339265170709450E-02    0.000000000000000E+00
    0.000000000000000E+00    0.000000000000000E+00
    0.567654424848291E-02    0.130879359395444E-03
    0.976664112817180E-02    0.477011345747070E-03
    0.124178952363940E-01    0.991565357398310E-03
    0.136026487523386E-01    0.167211009668477E-02
    0.130306845169359E-01    0.253002584308274E-02
    0.104530223087714E-01    0.361070955182162E-02
    0.599090478961669E-02    0.496404734290636E-02
   -0.600417925746390E-04    0.665143108473066E-02
   -0.702071080134789E-02    0.876645329006760E-02
   -0.140907239655284E-01    0.113496111535528E-01
   -0.203014989712608E-01    0.145139111035086E-01
   -0.246861710225696E-01    0.181761925200801E-01
   -0.264050875621884E-01    0.224149603807683E-01
   -0.248330242491438E-01    0.268694774303446E-01
   -0.198435646541455E-01    0.315394566390517E-01
   -0.117929070123167E-01    0.356880691399261E-01
   -0.175674843707482E-02    0.392765583825900E-01
    0.858190648096882E-02    0.413599845674261E-01
    0.172537195994603E-01    0.420276310468299E-01
    0.219618805934137E-01    0.407147653479556E-01
    0.215118520191643E-01    0.377584803883431E-01
    0.149507398551328E-01    0.336857761951222E-01
    0.400556352622488E-02    0.288505646902899E-01
   -0.929224054817632E-02    0.248592948031465E-01
   -0.204294828484098E-01    0.214763249162244E-01
   -0.258698633768623E-01    0.201175363086229E-01
   -0.225784107098270E-01    0.198774872806161E-01
   -0.103405085609562E-01    0.205324044787092E-01
    0.744727316892651E-02    0.215448584972400E-01
    0.247002868345869E-01    0.212432166111578E-01
    0.340168561725617E-01    0.206032414488449E-01
    0.291892569935860E-01    0.178783948260441E-01
    0.116806316829632E-01    0.147822759564599E-01
   -0.115781871501317E-01    0.983406746031480E-02
   -0.238301819899678E-01    0.475643319361442E-02
   -0.928943424900900E-02   -0.345842169233878E-03
    0.176129125851601E-01   -0.441214849331112E-02
    0.180943779008923E-01   -0.424758328749380E-02
   -0.189858285548338E-01   -0.224282272907952E-02
    0.339265170709450E-02    0.000000000000000E+00
    0.000000000000000E+00    0.000000000000000E+00
    0.538490911076887E-02    0.168004534875711E-03
    0.924509015338220E-02    0.619607015005398E-03
    0.117294611419304E-01    0.128660145793786E-02
    0.127457173596447E-01    0.215225534285299E-02
    0.119774108816593E-01    0.320192084947609E-02
    0.919620404687898E-02    0.443925721459955E-02
    0.445171365255735E-02    0.589378937831785E-02
   -0.192052882172974E-02    0.758199756261976E-02
   -0.929515502696402E-02    0.960088771732470E-02
   -0.168460942066616E-01    0.119680547171884E-01
   -0.235916048862676E-01    0.148412826788628E-01
   -0.285238381670398E-01    0.181438357557395E-01
   -0.307052666841076E-01    0.220486871089708E-01
   -0.294181160625131E-01    0.262019426640657E-01
   -0.244089459973868E-01    0.307306596081685E-01
   -0.158682886538014E-01    0.348344747474341E-01
   -0.491143020108060E-02    0.385734271714034E-01
    0.700397110502958E-02    0.408129410141351E-01
    0.174270589291522E-01    0.416089114829135E-01
    0.242915154749850E-01    0.402031607208441E-01
    0.254696514525504E-01    0.366437162743160E-01
    0.201886337523666E-01    0.316824795955657E-01
    0.941230720655315E-02    0.250774743665921E-01
   -0.470697402126325E-02    0.195463606800139E-01
   -0.173506445535581E-01    0.139690698845753E-01
   -0.249319531750894E-01    0.115198093905282E-01
   -0.231965603104693E-01    0.104071268590776E-01
   -0.119633163931663E-01    0.115018528968520E-01
    0.589465432325484E-02    0.138474876131607E-01
    0.244553695283648E-01    0.150165224723938E-01
    0.349264720769105E-01    0.166614886307308E-01
    0.322751658179172E-01    0.150479818976090E-01
    0.154972585441720E-01    0.132443909132728E-01
   -0.661146339468052E-02    0.845565796366360E-02
   -0.194263161684594E-01    0.328119435942430E-02
   -0.707597139877108E-02   -0.153513032558754E-02
    0.206826706064098E-01   -0.630985783645660E-02
    0.301877485644303E-01   -0.529156126379623E-02
   -0.199523031982619E-01   -0.263472050610271E-02
    0.339265170709450E-02    0.000000000000000E+00
    0.000000000000000E+00    0.000000000000000E+00
    0.503406061878412E-02    0.203005616853905E-03
    0.863755627014716E-02    0.749378443775556E-03
    0.108887592069606E-01    0.155944513435944E-02
    0.117008504813401E-01    0.258524273905110E-02
    0.107644033617983E-01    0.377935284029526E-02
    0.780266526923321E-02    0.510916540961763E-02
    0.290222817649133E-02    0.656174068537176E-02
   -0.368810415775388E-02    0.812454406113694E-02
   -0.113193795231849E-01    0.986637060522943E-02
   -0.192202332443200E-01    0.118104936243828E-01
   -0.263829960881116E-01    0.141134464321064E-01
   -0.317838969654317E-01    0.167702305154600E-01
   -0.344151494633690E-01    0.199640909440325E-01
   -0.334616946943156E-01    0.234980930212389E-01
   -0.285173777263700E-01    0.274613457830289E-01
   -0.196800953598106E-01    0.312691436528878E-01
   -0.782689315833746E-02    0.348097327254743E-01
    0.543230654834504E-02    0.371147135227545E-01
    0.179062803583771E-01    0.379331809117065E-01
    0.268761432043956E-01    0.364538566233485E-01
    0.303768619911069E-01    0.325394947253273E-01
    0.266458053373801E-01    0.265497087698723E-01
    0.166539197754777E-01    0.186994885150105E-01
    0.208825512328464E-02    0.110735584959713E-01
   -0.123072519125335E-01    0.384366437821054E-02
   -0.221346413670710E-01   -0.401601531352080E-03
   -0.231887158107697E-01   -0.208292225003009E-02
   -0.138436166488313E-01   -0.631370942063738E-03
    0.296056537830802E-02    0.308024390979518E-02
    0.215840505874831E-01    0.658628156036497E-02
    0.334841582720112E-01    0.103221164918981E-01
    0.323898969524283E-01    0.108594568960240E-01
    0.182594280513279E-01    0.993634470798419E-02
   -0.160823821607847E-02    0.549369642105250E-02
   -0.127051536155154E-01    0.105882874296663E-03
    0.620542483232379E-03   -0.496580696564362E-02
    0.216818192423612E-01   -0.896088392111063E-02
    0.139902003304100E-01   -0.728037034109792E-02
   -0.272193149677486E-01   -0.346441678783614E-02
    0.339265170709450E-02    0.000000000000000E+00
    0.000000000000000E+00    0.000000000000000E+00
    0.460451957442488E-02    0.238578120778317E-03
    0.787243440709033E-02    0.876895708699319E-03
    0.988946796014124E-02    0.181032022626821E-02
    0.105267791159444E-01    0.296116395791396E-02
    0.945865303600306E-02    0.425450837629759E-02
    0.643934009337151E-02    0.560060268717220E-02
    0.147520555886899E-02    0.695998240223439E-02
   -0.515549481255910E-02    0.826129375451442E-02
   -0.128964087713884E-01    0.956403977835595E-02
   -0.209751170375058E-01    0.108598377896132E-01
   -0.284343485132506E-01    0.123352946668768E-01
   -0.342376560002841E-01    0.140065383196474E-01
   -0.373363146968762E-01    0.161415686748131E-01
   -0.368351771615787E-01    0.186246648951480E-01
   -0.321852386520770E-01    0.216672468752418E-01
   -0.232889349502960E-01    0.247884129050819E-01
   -0.109144119677681E-01    0.279513236092059E-01
    0.363249413935695E-02    0.302302260183406E-01
    0.178921932008178E-01    0.312429500003308E-01
    0.294462329826755E-01    0.301337755590451E-01
    0.353935862950045E-01    0.262827990653888E-01
    0.340916963277466E-01    0.201521125204448E-01
    0.253092106106331E-01    0.112092719488656E-01
    0.105965214647551E-01    0.233564472716843E-02
   -0.543258099670538E-02   -0.712462717209849E-02
   -0.186096170104239E-01   -0.129249401276154E-01
   -0.230358686039418E-01   -0.159981157239355E-01
   -0.171584991869226E-01   -0.145194570288144E-01
   -0.199645551291933E-02   -0.945488685314580E-02
    0.169104798473180E-01   -0.427369843250045E-02
    0.304324522121539E-01    0.248598200883676E-02
    0.327532527197845E-01    0.457532432496759E-02
    0.211327285616995E-01    0.513788144260863E-02
    0.357521849238859E-02    0.896023430953995E-03
   -0.767157424181959E-02   -0.487889738091998E-02
    0.300479719585422E-02   -0.855334827060557E-02
    0.230119230162516E-01   -0.128646117076076E-01
    0.240363782219711E-01   -0.950591349952553E-02
   -0.304810400208738E-01   -0.390710789006256E-02
    0.339265170709450E-02    0.000000000000000E+00
    0.000000000000000E+00    0.000000000000000E+00
    0.412496055705003E-02    0.267605653559320E-03
    0.704321069360167E-02    0.981018489558376E-03
    0.878984371961523E-02    0.201261274232910E-02
    0.924956010957829E-02    0.325530228298403E-02
    0.811875689546354E-02    0.458898491058366E-02
    0.511095085099914E-02    0.589333244232073E-02
    0.267691993953568E-03    0.706968566405989E-02
   -0.623784026323170E-02    0.801999157853520E-02
   -0.138447090282592E-01    0.875179511587309E-02
   -0.218888234012880E-01    0.926052895380163E-02
   -0.294208435215664E-01    0.970865896209063E-02
   -0.354636963288515E-01    0.101841004548507E-01
   -0.389411001160985E-01    0.109702387861187E-01
   -0.389059287491866E-01    0.121222092915565E-01
   -0.346898682555092E-01    0.138902839987346E-01
   -0.260225384792051E-01    0.160452651255027E-01
   -0.134304764504768E-01    0.185508086482971E-01
    0.189777687207641E-02    0.206847755619366E-01
    0.178012036235177E-01    0.219544749503353E-01
    0.315298522966792E-01    0.214129805469089E-01
    0.403299589508925E-01    0.182959464486961E-01
    0.415796451554181E-01    0.124846048725050E-01
    0.348188767696411E-01    0.365186278707128E-02
    0.206668763240742E-01   -0.618947079172497E-02
    0.317308955212089E-02   -0.167300941228290E-01
   -0.129092303280144E-01   -0.243180599219418E-01
   -0.221247013147992E-01   -0.284745655329559E-01
   -0.203853649236737E-01   -0.272217630917996E-01
   -0.884606985081532E-02   -0.214306610867701E-01
    0.898711791603054E-02   -0.139259435231546E-01
    0.238434677489112E-01   -0.521810646236942E-02
    0.292441866500288E-01   -0.744785869891262E-03
    0.218790853156243E-01    0.405526407153620E-03
    0.793872444141516E-02   -0.407643853572270E-02
   -0.136493102186503E-02   -0.104245063207112E-01
    0.908292803154770E-02   -0.140517188950106E-01
    0.229649129734933E-01   -0.169127814833190E-01
    0.475654818780151E-02   -0.123132675427550E-01
   -0.401610545029251E-01   -0.514771287809999E-02
    0.339265170709450E-02    0.000000000000000E+00
    0.000000000000000E+00    0.000000000000000E+00
    0.358208241457966E-02    0.293554301979199E-03
    0.609881214434780E-02    0.106349108979415E-02
    0.759335369073972E-02    0.216225691830676E-02
    0.792694723405316E-02    0.344824344577262E-02
    0.679367583421522E-02    0.478080405170854E-02
    0.394487946989767E-02    0.598222659658301E-02
   -0.654826826844920E-03    0.692725240977240E-02
   -0.681288665963320E-02    0.745444159562811E-02
   -0.140910503661171E-01    0.755220420926776E-02
   -0.218474225347757E-01    0.716851197204903E-02
   -0.292552985432065E-01    0.648037732438086E-02
   -0.353611529940239E-01    0.557725445374509E-02
   -0.391461428829094E-01    0.481781047852990E-02
   -0.396263161412742E-01    0.435016127658654E-02
   -0.360432365095475E-01    0.456176009695569E-02
   -0.279620038723671E-01    0.543342083119240E-02
   -0.156718395794911E-01    0.705083573432033E-02
   -0.546142619805187E-04    0.897403243905558E-02
    0.168592201977138E-01    0.106158691636604E-01
    0.326300606777046E-01    0.112400810008334E-01
    0.440302827981269E-01    0.954908223784423E-02
    0.484408659601666E-01    0.546353887334404E-02
    0.441941979224854E-01   -0.226165450408735E-02
    0.313778525878823E-01   -0.114567644446845E-01
    0.132727395867779E-01   -0.226908658983990E-01
   -0.612963822681717E-02   -0.315095929369050E-01
   -0.198280545333335E-01   -0.372857983973464E-01
   -0.240618452192246E-01   -0.370793486363612E-01
   -0.163448982540939E-01   -0.309357343945112E-01
   -0.211791469682540E-03   -0.226961451177734E-01
    0.164864136168840E-01   -0.109306601956955E-01
    0.267493190406441E-01   -0.503070577842302E-02
    0.243523227755062E-01   -0.270201306005534E-02
    0.142669022677038E-01   -0.734625270912347E-02
    0.454192746320478E-02   -0.152863318477797E-01
    0.105070164621693E-01   -0.164355078328193E-01
    0.197811687655773E-01   -0.197954132347566E-01
    0.113084776940371E-01   -0.147822743335468E-01
   -0.459045872354117E-01   -0.465683960408207E-02
    0.339265170709450E-02    0.000000000000000E+00
    0.000000000000000E+00    0.000000000000000E+00
    0.301656289725361E-02    0.305763334019540E-03
    0.513855860946713E-02    0.110551817607136E-02
    0.637263277210415E-02    0.223067403088800E-02
    0.659957451942168E-02    0.352079915965943E-02
    0.554469659789165E-02    0.479612452412010E-02
    0.293687848317288E-02    0.586155085461116E-02
   -0.122770832458838E-02    0.653382456822655E-02
   -0.686153415918067E-02    0.663056012062334E-02
   -0.135387046941866E-01    0.607557895817645E-02
   -0.207647178365809E-01    0.481428225512916E-02
   -0.277557536101840E-01    0.297110382751330E-02
   -0.337000054657660E-01    0.688587867382156E-03
   -0.376119546421978E-01   -0.168554627569624E-02
   -0.385507722052688E-01   -0.385257427390729E-02
   -0.357249179740094E-01   -0.535933421050118E-02
   -0.285264251272373E-01   -0.596760447917301E-02
   -0.170949838961987E-01   -0.543839620777621E-02
   -0.191851462910512E-02   -0.395209771429021E-02
    0.151975502335321E-01   -0.191021745562284E-02
    0.321180321471565E-01   -0.818917850776876E-04
    0.456806442463824E-01    0.360380759915864E-03
    0.529273162106138E-01   -0.133463447691809E-02
    0.517201542683742E-01   -0.634744535862291E-02
    0.411041756579479E-01   -0.137638581590083E-01
    0.232514830369633E-01   -0.237492512248901E-01
    0.200042590314931E-02   -0.329272164030425E-01
   -0.166904305755231E-01   -0.396446906224200E-01
   -0.263743541421341E-01   -0.404795976509042E-01
   -0.247325519949567E-01   -0.352713977899155E-01
   -0.115039422032565E-01   -0.259828547184723E-01
    0.590687670332069E-02   -0.134346959669105E-01
    0.206545201896632E-01   -0.499149043314599E-02
    0.255927994431448E-01   -0.241526253213123E-02
    0.214415304528306E-01   -0.765676599438560E-02
    0.152286673290567E-01   -0.171552255036828E-01
    0.181362309476132E-01   -0.193284358455564E-01
    0.209049886341899E-01   -0.217084024951866E-01
   -0.109495007763276E-01   -0.163034290287960E-01
   -0.587899694763801E-01   -0.591860829161059E-02
    0.339265170709450E-02    0.000000000000000E+00
    0.000000000000000E+00    0.000000000000000E+00
    0.242375684805570E-02    0.309346817322726E-03
    0.413620991980075E-02    0.110371050870177E-02
    0.514288913166814E-02    0.221254696230933E-02
    0.531530682361378E-02    0.345336400410426E-02
    0.439309769682456E-02    0.464143818633270E-02
    0.214828460844428E-02    0.554461031837296E-02
   -0.148089488840025E-02    0.595889493378553E-02
   -0.639421479827699E-02    0.565199618819750E-02
   -0.122953720457897E-01    0.452337919546883E-02
   -0.187293127691787E-01    0.246152136549737E-02
   -0.250863039096205E-01   -0.410826452347597E-03
   -0.306156089028128E-01   -0.399264082389419E-02
   -0.344924151253251E-01   -0.788135009067638E-02
   -0.358083288694315E-01   -0.117494860656500E-01
   -0.337982747965378E-01   -0.150077013820792E-01
   -0.277887025519935E-01   -0.172328025968479E-01
   -0.176695218395385E-01   -0.180029847877045E-01
   -0.372075591470242E-02   -0.170984767693584E-01
    0.127598357633329E-01   -0.148636867946338E-01
    0.298810018059740E-01   -0.115585024791814E-01
    0.448335311127613E-01   -0.871592929499864E-02
    0.545654574702787E-01   -0.681884140080294E-02
    0.565123843197451E-01   -0.802319942329789E-02
    0.488502005552241E-01   -0.117190671299158E-01
    0.327223365120094E-01   -0.191478507520064E-01
    0.105062373961986E-01   -0.275170808108654E-01
   -0.114603977926170E-01   -0.348056256554376E-01
   -0.275672169037004E-01   -0.377176713083537E-01
   -0.317678015760935E-01   -0.342851212343313E-01
   -0.231535858942601E-01   -0.269346194316470E-01
   -0.550596203767850E-02   -0.125342047169216E-01
    0.144432397848352E-01   -0.243192043483547E-02
    0.269880707207014E-01    0.241991643939961E-02
    0.296386489871641E-01   -0.241635303187229E-02
    0.219163478674823E-01   -0.137383402030738E-01
    0.191130786480115E-01   -0.149906918450289E-01
    0.119928100068173E-01   -0.207855385825652E-01
   -0.720677247680901E-02   -0.187261911093653E-01
   -0.631315024321847E-01   -0.457949964937394E-02
    0.339265170709450E-02    0.000000000000000E+00
    0.000000000000000E+00    0.000000000000000E+00
    0.185675016770040E-02    0.292633432257506E-03
    0.319138240742145E-02    0.104652009154496E-02
    0.398015626638323E-02    0.208948008135747E-02
    0.411844227536693E-02    0.324166278992559E-02
    0.338189304855125E-02    0.430285578033928E-02
    0.154907639726814E-02    0.504384205128561E-02
   -0.141448631956767E-02    0.522359613856201E-02
   -0.548996837993111E-02    0.460081910518391E-02
   -0.104049433745414E-01    0.301768766873339E-02
   -0.158577973681099E-01    0.355800489580729E-03
   -0.213075758223366E-01   -0.333320603124929E-02
   -0.261986286369667E-01   -0.792817811800422E-02
   -0.297963616765095E-01   -0.130834172864532E-01
   -0.313444447022743E-01   -0.183891224939388E-01
   -0.301483402113144E-01   -0.232330610030014E-01
   -0.254735063378228E-01   -0.270177881229598E-01
   -0.172070698906354E-01   -0.291229716061312E-01
   -0.515842370011515E-02   -0.291023387010240E-01
    0.945013285437024E-02   -0.268665470790274E-01
    0.256019882103704E-01   -0.226165796309545E-01
    0.404506748546917E-01   -0.173248557176035E-01
    0.516988402929115E-01   -0.119927097100471E-01
    0.562092782044486E-01   -0.843241098933795E-02
    0.519540354605389E-01   -0.747249305272828E-02
    0.387135177356696E-01   -0.103267891248253E-01
    0.179249044977099E-01   -0.159943498118978E-01
   -0.556082378523147E-02   -0.226329271001671E-01
   -0.258270478442425E-01   -0.269654274039860E-01
   -0.369312830501746E-01   -0.267666270600101E-01
   -0.339841881467981E-01   -0.221561449960230E-01
   -0.192230702043921E-01   -0.101255578816385E-01
    0.373292271219847E-02    0.103195293143065E-02
    0.245955348059831E-01    0.744506824464342E-02
    0.348802310954951E-01    0.294518163979985E-02
    0.338736785304156E-01   -0.836597789346970E-02
    0.258052752143148E-01   -0.112061666419979E-01
    0.110005924035742E-01   -0.189449021591350E-01
   -0.300245240263334E-01   -0.172590531849919E-01
   -0.779878964198526E-01   -0.701866001248386E-02
    0.339265170709450E-02    0.000000000000000E+00
    0.000000000000000E+00    0.000000000000000E+00
    0.131797784088265E-02    0.265421596724817E-03
    0.230148381230879E-02    0.937709234044337E-03
    0.290869803410475E-02    0.187233589640998E-02
    0.303986464053232E-02    0.289641878664112E-02
    0.250592175458860E-02    0.382044551536876E-02
    0.113128969450714E-02    0.441847150723166E-02
   -0.114244203646920E-02    0.443585151054313E-02
   -0.428907898210524E-02    0.362041195239328E-02
   -0.814207171645234E-02    0.178844978584465E-02
   -0.124486174291982E-01   -0.121829085829768E-02
   -0.168463998689624E-01   -0.536627764114767E-02
   -0.208673048549751E-01   -0.106076001580331E-01
   -0.239929683936144E-01   -0.165798968015819E-01
   -0.255676599823137E-01   -0.229456514201369E-01
   -0.250416937340276E-01   -0.290098945721502E-01
   -0.217469755456923E-01   -0.341435905118950E-01
   -0.154379016415069E-01   -0.375683237181542E-01
   -0.589762351381831E-02   -0.385402986560544E-01
    0.627147347183319E-02   -0.368173171442224E-01
    0.201491045944688E-01   -0.319477060110558E-01
    0.339246839463514E-01   -0.250044458655392E-01
    0.452007279419538E-01   -0.162486370794013E-01
    0.516499877542322E-01   -0.820484538930778E-02
    0.504362417855958E-01   -0.169308396740918E-02
    0.410324052053420E-01    0.976087273741617E-03
    0.231848500244950E-01   -0.667228685649022E-03
    0.726036037006358E-03   -0.515284654584841E-02
   -0.217997525220742E-01   -0.114032021814229E-01
   -0.376726995508010E-01   -0.151195386090860E-01
   -0.410084185787579E-01   -0.171861867430299E-01
   -0.300416406059413E-01   -0.814088587571381E-02
   -0.610360080750270E-02    0.203274588878751E-02
    0.208815968878431E-01    0.110649047254598E-01
    0.410947339449396E-01    0.928050332942833E-02
    0.440564669316453E-01   -0.706163534023665E-03
    0.330898892175411E-01    0.242484216724944E-04
    0.110059194813514E-01   -0.186193535703019E-01
   -0.221819836368503E-01   -0.230972958046452E-01
   -0.841372734970097E-01   -0.286068722470601E-02
    0.339265170709450E-02    0.000000000000000E+00
    0.000000000000000E+00    0.000000000000000E+00
    0.864784662274643E-03    0.221618644395777E-03
    0.154481089087980E-02    0.788710960907719E-03
    0.198316351153311E-02    0.157945445753237E-02
    0.210754248780616E-02    0.245735982818115E-02
    0.177116250317791E-02    0.323470561519909E-02
    0.833654981892587E-03    0.372799761288363E-02
   -0.736500070550702E-03    0.365854373750531E-02
   -0.296101820877321E-02    0.281473586784942E-02
   -0.569413884960258E-02    0.952259235148306E-03
   -0.881491431023338E-02   -0.204568053855281E-02
   -0.120254275946775E-01   -0.625537858033830E-02
   -0.150616138467335E-01   -0.115845856455361E-01
   -0.175037195717594E-01   -0.178229884159951E-01
   -0.189265193509262E-01   -0.245784526588632E-01
   -0.188908779168533E-01   -0.312931590106384E-01
   -0.168529832150308E-01   -0.372571797218752E-01
   -0.126417444931052E-01   -0.416778261652936E-01
   -0.581014870123564E-02   -0.436986465618349E-01
    0.304262404681084E-02   -0.427199875781645E-01
    0.138413491735938E-01   -0.382145493799239E-01
    0.247760413918289E-01   -0.304733365997270E-01
    0.348351304890593E-01   -0.199627570675372E-01
    0.413675163899479E-01   -0.831049723624713E-02
    0.426606071486978E-01    0.273542946772694E-02
    0.372114845950273E-01    0.110948126079593E-01
    0.241488579925254E-01    0.147212317164446E-01
    0.605638558704436E-02    0.137342221359788E-01
   -0.150780931225638E-01    0.813351070666456E-02
   -0.321801918378242E-01    0.116025203953618E-02
   -0.398571058134560E-01   -0.626189532192003E-02
   -0.328877893532820E-01   -0.609193015669889E-02
   -0.114972213690691E-01   -0.499638120068203E-03
    0.204096948519332E-01    0.611362061963656E-02
    0.472678835487093E-01    0.626176262221377E-02
    0.647172327037176E-01    0.163672145748530E-02
    0.556537146096886E-01   -0.992986809135139E-03
    0.250628515109965E-01   -0.143188004609446E-01
   -0.434583783488287E-01   -0.365299624518340E-01
   -0.913194023913598E-01   -0.159023541731179E-01
    0.339265170709450E-02    0.000000000000000E+00
    0.000000000000000E+00    0.000000000000000E+00
    0.488117358358802E-03    0.169861835707400E-03
    0.915964224045741E-03    0.609038771394472E-03
    0.120970315344079E-02    0.124351399277314E-02
    0.131753278097174E-02    0.196541833085032E-02
    0.114655509418367E-02    0.261480843274695E-02
    0.596534692694592E-03    0.304569143538479E-02
   -0.350836872140945E-03    0.299328699898567E-02
   -0.171719797179163E-02    0.227329838826103E-02
   -0.341835324798311E-02    0.651490737165023E-03
   -0.537891751708514E-02   -0.200943689255195E-02
   -0.743783688681490E-02   -0.577428358229046E-02
   -0.941295234125721E-02   -0.106531979333674E-01
   -0.110847562099533E-01   -0.164189491841343E-01
   -0.121433710403046E-01   -0.228687639497639E-01
   -0.123522788318297E-01   -0.294123109250862E-01
   -0.113006984129413E-01   -0.355513091412216E-01
   -0.886179598039696E-02   -0.404289359827578E-01
   -0.469161962882413E-02   -0.432409427963468E-01
    0.987051437266628E-03   -0.432967709605957E-01
    0.808031489624953E-02   -0.396862318548556E-01
    0.157823911939517E-01   -0.326815670062704E-01
    0.231008737239179E-01   -0.218042432381622E-01
    0.287842143676178E-01   -0.896304545166653E-02
    0.309024405795595E-01    0.507855637645901E-02
    0.287304501344381E-01    0.174982662537612E-01
    0.205979426470843E-01    0.258631772663876E-01
    0.792246091977269E-02    0.292691223792324E-01
   -0.834740695148072E-02    0.247982943110599E-01
   -0.242283074766110E-01    0.170079394943015E-01
   -0.334764468676902E-01    0.305324671768250E-02
   -0.328630631841628E-01   -0.380148795319252E-02
   -0.165894869708479E-01   -0.544154999149897E-02
    0.108273056309332E-01   -0.441490643676953E-02
    0.411180106764723E-01    0.141992022165787E-02
    0.732538306199882E-01    0.663279039620097E-02
    0.655948515985810E-01    0.103831316998655E-01
    0.207971763209926E-01   -0.234824193300354E-01
   -0.397507651236102E-01   -0.517082323687822E-01
   -0.134413680682386E+00   -0.584522178122777E-02
    0.339265170709450E-02    0.000000000000000E+00
    0.000000000000000E+00    0.000000000000000E+00
    0.207085652185996E-03    0.114144611303275E-03
    0.424929254861664E-03    0.422872978863529E-03
    0.584696680193407E-03    0.894473206242790E-03
    0.659475743063971E-03    0.145729945897295E-02
    0.602291486878262E-03    0.197862686594525E-02
    0.350486820319995E-03    0.237774007935361E-02
   -0.797185049871014E-04    0.240126127858359E-02
   -0.744217282647251E-03    0.195808665952152E-02
   -0.154864892513221E-02    0.781294293780492E-03
   -0.252900441584738E-02   -0.116117263340890E-02
   -0.352967216555969E-02   -0.404602844386040E-02
   -0.455818899172997E-02   -0.778932128906768E-02
   -0.541296824287557E-02   -0.123755907643367E-01
   -0.604524006980263E-02   -0.175499314184220E-01
   -0.624542783719695E-02   -0.230090631308493E-01
   -0.587521250398687E-02   -0.282824953100116E-01
   -0.482532035642219E-02   -0.327534906816301E-01
   -0.286161219939055E-02   -0.357583942385979E-01
   -0.183244314808340E-03   -0.365455104825214E-01
    0.346917963613528E-02   -0.344564723558405E-01
    0.735188593122973E-02   -0.291064875847364E-01
    0.115582753066768E-01   -0.203219421815005E-01
    0.148242551238023E-01   -0.876280932760916E-02
    0.168054236740238E-01    0.456801591412588E-02
    0.164955392202995E-01    0.178400452473666E-01
    0.129089369804130E-01    0.285705623388603E-01
    0.695604998233456E-02    0.350414999795944E-01
   -0.261144976138594E-02    0.340622277501184E-01
   -0.114860730779867E-01    0.274566069361177E-01
   -0.193666141502619E-01    0.134065437026848E-01
   -0.207128731064358E-01    0.443586274259182E-03
   -0.138617731374130E-01   -0.858461734998460E-02
   -0.116197635258780E-02   -0.102285410709155E-01
    0.231073617875998E-01   -0.279064566432654E-02
    0.431796475953906E-01    0.207006311144019E-01
    0.563999443928797E-01    0.442914126533733E-01
    0.415078146233338E-01    0.361098993881252E-01
   -0.202785006678154E-01    0.365048581861247E-01
   -0.885743927921583E-01   -0.334674228663137E-02
    0.339265170709450E-02    0.000000000000000E+00
    0.000000000000000E+00    0.000000000000000E+00
    0.422934998072195E-04    0.422934998049965E-04
    0.118112866645937E-03    0.212464952617940E-03
    0.170864561609911E-03    0.486297994081344E-03
    0.194645921896879E-03    0.847873195476567E-03
    0.190443082626717E-03    0.118618591944636E-02
    0.119581146956092E-03    0.149348659099368E-02
    0.126427614386071E-04    0.158511214878642E-02
   -0.171970397106189E-03    0.142623184638692E-02
   -0.387512976950235E-03    0.853837378677490E-03
   -0.659104785915375E-03   -0.178575649619404E-03
   -0.941126078201457E-03   -0.173685267744037E-02
   -0.122793880860016E-02   -0.386706914997559E-02
   -0.149130476839971E-02   -0.646633980647143E-02
   -0.167393330069047E-02   -0.955894372479816E-02
   -0.178429589710047E-02   -0.128109007414197E-01
   -0.169414977646363E-02   -0.161749993210595E-01
   -0.147700529563822E-02   -0.190898737280312E-01
   -0.938697690384354E-03   -0.213446423122178E-01
   -0.245699508108273E-03   -0.223456512778168E-01
    0.793085465949600E-03   -0.216049085954100E-01
    0.192604119255764E-02   -0.190021166930646E-01
    0.317524459087871E-02   -0.137550897713074E-01
    0.431220571435264E-02   -0.691131349725152E-02
    0.497599095736067E-02    0.229426785243185E-02
    0.524734370172348E-02    0.113751153336006E-01
    0.426298706781485E-02    0.203048333683986E-01
    0.270884650214992E-02    0.263422533774164E-01
   -0.340861810130980E-03    0.274179362106614E-01
   -0.371996132430885E-02    0.244923620750682E-01
   -0.650703157674656E-02    0.140701199495388E-01
   -0.759801594676985E-02    0.202206483362852E-02
   -0.506010141530125E-02   -0.799828228224799E-02
   -0.112236014366211E-02   -0.154629849620726E-01
    0.863791714457198E-02   -0.977180777674813E-02
    0.173748887957615E-01    0.186769271210736E-01
    0.335381632937038E-01    0.738608821859282E-01
    0.468155264905949E-01    0.109490626627557E+00
    0.300653957267580E-01    0.130400012376050E+00
   -0.121615624294557E+00    0.797900047103266E-01
    0.339265170709450E-02    0.000000000000000E+00
    0.000000000000000E+00    0.000000000000000E+00
    0.000000000000000E+00    0.000000000000000E+00
    0.000000000000000E+00    0.000000000000000E+00
    0.000000000000000E+00    0.000000000000000E+00
    0.000000000000000E+00    0.000000000000000E+00
    0.000000000000000E+00    0.000000000000000E+00
    0.000000000000000E+00    0.000000000000000E+00
    0.000000000000000E+00    0.000000000000000E+00
    0.000000000000000E+00    0.000000000000000E+00
    0.000000000000000E+00    0.000000000000000E+00
    0.000000000000000E+00    0.000000000000000E+00
    0.000000000000000E+00    0.000000000000000E+00
    0.000000000000000E+00    0.000000000000000E+00
    0.000000000000000E+00    0.000000000000000E+00
    0.000000000000000E+00    0.000000000000000E+00
    0.000000000000000E+00    0.000000000000000E+00
    0.000000000000000E+00    0.000000000000000E+00
    0.000000000000000E+00    0.000000000000000E+00
    0.000000000000000E+00    0.000000000000000E+00
    0.000000000000000E+00    0.000000000000000E+00
    0.000000000000000E+00    0.000000000000000E+00
    0.000000000000000E+00    0.000000000000000E+00
    0.000000000000000E+00    0.000000000000000E+00
    0.000000000000000E+00    0.000000000000000E+00
    0.000000000000000E+00    0.000000000000000E+00
    0.000000000000000E+00    0.000000000000000E+00
    0.000000000000000E+00    0.000000000000000E+00
    0.000000000000000E+00    0.000000000000000E+00
    0.000000000000000E+00    0.000000000000000E+00
    0.000000000000000E+00    0.000000000000000E+00
    0.000000000000000E+00    0.000000000000000E+00
    0.000000000000000E+00    0.000000000000000E+00
    0.000000000000000E+00    0.000000000000000E+00
    0.000000000000000E+00    0.000000000000000E+00
    0.000000000000000E+00    0.000000000000000E+00
    0.000000000000000E+00    0.000000000000000E+00
    0.000000000000000E+00    0.000000000000000E+00
    0.000000000000000E+00    0.000000000000000E+00
    0.000000000000000E+00    0.000000000000000E+00
    0.000000000000000E+00    0.000000000000000E+00
    0.339265170709452E-02    0.000000000000000E+00
