#  pod_009.txt
#  created by BASIS_WRITE.
#
#  Created on July 11 2003   2:05:37.427 PM
#
#  Velocity vectors.
#
#  Number of records =   1681
#  Singular value S =   0.143056E-01
#
    0.000000000000000E+00    0.000000000000000E+00
    0.000000000000000E+00    0.000000000000000E+00
    0.000000000000000E+00    0.000000000000000E+00
    0.000000000000000E+00    0.000000000000000E+00
    0.000000000000000E+00    0.000000000000000E+00
    0.000000000000000E+00    0.000000000000000E+00
    0.000000000000000E+00    0.000000000000000E+00
    0.000000000000000E+00    0.000000000000000E+00
    0.000000000000000E+00    0.000000000000000E+00
    0.000000000000000E+00    0.000000000000000E+00
    0.000000000000000E+00    0.000000000000000E+00
    0.000000000000000E+00    0.000000000000000E+00
    0.000000000000000E+00    0.000000000000000E+00
    0.000000000000000E+00    0.000000000000000E+00
    0.000000000000000E+00    0.000000000000000E+00
    0.000000000000000E+00    0.000000000000000E+00
    0.000000000000000E+00    0.000000000000000E+00
    0.000000000000000E+00    0.000000000000000E+00
    0.000000000000000E+00    0.000000000000000E+00
    0.000000000000000E+00    0.000000000000000E+00
    0.000000000000000E+00    0.000000000000000E+00
    0.000000000000000E+00    0.000000000000000E+00
    0.000000000000000E+00    0.000000000000000E+00
    0.000000000000000E+00    0.000000000000000E+00
    0.000000000000000E+00    0.000000000000000E+00
    0.000000000000000E+00    0.000000000000000E+00
    0.000000000000000E+00    0.000000000000000E+00
    0.000000000000000E+00    0.000000000000000E+00
    0.000000000000000E+00    0.000000000000000E+00
    0.000000000000000E+00    0.000000000000000E+00
    0.000000000000000E+00    0.000000000000000E+00
    0.000000000000000E+00    0.000000000000000E+00
    0.000000000000000E+00    0.000000000000000E+00
    0.000000000000000E+00    0.000000000000000E+00
    0.000000000000000E+00    0.000000000000000E+00
    0.000000000000000E+00    0.000000000000000E+00
    0.000000000000000E+00    0.000000000000000E+00
    0.000000000000000E+00    0.000000000000000E+00
    0.000000000000000E+00    0.000000000000000E+00
    0.000000000000000E+00    0.000000000000000E+00
    0.000000000000000E+00    0.000000000000000E+00
    0.000000000000000E+00    0.000000000000000E+00
    0.368818986605393E+00   -0.415050135875484E+00
    0.104269073495854E+00   -0.552188283308220E+00
   -0.200142832728777E+00   -0.393963515771852E+00
   -0.272567898193634E+00   -0.498389050615052E+00
   -0.455171161594595E+00    0.254396779934874E+00
   -0.321743478396854E+00    0.296613563148344E+00
   -0.130508949714047E+00    0.604683526300275E+00
    0.617140173116425E-02    0.120438543966837E+01
   -0.104229121603246E+00    0.106082458104609E+01
    0.186719695439478E-01    0.991409460341726E+00
    0.224097429231148E-01    0.107153200224061E+01
    0.155100343639052E-02    0.106248083972148E+01
   -0.400768085498593E-01    0.113368161835386E+01
   -0.527031093928698E-01    0.124560707999873E+01
   -0.506101162692336E-01    0.135303861707670E+01
   -0.366737852727293E-01    0.145288264130165E+01
   -0.170784723785956E-01    0.150755022639045E+01
    0.331139618730625E-02    0.153247769870685E+01
    0.223295306517246E-01    0.151160034732106E+01
    0.357230200763457E-01    0.146888010316097E+01
    0.458956960423140E-01    0.139491174510177E+01
    0.507916839284317E-01    0.131550241730489E+01
    0.537249383490759E-01    0.122041618609615E+01
    0.538268185684331E-01    0.113021440126510E+01
    0.531562263496894E-01    0.103359055037808E+01
    0.514397391524811E-01    0.945776452630126E+00
    0.496563087577333E-01    0.855420959314231E+00
    0.476820356427544E-01    0.774018188027325E+00
    0.458174678290263E-01    0.691447154413229E+00
    0.439817808295084E-01    0.616639873601501E+00
    0.422117218582848E-01    0.541354398123415E+00
    0.405137922975803E-01    0.472517544718109E+00
    0.388838693488755E-01    0.403687761484433E+00
    0.375669475906865E-01    0.339732299656612E+00
    0.369316285768270E-01    0.275338295163948E+00
    0.367940163645963E-01    0.213564879484035E+00
    0.363865299707752E-01    0.149598624564904E+00
    0.340798498764056E-01    0.835392198671998E-01
    0.233665915321673E-01    0.233665915313891E-01
    0.000000000000000E+00    0.000000000000000E+00
    0.000000000000000E+00    0.000000000000000E+00
    0.598419432578238E+00   -0.227743865355819E+00
    0.204367724256756E+00   -0.468603775086196E+00
   -0.452100153665403E+00   -0.440882305727805E+00
   -0.535489967817779E+00   -0.284267799956001E+00
   -0.242913118759594E+00    0.332612057609176E+00
   -0.277979271634157E+00    0.469586062154524E+00
   -0.288915547831527E-01    0.680294722033006E+00
   -0.160288353485339E-01    0.581578630763128E+00
   -0.207698075634497E-01    0.361908682637671E+00
    0.733276312976065E-02    0.285721119277468E+00
   -0.373033609823373E-01    0.386672793643478E+00
   -0.133258303886733E+00    0.544614534700241E+00
   -0.230710797636746E+00    0.742388871695687E+00
   -0.255557292784643E+00    0.102716708374865E+01
   -0.230539416419665E+00    0.126613136965538E+01
   -0.170971451969547E+00    0.148897658013423E+01
   -0.930705075255375E-01    0.161965518836152E+01
   -0.203400190526097E-01    0.170811619758260E+01
    0.476736239670818E-01    0.170938330187167E+01
    0.944389100195350E-01    0.168435775366593E+01
    0.130395021228575E+00    0.159980141044300E+01
    0.147985207380942E+00    0.151379634636748E+01
    0.158579572796951E+00    0.139512555133472E+01
    0.158743245512607E+00    0.129056721208563E+01
    0.156728782516543E+00    0.116945284763324E+01
    0.150085157363774E+00    0.106822333786919E+01
    0.144235842254493E+00    0.957910892046608E+00
    0.136460081372319E+00    0.867017088458665E+00
    0.130514271455021E+00    0.770206454336091E+00
    0.123379063292572E+00    0.689742642543038E+00
    0.118222333827112E+00    0.605200246165768E+00
    0.112141189244868E+00    0.533132207194879E+00
    0.108328705896917E+00    0.458285470149177E+00
    0.104160594854965E+00    0.391508068374018E+00
    0.103567493384860E+00    0.321947801243300E+00
    0.104460920962057E+00    0.254461994242691E+00
    0.108859138938704E+00    0.180915337678696E+00
    0.107275586191639E+00    0.102097267633000E+00
    0.818584316432340E-01    0.314267145102819E-01
    0.000000000000000E+00    0.000000000000000E+00
    0.000000000000000E+00    0.000000000000000E+00
    0.101248176818960E+01   -0.396558106122544E-01
    0.351732955851278E+00   -0.269794934952881E+00
   -0.653965817243401E+00   -0.269719544783325E+00
   -0.881271744350953E+00   -0.297707416355132E+00
   -0.748292786206260E+00    0.182410055220620E-01
   -0.451431744925677E+00    0.547264704553161E-01
   -0.895202004244686E-01   -0.393119598774245E+00
   -0.196164191050566E-02   -0.659189631650386E+00
    0.205512588450498E-01   -0.103562880664478E+01
    0.113755338357197E-01   -0.104644852561525E+01
   -0.171696285594232E+00   -0.860035346825161E+00
   -0.385999833138741E+00   -0.568982177331869E+00
   -0.544048963861002E+00   -0.223000792208357E+00
   -0.576563645518085E+00    0.206051731865668E+00
   -0.510266994850322E+00    0.550710282763030E+00
   -0.386476401639352E+00    0.859535282808396E+00
   -0.233697096454738E+00    0.106673103478576E+01
   -0.835843776901657E-01    0.120021231790718E+01
    0.451763177107635E-01    0.124817989068726E+01
    0.142435414175518E+00    0.124529630195202E+01
    0.208884590123172E+00    0.119176149213523E+01
    0.247973685289524E+00    0.111885059316976E+01
    0.265993749577426E+00    0.102488355310372E+01
    0.269127748127946E+00    0.933396912605987E+00
    0.262821067682202E+00    0.836565737627826E+00
    0.251497949158233E+00    0.752107217482618E+00
    0.237808779765021E+00    0.668342373742338E+00
    0.224061668099765E+00    0.598427729672368E+00
    0.210445190432269E+00    0.530509526549421E+00
    0.198372901562880E+00    0.474264428559556E+00
    0.186889530110183E+00    0.419677550673934E+00
    0.177553646672787E+00    0.373565732003360E+00
    0.169450931338393E+00    0.327805384155385E+00
    0.164486046269162E+00    0.286868599262931E+00
    0.162888240251369E+00    0.243473273970126E+00
    0.167172192266842E+00    0.199863618016723E+00
    0.176753249998227E+00    0.147354516491511E+00
    0.181542559133075E+00    0.891827757855032E-01
    0.140130808457863E+00    0.288634081497132E-01
    0.000000000000000E+00    0.000000000000000E+00
    0.000000000000000E+00    0.000000000000000E+00
    0.113474526314632E+01    0.423146274914087E-01
    0.492362509773186E+00   -0.549244563886625E-01
   -0.519932388501035E+00   -0.111213029545815E+00
   -0.895920498688204E+00   -0.207235547951619E+00
   -0.716003355842960E+00   -0.290543713492719E+00
   -0.292649524682703E+00   -0.475356323678471E+00
    0.101529897803486E-01   -0.952127842899317E+00
    0.281186122583293E+00   -0.138465389983190E+01
    0.161245954125220E+00   -0.169689522448275E+01
   -0.508086789857767E-01   -0.178067695276074E+01
   -0.432934505915592E+00   -0.168342438286330E+01
   -0.762527776990008E+00   -0.135802130851360E+01
   -0.976949195088109E+00   -0.984332145642901E+00
   -0.991150606598520E+00   -0.518879906957456E+00
   -0.865641373474080E+00   -0.150391864283578E+00
   -0.659485707957015E+00    0.189815685565686E+00
   -0.412182950865005E+00    0.414188056137971E+00
   -0.182066689663674E+00    0.576185322597467E+00
    0.186732709622234E-01    0.635995557853313E+00
    0.163996209227762E+00    0.659238881768260E+00
    0.265775015880131E+00    0.620682454521057E+00
    0.321955208870905E+00    0.576638766847575E+00
    0.348119426211622E+00    0.503002635456636E+00
    0.350062377144623E+00    0.443932622092831E+00
    0.338680267799860E+00    0.373333827983434E+00
    0.319384037076133E+00    0.324725284196261E+00
    0.297167629952709E+00    0.271872887792082E+00
    0.274990072683380E+00    0.240082014411983E+00
    0.253876063906793E+00    0.205688936258114E+00
    0.235215120570812E+00    0.188183004480712E+00
    0.218634449540517E+00    0.167794542678381E+00
    0.205239985691592E+00    0.159438774890849E+00
    0.194969609891039E+00    0.147100407906620E+00
    0.189267524101804E+00    0.141645659322535E+00
    0.190024057094078E+00    0.129707971752266E+00
    0.200604131229287E+00    0.118017278770921E+00
    0.218983579659613E+00    0.936891076097818E-01
    0.233591963105697E+00    0.606269855291684E-01
    0.183851760352389E+00    0.211854152274639E-01
    0.000000000000000E+00    0.000000000000000E+00
    0.000000000000000E+00    0.000000000000000E+00
    0.102802084140100E+01    0.674614300105457E-01
    0.448119022329446E+00    0.371908693739099E-01
   -0.507491749292905E+00    0.228670512715286E-01
   -0.818610756301719E+00   -0.991436448808751E-01
   -0.415332108203204E+00   -0.369927056773886E+00
    0.166459562561375E+00   -0.579868509680393E+00
    0.728310163132514E+00   -0.102324679032763E+01
    0.887534948227586E+00   -0.147851339308223E+01
    0.574627707442695E+00   -0.170613045053534E+01
    0.239845537274081E-01   -0.185710880891227E+01
   -0.609985662107054E+00   -0.185865649699969E+01
   -0.110873505207359E+01   -0.161718930340856E+01
   -0.136971460693437E+01   -0.131499744024152E+01
   -0.139184606593157E+01   -0.912008560634069E+00
   -0.121881721210446E+01   -0.604905346142043E+00
   -0.933015674985801E+00   -0.324759771834080E+00
   -0.601264797949116E+00   -0.118007822119919E+00
   -0.288557099634365E+00    0.135701887024694E-01
   -0.263325781905923E-01    0.759647090657496E-01
    0.168334785401028E+00    0.881647731688892E-01
    0.297631489430091E+00    0.707441065458037E-01
    0.371384897256649E+00    0.323782949381396E-01
    0.400630028591052E+00   -0.987186769856436E-02
    0.400638968192191E+00   -0.505040608199484E-01
    0.381033240968799E+00   -0.832371666659977E-01
    0.353064135671566E+00   -0.105195224369020E+00
    0.320585918319284E+00   -0.117051585258963E+00
    0.290001592593193E+00   -0.117949953184394E+00
    0.260560925811144E+00   -0.111049843960815E+00
    0.236205896544880E+00   -0.964637681773768E-01
    0.214238599736637E+00   -0.772866198591867E-01
    0.198304683995264E+00   -0.540752768258835E-01
    0.185949984585777E+00   -0.296113841619222E-01
    0.181416093099781E+00   -0.453960758532562E-02
    0.184634351448044E+00    0.173989683552217E-01
    0.201565072593165E+00    0.353622404876473E-01
    0.231360172620283E+00    0.411303413497817E-01
    0.259927925927570E+00    0.349094909041753E-01
    0.212108929879703E+00    0.135544357405532E-01
    0.000000000000000E+00    0.000000000000000E+00
    0.000000000000000E+00    0.000000000000000E+00
    0.969580446179795E+00    0.744804228908060E-01
    0.441862068451477E+00    0.128922929168612E+00
   -0.423200616995952E+00    0.167452518661480E+00
   -0.656450013002623E+00    0.106943938343682E+00
   -0.280795571224065E+00   -0.543169697392718E-01
    0.441217750224150E+00   -0.244675112697794E+00
    0.103072916358498E+01   -0.529095352877257E+00
    0.121314256890763E+01   -0.856602924800565E+00
    0.878740566311968E+00   -0.111966599273457E+01
    0.138399182197417E+00   -0.131043024529739E+01
   -0.658625087604961E+00   -0.143619131604366E+01
   -0.129292343151293E+01   -0.136451400980535E+01
   -0.163341776957295E+01   -0.121821296734793E+01
   -0.167262306313361E+01   -0.995125932091533E+00
   -0.146858870465521E+01   -0.809964090516549E+00
   -0.113124836014041E+01   -0.629783411247464E+00
   -0.731776156736462E+00   -0.496237786266832E+00
   -0.361974835163230E+00   -0.415530153681805E+00
   -0.475002544971087E-01   -0.386486187646090E+00
    0.178592005715592E+00   -0.387492074348915E+00
    0.328706324950540E+00   -0.408842548112360E+00
    0.407505798347537E+00   -0.436977140057239E+00
    0.434715445250038E+00   -0.465163414392346E+00
    0.425434624131596E+00   -0.482205467339129E+00
    0.394435095459075E+00   -0.489349651942169E+00
    0.353893878223954E+00   -0.480466549173056E+00
    0.310098546601749E+00   -0.461226645748682E+00
    0.269487706990413E+00   -0.428751147926880E+00
    0.232563865054466E+00   -0.389623797459832E+00
    0.202166677703266E+00   -0.342322928339741E+00
    0.176774210814051E+00   -0.292380828366670E+00
    0.158345898182008E+00   -0.238684546638206E+00
    0.145955524339535E+00   -0.185566159918311E+00
    0.142368224418238E+00   -0.132162548560007E+00
    0.150179809638928E+00   -0.829901405016010E-01
    0.176409623534009E+00   -0.384502328798164E-01
    0.219271065077779E+00   -0.710666305353601E-02
    0.266240025601369E+00    0.822878535422029E-02
    0.227036273849630E+00    0.580051242818515E-02
    0.000000000000000E+00    0.000000000000000E+00
    0.000000000000000E+00    0.000000000000000E+00
    0.818289025073013E+00    0.821040490346446E-01
    0.347558126000149E+00    0.171740274084477E+00
   -0.432651295150845E+00    0.302043948352528E+00
   -0.610554477039391E+00    0.350112827537173E+00
   -0.114761972333093E+00    0.328386586681289E+00
    0.617019452168136E+00    0.313134166456034E+00
    0.127787944803063E+01    0.237027886007036E+00
    0.143933264653090E+01    0.432321491687080E-01
    0.105201858902702E+01   -0.128076304507034E+00
    0.270466337467820E+00   -0.366015152292583E+00
   -0.617140950459416E+00   -0.599305082439454E+00
   -0.132946401596291E+01   -0.724959256234681E+00
   -0.173236974297167E+01   -0.792204845045852E+00
   -0.180435255899627E+01   -0.775172433655753E+00
   -0.159921375778152E+01   -0.769510946456104E+00
   -0.123113434919703E+01   -0.736405638724353E+00
   -0.796597981908714E+00   -0.706309507650224E+00
   -0.388164759433203E+00   -0.702928525192300E+00
   -0.480933482666348E-01   -0.719105130635322E+00
    0.199523482180120E+00   -0.752729972520117E+00
    0.355064663516369E+00   -0.780338085877635E+00
    0.432980286446600E+00   -0.810914861043600E+00
    0.449555835504802E+00   -0.825671361139101E+00
    0.427424413372950E+00   -0.828088123018069E+00
    0.380922758149380E+00   -0.811182142001407E+00
    0.326485945820993E+00   -0.778960844525977E+00
    0.269895928082633E+00   -0.731674969708051E+00
    0.219795236752596E+00   -0.672966545751767E+00
    0.175269559129029E+00   -0.605909616999966E+00
    0.140698547370342E+00   -0.533320930550289E+00
    0.112181234956188E+00   -0.457867371047060E+00
    0.935289713105234E-01   -0.381427902403299E+00
    0.811631959347114E-01   -0.305575204649652E+00
    0.805000555566022E-01   -0.231416472877057E+00
    0.920053251466952E-01   -0.161079625959024E+00
    0.125699421010496E+00   -0.959950766090517E-01
    0.183319797771031E+00   -0.446805142898850E-01
    0.251227302700177E+00   -0.974454458260611E-02
    0.229147484371158E+00    0.158116487634805E-03
    0.000000000000000E+00    0.000000000000000E+00
    0.000000000000000E+00    0.000000000000000E+00
    0.709045663596569E+00    0.856210121586724E-01
    0.229970591864099E+00    0.204361708064250E+00
   -0.498875780131017E+00    0.370048311917309E+00
   -0.642404850203467E+00    0.496079397671094E+00
   -0.185746869412483E+00    0.615226924736735E+00
    0.574994394449998E+00    0.760529999146653E+00
    0.128912426157434E+01    0.866653087336472E+00
    0.152683541672418E+01    0.882823997333337E+00
    0.126463014471823E+01    0.810860654515763E+00
    0.528064834829478E+00    0.611031751004055E+00
   -0.344973869717508E+00    0.333710103468270E+00
   -0.110913486477629E+01    0.515342314273992E-01
   -0.157288115534117E+01   -0.207387270738954E+00
   -0.170602124076923E+01   -0.406743695509296E+00
   -0.153728674638441E+01   -0.572958456397485E+00
   -0.118899561435958E+01   -0.691227814189594E+00
   -0.755139221155808E+00   -0.779604089685932E+00
   -0.345572015156728E+00   -0.860877234430210E+00
   -0.806393643095892E-03   -0.933264190021420E+00
    0.243626111139162E+00   -0.996402436281000E+00
    0.391586635593379E+00   -0.104233843947476E+01
    0.455096396726601E+00   -0.107338565891352E+01
    0.453785099070720E+00   -0.108450151032763E+01
    0.412178145801239E+00   -0.107244432548266E+01
    0.346456494160112E+00   -0.104019943397750E+01
    0.275301987327138E+00   -0.987099545196647E+00
    0.205058670387226E+00   -0.920057305759734E+00
    0.144933851512951E+00   -0.839346530355639E+00
    0.941633400352339E-01   -0.752570580645601E+00
    0.559212209529835E-01   -0.660029468054798E+00
    0.267792180836849E-01   -0.567520449299832E+00
    0.832789584008118E-02   -0.474539408388351E+00
   -0.178531800125968E-02   -0.384632094003891E+00
   -0.235808296270100E-03   -0.296609820613864E+00
    0.168267496794355E-01   -0.213578695221805E+00
    0.607336096260057E-01   -0.135599279714189E+00
    0.133466197189585E+00   -0.713854618418606E-01
    0.224968376365104E+00   -0.254869941157538E-01
    0.222782984113179E+00   -0.414121627405502E-02
    0.000000000000000E+00    0.000000000000000E+00
    0.000000000000000E+00    0.000000000000000E+00
    0.556097268015381E+00    0.732541609864208E-01
    0.698890454799807E-01    0.175939523915651E+00
   -0.667556539502746E+00    0.356595600915366E+00
   -0.846971954215410E+00    0.527731458663264E+00
   -0.406256447665194E+00    0.738099389820018E+00
    0.339573877862828E+00    0.102122572671798E+01
    0.111740851821297E+01    0.130917508679415E+01
    0.148145875697920E+01    0.148560773353579E+01
    0.134610383322049E+01    0.156958746284585E+01
    0.765893092586210E+00    0.143806423512526E+01
   -0.427295917110072E-01    0.115812060357080E+01
   -0.786682857914712E+00    0.794845144182380E+00
   -0.127852790122421E+01    0.390283235087016E+00
   -0.145680819970724E+01    0.292248540614938E-01
   -0.133443709906716E+01   -0.294574722547809E+00
   -0.102488009179592E+01   -0.552558439385141E+00
   -0.625371866684651E+00   -0.750563010854031E+00
   -0.236797421888147E+00   -0.914209929421324E+00
    0.853635798735652E-01   -0.103658028369289E+01
    0.311861560168842E+00   -0.113444368081066E+01
    0.436605313515093E+00   -0.119310178953312E+01
    0.476465084267354E+00   -0.122977584476416E+01
    0.449770431650249E+00   -0.123494503738268E+01
    0.384083591785580E+00   -0.121485936281676E+01
    0.296563128778139E+00   -0.116873380087648E+01
    0.207061870367853E+00   -0.110204587034639E+01
    0.122871433991197E+00   -0.101935965650669E+01
    0.533214342088494E-01   -0.924406682496149E+00
   -0.294134780643187E-02   -0.823413053516618E+00
   -0.426519531735493E-01   -0.719044627802379E+00
   -0.714971521195153E-01   -0.615643621865839E+00
   -0.869481957987694E-01   -0.514681307731174E+00
   -0.944826606461830E-01   -0.417505276748347E+00
   -0.882335806841104E-01   -0.324654812875432E+00
   -0.672259484721529E-01   -0.236363885687643E+00
   -0.162551716290583E-01   -0.153725722785029E+00
    0.713995729897154E-01   -0.840587564892087E-01
    0.186582298722987E+00   -0.313892685997460E-01
    0.209134447235396E+00   -0.639746622865046E-02
    0.000000000000000E+00    0.000000000000000E+00
    0.000000000000000E+00    0.000000000000000E+00
    0.468697662399909E+00    0.574786973081406E-01
   -0.486361008355369E-01    0.136053664693622E+00
   -0.781573982694961E+00    0.271568461082073E+00
   -0.100825309406521E+01    0.427689673810514E+00
   -0.680907506619269E+00    0.659237051891519E+00
    0.143018386252502E-01    0.100437134892310E+01
    0.790959446287071E+00    0.139203905104864E+01
    0.125995644033299E+01    0.171656770487684E+01
    0.132209070725776E+01    0.193081227500951E+01
    0.931185068119716E+00    0.191017036775533E+01
    0.299249570404343E+00    0.170323357747435E+01
   -0.355509380976417E+00    0.132665005988972E+01
   -0.832851616253422E+00    0.876064701520034E+00
   -0.104230621021579E+01    0.410570634042240E+00
   -0.986227678426334E+00   -0.985889779989614E-02
   -0.742972645751052E+00   -0.373968385309565E+00
   -0.405989656985380E+00   -0.657393880477569E+00
   -0.694226642165062E-01   -0.886339719968535E+00
    0.208028686674093E+00   -0.105087058298703E+01
    0.397031416241007E+00   -0.117252092824133E+01
    0.486255611893630E+00   -0.124535609293792E+01
    0.494801605508043E+00   -0.128367081365602E+01
    0.436951018034906E+00   -0.128664280303848E+01
    0.345027635757827E+00   -0.125857114331950E+01
    0.233268677899848E+00   -0.120437580740865E+01
    0.125622199478659E+00   -0.112760187106850E+01
    0.273375066141506E-01   -0.103589802408225E+01
   -0.505624078881193E-01   -0.931965933166841E+00
   -0.110655537030275E+00   -0.823677697071524E+00
   -0.150526467228745E+00   -0.713263869452379E+00
   -0.176150837366048E+00   -0.606195622442706E+00
   -0.187667358542940E+00   -0.503250277785753E+00
   -0.189638492505123E+00   -0.406627132246508E+00
   -0.179368404127451E+00   -0.315509215882859E+00
   -0.151772292230757E+00   -0.230437345730935E+00
   -0.909967221123157E-01   -0.151001421650650E+00
    0.110313827475063E-01   -0.837394687690311E-01
    0.149640979294631E+00   -0.334275414444992E-01
    0.195182909073053E+00   -0.687546249831936E-02
    0.000000000000000E+00    0.000000000000000E+00
    0.000000000000000E+00    0.000000000000000E+00
    0.381745613874882E+00    0.327943470806329E-01
   -0.134636765913601E+00    0.607523393972751E-01
   -0.890707604593476E+00    0.134539926888586E+00
   -0.120445382440831E+01    0.236537509835791E+00
   -0.982529950634741E+00    0.421553745642439E+00
   -0.383398989386828E+00    0.763723779063761E+00
    0.372687370763417E+00    0.118614106109381E+01
    0.934380763631595E+00    0.158868591520329E+01
    0.115788669355475E+01    0.191585515942958E+01
    0.997483113561282E+00    0.201504439061337E+01
    0.558734549922497E+00    0.189924775261164E+01
    0.465151839259856E-01    0.159137845836493E+01
   -0.361385862614224E+00    0.114787417649029E+01
   -0.576463460952525E+00    0.666155110677659E+00
   -0.562031541044529E+00    0.197832083736567E+00
   -0.388848738829769E+00   -0.216606217870445E+00
   -0.123429044484577E+00   -0.549864747491783E+00
    0.146854932487074E+00   -0.815665138512985E+00
    0.365413594377463E+00   -0.100392014643139E+01
    0.502740948060559E+00   -0.113825774091188E+01
    0.547218744558227E+00   -0.121546968489177E+01
    0.515467962686824E+00   -0.125213451371882E+01
    0.423831767001775E+00   -0.125039667537687E+01
    0.301293087223625E+00   -0.121631950879106E+01
    0.165835910950076E+00   -0.115634290357588E+01
    0.383435255354309E-01   -0.107396354116925E+01
   -0.726626528063762E-01   -0.978177413445457E+00
   -0.158614507309052E+00   -0.870842893873771E+00
   -0.221089216618161E+00   -0.760976012857524E+00
   -0.259131496463868E+00   -0.650384656493972E+00
   -0.280219210964341E+00   -0.545084516371578E+00
   -0.284569266885264E+00   -0.446369882909479E+00
   -0.280159101341483E+00   -0.355611493886352E+00
   -0.262181948456718E+00   -0.273357082337720E+00
   -0.229714721174908E+00   -0.197410066572103E+00
   -0.162705805838295E+00   -0.128468502651403E+00
   -0.483142910586481E-01   -0.701537233600184E-01
    0.111299049145437E+00   -0.263699385073853E-01
    0.179782999644965E+00   -0.541386280530711E-02
    0.000000000000000E+00    0.000000000000000E+00
    0.000000000000000E+00    0.000000000000000E+00
    0.361291074459782E+00    0.143198169629680E-01
   -0.148580450686865E+00   -0.173927138548610E-02
   -0.899662881118735E+00   -0.353489562259274E-02
   -0.127985283055546E+01    0.115174288763526E-01
   -0.120665398886241E+01    0.117606182483661E+00
   -0.733412491646928E+00    0.387658869975773E+00
   -0.666629465217879E-01    0.769083754031032E+00
    0.523759089159134E+00    0.119240172665534E+01
    0.888936391818577E+00    0.157326155391681E+01
    0.932133223617399E+00    0.177232398405563E+01
    0.719803055769203E+00    0.178288186469406E+01
    0.391289699237862E+00    0.157001157426529E+01
    0.799138148437517E-01    0.121945214594207E+01
   -0.972260312724607E-01    0.773557486258964E+00
   -0.121365423958717E+00    0.329321884011554E+00
   -0.738842634561363E-02   -0.910522183014418E-01
    0.176137487880621E+00   -0.431860648013948E+00
    0.372971376415887E+00   -0.709114937992744E+00
    0.520851746281802E+00   -0.902876044531721E+00
    0.602165179865742E+00   -0.103904828178739E+01
    0.596150898644856E+00   -0.111480448853245E+01
    0.525783992709868E+00   -0.114710952349222E+01
    0.398462336062619E+00   -0.114061032493425E+01
    0.249451919894637E+00   -0.110221919817734E+01
    0.902782014001687E-01   -0.103973163107845E+01
   -0.531872872700684E-01   -0.956273897521835E+00
   -0.176206023754058E+00   -0.860872740130141E+00
   -0.267725103168773E+00   -0.755497721217548E+00
   -0.331066617441643E+00   -0.648737015340648E+00
   -0.365733143911924E+00   -0.542798302805600E+00
   -0.379504851735988E+00   -0.443803055965801E+00
   -0.375651892191752E+00   -0.353179954165180E+00
   -0.361192263980348E+00   -0.273136188034335E+00
   -0.335984517025285E+00   -0.203333382117245E+00
   -0.294494634731660E+00   -0.142369966628154E+00
   -0.217853067247864E+00   -0.889310628966490E-01
   -0.912505507414524E-01   -0.458523190375361E-01
    0.867191529673111E-01   -0.158776403970170E-01
    0.172413978259658E+00   -0.240025083910070E-02
    0.000000000000000E+00    0.000000000000000E+00
    0.000000000000000E+00    0.000000000000000E+00
    0.357296644989875E+00   -0.660688949926032E-02
   -0.108311416843055E+00   -0.662709084153240E-01
   -0.846894682285191E+00   -0.141225449042793E+00
   -0.130179289782596E+01   -0.207546592975277E+00
   -0.134716128635391E+01   -0.215598736995548E+00
   -0.102715593009977E+01   -0.410119847511467E-01
   -0.464709659327203E+00    0.245018840447018E+00
    0.113587599163299E+00    0.630420407131901E+00
    0.568460797801026E+00    0.102306352818437E+01
    0.789145943494440E+00    0.129033122200894E+01
    0.779629917289256E+00    0.140095368364763E+01
    0.631175996580580E+00    0.131406518058617E+01
    0.450494974194383E+00    0.106891646739574E+01
    0.321705264838147E+00    0.722098770294933E+00
    0.300507669464598E+00    0.340741257864244E+00
    0.363639994926304E+00   -0.296382225733753E-01
    0.484473758467574E+00   -0.342289994727215E+00
    0.606302525241105E+00   -0.595658698849170E+00
    0.687452822134863E+00   -0.774684908447937E+00
    0.706541858257774E+00   -0.895145089249859E+00
    0.651228676893059E+00   -0.961050263828895E+00
    0.537255241468581E+00   -0.982704513185387E+00
    0.377416349258998E+00   -0.971286376589528E+00
    0.199065029469701E+00   -0.928782558898969E+00
    0.196567920380404E-01   -0.867681169675515E+00
   -0.141106260325967E+00   -0.786351874765574E+00
   -0.273675140009109E+00   -0.696937264762731E+00
   -0.370958079811983E+00   -0.597685421864880E+00
   -0.433906780542675E+00   -0.499307774022255E+00
   -0.463984028751634E+00   -0.401840838126679E+00
   -0.469599601427968E+00   -0.312901253762893E+00
   -0.454359116656606E+00   -0.233748850938921E+00
   -0.428932448051474E+00   -0.166781838080878E+00
   -0.391409434722966E+00   -0.113336434600246E+00
   -0.342351740198458E+00   -0.696162301866721E-01
   -0.259042451912625E+00   -0.362353075576984E-01
   -0.123375548543061E+00   -0.117726463959024E-01
    0.693634972916537E-01    0.161990998366571E-02
    0.168214672626478E+00    0.224704515931748E-02
    0.000000000000000E+00    0.000000000000000E+00
    0.000000000000000E+00    0.000000000000000E+00
    0.397183860252994E+00   -0.171350820879050E-01
   -0.138256180302628E-01   -0.105634427654703E+00
   -0.715165194674193E+00   -0.232357990195068E+00
   -0.120177436579749E+01   -0.379569604030923E+00
   -0.137031099586916E+01   -0.474479381390135E+00
   -0.119274561695046E+01   -0.422590020854639E+00
   -0.778152914141545E+00   -0.244565394012418E+00
   -0.262819009847759E+00    0.604352423596658E-01
    0.213980702546468E+00    0.410540067418215E+00
    0.549641478647857E+00    0.705604647589019E+00
    0.707546435541995E+00    0.895261112745303E+00
    0.734758002255312E+00    0.918440176960842E+00
    0.683165072411108E+00    0.806809801575136E+00
    0.640278091674727E+00    0.575891818591240E+00
    0.630549812746752E+00    0.300236832726176E+00
    0.674141696827947E+00    0.701963887597674E-02
    0.737730705134158E+00   -0.245928892768206E+00
    0.799576161267256E+00   -0.458422643661119E+00
    0.816913801937289E+00   -0.607104620265694E+00
    0.783372861224763E+00   -0.707008681729829E+00
    0.681600666727649E+00   -0.757665558611990E+00
    0.533519137663629E+00   -0.770762785956969E+00
    0.344127571725710E+00   -0.754730515524767E+00
    0.145347236691157E+00   -0.713191152348919E+00
   -0.518445199526439E-01   -0.656354164619887E+00
   -0.223863797541160E+00   -0.583073587847291E+00
   -0.364773966879211E+00   -0.503327016084991E+00
   -0.465196836172072E+00   -0.415541496731734E+00
   -0.527073462881462E+00   -0.328886335734036E+00
   -0.552046788039146E+00   -0.243541085206180E+00
   -0.547906912423422E+00   -0.167007340149904E+00
   -0.521294271252820E+00   -0.100690498703229E+00
   -0.481458176847419E+00   -0.485373329779035E-01
   -0.432425559694330E+00   -0.111778680511471E-01
   -0.370088930625475E+00    0.129701365992593E-01
   -0.275474879752229E+00    0.256808154256633E-01
   -0.129035658995742E+00    0.280706866243873E-01
    0.748861481666748E-01    0.208798955039199E-01
    0.179054257291959E+00    0.777513622288238E-02
    0.000000000000000E+00    0.000000000000000E+00
    0.000000000000000E+00    0.000000000000000E+00
    0.443532667322526E+00   -0.261591397566661E-01
    0.110144554204005E+00   -0.129446557972918E+00
   -0.536446514487052E+00   -0.292888724129345E+00
   -0.104645761850034E+01   -0.484750452093232E+00
   -0.128887122810061E+01   -0.666774868315319E+00
   -0.125388415931824E+01   -0.708778877107626E+00
   -0.973710983276959E+00   -0.656304431914255E+00
   -0.558848664282196E+00   -0.446098183293185E+00
   -0.972702295600537E-01   -0.163115659115452E+00
    0.295633101998668E+00    0.120762199628702E+00
    0.574094510292309E+00    0.356177923165462E+00
    0.734777476946960E+00    0.468545421972926E+00
    0.810578630347540E+00    0.472498121109369E+00
    0.844321172390174E+00    0.366282601458023E+00
    0.877086675117872E+00    0.204773367472382E+00
    0.911519509643935E+00    0.115424787432503E-01
    0.946804635501686E+00   -0.163586464640890E+00
    0.959872134513109E+00   -0.314546786787073E+00
    0.929899343627508E+00   -0.420656997117877E+00
    0.849442847263873E+00   -0.488091782372242E+00
    0.710872594593142E+00   -0.520541982339375E+00
    0.530397687219979E+00   -0.521129928874451E+00
    0.318515245335508E+00   -0.503654057211376E+00
    0.994948123507930E-01   -0.464188499308871E+00
   -0.110547351531383E+00   -0.417241782471034E+00
   -0.294241405060585E+00   -0.355510266171587E+00
   -0.441217072599300E+00   -0.291373899267001E+00
   -0.545553786601953E+00   -0.218908814542938E+00
   -0.606433580023473E+00   -0.148546819268192E+00
   -0.626460506888359E+00   -0.781001115809394E-01
   -0.613349101262455E+00   -0.160474218469857E-01
   -0.573212101567919E+00    0.361482915146631E-01
   -0.518836474328529E+00    0.740665191412821E-01
   -0.452452729994985E+00    0.945694908944767E-01
   -0.378040256084726E+00    0.100998933455009E+00
   -0.273904527255195E+00    0.918146713511634E-01
   -0.119890158193083E+00    0.728399883416215E-01
    0.922443895507034E-01    0.444154476363462E-01
    0.195571248424723E+00    0.145796272414734E-01
    0.000000000000000E+00    0.000000000000000E+00
    0.000000000000000E+00    0.000000000000000E+00
    0.507430589324855E+00   -0.265629733657719E-01
    0.251669444605972E+00   -0.131920147411813E+00
   -0.331285350026186E+00   -0.303037317480474E+00
   -0.827190372369695E+00   -0.524995398610812E+00
   -0.113641114291307E+01   -0.743052708666633E+00
   -0.120706272701736E+01   -0.872786807094317E+00
   -0.107045947363959E+01   -0.907177872828548E+00
   -0.764559939540276E+00   -0.799451672728094E+00
   -0.374661609834677E+00   -0.600312326759008E+00
    0.254547745276374E-01   -0.350876767240835E+00
    0.366474376543222E+00   -0.110355014798594E+00
    0.628354629296944E+00    0.659359035424263E-01
    0.804818985335334E+00    0.162809506951313E+00
    0.923954521636820E+00    0.171992899026323E+00
    0.100115651214139E+01    0.122986269493884E+00
    0.105159390127309E+01    0.341961613705199E-01
    0.107269535039820E+01   -0.578325055835897E-01
    0.105787679762682E+01   -0.142780289900992E+00
    0.994786340666386E+00   -0.202853171715482E+00
    0.882261883253057E+00   -0.239690309835836E+00
    0.717542948065245E+00   -0.254047556887525E+00
    0.516790925978459E+00   -0.248459275731988E+00
    0.289746194191642E+00   -0.232016184236057E+00
    0.600974740628133E-01   -0.201873553241640E+00
   -0.158634444772968E+00   -0.168201882304539E+00
   -0.348462151628918E+00   -0.124283685798157E+00
   -0.500333100845992E+00   -0.791912958859816E-01
   -0.607439461884522E+00   -0.266199978554681E-01
   -0.668058461409319E+00    0.248745770621988E-01
   -0.684913935972388E+00    0.781848183485161E-01
   -0.663427707077461E+00    0.124771541529269E+00
   -0.612089735022788E+00    0.163603961653218E+00
   -0.541383177807400E+00    0.187890556281217E+00
   -0.459776704401633E+00    0.195140921670831E+00
   -0.366914443208448E+00    0.184818959859856E+00
   -0.247195239354848E+00    0.157539998404869E+00
   -0.811017289359010E-01    0.117003446873458E+00
    0.136627889341165E+00    0.671628007931756E-01
    0.231627615322818E+00    0.212606611472776E-01
    0.000000000000000E+00    0.000000000000000E+00
    0.000000000000000E+00    0.000000000000000E+00
    0.560265459460105E+00   -0.245149673582227E-01
    0.385546409638995E+00   -0.118083220799744E+00
   -0.123774152715815E+00   -0.283091532473339E+00
   -0.598773513463300E+00   -0.498232361535942E+00
   -0.927715682675529E+00   -0.739600193664599E+00
   -0.108843438639632E+01   -0.908176487788103E+00
   -0.106279771722177E+01   -0.102118021807249E+01
   -0.880411275493600E+00   -0.992321379075606E+00
   -0.569381916267949E+00   -0.874003843308817E+00
   -0.209916117260358E+00   -0.677280396935755E+00
    0.153066934676737E+00   -0.445293278194378E+00
    0.465915231737773E+00   -0.243952809721723E+00
    0.716595482704646E+00   -0.758865202578638E-01
    0.899342074743236E+00    0.174013557136463E-01
    0.102642057797130E+01    0.697109970735825E-01
    0.110074697370918E+01    0.710595396034840E-01
    0.112724255056609E+01    0.625072921870572E-01
    0.110377768940492E+01    0.407106379366676E-01
    0.102503004317048E+01    0.287173975725419E-01
    0.896484047732836E+00    0.229789464643059E-01
    0.717476305284212E+00    0.250610988771578E-01
    0.505756038053076E+00    0.363316720533853E-01
    0.271285917421645E+00    0.471009561000494E-01
    0.352982285475398E-01    0.655685403663857E-01
   -0.187699815960420E+00    0.805103835953093E-01
   -0.382630957301899E+00    0.103183205279202E+00
   -0.538491595543744E+00    0.124527690030189E+00
   -0.649460499929990E+00    0.153893548230599E+00
   -0.711943996873362E+00    0.183553422495195E+00
   -0.727395000340415E+00    0.217724117675296E+00
   -0.700709934461789E+00    0.248492715567975E+00
   -0.638043491956536E+00    0.274053000946946E+00
   -0.552553834737962E+00    0.287554616990618E+00
   -0.450397422128454E+00    0.283253249498250E+00
   -0.340377207106968E+00    0.261394429864115E+00
   -0.205955893166386E+00    0.218052551875747E+00
   -0.300168538967834E-01    0.160580507921565E+00
    0.192491512271799E+00    0.912406857970170E-01
    0.273340102755550E+00    0.288258151892421E-01
    0.000000000000000E+00    0.000000000000000E+00
    0.000000000000000E+00    0.000000000000000E+00
    0.612581071833535E+00   -0.183593495657788E-01
    0.508327467695324E+00   -0.948486832685366E-01
    0.661095925500875E-01   -0.234551115509849E+00
   -0.368258382965616E+00   -0.432070017238417E+00
   -0.713813496709213E+00   -0.655994170168575E+00
   -0.927507995996779E+00   -0.848265008237880E+00
   -0.999794451286844E+00   -0.990340563493067E+00
   -0.918377856180880E+00   -0.102699064311269E+01
   -0.709849322915526E+00   -0.974356217256142E+00
   -0.408774456948777E+00   -0.830309826971648E+00
   -0.687523516863145E-01   -0.634969134216941E+00
    0.263521432269566E+00   -0.422598733639927E+00
    0.557432870851647E+00   -0.224469691366762E+00
    0.790874096553898E+00   -0.620197373523593E-01
    0.964488387145944E+00    0.603483289341608E-01
    0.106937355220232E+01    0.144436944581166E+00
    0.111615201649155E+01    0.201388698225498E+00
    0.109657254261512E+01    0.239192966340164E+00
    0.102116468736954E+01    0.265885762191878E+00
    0.887841551047211E+00    0.286477707349993E+00
    0.709975922421283E+00    0.299687497989158E+00
    0.496401863399774E+00    0.310389966039945E+00
    0.264523578945946E+00    0.312008853627595E+00
    0.287734614732572E-01    0.313064650846964E+00
   -0.193484507866554E+00    0.306648379371941E+00
   -0.390608027015931E+00    0.304090412191096E+00
   -0.549632022734022E+00    0.299629615604204E+00
   -0.665776928760926E+00    0.303752397902347E+00
   -0.732317540425482E+00    0.310370635471765E+00
   -0.750823486247319E+00    0.325419799969638E+00
   -0.722072677258089E+00    0.340644936907256E+00
   -0.653204181736924E+00    0.355570779933736E+00
   -0.553983932329571E+00    0.360535588187510E+00
   -0.435560105665419E+00    0.350471874077880E+00
   -0.302895282652877E+00    0.320630638277344E+00
   -0.146539803193953E+00    0.268294001093721E+00
    0.464607408462428E-01    0.196842632482962E+00
    0.273821571932776E+00    0.111307462389843E+00
    0.335697815990211E+00    0.350051350462940E-01
    0.000000000000000E+00    0.000000000000000E+00
    0.000000000000000E+00    0.000000000000000E+00
    0.642338197450874E+00   -0.106475640297725E-01
    0.598432641060159E+00   -0.627222152239156E-01
    0.223367689453134E+00   -0.171974376658171E+00
   -0.171570023786939E+00   -0.330825614541930E+00
   -0.501444584903515E+00   -0.528970088720083E+00
   -0.750934286475995E+00   -0.707262097807436E+00
   -0.888895656560100E+00   -0.865786886344887E+00
   -0.903649536157424E+00   -0.934723758990772E+00
   -0.783422283495835E+00   -0.932665302557924E+00
   -0.562746552475500E+00   -0.838293746730554E+00
   -0.264880274431598E+00   -0.675141719412412E+00
    0.514303364420739E-01   -0.480889424503663E+00
    0.359586563771744E+00   -0.263417793377499E+00
    0.622410382323840E+00   -0.728994044095847E-01
    0.829287233125378E+00    0.105533131752281E+00
    0.968665894865791E+00    0.238932230202324E+00
    0.103904364538811E+01    0.353149564015793E+00
    0.104269788590294E+01    0.431319170087074E+00
    0.979814079297111E+00    0.492979846441798E+00
    0.862202752237488E+00    0.531401240811065E+00
    0.693693074166129E+00    0.552969257597835E+00
    0.492705384091547E+00    0.559757006606000E+00
    0.268956534830832E+00    0.549327746327579E+00
    0.411855352305971E-01    0.531187790592116E+00
   -0.177793206232978E+00    0.501014310327647E+00
   -0.374464533271725E+00    0.471641221977109E+00
   -0.537476692376556E+00    0.440065895815838E+00
   -0.659758885812164E+00    0.417521014843385E+00
   -0.734345844578797E+00    0.401095245111410E+00
   -0.759005510703768E+00    0.396453023100173E+00
   -0.733611853239390E+00    0.397919733918507E+00
   -0.660936670308592E+00    0.403515816069296E+00
   -0.551514229600430E+00    0.404376642257915E+00
   -0.413404169148039E+00    0.392056418749886E+00
   -0.259871951261221E+00    0.361431444752727E+00
   -0.827129719029538E-01    0.304964199903054E+00
    0.126704014981407E+00    0.227027037842230E+00
    0.361043744685211E+00    0.130029814536814E+00
    0.401027494166366E+00    0.416808209988375E-01
    0.000000000000000E+00    0.000000000000000E+00
    0.000000000000000E+00    0.000000000000000E+00
    0.665111779586068E+00   -0.297391983962926E-02
    0.667338186346281E+00   -0.326892405244960E-01
    0.344445596789429E+00   -0.105699408720132E+00
   -0.671826937949649E-02   -0.225463750047103E+00
   -0.326052252006675E+00   -0.379575774735232E+00
   -0.588111565348477E+00   -0.536065710728882E+00
   -0.773070059648165E+00   -0.678350029025068E+00
   -0.853441676757590E+00   -0.765053449971817E+00
   -0.818451289371831E+00   -0.790667837307561E+00
   -0.670362244579828E+00   -0.735413912904847E+00
   -0.433369810544151E+00   -0.613868057938297E+00
   -0.148607106753959E+00   -0.439545774775459E+00
    0.153138340733441E+00   -0.236606987919675E+00
    0.427356195502512E+00   -0.280719062523855E-01
    0.662509867136959E+00    0.169140966442213E+00
    0.828689921979876E+00    0.342302462530010E+00
    0.933775959463483E+00    0.486203345533626E+00
    0.961206704418006E+00    0.598767115652800E+00
    0.928514812530169E+00    0.679710873206152E+00
    0.829974737210849E+00    0.732188679081596E+00
    0.686598703322541E+00    0.755141712717765E+00
    0.501615394752098E+00    0.755377446160939E+00
    0.296479959417157E+00    0.730805376009644E+00
    0.789184913050432E-01    0.692271620679427E+00
   -0.131679075805646E+00    0.638418214629285E+00
   -0.328086141589122E+00    0.582791379684853E+00
   -0.494562142762177E+00    0.524931224464586E+00
   -0.626481675328625E+00    0.477740267466487E+00
   -0.712214374938623E+00    0.439450101796398E+00
   -0.749386033472502E+00    0.418225256797831E+00
   -0.732494558196584E+00    0.407900367484355E+00
   -0.663223579631858E+00    0.408652373538663E+00
   -0.547859890080263E+00    0.409007928408092E+00
   -0.396481267718471E+00    0.401235387217965E+00
   -0.219018640327113E+00    0.375214521787192E+00
   -0.130022160901716E-01    0.323112742159142E+00
    0.221659036470426E+00    0.244276318106184E+00
    0.466828305831983E+00    0.141326720887250E+00
    0.484240206156952E+00    0.456560377842496E-01
    0.000000000000000E+00    0.000000000000000E+00
    0.000000000000000E+00    0.000000000000000E+00
    0.663447904020188E+00    0.496294872332218E-02
    0.697296819697900E+00   -0.154775542015541E-02
    0.421853404140829E+00   -0.418460034916911E-01
    0.107446680327308E+00   -0.118269923789016E+00
   -0.183617859697512E+00   -0.230065292221665E+00
   -0.446721341276423E+00   -0.348943016772023E+00
   -0.657173902579776E+00   -0.470395299025972E+00
   -0.791077838382673E+00   -0.552886330090392E+00
   -0.820557445450240E+00   -0.594400215462759E+00
   -0.746075208983941E+00   -0.568157366766334E+00
   -0.569844880210040E+00   -0.478246937619293E+00
   -0.331532270033719E+00   -0.337439112571719E+00
   -0.540228812747931E-01   -0.150130697663491E+00
    0.218070033474879E+00    0.454139007444252E-01
    0.463255285954451E+00    0.252183874705316E+00
    0.657000074825206E+00    0.432640014780991E+00
    0.788070390935345E+00    0.597249567928038E+00
    0.853276591999148E+00    0.721567964475642E+00
    0.849860982291939E+00    0.816851589363886E+00
    0.788422814925142E+00    0.872396294688464E+00
    0.672207510159613E+00    0.895181970252979E+00
    0.517870869128851E+00    0.885862800136126E+00
    0.333272244062653E+00    0.847694882725710E+00
    0.134804560137593E+00    0.789440172485396E+00
   -0.670279853902080E-01    0.713931559591904E+00
   -0.259495964287449E+00    0.633642422321207E+00
   -0.431500407087555E+00    0.552537791743080E+00
   -0.573596439546579E+00    0.482132780955982E+00
   -0.675390731270822E+00    0.425549068957516E+00
   -0.728906557720430E+00    0.389211148078520E+00
   -0.727178780988925E+00    0.371168395933075E+00
   -0.666109064946166E+00    0.369670205225201E+00
   -0.549777821442595E+00    0.374907948155715E+00
   -0.384665411401509E+00    0.376479575964826E+00
   -0.185623959303919E+00    0.362686289083327E+00
    0.461752138276969E-01    0.322005129459973E+00
    0.307219990058330E+00    0.250922396943523E+00
    0.568135824745735E+00    0.149489978914780E+00
    0.565326470360436E+00    0.498186552567136E-01
    0.000000000000000E+00    0.000000000000000E+00
    0.000000000000000E+00    0.000000000000000E+00
    0.657182283422584E+00    0.104831451933681E-01
    0.711479914063863E+00    0.208101227942234E-01
    0.467622236701458E+00    0.985475667200525E-02
    0.186730999814227E+00   -0.310929180880884E-01
   -0.869898792451074E-01   -0.100678259055258E+00
   -0.342105031313381E+00   -0.184952936356044E+00
   -0.563730564343285E+00   -0.274783905926395E+00
   -0.726843107040648E+00   -0.347400155247143E+00
   -0.806654021511900E+00   -0.390367851124980E+00
   -0.787401270083639E+00   -0.384072028394469E+00
   -0.670435449520318E+00   -0.325315114338962E+00
   -0.478563715753606E+00   -0.214580481630923E+00
   -0.232364578202726E+00   -0.617235156209773E-01
    0.252832368666771E-01    0.116319824056257E+00
    0.277148946817409E+00    0.304754916453684E+00
    0.485591669283903E+00    0.484904523494723E+00
    0.648524853201729E+00    0.645912566653862E+00
    0.743343344760830E+00    0.776315917424022E+00
    0.780997179519225E+00    0.871299188766094E+00
    0.752595835314306E+00    0.927714067550741E+00
    0.675517066558180E+00    0.944948200022784E+00
    0.549939834899747E+00    0.926887962145313E+00
    0.394564197285667E+00    0.875708383365841E+00
    0.213839305621626E+00    0.800913290020020E+00
    0.252636119069201E-01    0.707000207304153E+00
   -0.165601954398911E+00    0.606933477012945E+00
   -0.342673846253007E+00    0.506373998624730E+00
   -0.499498164471668E+00    0.418488244258579E+00
   -0.620577087200593E+00    0.347146568004503E+00
   -0.697322863360256E+00    0.301543039289003E+00
   -0.716919227770760E+00    0.279386415675163E+00
   -0.671846295616026E+00    0.281517362334451E+00
   -0.561546446393056E+00    0.296320021332532E+00
   -0.390231329818930E+00    0.313972143249093E+00
   -0.169917084540932E+00    0.318970410543143E+00
    0.966299104358495E-01    0.297631661917274E+00
    0.392894131453400E+00    0.241707524722021E+00
    0.677556222407135E+00    0.147467742171890E+00
    0.658157682595899E+00    0.502793016619544E-01
    0.000000000000000E+00    0.000000000000000E+00
    0.000000000000000E+00    0.000000000000000E+00
    0.631656192496471E+00    0.154452697733287E-01
    0.694293127332114E+00    0.399789878024627E-01
    0.478055047213301E+00    0.501044782543507E-01
    0.222481301817212E+00    0.388783625295845E-01
   -0.248424401790675E-01    0.249880256417936E-02
   -0.266523827845257E+00   -0.482677066860338E-01
   -0.489030289750585E+00   -0.111105954430642E+00
   -0.670848277766792E+00   -0.167466544197964E+00
   -0.783511802254581E+00   -0.208926494463458E+00
   -0.811262892151067E+00   -0.215900514625626E+00
   -0.743665222097787E+00   -0.181465191262705E+00
   -0.598546363771408E+00   -0.104409637836791E+00
   -0.388618642445246E+00    0.166170946722860E-01
   -0.150220450782003E+00    0.160836191661065E+00
    0.946858654372591E-01    0.326831451107135E+00
    0.317097568835002E+00    0.485309041704163E+00
    0.499145102092756E+00    0.636146016218361E+00
    0.630243858169656E+00    0.755697247106213E+00
    0.701171833496317E+00    0.846042357087252E+00
    0.716682119688221E+00    0.895108505385734E+00
    0.675074228991028E+00    0.906318545416475E+00
    0.588670424449315E+00    0.878790369065146E+00
    0.460894597423741E+00    0.817456537167904E+00
    0.305270445470060E+00    0.729365727898649E+00
    0.128591011004569E+00    0.622089211707328E+00
   -0.569694695567719E-01    0.506379668595952E+00
   -0.241671654467653E+00    0.392385149007293E+00
   -0.413243155772815E+00    0.290493620157694E+00
   -0.558422509665127E+00    0.210350163230534E+00
   -0.662343922928379E+00    0.158325705008917E+00
   -0.710021029908568E+00    0.137482212864419E+00
   -0.687677444047126E+00    0.146613151091516E+00
   -0.588913996090217E+00    0.176388327440586E+00
   -0.414398110991760E+00    0.215572959560393E+00
   -0.175408519850120E+00    0.245880103900695E+00
    0.119118204413325E+00    0.252298520283944E+00
    0.453457847394723E+00    0.219318329937491E+00
    0.768575522843760E+00    0.141942854653267E+00
    0.742062371905409E+00    0.507861404893678E-01
    0.000000000000000E+00    0.000000000000000E+00
    0.000000000000000E+00    0.000000000000000E+00
    0.607620498260290E+00    0.175296209857793E-01
    0.673749713689474E+00    0.491372220726787E-01
    0.473204087518706E+00    0.739818844596356E-01
    0.238812747261715E+00    0.818613260954285E-01
    0.554640873131170E-02    0.700143021351782E-01
   -0.222378402504734E+00    0.433024665775006E-01
   -0.438089008278432E+00    0.396428899519076E-02
   -0.624177545376689E+00   -0.391382476712885E-01
   -0.756271263460294E+00   -0.756338889547946E-01
   -0.813125980290581E+00   -0.927044969078534E-01
   -0.785022547083131E+00   -0.802496098084082E-01
   -0.678024917097670E+00   -0.332857627881498E-01
   -0.502200455712543E+00    0.493059073474258E-01
   -0.287247186202827E+00    0.159035948666501E+00
   -0.504136403572562E-01    0.288229664124244E+00
    0.174669239703322E+00    0.420673672424537E+00
    0.376875616688299E+00    0.546454401059944E+00
    0.532655585413093E+00    0.650731152219841E+00
    0.641317376575005E+00    0.727002646153068E+00
    0.692068782120401E+00    0.767047386191451E+00
    0.691923734383113E+00    0.769752983546711E+00
    0.639161675202548E+00    0.734578660884104E+00
    0.544344516025030E+00    0.665670308299374E+00
    0.410283219935422E+00    0.569005424138482E+00
    0.248961941289358E+00    0.453087297119846E+00
    0.654657804648019E-01    0.328190549265111E+00
   -0.126083225932697E+00    0.205451439709391E+00
   -0.316977648344911E+00    0.965121561004484E-01
   -0.488812799166076E+00    0.114822243772916E-01
   -0.626382328597760E+00   -0.404679877908041E-01
   -0.708404642934824E+00   -0.562771332235432E-01
   -0.716075412424050E+00   -0.344167307929383E-01
   -0.637938338778817E+00    0.151511672980997E-01
   -0.467634602583607E+00    0.813217391448786E-01
   -0.213950221125988E+00    0.143962525632274E+00
    0.119200258886333E+00    0.183793769448707E+00
    0.499134847586625E+00    0.182050551052507E+00
    0.856919761402321E+00    0.125107350940426E+00
    0.830019814988970E+00    0.473260216048584E-01
    0.000000000000000E+00    0.000000000000000E+00
    0.000000000000000E+00    0.000000000000000E+00
    0.571959024107353E+00    0.189716371183226E-01
    0.634475060185161E+00    0.549130107075663E-01
    0.449135387607480E+00    0.860646333298842E-01
    0.229873318671233E+00    0.104989955118334E+00
    0.166067284344501E-01    0.107135300961153E+00
   -0.195491930622649E+00    0.963446934309338E-01
   -0.401366657387283E+00    0.715125339640910E-01
   -0.585716607067187E+00    0.382134205082144E-01
   -0.726079076328307E+00    0.312478044942688E-02
   -0.803475491154720E+00   -0.227658992978298E-01
   -0.803197804519343E+00   -0.302301781451724E-01
   -0.728806296940802E+00   -0.127458550922441E-01
   -0.583587842553960E+00    0.344064050008033E-01
   -0.391578664999582E+00    0.104828584819600E+00
   -0.169071928399132E+00    0.196987820127038E+00
    0.573053071966956E-01    0.294281743619743E+00
    0.268695013378698E+00    0.391867997411371E+00
    0.449585488007426E+00    0.472549164114982E+00
    0.585688650604030E+00    0.531802571452580E+00
    0.674776629510599E+00    0.559200674360815E+00
    0.708859378442123E+00    0.553063109427444E+00
    0.694242129353633E+00    0.511627263295192E+00
    0.628101122297584E+00    0.437930011720234E+00
    0.520023493745890E+00    0.336828345562639E+00
    0.371446858537021E+00    0.217350962853023E+00
    0.193272635279547E+00    0.874540128388770E-01
   -0.775352570474561E-02   -0.380268981127604E-01
   -0.217190569751495E+00   -0.151207607960879E+00
   -0.420054225125126E+00   -0.235465757514982E+00
   -0.594716882173654E+00   -0.285652446456903E+00
   -0.717655010606578E+00   -0.291795115260430E+00
   -0.763457595546645E+00   -0.254943999589573E+00
   -0.711473215690072E+00   -0.181720332546735E+00
   -0.551977776763466E+00   -0.835619536607669E-01
   -0.285884853689183E+00    0.153191341552696E-01
    0.739526612934981E-01    0.973171990946187E-01
    0.503809318681235E+00    0.131758178391908E+00
    0.911143660199976E+00    0.106025026770119E+00
    0.901598212856418E+00    0.440169349912189E-01
    0.000000000000000E+00    0.000000000000000E+00
    0.000000000000000E+00    0.000000000000000E+00
    0.542928507078804E+00    0.183988117113596E-01
    0.603081867586285E+00    0.532959020599943E-01
    0.426306171116824E+00    0.861748588636372E-01
    0.220565188813763E+00    0.107775333263410E+00
    0.168670748663547E-01    0.115246619934808E+00
   -0.182222772574347E+00    0.110822570502776E+00
   -0.375196999266610E+00    0.927143931825364E-01
   -0.551222591934226E+00    0.627702630354677E-01
   -0.691689712448397E+00    0.265551175567447E-01
   -0.777013279352179E+00   -0.924964899909708E-02
   -0.795341227309253E+00   -0.350727711114859E-01
   -0.743066766612891E+00   -0.447185982301609E-01
   -0.623486929374014E+00   -0.324084699911355E-01
   -0.452614172444909E+00    0.662274119091376E-03
   -0.244476613879855E+00    0.526521077757018E-01
   -0.235715354830147E-01    0.114343708556627E+00
    0.194846122884680E+00    0.178776360004364E+00
    0.390140966218453E+00    0.234003031058827E+00
    0.552249504275033E+00    0.272981609956955E+00
    0.669560959252987E+00    0.286666722833257E+00
    0.738237302818544E+00    0.271947866855175E+00
    0.754491277458481E+00    0.225478993740508E+00
    0.719080274569833E+00    0.150023397322922E+00
    0.632536185606939E+00    0.480591256900361E-01
    0.499524524170162E+00   -0.713309400978775E-01
    0.323434541545589E+00   -0.201247975376343E+00
    0.114961577305989E+00   -0.327066091519141E+00
   -0.117172509750025E+00   -0.439477973804391E+00
   -0.352051842054331E+00   -0.522150109685868E+00
   -0.570149121511029E+00   -0.566509212282961E+00
   -0.739981824726218E+00   -0.562262052908466E+00
   -0.831143909342772E+00   -0.507197601867259E+00
   -0.816206410662229E+00   -0.407499718416322E+00
   -0.674336076279373E+00   -0.274711256323736E+00
   -0.403356364812575E+00   -0.133251604186373E+00
   -0.329620722077619E-02   -0.707080113212138E-02
    0.482137223451050E+00    0.717863878210722E-01
    0.955701764357277E+00    0.768280934169082E-01
    0.970858696050711E+00    0.374559281502596E-01
    0.000000000000000E+00    0.000000000000000E+00
    0.000000000000000E+00    0.000000000000000E+00
    0.508421585625806E+00    0.176768218501902E-01
    0.563226260154012E+00    0.509357362825078E-01
    0.397935295326825E+00    0.800811836482520E-01
    0.202793967318663E+00    0.991774947352369E-01
    0.146226412755205E-01    0.104668248579815E+00
   -0.170067819861802E+00    0.994556011583319E-01
   -0.350161940159540E+00    0.804216987484790E-01
   -0.515433561137111E+00    0.482671585911840E-01
   -0.650247164681134E+00    0.599307287104849E-02
   -0.738270035839393E+00   -0.408634442673845E-01
   -0.766029314278031E+00   -0.852798114288233E-01
   -0.730740079104990E+00   -0.119715034594804E+00
   -0.630270405940270E+00   -0.139273496808562E+00
   -0.478717920615691E+00   -0.141260283519256E+00
   -0.285463250906380E+00   -0.126585039429640E+00
   -0.718422448268181E-01   -0.100170008400865E+00
    0.146749767489714E+00   -0.680290644494230E-01
    0.353148534287023E+00   -0.387492165216520E-01
    0.531921517078722E+00   -0.204775171617891E-01
    0.675037277147550E+00   -0.197489815814938E-01
    0.770051762152538E+00   -0.430318242129060E-01
    0.816875003692936E+00   -0.917492783976404E-01
    0.806605050159308E+00   -0.167349594662756E+00
    0.743659327971289E+00   -0.266834397273785E+00
    0.622937887889258E+00   -0.383100093809961E+00
    0.452460461464767E+00   -0.511237579486845E+00
    0.233924391826889E+00   -0.633865891174161E+00
   -0.181990967907821E-01   -0.746794467180945E+00
   -0.289382046858599E+00   -0.825149389979601E+00
   -0.552671198990221E+00   -0.867090951817244E+00
   -0.776226885179995E+00   -0.851247053732553E+00
   -0.921826442888431E+00   -0.779851366266222E+00
   -0.950025495270812E+00   -0.653376904786181E+00
   -0.836339129936471E+00   -0.483323992962271E+00
   -0.562785354322771E+00   -0.299454884970258E+00
   -0.140711607964019E+00   -0.121670452990439E+00
    0.405474137479874E+00    0.196855078674506E-02
    0.950336308593068E+00    0.479841986313368E-01
    0.101698782473379E+01    0.312746748774022E-01
    0.000000000000000E+00    0.000000000000000E+00
    0.000000000000000E+00    0.000000000000000E+00
    0.482084126886741E+00    0.162955397981473E-01
    0.536446680600788E+00    0.452262902043687E-01
    0.380029071648396E+00    0.700696022275574E-01
    0.196908019853563E+00    0.830719167884358E-01
    0.169515678732942E-01    0.825589058360715E-01
   -0.155849623021055E+00    0.713263219165314E-01
   -0.321819042404732E+00    0.462289642248032E-01
   -0.474062819163027E+00    0.732252909689610E-02
   -0.599787635770368E+00   -0.436230389580342E-01
   -0.683531175942572E+00   -0.102939368388260E+00
   -0.715619560475860E+00   -0.164229266793481E+00
   -0.689044562666542E+00   -0.221272206728076E+00
   -0.604232906962721E+00   -0.268290756734349E+00
   -0.467784957838776E+00   -0.301360592082350E+00
   -0.289893486161815E+00   -0.319852340810400E+00
   -0.860073221813292E-01   -0.325302668285720E+00
    0.128982161449198E+00   -0.322694278235527E+00
    0.338981994011177E+00   -0.317546286097755E+00
    0.529701008264162E+00   -0.317703874923735E+00
    0.689770318174141E+00   -0.329005406624769E+00
    0.808068671509641E+00   -0.358014848934906E+00
    0.878584692175758E+00   -0.407655437990353E+00
    0.893762983046771E+00   -0.480397283222938E+00
    0.850507215604656E+00   -0.575200328726912E+00
    0.745762462762031E+00   -0.686854706044731E+00
    0.578832838013732E+00   -0.810518389695303E+00
    0.355399576761506E+00   -0.932018528996697E+00
    0.798426201473967E-01   -0.104389238817626E+01
   -0.225581187035355E+00   -0.112361756436671E+01
   -0.541198785954536E+00   -0.116336813261642E+01
   -0.823078291009453E+00   -0.114222798562900E+01
   -0.103160157296702E+01   -0.105622012691646E+01
   -0.111547280084874E+01   -0.905692779604891E+00
   -0.103741109419854E+01   -0.701067337164156E+00
   -0.773406107247420E+00   -0.471038214501734E+00
   -0.312923812442676E+00   -0.244334874000545E+00
    0.297635319101880E+00   -0.687021700409414E-01
    0.935858826710681E+00    0.130324946799570E-01
    0.105878900233169E+01    0.237218957428122E-01
    0.000000000000000E+00    0.000000000000000E+00
    0.000000000000000E+00    0.000000000000000E+00
    0.452931057550260E+00    0.154778401129864E-01
    0.505393417186661E+00    0.423324853525163E-01
    0.362568702300920E+00    0.612324934755189E-01
    0.190853893285028E+00    0.676508511143537E-01
    0.259251304802540E-01    0.590070022536887E-01
   -0.133004191491902E+00    0.393912674051604E-01
   -0.285243226084199E+00    0.531681267135148E-02
   -0.423687036691262E+00   -0.429029263889888E-01
   -0.537841661818357E+00   -0.104592713952239E+00
   -0.615340519932012E+00   -0.176338259419971E+00
   -0.646173724884757E+00   -0.253694668925740E+00
   -0.625891816004459E+00   -0.329482571677473E+00
   -0.550923541086225E+00   -0.399970950856633E+00
   -0.428889196402207E+00   -0.457913520320486E+00
   -0.264229158671906E+00   -0.504094062834701E+00
   -0.725104965647106E-01   -0.535117625421160E+00
    0.135775233117154E+00   -0.557269160639588E+00
    0.344550380718495E+00   -0.570956285907863E+00
    0.540588196650214E+00   -0.586478876997576E+00
    0.712623319643710E+00   -0.605020929898227E+00
    0.847169978674803E+00   -0.637811831815803E+00
    0.938563654071281E+00   -0.683781985970992E+00
    0.973898159575290E+00   -0.751976305390490E+00
    0.951722888274255E+00   -0.838988861074785E+00
    0.860128312847880E+00   -0.944283771956042E+00
    0.702171045664786E+00   -0.106392648715524E+01
    0.471625632486038E+00   -0.118312067399768E+01
    0.179882054744152E+00   -0.130126402785954E+01
   -0.163637629495537E+00   -0.138317865481738E+01
   -0.529630840557137E+00   -0.143236718117919E+01
   -0.878107716114145E+00   -0.140924579524330E+01
   -0.115907956232011E+01   -0.131929617911717E+01
   -0.130824277995707E+01   -0.114982060563168E+01
   -0.128071613138540E+01   -0.914419859849031E+00
   -0.102935474630186E+01   -0.644682302927576E+00
   -0.555600348172412E+00   -0.364591568907273E+00
    0.125587255662307E+00   -0.143102704741254E+00
    0.857647880942989E+00   -0.175546319360805E-01
    0.107315724369731E+01    0.173970602507102E-01
    0.000000000000000E+00    0.000000000000000E+00
    0.000000000000000E+00    0.000000000000000E+00
    0.429496428050179E+00    0.151425371833648E-01
    0.485581448854513E+00    0.394501533420762E-01
    0.355435016813744E+00    0.557423245681675E-01
    0.198455515864794E+00    0.566364688072850E-01
    0.438505635575219E-01    0.411955530744461E-01
   -0.102184895405054E+00    0.134060751112307E-01
   -0.239639285424447E+00   -0.296548038729240E-01
   -0.363551883159694E+00   -0.871469358506825E-01
   -0.465316923997353E+00   -0.158921213637252E+00
   -0.533576235577705E+00   -0.241744290466444E+00
   -0.561779551164354E+00   -0.331751785665509E+00
   -0.543019797799049E+00   -0.422585479763277E+00
   -0.477178068081877E+00   -0.509998472247834E+00
   -0.365848489212069E+00   -0.587027899655319E+00
   -0.216078737312278E+00   -0.652900796891798E+00
   -0.365938989300484E-01   -0.703141822419594E+00
    0.160527362388396E+00   -0.742416768147871E+00
    0.363840448529857E+00   -0.769554145330923E+00
    0.559390346195556E+00   -0.793715252622198E+00
    0.737349642731104E+00   -0.815354660600164E+00
    0.883930217458735E+00   -0.846052552245356E+00
    0.991296131934617E+00   -0.885181588610764E+00
    0.104659727218130E+01   -0.943991373590572E+00
    0.104359034516498E+01   -0.101978234374709E+01
    0.971464655617484E+00   -0.111700015289815E+01
    0.823395753149639E+00   -0.122958783811121E+01
    0.596519872378863E+00   -0.135155932757261E+01
    0.287432406640347E+00   -0.147470519938369E+01
   -0.844275562040713E-01   -0.157196412732979E+01
   -0.507552564584276E+00   -0.163417541319579E+01
   -0.922882120045812E+00   -0.162670767755325E+01
   -0.128885572316839E+01   -0.154199864782374E+01
   -0.152025363550714E+01   -0.136627456516125E+01
   -0.155594208560068E+01   -0.110982508446134E+01
   -0.133532415446969E+01   -0.802248905532071E+00
   -0.828396753107852E+00   -0.476885494138691E+00
   -0.724467840578399E-01   -0.205063624539356E+00
    0.784550171435446E+00   -0.470859859878063E-01
    0.109052192062707E+01    0.127592650856797E-01
    0.000000000000000E+00    0.000000000000000E+00
    0.000000000000000E+00    0.000000000000000E+00
    0.402454195639230E+00    0.159400401093531E-01
    0.459745469110238E+00    0.421348696632765E-01
    0.346955212159301E+00    0.569158373689278E-01
    0.204865317519698E+00    0.555627695250063E-01
    0.677330255831370E-01    0.355261610591661E-01
   -0.629541581315737E-01    0.196335432846241E-02
   -0.185369151057713E+00   -0.480533403849107E-01
   -0.294399508216014E+00   -0.113029743379192E+00
   -0.382804628429149E+00   -0.192653837875726E+00
   -0.441766351230975E+00   -0.283696575312715E+00
   -0.464749118323599E+00   -0.382686576961294E+00
   -0.447515569756811E+00   -0.483059692761918E+00
   -0.387288400214405E+00   -0.581592383629555E+00
   -0.287635318150714E+00   -0.669661853194815E+00
   -0.150613597449554E+00   -0.747764300752130E+00
    0.135778243573821E-01   -0.808099646564368E+00
    0.198499607543419E+00   -0.856865357651734E+00
    0.391271777583836E+00   -0.888645555019632E+00
    0.582387342806710E+00   -0.914852791530524E+00
    0.760370020391115E+00   -0.931049395296393E+00
    0.913941531548948E+00   -0.954214523745333E+00
    0.103360369128740E+01   -0.978811148089595E+00
    0.110531711127806E+01   -0.102381255713494E+01
    0.112306609464977E+01   -0.108095120592951E+01
    0.106977505580067E+01   -0.116546993818434E+01
    0.941183290905393E+00   -0.126929529333481E+01
    0.717926707514253E+00   -0.139211562945742E+01
    0.406910971655907E+00   -0.152807022663906E+01
    0.379728438549267E-02   -0.164018359832685E+01
   -0.465194468007467E+00   -0.173825375646737E+01
   -0.958353642038619E+00   -0.175183172815372E+01
   -0.141547097364539E+01   -0.169932681302478E+01
   -0.174105313075072E+01   -0.153062454762589E+01
   -0.185980423167102E+01   -0.126512557004548E+01
   -0.167327014581276E+01   -0.935782292391480E+00
   -0.116899657963812E+01   -0.565917532874755E+00
   -0.336711730716140E+00   -0.258803525245677E+00
    0.636120200941783E+00   -0.676855454944850E-01
    0.107776508458259E+01    0.109798006946335E-01
    0.000000000000000E+00    0.000000000000000E+00
    0.000000000000000E+00    0.000000000000000E+00
    0.376135465709158E+00    0.176747422464664E-01
    0.438401741923806E+00    0.461442679525124E-01
    0.341718553250323E+00    0.649913351453132E-01
    0.218248401023540E+00    0.650402221980940E-01
    0.952171249143497E-01    0.452377532936786E-01
   -0.198235507851995E-01    0.989272753243816E-02
   -0.126097231620636E+00   -0.429274941334545E-01
   -0.219724469254425E+00   -0.111255832647026E+00
   -0.294978976972885E+00   -0.194597524587613E+00
   -0.343795701465378E+00   -0.289228066542396E+00
   -0.362265951693908E+00   -0.391853918664166E+00
   -0.344753158985010E+00   -0.496099935401570E+00
   -0.291408382867134E+00   -0.598286489659474E+00
   -0.201544754676135E+00   -0.690475880490914E+00
   -0.799236143890664E-01   -0.771692934585307E+00
    0.692059614987703E-01   -0.834552765794016E+00
    0.237254146818901E+00   -0.883179195697312E+00
    0.417136347375442E+00   -0.912242933700617E+00
    0.597915450891780E+00   -0.931110033575060E+00
    0.772153003344553E+00   -0.935355452479775E+00
    0.927372462064709E+00   -0.941605349881572E+00
    0.105570107670927E+01   -0.945576733918378E+00
    0.114300641079015E+01   -0.966430758036094E+00
    0.118312040022342E+01   -0.996368493558955E+00
    0.115841162781557E+01   -0.106052005644420E+01
    0.105475083065164E+01   -0.114706505368284E+01
    0.855158873109446E+00   -0.126957966237828E+01
    0.550666681902886E+00   -0.140731280551577E+01
    0.143114945181740E+00   -0.155164303917860E+01
   -0.375287061764429E+00   -0.168699403194527E+01
   -0.940718903355990E+00   -0.175227794659447E+01
   -0.150938026489956E+01   -0.174221654096765E+01
   -0.194338154706685E+01   -0.160930577435220E+01
   -0.215842401445095E+01   -0.135442310968818E+01
   -0.202775760257122E+01   -0.101772595397115E+01
   -0.150439470145084E+01   -0.627414653298124E+00
   -0.598511093654461E+00   -0.286123583800091E+00
    0.525308742987960E+00   -0.812933162244332E-01
    0.108069917663415E+01    0.112928806730193E-01
    0.000000000000000E+00    0.000000000000000E+00
    0.000000000000000E+00    0.000000000000000E+00
    0.343615988256383E+00    0.205852879818558E-01
    0.406274850006429E+00    0.564184502079407E-01
    0.328996917339870E+00    0.808704266391391E-01
    0.223709646238629E+00    0.868999103259531E-01
    0.121207893069169E+00    0.712341691856031E-01
    0.238702790552873E-01    0.390184214733111E-01
   -0.655186641956479E-01   -0.117278302119681E-01
   -0.143575145535486E+00   -0.786588478892852E-01
   -0.205299503745435E+00   -0.160338758416175E+00
   -0.244695435105920E+00   -0.253460728401196E+00
   -0.257943870504162E+00   -0.353647013867949E+00
   -0.241399491294785E+00   -0.455358230575293E+00
   -0.193665444821864E+00   -0.554197178164776E+00
   -0.115571168995350E+00   -0.642468283113438E+00
   -0.844780917977975E-02   -0.718923717722198E+00
    0.122269514872645E+00   -0.775226498445322E+00
    0.272712157222560E+00   -0.815506277731150E+00
    0.434542866410185E+00   -0.832279173065878E+00
    0.602025566692242E+00   -0.835601481659279E+00
    0.765893061134991E+00   -0.817737169726705E+00
    0.918789202612026E+00   -0.799033206948865E+00
    0.105074801720091E+01   -0.770773146705266E+00
    0.115139928758041E+01   -0.757350916326004E+00
    0.121200758066178E+01   -0.743916962735326E+00
    0.121583050364228E+01   -0.774257165435051E+00
    0.114937865891043E+01   -0.831559046261758E+00
    0.979135736062585E+00   -0.941261287459713E+00
    0.704466974406501E+00   -0.107281428516714E+01
    0.288108661387138E+00   -0.123769479986655E+01
   -0.245601826923642E+00   -0.144540002002752E+01
   -0.887296379682511E+00   -0.155851503778038E+01
   -0.156098384379914E+01   -0.163133803434702E+01
   -0.211477516768256E+01   -0.155038015778654E+01
   -0.245488490185167E+01   -0.133704778813020E+01
   -0.239959668186315E+01   -0.102642025552700E+01
   -0.190180821130532E+01   -0.638474603315005E+00
   -0.926709816112910E+00   -0.298809308129149E+00
    0.327474971729338E+00   -0.854546677404474E-01
    0.106244505554649E+01    0.897721042527526E-02
    0.000000000000000E+00    0.000000000000000E+00
    0.000000000000000E+00    0.000000000000000E+00
    0.306680410299787E+00    0.240797492183595E-01
    0.370846599341618E+00    0.666559980818485E-01
    0.310306804505685E+00    0.102260236563412E+00
    0.226028048407080E+00    0.117610942490037E+00
    0.140715044832757E+00    0.111648769465994E+00
    0.616876299281230E-01    0.872649447964628E-01
   -0.102893414444397E-01    0.444973194335951E-01
   -0.723386829171700E-01   -0.153021733330680E-01
   -0.121178902860733E+00   -0.892159216382633E-01
   -0.151224578612874E+00   -0.174598130838656E+00
   -0.160637986673570E+00   -0.265891504216066E+00
   -0.144959420689811E+00   -0.358744675028145E+00
   -0.104788059530620E+00   -0.446964292968443E+00
   -0.382211947975281E-01   -0.525047075470188E+00
    0.514613807193702E-01   -0.588603315785594E+00
    0.163242254885192E+00   -0.632299275029845E+00
    0.291483912038991E+00   -0.655596492848235E+00
    0.433101384940253E+00   -0.654478261419451E+00
    0.580743933922541E+00   -0.633320186662912E+00
    0.730180870979426E+00   -0.588568035941445E+00
    0.872539288304849E+00   -0.533754628345627E+00
    0.100393986936001E+01   -0.466655269179764E+00
    0.111281779489079E+01   -0.404598125038167E+00
    0.119447980046382E+01   -0.338429878524005E+00
    0.122850626137977E+01   -0.315099908189997E+00
    0.120233699986934E+01   -0.325766452296097E+00
    0.108592503998752E+01   -0.396956056967244E+00
    0.863710699054153E+00   -0.491910902250095E+00
    0.483832436441751E+00   -0.680949801639377E+00
   -0.638901236675183E-01   -0.922665906050511E+00
   -0.732955599547017E+00   -0.112011609326899E+01
   -0.150709109328925E+01   -0.127897999220309E+01
   -0.218035784353962E+01   -0.130891430726039E+01
   -0.267250790728194E+01   -0.118428675100960E+01
   -0.274915600371793E+01   -0.937450320322372E+00
   -0.227404550669368E+01   -0.591388936214842E+00
   -0.124415218840269E+01   -0.264654213346741E+00
    0.199272636765242E+00   -0.618632314690881E-01
    0.107328263052687E+01    0.192158770785186E-01
    0.000000000000000E+00    0.000000000000000E+00
    0.000000000000000E+00    0.000000000000000E+00
    0.261394225269456E+00    0.285840635888447E-01
    0.321163896654363E+00    0.818240860638088E-01
    0.278782694441025E+00    0.128025797392173E+00
    0.213535923100096E+00    0.156586677631103E+00
    0.149984370946390E+00    0.162895880164096E+00
    0.898223955453154E-01    0.151808123402690E+00
    0.356546932102623E-01    0.121633410440478E+00
   -0.109010242450302E-01    0.754061043438107E-01
   -0.469251607661238E-01    0.150672881214370E-01
   -0.686356485789105E-01   -0.555071411457795E-01
   -0.743337594534864E-01   -0.131722583169015E+00
   -0.608441027564164E-01   -0.208022282947851E+00
   -0.280764746829616E-01   -0.279836206097024E+00
    0.251875057831326E-01   -0.339427862903064E+00
    0.974851284897205E-01   -0.385162259859436E+00
    0.187515359907203E+00   -0.407576856229482E+00
    0.292529876923832E+00   -0.410051463903202E+00
    0.409172363507984E+00   -0.382097117101123E+00
    0.534043351297545E+00   -0.333682875421424E+00
    0.662152506984367E+00   -0.252494389845261E+00
    0.789847397849905E+00   -0.159342638002895E+00
    0.911295640836422E+00   -0.400311001134827E-01
    0.102319563582958E+01    0.777747297751942E-01
    0.111682111976014E+01    0.216974051491722E+00
    0.118039853762243E+01    0.303874209269377E+00
    0.119678962852322E+01    0.378359669888385E+00
    0.115051323712935E+01    0.383942931394660E+00
    0.101103030537944E+01    0.368351640246506E+00
    0.667525345397355E+00    0.171430105724897E+00
    0.167934858915656E+00   -0.852778539996723E-01
   -0.518136688157376E+00   -0.294596228097109E+00
   -0.134964269088622E+01   -0.616805569731863E+00
   -0.215784544707651E+01   -0.770237264009752E+00
   -0.279879311190576E+01   -0.829006623299828E+00
   -0.300839908456155E+01   -0.740612301550372E+00
   -0.261315230745045E+01   -0.457438643481390E+00
   -0.151778613696565E+01   -0.204730991073418E+00
    0.190507739070654E-01   -0.138898016012775E-01
    0.107907496681164E+01    0.472590683168493E-01
    0.000000000000000E+00    0.000000000000000E+00
    0.000000000000000E+00    0.000000000000000E+00
    0.209749237215560E+00    0.325045382350356E-01
    0.263114863435998E+00    0.947029007893472E-01
    0.235150863579405E+00    0.155337301670108E+00
    0.189950463530465E+00    0.199289900989142E+00
    0.144198187862985E+00    0.221456954620112E+00
    0.102356138113294E+00    0.228509700855437E+00
    0.651695474714204E-01    0.215375000890078E+00
    0.335479566023216E-01    0.190329715685330E+00
    0.931131151560925E-02    0.148551286911215E+00
   -0.480314444940034E-02    0.102151303362323E+00
   -0.777577365798523E-02    0.457521061065160E-01
    0.303341965182786E-02   -0.426400078276988E-02
    0.273865640414081E-01   -0.556435190045664E-01
    0.670748899575755E-01   -0.877702828913970E-01
    0.120391484835957E+00   -0.112726057464923E+00
    0.187927459889405E+00   -0.106343250192968E+00
    0.266593163871808E+00   -0.865726437172880E-01
    0.355996210995368E+00   -0.263224970070731E-01
    0.452043620640805E+00    0.492067715820307E-01
    0.553950451988916E+00    0.170079916054278E+00
    0.657071011897594E+00    0.301361655662668E+00
    0.761962784459606E+00    0.475809877730900E+00
    0.862619338250058E+00    0.649614272978227E+00
    0.957456151751645E+00    0.863384979435434E+00
    0.103627195040484E+01    0.103847412900376E+01
    0.110141302660250E+01    0.122558189588695E+01
    0.113336074277341E+01    0.133575599251111E+01
    0.108737707810665E+01    0.142920197675385E+01
    0.860963983112996E+00    0.131004017590488E+01
    0.478188415557477E+00    0.120290072325964E+01
   -0.800302324335836E-01    0.925380012908699E+00
   -0.964888495766985E+00    0.488233086032535E+00
   -0.189365121351653E+01    0.722831395595384E-01
   -0.272311194224481E+01   -0.213443105831692E+00
   -0.313486166967555E+01   -0.374472538500687E+00
   -0.276689879121086E+01   -0.221839251506883E+00
   -0.165139336993610E+01   -0.609497146383880E-01
    0.600898735636254E-01    0.359098076300551E-01
    0.121579203453671E+01    0.738922188822830E-01
    0.000000000000000E+00    0.000000000000000E+00
    0.000000000000000E+00    0.000000000000000E+00
    0.149941216114065E+00    0.353652048668167E-01
    0.190412367236642E+00    0.108326141038608E+00
    0.175809116240717E+00    0.180776423639685E+00
    0.147195800582627E+00    0.240078763969352E+00
    0.120552937323355E+00    0.279669944878199E+00
    0.951853121294826E-01    0.306586020333703E+00
    0.735260410606450E-01    0.316126045827265E+00
    0.547781261842192E-01    0.315570943460487E+00
    0.409977780318674E-01    0.301279386084159E+00
    0.330785559544185E-01    0.282942893989941E+00
    0.322007102840650E-01    0.257062557529398E+00
    0.397222790916987E-01    0.236838951094858E+00
    0.559301723303235E-01    0.216485240303909E+00
    0.818707725651981E-01    0.213982331364386E+00
    0.116967966178535E+00    0.218593408230210E+00
    0.161439059465779E+00    0.253616155847055E+00
    0.214056163343804E+00    0.301242382349080E+00
    0.274109052150421E+00    0.390326614688911E+00
    0.340259565272863E+00    0.494030541301134E+00
    0.410957860424753E+00    0.647464980400247E+00
    0.485775854500936E+00    0.812739286052853E+00
    0.563099555646202E+00    0.103236866649025E+01
    0.644693478443228E+00    0.125450957609977E+01
    0.724436077886000E+00    0.153811293299761E+01
    0.807484725580221E+00    0.178991785177415E+01
    0.879947664777463E+00    0.210034939232471E+01
    0.972931571744608E+00    0.235864041209586E+01
    0.102433035862493E+01    0.262926629369943E+01
    0.887733473933113E+00    0.263165127354753E+01
    0.619288257722005E+00    0.280350310835039E+01
    0.105921468542321E+00    0.273029640388491E+01
   -0.483168514384047E+00    0.192635159487459E+01
   -0.127976229848040E+01    0.133886376813078E+01
   -0.227693990802461E+01    0.625707409959042E+00
   -0.293494597047768E+01    0.951198132147846E-01
   -0.280219472859449E+01    0.314421858702208E-01
   -0.181783961779926E+01   -0.780585346335409E-01
   -0.988998453749052E-01   -0.320127175510242E-01
    0.117571451285235E+01    0.579952455703238E-01
    0.000000000000000E+00    0.000000000000000E+00
    0.000000000000000E+00    0.000000000000000E+00
    0.839177604065523E-01    0.343129907567483E-01
    0.107730034640768E+00    0.109587559487077E+00
    0.103916494415337E+00    0.191933833073146E+00
    0.894184881783440E-01    0.261536435558644E+00
    0.771666278057531E-01    0.316468299630625E+00
    0.640420646167930E-01    0.361903425250306E+00
    0.552845643817447E-01    0.393788957327299E+00
    0.456420537304230E-01    0.420297923313713E+00
    0.407901136421750E-01    0.434301580153187E+00
    0.361947166845972E-01    0.449673359035709E+00
    0.374704442026248E-01    0.454934643911188E+00
    0.402425062348925E-01    0.471232684946353E+00
    0.497044224869827E-01    0.481008386211444E+00
    0.617069446681098E-01    0.513637289110006E+00
    0.805155612269202E-01    0.543892456028418E+00
    0.102313397811780E+00    0.609473450985280E+00
    0.130178473443373E+00    0.676293767341665E+00
    0.160738971921170E+00    0.790066061453186E+00
    0.195984808255664E+00    0.906948546962454E+00
    0.233354709488848E+00    0.108027773376486E+01
    0.274150783994609E+00    0.125645408098751E+01
    0.317442299904800E+00    0.149672582098993E+01
    0.363453037077538E+00    0.173739148776976E+01
    0.413264512658525E+00    0.204911989756569E+01
    0.464187382070403E+00    0.235349513507462E+01
    0.521353396958416E+00    0.273795348037595E+01
    0.576116929433892E+00    0.310277603091936E+01
    0.626904481069956E+00    0.348666097150600E+01
    0.571006523105889E+00    0.380657357998423E+01
    0.475768023906243E+00    0.438500393680569E+01
    0.263347675246047E+00    0.445438907698291E+01
    0.104705964297711E+00    0.365956205282933E+01
   -0.376226919917070E+00    0.280869783321645E+01
   -0.133534511129216E+01    0.145725573733806E+01
   -0.250271434390686E+01    0.561884672583421E+00
   -0.266655523271949E+01   -0.146815905017522E-01
   -0.195886418169098E+01   -0.184544119031602E+00
   -0.215253955786339E+00   -0.279055268217551E+00
    0.929059123359962E+00   -0.108001871583549E+00
    0.000000000000000E+00    0.000000000000000E+00
    0.000000000000000E+00    0.000000000000000E+00
    0.233091212303672E-01    0.233091212304047E-01
    0.330768197673960E-01    0.832495476797104E-01
    0.335880877980335E-01    0.147028182520193E+00
    0.304071824283992E-01    0.203823631434406E+00
    0.273314382437770E-01    0.252104484079283E+00
    0.238438595388516E-01    0.296453013391249E+00
    0.216647966407085E-01    0.333325683890526E+00
    0.195195414590936E-01    0.367708913992989E+00
    0.183013566470811E-01    0.396359583876499E+00
    0.175153901336204E-01    0.425261436958468E+00
    0.178039149004889E-01    0.450733226367951E+00
    0.190641431743415E-01    0.480677735462369E+00
    0.215319756117941E-01    0.510251548927688E+00
    0.254377762263798E-01    0.550262656985894E+00
    0.305938998263774E-01    0.593372477782076E+00
    0.374004434189527E-01    0.653957998831285E+00
    0.453665015487057E-01    0.720953985376576E+00
    0.548606614881083E-01    0.812486427302124E+00
    0.653011726385625E-01    0.912993027512660E+00
    0.770036067452840E-01    0.104418354256866E+01
    0.896582654118000E-01    0.118624737204271E+01
    0.103769024647740E+00    0.136526510498769E+01
    0.119709983228940E+00    0.155622289155456E+01
    0.136780003095435E+00    0.179287620705538E+01
    0.156978962702087E+00    0.204231377868632E+01
    0.179203719676279E+00    0.234758057404869E+01
    0.203455104886558E+00    0.267063830070458E+01
    0.230384256787850E+00    0.305940685839893E+01
    0.258447616404653E+00    0.345760018065512E+01
    0.276111330876049E+00    0.417782698199853E+01
    0.474526418454267E+00    0.419538327677222E+01
    0.454049256159640E+00    0.337187084345715E+01
    0.138857152328863E+01    0.300654053770416E+01
    0.637821122731661E-01    0.160167026327984E+01
   -0.152070460306766E+01    0.147259446059531E+00
   -0.228055343386356E+01   -0.393754847902858E+00
   -0.183411294754334E+01   -0.540704604523534E+00
   -0.281444095062493E+00   -0.724797348826844E+00
    0.843144983445156E+00   -0.429281225436033E+00
    0.000000000000000E+00    0.000000000000000E+00
    0.000000000000000E+00    0.000000000000000E+00
    0.000000000000000E+00    0.000000000000000E+00
    0.000000000000000E+00    0.000000000000000E+00
    0.000000000000000E+00    0.000000000000000E+00
    0.000000000000000E+00    0.000000000000000E+00
    0.000000000000000E+00    0.000000000000000E+00
    0.000000000000000E+00    0.000000000000000E+00
    0.000000000000000E+00    0.000000000000000E+00
    0.000000000000000E+00    0.000000000000000E+00
    0.000000000000000E+00    0.000000000000000E+00
    0.000000000000000E+00    0.000000000000000E+00
    0.000000000000000E+00    0.000000000000000E+00
    0.000000000000000E+00    0.000000000000000E+00
    0.000000000000000E+00    0.000000000000000E+00
    0.000000000000000E+00    0.000000000000000E+00
    0.000000000000000E+00    0.000000000000000E+00
    0.000000000000000E+00    0.000000000000000E+00
    0.000000000000000E+00    0.000000000000000E+00
    0.000000000000000E+00    0.000000000000000E+00
    0.000000000000000E+00    0.000000000000000E+00
    0.000000000000000E+00    0.000000000000000E+00
    0.000000000000000E+00    0.000000000000000E+00
    0.000000000000000E+00    0.000000000000000E+00
    0.000000000000000E+00    0.000000000000000E+00
    0.000000000000000E+00    0.000000000000000E+00
    0.000000000000000E+00    0.000000000000000E+00
    0.000000000000000E+00    0.000000000000000E+00
    0.000000000000000E+00    0.000000000000000E+00
    0.000000000000000E+00    0.000000000000000E+00
    0.000000000000000E+00    0.000000000000000E+00
    0.000000000000000E+00    0.000000000000000E+00
    0.000000000000000E+00    0.000000000000000E+00
    0.000000000000000E+00    0.000000000000000E+00
    0.288803081564315E+01    0.214131219127445E+01
    0.940706307873664E+00    0.147333451160408E+01
   -0.891437203356076E+00   -0.376038955731561E+00
   -0.186114610130085E+01   -0.720070565516253E+00
   -0.175295442791356E+01   -0.853167518983638E+00
   -0.451083166483039E+00   -0.869989226488631E+00
    0.888557194048208E+00   -0.626750738316296E+00
    0.000000000000000E+00    0.000000000000000E+00
