#  cvt08.txt
#  created by routine CVT_WRITE.F90
#  at December  7 2004   9:53:30.882 AM
#
#  Spatial dimension NDIM =              2
#  Number of points N =                 85
#  Initial SEED_INIT =           123456789
#  Current SEED =               1118006509
#  INIT =                    "uniform".
#  Max iterations IT_MAX =              40
#  IT_FIXED (fixed samples) =            1
#  Iterations IT_NUM =                  40
#  Difference IT_DIFF =         0.359189    
#  CVT ENERGY =                 0.196420E-02
#  SAMPLE =                  "uniform".
#  Samples SAMPLE_NUM    =           10000
#  Sampling BATCH size   =               5
#  EPSILON (unit roundoff) =    0.222045E-15
#
  0.230897  0.944199
  0.769727  0.560045
  0.456662  0.064957
  0.347048  0.043347
  0.170291  0.578487
  0.178066  0.407962
  0.477138  0.696321
  0.935234  0.059377
  0.942830  0.298896
  0.142584  0.050970
  0.869315  0.841431
  0.248470  0.069492
  0.320476  0.952735
  0.309305  0.392858
  0.937135  0.173256
  0.659100  0.555402
  0.849610  0.490280
  0.862571  0.615085
  0.268768  0.736289
  0.325846  0.268381
  0.508578  0.276939
  0.613054  0.292751
  0.268979  0.618524
  0.066505  0.272800
  0.753200  0.760782
  0.050254  0.704016
  0.131718  0.862557
  0.817364  0.155316
  0.956297  0.796117
  0.720836  0.341684
  0.946971  0.542239
  0.047234  0.481372
  0.063195  0.369441
  0.371891  0.752224
  0.050909  0.164212
  0.153202  0.174507
  0.344467  0.152782
  0.247095  0.195483
  0.653664  0.827892
  0.676800  0.142821
  0.756605  0.659479
  0.454769  0.831555
  0.950639  0.933707
  0.683029  0.043890
  0.411918  0.333022
  0.859469  0.727628
  0.442148  0.196125
  0.841121  0.953970
  0.745698  0.456890
  0.641890  0.421884
  0.555694  0.843298
  0.152443  0.674883
  0.829329  0.262861
  0.436827  0.455452
  0.340564  0.847054
  0.716645  0.952663
  0.204606  0.306050
  0.149521  0.764512
  0.416775  0.938370
  0.613695  0.949466
  0.794959  0.052910
  0.041062  0.933816
  0.570989  0.745998
  0.951326  0.678436
  0.131089  0.493196
  0.053104  0.592885
  0.662590  0.697801
  0.563132  0.052681
  0.233067  0.846950
  0.046704  0.817352
  0.136293  0.957688
  0.558791  0.171552
  0.946119  0.410930
  0.705148  0.225979
  0.460335  0.574354
  0.046456  0.058932
  0.528649  0.392660
  0.554209  0.503321
  0.371074  0.641595
  0.829290  0.376383
  0.560971  0.621381
  0.356755  0.529495
  0.758822  0.869901
  0.250451  0.495791
  0.512867  0.946192
