#  annulus.xy
#  created by xy_io::xy_header_write.f90
#  on  1 January 2011   3:26:39.370 PM
#
#  Number of points =       65
#
       -1.000000        0.000000
       -0.965926        0.258819
       -0.866025        0.500000
       -0.707107        0.707107
       -0.500000        0.866025
       -0.258819        0.965926
        0.000000        1.000000
        0.258819        0.965926
        0.500000        0.866025
        0.707107        0.707107
        0.866025        0.500000
        0.965926        0.258819
        1.000000        0.000000
       -1.500000        0.000000
       -1.448889        0.388229
       -1.299038        0.750000
       -1.060660        1.060660
       -0.750000        1.299038
       -0.388229        1.448889
        0.000000        1.500000
        0.388229        1.448889
        0.750000        1.299038
        1.060660        1.060660
        1.299038        0.750000
        1.448889        0.388229
        1.500000        0.000000
       -2.000000        0.000000
       -1.931852        0.517638
       -1.732051        1.000000
       -1.414214        1.414214
       -1.000000        1.732051
       -0.517638        1.931852
        0.000000        2.000000
        0.517638        1.931852
        1.000000        1.732051
        1.414214        1.414214
        1.732051        1.000000
        1.931852        0.517638
        2.000000        0.000000
       -2.500000        0.000000
       -2.414815        0.647048
       -2.165064        1.250000
       -1.767767        1.767767
       -1.250000        2.165064
       -0.647048        2.414815
        0.000000        2.500000
        0.647048        2.414815
        1.250000        2.165064
        1.767767        1.767767
        2.165064        1.250000
        2.414815        0.647048
        2.500000        0.000000
       -3.000000        0.000000
       -2.897777        0.776457
       -2.598076        1.500000
       -2.121320        2.121320
       -1.500000        2.598076
       -0.776457        2.897777
        0.000000        3.000000
        0.776457        2.897777
        1.500000        2.598076
        2.121320        2.121320
        2.598076        1.500000
        2.897777        0.776457
        3.000000        0.000000
