    0.000000000000000E+00    0.000000000000000E+00
    0.000000000000000E+00    0.000000000000000E+00
    0.000000000000000E+00    0.000000000000000E+00
    0.000000000000000E+00    0.000000000000000E+00
    0.000000000000000E+00    0.000000000000000E+00
    0.000000000000000E+00    0.000000000000000E+00
    0.000000000000000E+00    0.000000000000000E+00
    0.000000000000000E+00    0.000000000000000E+00
    0.000000000000000E+00    0.000000000000000E+00
    0.000000000000000E+00    0.000000000000000E+00
    0.000000000000000E+00    0.000000000000000E+00
    0.000000000000000E+00    0.000000000000000E+00
    0.000000000000000E+00    0.000000000000000E+00
    0.000000000000000E+00    0.000000000000000E+00
    0.000000000000000E+00    0.000000000000000E+00
    0.000000000000000E+00    0.000000000000000E+00
    0.000000000000000E+00    0.000000000000000E+00
    0.000000000000000E+00    0.000000000000000E+00
    0.000000000000000E+00    0.000000000000000E+00
    0.000000000000000E+00    0.000000000000000E+00
    0.000000000000000E+00    0.000000000000000E+00
    0.000000000000000E+00    0.000000000000000E+00
    0.000000000000000E+00    0.000000000000000E+00
    0.000000000000000E+00    0.000000000000000E+00
    0.000000000000000E+00    0.000000000000000E+00
    0.000000000000000E+00    0.000000000000000E+00
    0.000000000000000E+00    0.000000000000000E+00
    0.000000000000000E+00    0.000000000000000E+00
    0.000000000000000E+00    0.000000000000000E+00
    0.000000000000000E+00    0.000000000000000E+00
    0.000000000000000E+00    0.000000000000000E+00
    0.000000000000000E+00    0.000000000000000E+00
    0.000000000000000E+00    0.000000000000000E+00
    0.000000000000000E+00    0.000000000000000E+00
    0.000000000000000E+00    0.000000000000000E+00
    0.000000000000000E+00    0.000000000000000E+00
    0.000000000000000E+00    0.000000000000000E+00
    0.000000000000000E+00    0.000000000000000E+00
    0.000000000000000E+00    0.000000000000000E+00
    0.000000000000000E+00    0.000000000000000E+00
    0.000000000000000E+00    0.000000000000000E+00
    0.000000000000000E+00    0.000000000000000E+00
   -0.107447917487025E-03   -0.130455948222778E-04
   -0.369743871563066E-03    0.262339012025062E-03
   -0.583787139887549E-03    0.103644045463655E-02
   -0.736783392275558E-03    0.236032980649327E-02
   -0.675487466782085E-03    0.359470964988198E-02
   -0.596600474805226E-03    0.501489152766025E-02
   -0.230271134649439E-03    0.576703074468117E-02
    0.324661043202488E-03    0.496377595341509E-02
    0.800488683823594E-03    0.422689715771407E-02
    0.762526192678063E-03    0.300759924165482E-02
    0.712968076868138E-03    0.149224204685720E-02
    0.699712215062277E-03    0.133103594402698E-03
    0.717201367645615E-03   -0.123523438025123E-02
    0.720472618125407E-03   -0.261669514548294E-02
    0.709492398624454E-03   -0.398617760878993E-02
    0.675560730499372E-03   -0.530589985189794E-02
    0.632825485945228E-03   -0.655612121082952E-02
    0.569696560818240E-03   -0.769545465672944E-02
    0.497162908202791E-03   -0.870829884350784E-02
    0.406671344214961E-03   -0.955600057774367E-02
    0.307293035725653E-03   -0.102262528946872E-01
    0.194577163433873E-03   -0.106853838133255E-01
    0.756014412774997E-04   -0.109280722197446E-01
   -0.488522044334289E-04   -0.109314826025937E-01
   -0.174383912158275E-03   -0.107010027211989E-01
   -0.293913966042767E-03   -0.102324714049403E-01
   -0.406616908727577E-03   -0.954495992993255E-02
   -0.499288393232994E-03   -0.866144183009384E-02
   -0.575911146724025E-03   -0.761359564340707E-02
   -0.619131553415714E-03   -0.645735502835378E-02
   -0.638632088636418E-03   -0.522971939875639E-02
   -0.616836635984980E-03   -0.401805648855285E-02
   -0.568077639042170E-03   -0.285231754754460E-02
   -0.481124026531267E-03   -0.183589020927642E-02
   -0.371854738650981E-03   -0.980177274954173E-03
   -0.244449071217511E-03   -0.374578797404293E-03
   -0.112531310471344E-03    0.131686258662097E-05
   -0.867366511491539E-05    0.129151515765861E-03
    0.640965020393282E-04    0.640965020399115E-04
    0.000000000000000E+00    0.000000000000000E+00
    0.000000000000000E+00    0.000000000000000E+00
   -0.141845499715729E-03    0.339745315232623E-04
   -0.885797845013419E-03    0.259906478709165E-03
   -0.171675404342603E-02    0.101239460858063E-02
   -0.226370160660681E-02    0.238049990709572E-02
   -0.247998952519158E-02    0.379492155687044E-02
   -0.154728166173280E-02    0.485562293911559E-02
   -0.222459695120462E-04    0.526327362088652E-02
    0.120688164707924E-02    0.463200819463608E-02
    0.227677066314765E-02    0.348236800342034E-02
    0.253340684598116E-02    0.168295096940445E-02
    0.257064161206138E-02   -0.608745065400364E-03
    0.260320085327939E-02   -0.290799875754466E-02
    0.264768129235592E-02   -0.524584052838121E-02
    0.262992877364960E-02   -0.762392269367893E-02
    0.257250893243188E-02   -0.996777870678062E-02
    0.243935911618470E-02   -0.122058314744203E-01
    0.226605906130257E-02   -0.142998109719176E-01
    0.202456799774743E-02   -0.161889877350752E-01
    0.174334203790837E-02   -0.178365967721197E-01
    0.140376988580562E-02   -0.191873377480035E-01
    0.102953865440287E-02   -0.202119566870704E-01
    0.613637917778572E-03   -0.208666586448184E-01
    0.175869310454854E-03   -0.211351466538581E-01
   -0.277438911139432E-03   -0.209937276497232E-01
   -0.729593816450813E-03   -0.204460648293572E-01
   -0.116119845345619E-02   -0.194973584543431E-01
   -0.155824361314158E-02   -0.181790504661456E-01
   -0.189297217973392E-02   -0.165314794467692E-01
   -0.215434624634831E-02   -0.146185996667471E-01
   -0.231593527800003E-02   -0.125149658056391E-01
   -0.237036844225992E-02   -0.103144284986133E-01
   -0.230593964192076E-02   -0.811376789256741E-02
   -0.211918513083875E-02   -0.602332987549665E-02
   -0.182742093153343E-02   -0.413647278042882E-02
   -0.143127125370603E-02   -0.255687134904345E-02
   -0.989761037926754E-03   -0.133715006302234E-02
   -0.511940259153314E-03   -0.536017643932507E-03
   -0.119086821828476E-03   -0.105142240823649E-03
    0.132154014975711E-03   -0.329768953279152E-05
    0.000000000000000E+00    0.000000000000000E+00
    0.000000000000000E+00    0.000000000000000E+00
   -0.198947152873055E-03   -0.669016892141744E-04
   -0.121543730899369E-02   -0.151177937274416E-03
   -0.236070224949646E-02    0.355362398215691E-04
   -0.326279855493278E-02    0.709234313492761E-03
   -0.328263131299242E-02    0.103171638039243E-02
   -0.224106855590096E-02    0.131643901023833E-02
    0.104776697077952E-04    0.137894388714368E-02
    0.215469349040390E-02    0.371181402454051E-03
    0.394120231330527E-02   -0.813699539936618E-03
    0.472618336221910E-02   -0.277539486073019E-02
    0.508733563369770E-02   -0.547560489731186E-02
    0.527566489215813E-02   -0.832058182129328E-02
    0.536768582828237E-02   -0.112834048303064E-01
    0.533183166242997E-02   -0.142866404513509E-01
    0.518103826856173E-02   -0.172341518048414E-01
    0.490374506897071E-02   -0.200337994833390E-01
    0.451664619058712E-02   -0.226188493235636E-01
    0.401559444603091E-02   -0.249315067625692E-01
    0.341084985072001E-02   -0.269008454656513E-01
    0.270913973865063E-02   -0.284810949647282E-01
    0.192342648257265E-02   -0.296144027863303E-01
    0.106998327416652E-02   -0.302711475371438E-01
    0.167665600592425E-03   -0.304143785438489E-01
   -0.757314019385862E-03   -0.300359246026584E-01
   -0.167581233451345E-02   -0.291319818337973E-01
   -0.255394669942969E-02   -0.277212007332633E-01
   -0.335211527683990E-02   -0.258433934297633E-01
   -0.403465771213900E-02   -0.235498985360520E-01
   -0.455791619200474E-02   -0.209263588257009E-01
   -0.489361232851631E-02   -0.180601327569953E-01
   -0.500697322843322E-02   -0.150716199646169E-01
   -0.488871546641474E-02   -0.120795999060687E-01
   -0.452877958152045E-02   -0.921369473989361E-02
   -0.395022020822772E-02   -0.660315475994236E-02
   -0.318065277967526E-02   -0.435293200238891E-02
   -0.229149144586299E-02   -0.255804007024928E-02
   -0.135724343424898E-02   -0.126319417527411E-02
   -0.531717210554004E-03   -0.449823101839574E-03
    0.276122905233075E-04   -0.909828352804498E-04
    0.000000000000000E+00    0.000000000000000E+00
    0.000000000000000E+00    0.000000000000000E+00
    0.112829893934548E-03   -0.234337326881887E-03
   -0.881847148023781E-03   -0.869256792187519E-03
   -0.224662271925651E-02   -0.158170565653016E-02
   -0.318780327727539E-02   -0.217400716122490E-02
   -0.315184492424163E-02   -0.296333644638723E-02
   -0.173541820131962E-02   -0.372188050849652E-02
    0.947517916759905E-03   -0.458483028154301E-02
    0.346681195976859E-02   -0.580027632345115E-02
    0.574976939082714E-02   -0.732523188101212E-02
    0.713352266829178E-02   -0.949611179416751E-02
    0.793162570171708E-02   -0.122542274864440E-01
    0.837305418756701E-02   -0.153312984678785E-01
    0.855030387201151E-02   -0.185720424213402E-01
    0.848827276811450E-02   -0.218669167718697E-01
    0.822260355263920E-02   -0.251006452617660E-01
    0.774468900720430E-02   -0.281462679339423E-01
    0.708743251402907E-02   -0.309387353382282E-01
    0.624082344928110E-02   -0.333924546100174E-01
    0.523486794118202E-02   -0.354511481445111E-01
    0.407132255551311E-02   -0.370388966507118E-01
    0.278426913344849E-02   -0.381172353195438E-01
    0.138988762182309E-02   -0.386335696300435E-01
   -0.703438543280679E-04   -0.385706877012441E-01
   -0.156273544991057E-02   -0.379057258580308E-01
   -0.303543017168688E-02   -0.366513172327841E-01
   -0.443799984791101E-02   -0.348216411862163E-01
   -0.571063085603621E-02   -0.324677967311198E-01
   -0.679334397118412E-02   -0.296458843749411E-01
   -0.762795642528988E-02   -0.264500642615241E-01
   -0.815969912450704E-02   -0.229772267958316E-01
   -0.834829155530377E-02   -0.193599911698846E-01
   -0.816579078941095E-02   -0.157250057780496E-01
   -0.760928395353864E-02   -0.122241922808203E-01
   -0.670245061896729E-02   -0.898839345430030E-02
   -0.549749480794432E-02   -0.615428555684971E-02
   -0.409296791127660E-02   -0.381461566499709E-02
   -0.261554184651492E-02   -0.204384823738277E-02
   -0.126190557951919E-02   -0.841090725250853E-03
   -0.282606602955147E-03   -0.193854422568002E-03
    0.000000000000000E+00    0.000000000000000E+00
    0.000000000000000E+00    0.000000000000000E+00
    0.788215001500786E-03   -0.468837299075001E-03
    0.233974661886876E-03   -0.176182814544328E-02
   -0.933868849535698E-03   -0.351510888721340E-02
   -0.191865822222288E-02   -0.533863804462835E-02
   -0.187684585052653E-02   -0.748400193627314E-02
   -0.579434222917369E-03   -0.943607231725025E-02
    0.211953463202394E-02   -0.111623211936259E-01
    0.499010507493088E-02   -0.130796617059478E-01
    0.765109185232399E-02   -0.149605655707430E-01
    0.963791604729497E-02   -0.173132712004805E-01
    0.108853934782967E-01   -0.200886932209321E-01
    0.116050410942540E-01   -0.231755480964341E-01
    0.118918714235268E-01   -0.264446409183439E-01
    0.118008171840935E-01   -0.297481329197294E-01
    0.113948254083189E-01   -0.329947841668213E-01
    0.106931247081738E-01   -0.360444538571616E-01
    0.971891003770141E-02   -0.388020151361465E-01
    0.848823984144640E-02   -0.412009974582810E-01
    0.702171749082248E-02   -0.431563543900621E-01
    0.534928750491970E-02   -0.446156224747647E-01
    0.349852871460023E-02   -0.455137515081839E-01
    0.151282175597323E-02   -0.458232393763174E-01
   -0.563828002991589E-03   -0.455075269193402E-01
   -0.267488425008101E-02   -0.445604314879679E-01
   -0.475171485856026E-02   -0.429871554782868E-01
   -0.672889590555419E-02   -0.408058599672811E-01
   -0.851491567716861E-02   -0.380722965731665E-01
   -0.100445187850957E-01   -0.348344405452977E-01
   -0.112172863093134E-01   -0.312006714837783E-01
   -0.119831004690351E-01   -0.272538434210114E-01
   -0.122598604681825E-01   -0.231456318686133E-01
   -0.120335696953951E-01   -0.189924235047142E-01
   -0.112756638540879E-01   -0.149649863957179E-01
   -0.100334849142884E-01   -0.111955306009486E-01
   -0.836390556084408E-02   -0.783801366172350E-02
   -0.640213687228204E-02   -0.499900173429729E-02
   -0.431110859275662E-02   -0.277740731777867E-02
   -0.234044361714166E-02   -0.119823259766519E-02
   -0.778172046300257E-03   -0.292030172498168E-03
    0.000000000000000E+00    0.000000000000000E+00
    0.000000000000000E+00    0.000000000000000E+00
    0.189190952705705E-02   -0.663325376733531E-03
    0.219474500886310E-02   -0.257101407575320E-02
    0.155244054585668E-02   -0.527562966135802E-02
    0.814908600640491E-03   -0.839906000792423E-02
    0.830120733800582E-03   -0.117821659387729E-01
    0.199397224987470E-02   -0.148899734922500E-01
    0.439172633792524E-02   -0.176978639764686E-01
    0.716161386041326E-02   -0.202848698747530E-01
    0.994079393961888E-02   -0.226789090312699E-01
    0.122064329954149E-01   -0.252705363627319E-01
    0.137840915978337E-01   -0.280403524379881E-01
    0.147488957000730E-01   -0.310429903639215E-01
    0.151254732223780E-01   -0.341756582444300E-01
    0.150152798989025E-01   -0.373253538588089E-01
    0.144645126660085E-01   -0.403906539230978E-01
    0.135228999552185E-01   -0.432501176983645E-01
    0.122143389026238E-01   -0.458161999498450E-01
    0.105740780189159E-01   -0.480059431744210E-01
    0.862856551469046E-02   -0.497503932963586E-01
    0.641990564973584E-02   -0.509802818175853E-01
    0.398681171808458E-02   -0.516486018171614E-01
    0.138604475178250E-02   -0.517151230229123E-01
   -0.132645930928878E-02   -0.511548326544769E-01
   -0.407351264577279E-02   -0.499557953362661E-01
   -0.677798396108000E-02   -0.481222041808099E-01
   -0.934233848134456E-02   -0.456760357358813E-01
   -0.116728247680371E-01   -0.426578250789189E-01
   -0.136602563078824E-01   -0.391278403678634E-01
   -0.152097004729838E-01   -0.351694686474826E-01
   -0.162203835799011E-01   -0.308835489290525E-01
   -0.166245580931488E-01   -0.263965832556564E-01
   -0.163618638242826E-01   -0.218453699666573E-01
   -0.154294751006571E-01   -0.173857944525677E-01
   -0.138463484761668E-01   -0.131718371191650E-01
   -0.117112524516047E-01   -0.935788007147515E-02
   -0.915692771868462E-02   -0.607868017257750E-02
   -0.640801213608082E-02   -0.344520479503243E-02
   -0.372631542132792E-02   -0.153018682899150E-02
   -0.146592838806561E-02   -0.380025336175872E-03
    0.000000000000000E+00    0.000000000000000E+00
    0.000000000000000E+00    0.000000000000000E+00
    0.341452195366137E-02   -0.853068442546160E-03
    0.493057730828579E-02   -0.325630857410439E-02
    0.505075162914407E-02   -0.678584732920840E-02
    0.460751361761138E-02   -0.108907678936337E-01
    0.460919322318400E-02   -0.154607778425202E-01
    0.542026525187919E-02   -0.196791632570235E-01
    0.744276417829598E-02   -0.234972831612750E-01
    0.995070141738785E-02   -0.269383677268867E-01
    0.126340052606476E-01   -0.298266678382090E-01
    0.149867253404390E-01   -0.327151113341207E-01
    0.166932891065700E-01   -0.355017812304166E-01
    0.177701432728870E-01   -0.383688966185366E-01
    0.181743728422756E-01   -0.412873061609925E-01
    0.180120612860153E-01   -0.441651663061670E-01
    0.173080831053452E-01   -0.469301320503600E-01
    0.161184146936939E-01   -0.494842808956039E-01
    0.144738548386519E-01   -0.517451863562699E-01
    0.124206902992989E-01   -0.536383380549375E-01
    0.999572113616453E-02   -0.550934910935637E-01
    0.725473781637267E-02   -0.560541025846178E-01
    0.424407264271272E-02   -0.564650167411566E-01
    0.103366855774364E-02   -0.562961191248020E-01
   -0.230601788905085E-02   -0.555181616405055E-01
   -0.568874974909876E-02   -0.541173952314936E-01
   -0.901198715906599E-02   -0.520999630109124E-01
   -0.121760554645124E-01   -0.494717949848591E-01
   -0.150479613029433E-01   -0.462818430259302E-01
   -0.175242044667123E-01   -0.425611232722807E-01
   -0.194577049545174E-01   -0.384080951953553E-01
   -0.207612070168486E-01   -0.338868934483800E-01
   -0.213093411564415E-01   -0.291463906141696E-01
   -0.210634840957416E-01   -0.242882704622087E-01
   -0.199718428445094E-01   -0.194990097333997E-01
   -0.180855474949643E-01   -0.149087120315826E-01
   -0.154780713920449E-01   -0.107114527548426E-01
   -0.123281183793050E-01   -0.703640857468536E-02
   -0.886225566381837E-02   -0.404253082796648E-02
   -0.539947480615906E-02   -0.181771218659304E-02
   -0.230448399477341E-02   -0.459320291068536E-03
    0.000000000000000E+00    0.000000000000000E+00
    0.000000000000000E+00    0.000000000000000E+00
    0.517046764408900E-02   -0.958093215232140E-03
    0.816560661337271E-02   -0.370788132140668E-02
    0.936917469811751E-02   -0.778709268746819E-02
    0.950584951103692E-02   -0.127250913292531E-01
    0.953015561640492E-02   -0.181233494068481E-01
    0.100819411445198E-01   -0.232955696598878E-01
    0.115039525042921E-01   -0.280396207560953E-01
    0.134867235494348E-01   -0.321999850868227E-01
    0.157793020385289E-01   -0.357298842181004E-01
    0.178768795269901E-01   -0.389201676298119E-01
    0.195181620609391E-01   -0.418174735875679E-01
    0.205574812666503E-01   -0.445987485330779E-01
    0.209230367464286E-01   -0.472805374834701E-01
    0.206680302237458E-01   -0.498541744338338E-01
    0.197857559039360E-01   -0.522669231840216E-01
    0.183527174943557E-01   -0.544633771552862E-01
    0.163774027457328E-01   -0.563728284442888E-01
    0.139347729510118E-01   -0.579295428186693E-01
    0.110511485791343E-01   -0.590729710066551E-01
    0.780729709322759E-02   -0.597515360325415E-01
    0.424464731220401E-02   -0.599170946266595E-01
    0.458553242874727E-03   -0.595400488321879E-01
   -0.348577454613843E-02   -0.585887794594813E-01
   -0.747112814944717E-02   -0.570530255669762E-01
   -0.114039104744832E-01   -0.549233969830901E-01
   -0.151432098190326E-01   -0.522130311265546E-01
   -0.185696142615971E-01   -0.489420175462436E-01
   -0.215258522442975E-01   -0.451518767216835E-01
   -0.238824059554906E-01   -0.409031023796726E-01
   -0.254878419925806E-01   -0.362741308111401E-01
   -0.262384367068261E-01   -0.313749952373664E-01
   -0.260294592029003E-01   -0.263274552744334E-01
   -0.248383023902053E-01   -0.212883875070680E-01
   -0.226616159701218E-01   -0.164171796027811E-01
   -0.196161461569115E-01   -0.118949200596428E-01
   -0.158493149241043E-01   -0.789317901787689E-02
   -0.116470826545619E-01   -0.457485442671586E-02
   -0.732081743565039E-02   -0.208268681613935E-02
   -0.329536462404669E-02   -0.529293809407704E-03
    0.000000000000000E+00    0.000000000000000E+00
    0.000000000000000E+00    0.000000000000000E+00
    0.716810841230529E-02   -0.102634518647873E-02
    0.118306206081443E-01   -0.391766407561928E-02
    0.142343739259778E-01   -0.833866676619004E-02
    0.150156200330349E-01   -0.136942253909773E-01
    0.152042964371926E-01   -0.197510115794963E-01
    0.154138268025026E-01   -0.256126764977884E-01
    0.162767018159903E-01   -0.311105633472142E-01
    0.176028413023425E-01   -0.359785440650684E-01
    0.193162465949057E-01   -0.400295314404915E-01
    0.210094692203604E-01   -0.435980736758545E-01
    0.223544148305563E-01   -0.466152018222749E-01
    0.232291182220404E-01   -0.493692228558690E-01
    0.234405671274956E-01   -0.518493544438174E-01
    0.230298065387743E-01   -0.541422827579707E-01
    0.219450129529435E-01   -0.562126043446543E-01
    0.202499695317066E-01   -0.580449548493992E-01
    0.179594293306159E-01   -0.595964533689057E-01
    0.151421053170406E-01   -0.608134483978995E-01
    0.118378969217941E-01   -0.616495944257476E-01
    0.812252070299555E-02   -0.620612665381442E-01
    0.405625572600608E-02   -0.620089843299688E-01
   -0.270435832890599E-03   -0.614598916892535E-01
   -0.476897292984300E-02   -0.603909527058851E-01
   -0.932957481324587E-02   -0.587777621241161E-01
   -0.138286879188449E-01   -0.566195029920719E-01
   -0.181361150038273E-01   -0.539030719489032E-01
   -0.220912614503609E-01   -0.506580030604890E-01
   -0.255504393855012E-01   -0.468879266849575E-01
   -0.283288540440113E-01   -0.426655692818462E-01
   -0.302910620072995E-01   -0.380229867328303E-01
   -0.312660327653163E-01   -0.330900327994379E-01
   -0.311689201076318E-01   -0.279402764220364E-01
   -0.299084181016126E-01   -0.227638850810636E-01
   -0.275099186849321E-01   -0.176809819059564E-01
   -0.240368433276176E-01   -0.129216574467544E-01
   -0.196805234538640E-01   -0.863886447859041E-02
   -0.147010627446504E-01   -0.505372002727493E-02
   -0.946805755700748E-02   -0.231493784360727E-02
   -0.440539179770216E-02   -0.594723942433190E-03
    0.000000000000000E+00    0.000000000000000E+00
    0.000000000000000E+00    0.000000000000000E+00
    0.913014532055364E-02   -0.100265382791579E-02
    0.155154871541743E-01   -0.388595294780952E-02
    0.192892905261997E-01   -0.831952754117891E-02
    0.209572053697002E-01   -0.138781345754537E-01
    0.214311823141720E-01   -0.201486478044416E-01
    0.215029616557321E-01   -0.264573538440419E-01
    0.217706163843746E-01   -0.324709937558545E-01
    0.223860719250650E-01   -0.378452388582780E-01
    0.233542309051714E-01   -0.424330100299901E-01
    0.244014425056888E-01   -0.463308897221983E-01
    0.252746544441163E-01   -0.495683518321319E-01
    0.257782605585666E-01   -0.523422073572714E-01
    0.257163469062507E-01   -0.547114918037273E-01
    0.250608005557584E-01   -0.567820661733386E-01
    0.237273667119157E-01   -0.585671733588936E-01
    0.217678584380327E-01   -0.600815886789513E-01
    0.191688674808505E-01   -0.613064167143216E-01
    0.160140197461857E-01   -0.622149734288440E-01
    0.123211106413950E-01   -0.627731847407516E-01
    0.819142068047256E-02   -0.629534331653669E-01
    0.366569207820394E-02   -0.627194565763201E-01
   -0.113643064638736E-02   -0.620472689921019E-01
   -0.614625948553485E-02   -0.609079826055156E-01
   -0.112203313165685E-01   -0.592841530940007E-01
   -0.162571166734785E-01   -0.571590710987925E-01
   -0.210849441141973E-01   -0.545238143091872E-01
   -0.255666920632058E-01   -0.513819147457112E-01
   -0.295051212261416E-01   -0.477391565668574E-01
   -0.327383209945066E-01   -0.436333412799688E-01
   -0.350626478077939E-01   -0.390994605341452E-01
   -0.363285760279495E-01   -0.342277438079686E-01
   -0.363717409798302E-01   -0.291015748409383E-01
   -0.351249464487618E-01   -0.238754044285415E-01
   -0.325351446634187E-01   -0.186933793721521E-01
   -0.287016246604603E-01   -0.137643711567042E-01
   -0.237563423648612E-01   -0.928349535251750E-02
   -0.180130204878223E-01   -0.547129184082491E-02
   -0.118144789938636E-01   -0.253158542475445E-02
   -0.564637580816368E-02   -0.653831874321340E-03
    0.000000000000000E+00    0.000000000000000E+00
    0.000000000000000E+00    0.000000000000000E+00
    0.110928613494052E-01   -0.934915607621048E-03
    0.191887125492251E-01   -0.359914908920154E-02
    0.243389804667943E-01   -0.785264197953787E-02
    0.269221897912387E-01   -0.132086987406259E-01
    0.278400450186149E-01   -0.194886468244498E-01
    0.278132043243096E-01   -0.258905185418518E-01
    0.276342372899137E-01   -0.321920820239112E-01
    0.275447742173335E-01   -0.379255676349233E-01
    0.277487994602746E-01   -0.428719615290456E-01
    0.280842046362131E-01   -0.471112392390391E-01
    0.283402225404500E-01   -0.505346790300942E-01
    0.283595816449536E-01   -0.534106179250280E-01
    0.278943197085319E-01   -0.557256228939867E-01
    0.269073507911806E-01   -0.576616759211691E-01
    0.252701354114160E-01   -0.592303807597358E-01
    0.230169833739383E-01   -0.604940021318026E-01
    0.201187397272347E-01   -0.614503475843556E-01
    0.166390793480280E-01   -0.621022273914520E-01
    0.126042183327840E-01   -0.624319775844024E-01
    0.809559044878072E-02   -0.624230734488587E-01
    0.317521920972878E-02   -0.620548565623648E-01
   -0.205719660395872E-02   -0.613009343990796E-01
   -0.750787334838876E-02   -0.601452425506923E-01
   -0.130541612997537E-01   -0.585582085607114E-01
   -0.185650800987459E-01   -0.565331898039577E-01
   -0.238899471531146E-01   -0.540388271503536E-01
   -0.288541550395012E-01   -0.510858128270859E-01
   -0.332799709975980E-01   -0.476467681345638E-01
   -0.369539825702535E-01   -0.437651027746117E-01
   -0.396887910699306E-01   -0.394316297265729E-01
   -0.412650373403766E-01   -0.347464976535676E-01
   -0.415322276023569E-01   -0.297413288862789E-01
   -0.403398619886184E-01   -0.245939999440451E-01
   -0.376528476940108E-01   -0.194001670301757E-01
   -0.334916264940675E-01   -0.144115966868855E-01
   -0.280209344096464E-01   -0.979448590512275E-02
   -0.215026201914449E-01   -0.582714270129318E-02
   -0.143323270645258E-01   -0.271311369318491E-02
   -0.698057144745117E-02   -0.708865299183002E-03
    0.000000000000000E+00    0.000000000000000E+00
    0.000000000000000E+00    0.000000000000000E+00
    0.127711099225866E-01   -0.797791712855200E-03
    0.224464181833264E-01   -0.313852686508756E-02
    0.289750785948549E-01   -0.692050105806885E-02
    0.326223679012351E-01   -0.118783848823461E-01
    0.341225431487711E-01   -0.177430724970680E-01
    0.342545609933647E-01   -0.239841571776229E-01
    0.337387296575356E-01   -0.302474844143993E-01
    0.330658604252505E-01   -0.361013669909467E-01
    0.324880321738933E-01   -0.413048050508998E-01
    0.320317147445563E-01   -0.457644085963217E-01
    0.315698739543966E-01   -0.494322679108065E-01
    0.309599538385469E-01   -0.524205449511536E-01
    0.299929509910984E-01   -0.547910516382275E-01
    0.285797279030402E-01   -0.566677308169233E-01
    0.265848499974263E-01   -0.581192230454261E-01
    0.240109093409531E-01   -0.592107073127829E-01
    0.208019960441209E-01   -0.599759534447191E-01
    0.170223621255112E-01   -0.604368631685830E-01
    0.126677127523495E-01   -0.605963018255155E-01
    0.783772112680375E-02   -0.604529487784083E-01
    0.256479727344616E-02   -0.599948401971376E-01
   -0.302527422685207E-02   -0.592081980838951E-01
   -0.886854003919954E-02   -0.580762002365227E-01
   -0.148119703791982E-01   -0.565781515602690E-01
   -0.207550026121092E-01   -0.546982686123292E-01
   -0.265114918423951E-01   -0.524094272773819E-01
   -0.319364746022143E-01   -0.497042468340651E-01
   -0.368067948832600E-01   -0.465547730134998E-01
   -0.409347322878601E-01   -0.429757359089213E-01
   -0.440705225066663E-01   -0.389544175606848E-01
   -0.460136471022432E-01   -0.345519172308008E-01
   -0.465305373147231E-01   -0.297998209073130E-01
   -0.454849400297701E-01   -0.248332558292412E-01
   -0.427459146768225E-01   -0.197608958234493E-01
   -0.383545686065673E-01   -0.148020114168631E-01
   -0.323893650874501E-01   -0.101559654799750E-01
   -0.251524191355985E-01   -0.609263088626249E-02
   -0.169882159432025E-01   -0.286749374204367E-02
   -0.842439561145017E-02   -0.753671626027748E-03
    0.000000000000000E+00    0.000000000000000E+00
    0.000000000000000E+00    0.000000000000000E+00
    0.142354343840718E-01   -0.624784854684160E-03
    0.253015817976480E-01   -0.247704376298538E-02
    0.331165479390950E-01   -0.565635637215015E-02
    0.377973580953863E-01   -0.989430629326908E-02
    0.400086239071596E-01   -0.151678442537698E-01
    0.403936559069143E-01   -0.209029102850494E-01
    0.397582170068712E-01   -0.268985164255786E-01
    0.386128546487430E-01   -0.326440893458787E-01
    0.373753249107308E-01   -0.378889999811097E-01
    0.361663418263609E-01   -0.424949803386059E-01
    0.349598386132964E-01   -0.463048817189867E-01
    0.336830212407341E-01   -0.494462573790565E-01
    0.321293296601482E-01   -0.518854096854964E-01
    0.302331088990889E-01   -0.537945559620560E-01
    0.278233076993872E-01   -0.551985545080434E-01
    0.248939301228827E-01   -0.562138830009244E-01
    0.213674387501827E-01   -0.568662455038681E-01
    0.172846893095059E-01   -0.572140677239105E-01
    0.126439416917806E-01   -0.572686199947577E-01
    0.751686222071499E-02   -0.570477872381391E-01
    0.195193614896265E-02   -0.565519516959330E-01
   -0.395479919999281E-02   -0.557747018398727E-01
   -0.101167594044886E-01   -0.547114712676946E-01
   -0.164112389312998E-01   -0.533385435537723E-01
   -0.227115220422016E-01   -0.516511512778495E-01
   -0.288611950231491E-01   -0.496094804238720E-01
   -0.346844863435991E-01   -0.472137228964389E-01
   -0.399846714673313E-01   -0.444123597835537E-01
   -0.445315612046566E-01   -0.412231176218387E-01
   -0.480944465045094E-01   -0.375961354253916E-01
   -0.504087995109220E-01   -0.335937829580029E-01
   -0.512501795105013E-01   -0.291971169951784E-01
   -0.503932721155767E-01   -0.245496503631798E-01
   -0.477108312354748E-01   -0.197054322734157E-01
   -0.431446955287654E-01   -0.149093951098985E-01
   -0.367857345948740E-01   -0.103218398853032E-01
   -0.288572943257455E-01   -0.625870438182023E-02
   -0.197390868058898E-01   -0.296898581615469E-02
   -0.992272664287273E-02   -0.790852754284853E-03
    0.000000000000000E+00    0.000000000000000E+00
    0.000000000000000E+00    0.000000000000000E+00
    0.152608645389209E-01   -0.423077693401168E-03
    0.274510582019341E-01   -0.175128228123756E-02
    0.363993631883045E-01   -0.413286495691521E-02
    0.421420791597915E-01   -0.752487714981010E-02
    0.451510613587100E-01   -0.118765771440053E-01
    0.460266102475301E-01   -0.168889511046650E-01
    0.454598371202122E-01   -0.222887036393545E-01
    0.440748900240308E-01   -0.276775772608218E-01
    0.423041972899653E-01   -0.327748267623691E-01
    0.404259766592938E-01   -0.373474653372469E-01
    0.384961303853819E-01   -0.412654385904368E-01
    0.365125620560040E-01   -0.444998932281151E-01
    0.343329428190272E-01   -0.470682169944032E-01
    0.318846441434374E-01   -0.490399380271611E-01
    0.290131779948773E-01   -0.504908792039037E-01
    0.256901775954521E-01   -0.514975760736356E-01
    0.218223775024524E-01   -0.521281945355467E-01
    0.174429140959418E-01   -0.524332139993560E-01
    0.125215879105861E-01   -0.524541083458610E-01
    0.713868868038788E-02   -0.522141310798580E-01
    0.131025940191501E-02   -0.517314930028950E-01
   -0.484898365781225E-02   -0.510099603529285E-01
   -0.112859426225280E-01   -0.500522076952577E-01
   -0.178550295932542E-01   -0.488452866748359E-01
   -0.244632637490321E-01   -0.473823988092143E-01
   -0.309288660769528E-01   -0.456334258709415E-01
   -0.371086706414474E-01   -0.435865472383019E-01
   -0.427747232456929E-01   -0.411961650774947E-01
   -0.477242594221976E-01   -0.384553011885538E-01
   -0.516802177724018E-01   -0.353146079835705E-01
   -0.543943181141087E-01   -0.317965471486749E-01
   -0.555693510394879E-01   -0.278797366531690E-01
   -0.549827315112056E-01   -0.236564242895622E-01
   -0.524067270758303E-01   -0.191835505579503E-01
   -0.477820303603875E-01   -0.146584651607224E-01
   -0.410917729524568E-01   -0.102604016964953E-01
   -0.325745726191110E-01   -0.628261041967070E-02
   -0.225304790701139E-01   -0.301613227726568E-02
   -0.114890537294315E-01   -0.808281813912694E-03
    0.000000000000000E+00    0.000000000000000E+00
    0.000000000000000E+00    0.000000000000000E+00
    0.159392969915022E-01   -0.202409545166792E-03
    0.289504588764153E-01   -0.921428534209557E-03
    0.388567618425981E-01   -0.246102148880610E-02
    0.455551706666170E-01   -0.481637377280975E-02
    0.494145532603362E-01   -0.814106032572855E-02
    0.508637094359008E-01   -0.121647598846645E-01
    0.505772085430862E-01   -0.167748370434812E-01
    0.491267532260081E-01   -0.215591416670446E-01
    0.470337450712725E-01   -0.262788831894942E-01
    0.446315180602825E-01   -0.306670034134053E-01
    0.420778466128605E-01   -0.345262428174778E-01
    0.394472493505164E-01   -0.378168976785945E-01
    0.366429905438618E-01   -0.404562772926976E-01
    0.336372174885597E-01   -0.425357011613466E-01
    0.302742704237353E-01   -0.440578436634741E-01
    0.265335767797684E-01   -0.451362010055422E-01
    0.223105336749251E-01   -0.458038759232849E-01
    0.176229321562149E-01   -0.461467099012902E-01
    0.124381366673206E-01   -0.461957716280107E-01
    0.680965458051578E-02   -0.460014753477796E-01
    0.763016550130718E-03   -0.455842001692236E-01
   -0.561889078834929E-02   -0.449641090154709E-01
   -0.122654392844791E-01   -0.441530448112017E-01
   -0.190652119302361E-01   -0.431436834727804E-01
   -0.259048117242885E-01   -0.419418549624322E-01
   -0.326374879473780E-01   -0.405131028336746E-01
   -0.390979940435278E-01   -0.388580943780614E-01
   -0.450912303209998E-01   -0.369156130911104E-01
   -0.503854007797176E-01   -0.346868169225602E-01
   -0.547279195275523E-01   -0.320922694776561E-01
   -0.578216525691011E-01   -0.291553458784502E-01
   -0.593776905894422E-01   -0.258078124180319E-01
   -0.590916199756187E-01   -0.221391431392264E-01
   -0.567260649449701E-01   -0.181486727748890E-01
   -0.521122834242369E-01   -0.140376334134539E-01
   -0.452189506995710E-01   -0.993685470441314E-02
   -0.361807532645381E-01   -0.616208094758390E-02
   -0.253010976631921E-01   -0.298995812633446E-02
   -0.130482699936534E-01   -0.813799270496698E-03
    0.000000000000000E+00    0.000000000000000E+00
    0.000000000000000E+00    0.000000000000000E+00
    0.161517802523535E-01    0.492737044659874E-05
    0.296478778388288E-01   -0.138868400297023E-03
    0.402495248932214E-01   -0.771803423686088E-03
    0.478068269678717E-01   -0.206334460202737E-02
    0.525096081009798E-01   -0.417910665095894E-02
    0.546822021394010E-01   -0.707777896805946E-02
    0.548579786173293E-01   -0.106376706816870E-01
    0.535974415192706E-01   -0.145983350958663E-01
    0.513936977307652E-01   -0.187100318916226E-01
    0.486618635118450E-01   -0.226975332870452E-01
    0.456184349212740E-01   -0.263715011538059E-01
    0.424160558693125E-01   -0.295805755170213E-01
    0.390327610580646E-01   -0.322697878546264E-01
    0.354675915304684E-01   -0.344129568422315E-01
    0.316091794194647E-01   -0.360517055764692E-01
    0.274316508741654E-01   -0.372218587607400E-01
    0.228388883956773E-01   -0.379972862575359E-01
    0.178401499623855E-01   -0.384251837120838E-01
    0.123884788442737E-01   -0.385716922675339E-01
    0.653754072533872E-02   -0.384737596497094E-01
    0.288406885745012E-03   -0.381772346632923E-01
   -0.626807380235499E-02   -0.377029061402542E-01
   -0.130893394379532E-01   -0.370771747300730E-01
   -0.200524536993694E-01   -0.363023562419291E-01
   -0.270738121416612E-01   -0.353878015351383E-01
   -0.339948318392498E-01   -0.343141277392402E-01
   -0.406804712541222E-01   -0.330741168808418E-01
   -0.469227697269754E-01   -0.316224974081308E-01
   -0.525164374840078E-01   -0.299389521084880E-01
   -0.571865642128042E-01   -0.279553978669105E-01
   -0.606501475059354E-01   -0.256565222880441E-01
   -0.625699842642210E-01   -0.229767841189284E-01
   -0.626345765488658E-01   -0.199501164290791E-01
   -0.605188686294203E-01   -0.165723371258400E-01
   -0.560290217334204E-01   -0.129846108600790E-01
   -0.490173064328969E-01   -0.931861200730380E-02
   -0.395980734638756E-01   -0.585056395911558E-02
   -0.279695055334734E-01   -0.287786193856279E-02
   -0.146014789533628E-01   -0.788653630309017E-03
    0.000000000000000E+00    0.000000000000000E+00
    0.000000000000000E+00    0.000000000000000E+00
    0.159873843247730E-01    0.212417497856289E-03
    0.296324471460203E-01    0.643137740288634E-03
    0.406985359069309E-01    0.874237930703080E-03
    0.489392862219480E-01    0.687348809497621E-03
    0.544362598190141E-01   -0.211035495372907E-03
    0.573534047125937E-01   -0.185123676437193E-02
    0.581333023612215E-01   -0.424412699752501E-02
    0.572319597270833E-01   -0.718170934166220E-02
    0.551460922389548E-01   -0.104827146758100E-01
    0.522878097081671E-01   -0.138814161567765E-01
    0.489413422499336E-01   -0.171659854996196E-01
    0.453130467449205E-01   -0.201784143153854E-01
    0.414443049478656E-01   -0.227834524484119E-01
    0.373874407638112E-01   -0.249608320899565E-01
    0.330596609550977E-01   -0.266666096819385E-01
    0.284623017384374E-01   -0.279599067628917E-01
    0.235036433148404E-01   -0.288527441674416E-01
    0.181943307982295E-01   -0.294240113918194E-01
    0.124868650949911E-01   -0.297053186184797E-01
    0.641954267120591E-02   -0.297633036413946E-01
   -0.223452606969941E-05   -0.296305567010393E-01
   -0.671192758622158E-02   -0.293492796069523E-01
   -0.136575268201085E-01   -0.289473786174334E-01
   -0.207454539266477E-01   -0.284384223576844E-01
   -0.278807629645649E-01   -0.278433543807060E-01
   -0.349376752075057E-01   -0.271435283029196E-01
   -0.417706034526505E-01   -0.263491316108700E-01
   -0.482054757814186E-01   -0.254045947073083E-01
   -0.540252205874168E-01   -0.243065295860387E-01
   -0.589831880763565E-01   -0.229633451119118E-01
   -0.627711121480178E-01   -0.213679337665366E-01
   -0.650621716581208E-01   -0.194146201905080E-01
   -0.654852239368690E-01   -0.171316258110933E-01
   -0.636969414614346E-01   -0.144600042349526E-01
   -0.594002077281315E-01   -0.115248732607559E-01
   -0.524058727719597E-01   -0.840492019267725E-02
   -0.427081973751547E-01   -0.536563712984964E-02
   -0.304664841519395E-01   -0.268209732503463E-02
   -0.160657738272856E-01   -0.748864400114185E-03
    0.000000000000000E+00    0.000000000000000E+00
    0.000000000000000E+00    0.000000000000000E+00
    0.154406924852113E-01    0.377688247465035E-03
    0.289044254362898E-01    0.130038029818769E-02
    0.401322418070331E-01    0.233803549812627E-02
    0.488602767785824E-01    0.318191959066635E-02
    0.550411841924041E-01    0.351246759859216E-02
    0.587214990597274E-01    0.315288249254239E-02
    0.602050959153662E-01    0.205442570290633E-02
    0.598533032982206E-01    0.278696338256992E-03
    0.580981470873424E-01   -0.201614147883105E-02
    0.553440054919390E-01   -0.462303506776371E-02
    0.518989372610795E-01   -0.734125677324819E-02
    0.480112807690350E-01   -0.996911444800100E-02
    0.437904385577006E-01   -0.123846937383663E-01
    0.393229456670653E-01   -0.144742523178954E-01
    0.345886468982340E-01   -0.162168873962011E-01
    0.295980557550996E-01   -0.175823766529255E-01
    0.242948694630448E-01   -0.186138979514458E-01
    0.186846155335105E-01   -0.193277623179060E-01
    0.127304159205166E-01   -0.197885254064428E-01
    0.646307838247770E-02   -0.200274869512928E-01
   -0.116244753456297E-03   -0.201052108765812E-01
   -0.694622144701404E-02   -0.200502421355370E-01
   -0.139867516038518E-01   -0.199089249834807E-01
   -0.211478901186994E-01   -0.196977329252258E-01
   -0.283511726303287E-01   -0.194447480001716E-01
   -0.354757146283730E-01   -0.191463858184140E-01
   -0.423958545893558E-01   -0.188083894386898E-01
   -0.489451033407428E-01   -0.183974475697790E-01
   -0.549266650966743E-01   -0.178931328072883E-01
   -0.600990280581598E-01   -0.172256920308441E-01
   -0.641651479992589E-01   -0.163551762430087E-01
   -0.667837501570920E-01   -0.151874042295924E-01
   -0.675711169072910E-01   -0.136993438920152E-01
   -0.661259774287708E-01   -0.118266250017359E-01
   -0.621073924972137E-01   -0.963134433917740E-02
   -0.552198503651925E-01   -0.717385401659688E-02
   -0.453993928683756E-01   -0.466777848091959E-02
   -0.326866850247893E-01   -0.237600461585196E-02
   -0.174201261544037E-01   -0.670274475661916E-03
    0.000000000000000E+00    0.000000000000000E+00
    0.000000000000000E+00    0.000000000000000E+00
    0.145770830267518E-01    0.529572435384929E-03
    0.275675489834947E-01    0.187968397351360E-02
    0.387151226134031E-01    0.361861718807643E-02
    0.477184226560455E-01    0.540345214378592E-02
    0.544399353025500E-01    0.687208688619111E-02
    0.588193830870770E-01    0.777006509135568E-02
    0.610341144016067E-01    0.797088016816715E-02
    0.613325934332697E-01    0.744221019055331E-02
    0.600776083226632E-01    0.627456839103939E-02
    0.576231699681803E-01    0.461551217274908E-02
    0.542884275206989E-01    0.265100394245854E-02
    0.503364436794167E-01    0.561360718353216E-03
    0.459260137340974E-01   -0.148623784848193E-02
    0.411855627529421E-01   -0.338794565288392E-02
    0.361376835829476E-01   -0.504599489420290E-02
    0.308291133786973E-01   -0.644738175783901E-02
    0.252249684531928E-01   -0.756024764577315E-02
    0.193494017894238E-01   -0.842696638866823E-02
    0.131718392730996E-01   -0.905687424631499E-02
    0.672592676166385E-02   -0.950930831819018E-02
    0.132375198284441E-04   -0.981277591713241E-02
   -0.691262596461189E-02   -0.100189934757933E-01
   -0.140121452394395E-01   -0.101624889246536E-01
   -0.212101390825067E-01   -0.102739796556964E-01
   -0.284294218799685E-01   -0.103860268092503E-01
   -0.355696836938191E-01   -0.104991486738098E-01
   -0.425095389808611E-01   -0.106355410745597E-01
   -0.491079418762939E-01   -0.107561874247779E-01
   -0.551760833594725E-01   -0.108626733792142E-01
   -0.604977884779177E-01   -0.108690494714493E-01
   -0.647792982145358E-01   -0.107522840516859E-01
   -0.676911304384058E-01   -0.103883331758308E-01
   -0.688244996196288E-01   -0.975263171080989E-02
   -0.677575375000601E-01   -0.873591148162881E-02
   -0.640713529104023E-01   -0.737158991971180E-02
   -0.574101366477898E-01   -0.567033836133365E-02
   -0.475906996127732E-01   -0.379938058159428E-02
   -0.345730568938004E-01   -0.199446898569396E-02
   -0.185961771491467E-01   -0.577539846428873E-03
    0.000000000000000E+00    0.000000000000000E+00
    0.000000000000000E+00    0.000000000000000E+00
    0.134739433815477E-01    0.629106832741889E-03
    0.257304618341495E-01    0.230656706895267E-02
    0.365283748933532E-01    0.461183397725720E-02
    0.455684667028458E-01    0.719226292330923E-02
    0.526520477306398E-01    0.966565853579401E-02
    0.576225006968313E-01    0.117254596425565E-01
    0.605538980372743E-01    0.131862813145178E-01
    0.615685990026626E-01    0.139192719038692E-01
    0.609506386668212E-01    0.139597546113775E-01
    0.589777426167076E-01    0.133711632655278E-01
    0.559560901607374E-01    0.123102303300615E-01
    0.521370887157301E-01    0.109352198441054E-01
    0.477222354917214E-01    0.940175670202002E-02
    0.428560798313656E-01    0.785404024827025E-02
    0.376241494806975E-01    0.637943131531030E-02
    0.320838447777173E-01    0.506009775813686E-02
    0.262554985888809E-01    0.391043519476442E-02
    0.201594013827706E-01    0.295459057766914E-02
    0.138028960743230E-01    0.216014675721155E-02
    0.720568699815159E-02    0.151621454823143E-02
    0.392091866210294E-03    0.971520721978784E-03
   -0.660265672982168E-02    0.501395871986467E-03
   -0.137266315512618E-01    0.544556655313566E-04
   -0.209249977741894E-01   -0.392520689542407E-03
   -0.281156413678808E-01   -0.879954200604480E-03
   -0.352211436448687E-01   -0.141731960714966E-02
   -0.421221636157342E-01   -0.202499741015652E-02
   -0.487049968725485E-01   -0.268527141752053E-02
   -0.547886058033437E-01   -0.338819324260650E-02
   -0.601874041922733E-01   -0.407426049822137E-02
   -0.646135349115011E-01   -0.469715847669527E-02
   -0.677582763760504E-01   -0.515194209883420E-02
   -0.691995087180313E-01   -0.537491267007934E-02
   -0.684977551670429E-01   -0.525332039823484E-02
   -0.651832217194689E-01   -0.476616105955662E-02
   -0.588230058725876E-01   -0.389003567237715E-02
   -0.491483775364875E-01   -0.273788654513921E-02
   -0.360066640779379E-01   -0.149470572385699E-02
   -0.195436690354552E-01   -0.444089616769468E-03
    0.000000000000000E+00    0.000000000000000E+00
    0.000000000000000E+00    0.000000000000000E+00
    0.121658303929941E-01    0.709960431801419E-03
    0.234900234974917E-01    0.262212586856180E-02
    0.337341144154268E-01    0.536335096449568E-02
    0.426113684839013E-01    0.857048954257133E-02
    0.498626971003976E-01    0.118874571879213E-01
    0.552935180840144E-01    0.149510201752325E-01
    0.588533111779807E-01    0.175617345507694E-01
    0.605860794083801E-01    0.194930568717410E-01
    0.606626965121256E-01    0.207383828601889E-01
    0.592970095711769E-01    0.212722153446276E-01
    0.567463803910646E-01    0.212168934301756E-01
    0.532440543332924E-01    0.206785313131926E-01
    0.490017415800289E-01    0.198169653704170E-01
    0.441832081384562E-01    0.187519312604052E-01
    0.389070463268091E-01    0.176153577436819E-01
    0.332636920914473E-01    0.164722776876283E-01
    0.273003264053873E-01    0.154013757020721E-01
    0.210674112663461E-01    0.144062960629235E-01
    0.145832511160356E-01    0.135162231666599E-01
    0.788918935299678E-02    0.126968168134238E-01
    0.100712643619723E-02    0.119427655420441E-01
   -0.601421970243336E-02    0.112080074728296E-01
   -0.131334868760218E-01    0.104675901556295E-01
   -0.202891072617975E-01    0.968325030979943E-02
   -0.274145899447348E-01    0.882248744963071E-02
   -0.344324958273445E-01    0.786868583071370E-02
   -0.412442492159879E-01    0.679378740931530E-02
   -0.477438240411153E-01    0.561578073740650E-02
   -0.537778326043636E-01    0.432594480830770E-02
   -0.591745266244234E-01    0.299123123844412E-02
   -0.636773573645691E-01    0.163754179402492E-02
   -0.669869570358737E-01    0.386918468940162E-03
   -0.686958588872515E-01   -0.701989329033128E-03
   -0.683471260738772E-01   -0.148625826611570E-02
   -0.654340032461239E-01   -0.191338424495537E-02
   -0.594589939212142E-01   -0.192070123044117E-02
   -0.500560867420942E-01   -0.154661736636514E-02
   -0.369653138189878E-01   -0.949018854404249E-03
   -0.202338346751717E-01   -0.301012341414768E-03
    0.000000000000000E+00    0.000000000000000E+00
    0.000000000000000E+00    0.000000000000000E+00
    0.107653236140736E-01    0.743543288349757E-03
    0.210011288746189E-01    0.279955455936932E-02
    0.305064985788175E-01    0.581993236450341E-02
    0.390060153120465E-01    0.948463541574784E-02
    0.462387455471893E-01    0.134315292778984E-01
    0.519468146288102E-01    0.173221674372011E-01
    0.560298400845924E-01    0.209015688745771E-01
    0.584161035392713E-01    0.239186298599874E-01
    0.592119929307601E-01    0.262959118668781E-01
    0.585250288568402E-01    0.279454339687192E-01
    0.565773628059024E-01    0.289397131322054E-01
    0.535451268548006E-01    0.293287890594480E-01
    0.496510491819794E-01    0.292511147079481E-01
    0.450437863183686E-01    0.288111462358165E-01
    0.398869465757450E-01    0.281346470729125E-01
    0.342701398570483E-01    0.273116224888004E-01
    0.282977626487933E-01    0.264160063093962E-01
    0.220138669732693E-01    0.254960095844339E-01
    0.154908980909006E-01    0.245719918800276E-01
    0.875234920752889E-02    0.236536298205564E-01
    0.186554840644834E-02    0.227242132581437E-01
   -0.514812842747526E-02    0.217697593511969E-01
   -0.122108671476084E-01    0.207553824139728E-01
   -0.192944132701241E-01    0.196589934110176E-01
   -0.263043043786847E-01    0.184427730810036E-01
   -0.332005050055794E-01    0.170903553958451E-01
   -0.398658174750888E-01    0.155739950229853E-01
   -0.462365276974824E-01    0.138978953248590E-01
   -0.521511181468125E-01    0.120591357722728E-01
   -0.574866716547056E-01    0.101013517166279E-01
   -0.619851905457881E-01    0.806303191164558E-02
   -0.653962983862340E-01    0.604434689739801E-02
   -0.673022025848100E-01    0.412766301852503E-02
   -0.672692543638253E-01    0.245547364224352E-02
   -0.647467719838480E-01    0.111858357173974E-02
   -0.592025792186171E-01    0.221959421331999E-03
   -0.501795770442153E-01   -0.226393747704609E-03
   -0.373320093062920E-01   -0.299347033514120E-03
   -0.205870537085218E-01   -0.123612834124462E-03
    0.000000000000000E+00    0.000000000000000E+00
    0.000000000000000E+00    0.000000000000000E+00
    0.928149300186146E-02    0.760031048769769E-03
    0.183383926969248E-01    0.287077489567892E-02
    0.269737514867178E-01    0.604938143379319E-02
    0.349512621325127E-01    0.998390746925273E-02
    0.419784554351117E-01    0.143774122106243E-01
    0.478136245053404E-01    0.188629203063691E-01
    0.522592269248895E-01    0.232244543179948E-01
    0.552168237831981E-01    0.271372039187281E-01
    0.566724226235121E-01    0.305208888424506E-01
    0.566897036348103E-01    0.332013182041038E-01
    0.554007838714882E-01    0.352190486205198E-01
    0.529545263872762E-01    0.365597938906554E-01
    0.495359017908096E-01    0.373333468405607E-01
    0.452956472572900E-01    0.376101673802946E-01
    0.403982938983077E-01    0.375147200198547E-01
    0.349575584792817E-01    0.371209506169559E-01
    0.290912645124259E-01    0.365305015090091E-01
    0.228771634333419E-01    0.357796544998628E-01
    0.163946220370971E-01    0.349317720470524E-01
    0.970205516888934E-02    0.339830333611639E-01
    0.286026453614759E-02    0.329595500166450E-01
   -0.407680242177951E-02    0.318331092875378E-01
   -0.110503337928098E-01    0.306016691183879E-01
   -0.180033038492272E-01    0.292308025438275E-01
   -0.248693143661633E-01    0.277017959610877E-01
   -0.315851610984321E-01    0.259892813072437E-01
   -0.380687687134343E-01    0.240705541665630E-01
   -0.442419954474800E-01    0.219440956914720E-01
   -0.499867270255010E-01    0.195992222343330E-01
   -0.551768744038567E-01    0.170772657401853E-01
   -0.596073453820899E-01    0.144008871689666E-01
   -0.630309903920996E-01    0.116741944568010E-01
   -0.650798387398848E-01    0.897036560501105E-02
   -0.653102092607130E-01    0.644708261522555E-02
   -0.631810996113389E-01    0.422074398954015E-02
   -0.581086706615114E-01    0.242295201334628E-02
   -0.495781486346548E-01    0.114876693514565E-02
   -0.371370519709763E-01    0.348862122057252E-03
   -0.206326921840954E-01    0.550146820771633E-04
    0.000000000000000E+00    0.000000000000000E+00
    0.000000000000000E+00    0.000000000000000E+00
    0.782180805225665E-02    0.741780154015654E-03
    0.156509299076067E-01    0.283964847124320E-02
    0.233323027551057E-01    0.603972431278647E-02
    0.306429050188506E-01    0.100938247080495E-01
    0.373227318203244E-01    0.147112574207321E-01
    0.430965177906747E-01    0.195934203716033E-01
    0.477650424351714E-01    0.244852299971664E-01
    0.511452598681543E-01    0.291005344980594E-01
    0.531910004751489E-01    0.332922323599956E-01
    0.538649564777364E-01    0.368728443816675E-01
    0.532645837847380E-01    0.398228742106248E-01
    0.514605446852543E-01    0.420793434139885E-01
    0.486264059676707E-01    0.437181315701783E-01
    0.448706222502446E-01    0.447632350599250E-01
    0.403768333991785E-01    0.453288657277068E-01
    0.352406628271338E-01    0.454688033035792E-01
    0.296214788688976E-01    0.452860430348623E-01
    0.235846476309495E-01    0.448238371086095E-01
    0.172613342884060E-01    0.441486553356218E-01
    0.106911480426471E-01    0.432786799204988E-01
    0.398794595899063E-02    0.422410434643311E-01
   -0.282310153937098E-02    0.410317184120127E-01
   -0.963361537499820E-02    0.396479122927423E-01
   -0.164237401005366E-01    0.380733184047020E-01
   -0.230836313404113E-01    0.362880970743989E-01
   -0.295929704387718E-01    0.342751070889169E-01
   -0.358353319575000E-01    0.320109109686285E-01
   -0.417805145393639E-01    0.294908493032856E-01
   -0.472890794768880E-01    0.267042953920586E-01
   -0.522905487510662E-01    0.236784563266212E-01
   -0.565725336215444E-01    0.204386442982085E-01
   -0.599515792048968E-01    0.170701853948344E-01
   -0.620562972835831E-01    0.136559768901981E-01
   -0.624975544751943E-01    0.103496141300811E-01
   -0.607103527636505E-01    0.728934210008445E-02
   -0.561208342770452E-01    0.464815843542480E-02
   -0.481438173711588E-01    0.255447294895719E-02
   -0.362826311987464E-01    0.106425744799048E-02
   -0.202716933483548E-01    0.253244170473578E-03
    0.000000000000000E+00    0.000000000000000E+00
    0.000000000000000E+00    0.000000000000000E+00
    0.638076259357729E-02    0.711243941683183E-03
    0.129864464699770E-01    0.272770124186598E-02
    0.196667079328405E-01    0.585737384015671E-02
    0.262412487762901E-01    0.986891627981347E-02
    0.324396571206000E-01    0.145488563639282E-01
    0.380286804991501E-01    0.195913822793090E-01
    0.427486817553894E-01    0.248109909053362E-01
    0.464304538146223E-01    0.298793006471218E-01
    0.489307147320515E-01    0.346824358330447E-01
    0.502003084963171E-01    0.389711810816471E-01
    0.502383404708217E-01    0.427137525562278E-01
    0.490993752832916E-01    0.457928315068345E-01
    0.468863520610199E-01    0.482440435014740E-01
    0.437058549136302E-01    0.500607218324078E-01
    0.397051205065721E-01    0.513174138907771E-01
    0.349969683214971E-01    0.520586970683715E-01
    0.297269263594591E-01    0.523679098185586E-01
    0.239921021972469E-01    0.522893739831898E-01
    0.179155857225437E-01    0.518927557491452E-01
    0.115769114285883E-01    0.511982361670395E-01
    0.507559658414381E-02    0.502510235877944E-01
   -0.151972410583837E-02    0.490461294492385E-01
   -0.812577569954508E-02    0.476036589036449E-01
   -0.146788115673334E-01    0.459029618153593E-01
   -0.211041159313424E-01    0.439448026083880E-01
   -0.273402233520557E-01    0.417045948785472E-01
   -0.333137606359116E-01    0.391732376475234E-01
   -0.389611338151380E-01    0.363357240221258E-01
   -0.441942158425068E-01    0.331866640152837E-01
   -0.489234582938325E-01    0.297417718891566E-01
   -0.529997157306983E-01    0.260207503215277E-01
   -0.562374225794200E-01    0.221017027422304E-01
   -0.583367640415335E-01    0.180580854415457E-01
   -0.589109858423781E-01    0.140480310132446E-01
   -0.574445419738553E-01    0.102241182641788E-01
   -0.533405588005065E-01    0.677735408193996E-02
   -0.460029273558725E-01    0.391760508067194E-02
   -0.348592218100270E-01    0.172115210466741E-02
   -0.195963086538987E-01    0.441378745282575E-03
    0.000000000000000E+00    0.000000000000000E+00
    0.000000000000000E+00    0.000000000000000E+00
    0.504000192019044E-02    0.658773101141312E-03
    0.104606071123068E-01    0.255076149505083E-02
    0.161441261983141E-01    0.551152281230802E-02
    0.219218587003976E-01    0.937162117515017E-02
    0.275646181353074E-01    0.139313057149594E-01
    0.328271240360341E-01    0.189655889117567E-01
    0.374762346518525E-01    0.242681838451210E-01
    0.412925858070288E-01    0.295845591020772E-01
    0.441327428979747E-01    0.347509818805384E-01
    0.458720744209724E-01    0.395509789647085E-01
    0.464919928963893E-01    0.438978713897513E-01
    0.459723238860734E-01    0.476575352442694E-01
    0.444000104307417E-01    0.508266644231773E-01
    0.418265053173873E-01    0.533534323698655E-01
    0.383992238130751E-01    0.552958718880478E-01
    0.341979926115709E-01    0.566538914913002E-01
    0.293881917230090E-01    0.575112657206114E-01
    0.240468657371274E-01    0.578853693023209E-01
    0.183322078711060E-01    0.578541323383299E-01
    0.123053155686239E-01    0.574305289254622E-01
    0.610940729948400E-02    0.566689014217154E-01
   -0.210844816685352E-03    0.555703993548500E-01
   -0.652546006759426E-02    0.541615519619894E-01
   -0.128020820731735E-01    0.524334551369421E-01
   -0.189205906351291E-01    0.503892315550492E-01
   -0.248569860828518E-01    0.480157287444372E-01
   -0.304985159409344E-01    0.453016231493457E-01
   -0.358239414283365E-01    0.422384539173158E-01
   -0.407185330533278E-01    0.388148287630233E-01
   -0.451424327727246E-01    0.350440469442328E-01
   -0.489390953008673E-01    0.309393941882386E-01
   -0.519856234353325E-01    0.265674314576391E-01
   -0.539915299106007E-01    0.220013828626156E-01
   -0.546390590531998E-01    0.173925434415349E-01
   -0.534196900914367E-01    0.129053331430981E-01
   -0.497808221702089E-01    0.876275235280913E-02
   -0.430996781103243E-01    0.519712805288442E-02
   -0.328027200337746E-01    0.239102460682555E-02
   -0.185070400109074E-01    0.628411488926483E-03
    0.000000000000000E+00    0.000000000000000E+00
    0.000000000000000E+00    0.000000000000000E+00
    0.378966748740398E-02    0.598550717447642E-03
    0.809911050045188E-02    0.232048562368492E-02
    0.128127849454435E-01    0.505267421638997E-02
    0.177945029948373E-01    0.864415969863639E-02
    0.228173617034657E-01    0.129677735821359E-01
    0.276801456542252E-01    0.178033742807581E-01
    0.321230916151954E-01    0.230216253437002E-01
    0.359589453638944E-01    0.283513576401282E-01
    0.389846342278094E-01    0.336825363533528E-01
    0.410873824053723E-01    0.387657639062106E-01
    0.421708024808936E-01    0.435255746158703E-01
    0.422148181820759E-01    0.477942299200028E-01
    0.412312677157382E-01    0.515382835352955E-01
    0.392742155759333E-01    0.546863847582452E-01
    0.364327370311853E-01    0.572439784594824E-01
    0.328007664787249E-01    0.592099573446027E-01
    0.285044048871150E-01    0.606162348783751E-01
    0.236475796700907E-01    0.614921896116145E-01
    0.183614275093940E-01    0.618798169119720E-01
    0.127438521313436E-01    0.618082914399398E-01
    0.691374853358450E-02    0.613156857375964E-01
    0.959072662255558E-03    0.604167335835639E-01
   -0.501870622094464E-02    0.591375975700775E-01
   -0.109401159183880E-01    0.574764902736821E-01
   -0.167204584937919E-01    0.554463530743719E-01
   -0.222878473765083E-01    0.530326136573513E-01
   -0.275715845566402E-01    0.502385095449559E-01
   -0.325074873314512E-01    0.470446279873487E-01
   -0.370299513453925E-01    0.434531899989211E-01
   -0.410712356303024E-01    0.394596268388311E-01
   -0.445356310023479E-01    0.350817344456094E-01
   -0.472981986709046E-01    0.303704372603507E-01
   -0.491453441493321E-01    0.253920636485063E-01
   -0.497802948360975E-01    0.202978072111643E-01
   -0.487678433928946E-01    0.152529807631470E-01
   -0.455735626157621E-01    0.104994138587484E-01
   -0.396031720184527E-01    0.632856064464055E-02
   -0.302607073417404E-01    0.294559299898250E-02
   -0.171488952374921E-01    0.792712926050839E-03
    0.000000000000000E+00    0.000000000000000E+00
    0.000000000000000E+00    0.000000000000000E+00
    0.268327054126530E-02    0.525741689959087E-03
    0.597866640004756E-02    0.205352352899752E-02
    0.978849422643413E-02    0.449620240396033E-02
    0.139850438470331E-01    0.775398880621027E-02
    0.183759273446469E-01    0.117174088490859E-01
    0.227622650316305E-01    0.162403168906791E-01
    0.269191116618864E-01    0.211873355912298E-01
    0.306380189038693E-01    0.263674844521873E-01
    0.337359615850944E-01    0.316415926540001E-01
    0.360549475617056E-01    0.368165067280739E-01
    0.375012406971795E-01    0.417781039970645E-01
    0.379977761134983E-01    0.463722112792674E-01
    0.375499466617783E-01    0.505326044927037E-01
    0.361582163769855E-01    0.541627213736321E-01
    0.339074226909044E-01    0.572499518639882E-01
    0.308506561247239E-01    0.597488652151652E-01
    0.271193624276109E-01    0.616884047356774E-01
    0.227899811891381E-01    0.630551574617600E-01
    0.180102798140367E-01    0.638981942346289E-01
    0.128585591355107E-01    0.642174497848831E-01
    0.747967941646408E-02    0.640617899673406E-01
    0.194318899737266E-02    0.634327709334121E-01
   -0.361723457351351E-02    0.623661029100064E-01
   -0.914335687562157E-02    0.608600342770242E-01
   -0.145150783015214E-01    0.589320766001280E-01
   -0.196858822840062E-01    0.565764918847526E-01
   -0.245511642056308E-01    0.537932290878544E-01
   -0.290754500284268E-01    0.505751436876284E-01
   -0.331697286577944E-01    0.469128745836334E-01
   -0.367999822258905E-01    0.428095816846288E-01
   -0.398710561688656E-01    0.382683618655925E-01
   -0.423044335923585E-01    0.333357149414700E-01
   -0.439178631444166E-01    0.280724216271747E-01
   -0.444772940029189E-01    0.226198976815433E-01
   -0.435967433669795E-01    0.171535474865986E-01
   -0.408014790655916E-01    0.119321618291885E-01
   -0.355289457968960E-01    0.726645967404291E-02
   -0.272104953177462E-01    0.344983349913688E-02
   -0.154440748039919E-01    0.932724248412892E-03
    0.000000000000000E+00    0.000000000000000E+00
    0.000000000000000E+00    0.000000000000000E+00
    0.171240844514673E-02    0.447892987082362E-03
    0.411162797742210E-02    0.175388844073593E-02
    0.709612541689230E-02    0.387413399260730E-02
    0.105576222750912E-01    0.672700355310025E-02
    0.143129458591197E-01    0.102638144980914E-01
    0.181980612558619E-01    0.143501108974399E-01
    0.219866941466125E-01    0.189179779216643E-01
    0.255039706536856E-01    0.237772829899255E-01
    0.285429776704395E-01    0.288440658404856E-01
    0.309679658119441E-01    0.339157127061757E-01
    0.326397155642382E-01    0.389034754843443E-01
    0.334927071327642E-01    0.436396959296504E-01
    0.334746198846946E-01    0.480468256768469E-01
    0.325944209301875E-01    0.520196526447727E-01
    0.308786334565943E-01    0.555045157005820E-01
    0.283933773592985E-01    0.584581568964948E-01
    0.252197042834041E-01    0.608547374765477E-01
    0.214549255356400E-01    0.626938926243788E-01
    0.172068855577031E-01    0.639726698296682E-01
    0.125820789544145E-01    0.647104462689127E-01
    0.769329682041934E-02    0.649173714014390E-01
    0.264391064043173E-02    0.646149141698934E-01
   -0.246158954504857E-02    0.638171989145051E-01
   -0.752658439864477E-02    0.625384897886456E-01
   -0.124608235456352E-01    0.607900532332591E-01
   -0.171763611806876E-01    0.585737004591705E-01
   -0.216013910960385E-01    0.558960186295122E-01
   -0.256589388647610E-01    0.527443754900652E-01
   -0.292976562801545E-01    0.491232532488024E-01
   -0.324548065350483E-01    0.450158479974761E-01
   -0.350832465266333E-01    0.404352781797413E-01
   -0.371097609083038E-01    0.354065670491271E-01
   -0.384186263506778E-01    0.299839812469122E-01
   -0.388269292895222E-01    0.243124692684485E-01
   -0.380242519871037E-01    0.185488742946851E-01
   -0.356051814751267E-01    0.129840559059859E-01
   -0.310592595875356E-01    0.795582766944125E-02
   -0.238473943571276E-01    0.378888247759428E-02
   -0.135717172569761E-01    0.103638876557205E-02
    0.000000000000000E+00    0.000000000000000E+00
    0.000000000000000E+00    0.000000000000000E+00
    0.908714058338528E-03    0.363906722768903E-03
    0.254036522238242E-02    0.143823998412975E-02
    0.479922255370763E-02    0.320549100198618E-02
    0.758287106756643E-02    0.562577074978139E-02
    0.107324219481458E-01    0.866945812439850E-02
    0.140956164999796E-01    0.122620536157506E-01
    0.174785292181703E-01    0.163390662340668E-01
    0.207059318114465E-01    0.207790793540570E-01
    0.235991618917960E-01    0.254864666583226E-01
    0.260029618195536E-01    0.303159376207542E-01
    0.277957385888794E-01    0.351584970984362E-01
    0.288760495084464E-01    0.398752386605010E-01
    0.291991728751900E-01    0.443680095646847E-01
    0.287304893557792E-01    0.485272096909568E-01
    0.274990883765383E-01    0.522845103356841E-01
    0.255296521517723E-01    0.555677304543780E-01
    0.229060537144579E-01    0.583449365909648E-01
    0.196927345224943E-01    0.605771509817095E-01
    0.160037806375717E-01    0.622631040285665E-01
    0.119223658837718E-01    0.633870329040568E-01
    0.757181590012327E-02    0.639659856468258E-01
    0.303908717087702E-02    0.639970279055154E-01
   -0.155623060283217E-02    0.635038018872506E-01
   -0.613099490100435E-02    0.624895090104519E-01
   -0.105756430230759E-01    0.609731128608877E-01
   -0.148154238624176E-01    0.589576698918965E-01
   -0.187567025964920E-01    0.564517205874419E-01
   -0.223340699591949E-01    0.534541768573676E-01
   -0.254813587545397E-01    0.499573447018000E-01
   -0.281452048638472E-01    0.459569593532558E-01
   -0.302946601405386E-01    0.414448853293563E-01
   -0.318714127975164E-01    0.364456610875280E-01
   -0.328257445100620E-01    0.310022982978704E-01
   -0.330148228018856E-01    0.252457899828314E-01
   -0.322344689003717E-01    0.193480879660131E-01
   -0.301313727410834E-01    0.135954822177516E-01
   -0.262909494896626E-01    0.835825634413780E-02
   -0.201943462867021E-01    0.401344917047402E-02
   -0.114970626869997E-01    0.109340674405979E-02
    0.000000000000000E+00    0.000000000000000E+00
    0.000000000000000E+00    0.000000000000000E+00
    0.265586186544038E-03    0.276733362440715E-03
    0.126904741732376E-02    0.110650106337794E-02
    0.290647803881509E-02    0.251119505060524E-02
    0.508723823588113E-02    0.446956376332432E-02
    0.766614513647743E-02    0.699886055770024E-02
    0.105160981882477E-01    0.100405865033201E-01
    0.134578680587239E-01    0.135801281051942E-01
    0.163451262069769E-01    0.175079139175623E-01
    0.190007259005801E-01    0.217719838670860E-01
    0.212942470097016E-01    0.262334669707764E-01
    0.230869703089766E-01    0.308099966151298E-01
    0.242954983573590E-01    0.353637621074656E-01
    0.248407846573001E-01    0.397996461365114E-01
    0.247018948781225E-01    0.440064074615133E-01
    0.238627851644558E-01    0.478957285848735E-01
    0.223616868086044E-01    0.513950040921949E-01
    0.202349148887365E-01    0.544364764012759E-01
    0.175629303138205E-01    0.569850640170849E-01
    0.144168981948656E-01    0.589981543473104E-01
    0.108984663370145E-01    0.604688481171424E-01
    0.709585687329137E-02    0.613772059997590E-01
    0.311611272917318E-02    0.617335482142398E-01
   -0.948250610280870E-03    0.615343890377870E-01
   -0.499403440268416E-02    0.607997218080806E-01
   -0.893207971902221E-02    0.595332860175459E-01
   -0.126637386552325E-01    0.577531292710167E-01
   -0.161124154212569E-01    0.554683038428263E-01
   -0.191846823435754E-01    0.526831501589607E-01
   -0.218290642741973E-01    0.493981900143490E-01
   -0.239698053719818E-01    0.455948151350635E-01
   -0.255992851103840E-01    0.412711489073004E-01
   -0.266803983710226E-01    0.364313678313023E-01
   -0.272060131251295E-01    0.310965785039085E-01
   -0.271274950387926E-01    0.254105114480656E-01
   -0.263084110729118E-01    0.195058867616422E-01
   -0.245118899412764E-01    0.137196718749557E-01
   -0.213887178596721E-01    0.841961831674953E-02
   -0.164741256936058E-01    0.403296134403986E-02
   -0.940737962970579E-02    0.109926501297663E-02
    0.000000000000000E+00    0.000000000000000E+00
    0.000000000000000E+00    0.000000000000000E+00
   -0.203404541497827E-03    0.190468276461233E-03
    0.308527890964663E-03    0.780974827140064E-03
    0.143458740070427E-02    0.181989611963369E-02
    0.309054167111102E-02    0.332253436777010E-02
    0.514949169024885E-02    0.532254303545542E-02
    0.750197653130376E-02    0.780707665337659E-02
    0.999650561144516E-02    0.107682654163113E-01
    0.124993729217543E-01    0.141484912621328E-01
    0.148630414117527E-01    0.178943955684912E-01
    0.169559824930421E-01    0.219144975431614E-01
    0.186647647867144E-01    0.261189917870453E-01
    0.198886464265816E-01    0.304016362839578E-01
    0.205670197930530E-01    0.346562821414847E-01
    0.206485179336000E-01    0.387821132466266E-01
    0.201292704268898E-01    0.426785852868627E-01
    0.190111192113308E-01    0.462644403209866E-01
    0.173380205374766E-01    0.494608953319540E-01
    0.151559473113464E-01    0.522122564432707E-01
    0.125403915495689E-01    0.544683217164435E-01
    0.956579588235252E-02    0.561975127249998E-01
    0.632219741898458E-02    0.573786213548060E-01
    0.289882863691861E-02    0.579993519587311E-01
   -0.611954778378669E-03    0.580631977781611E-01
   -0.411833732973384E-02    0.575716651795990E-01
   -0.753118607453494E-02    0.565469594921038E-01
   -0.107537483287356E-01    0.549944362587372E-01
   -0.137025326603527E-01    0.529472145932641E-01
   -0.162818119724418E-01    0.504064685318781E-01
   -0.184326101133149E-01    0.473809278856600E-01
   -0.200545998596659E-01    0.438586407861895E-01
   -0.211736760747857E-01    0.398168425427009E-01
   -0.217208408914203E-01    0.352540767027313E-01
   -0.218162615239702E-01    0.301718590147638E-01
   -0.214005977908475E-01    0.246829471407908E-01
   -0.205347534639290E-01    0.189607923081047E-01
   -0.189828381785686E-01    0.133031007688555E-01
   -0.165520874587607E-01    0.813101104693926E-02
   -0.127641054103281E-01    0.388732187674996E-02
   -0.731884949618093E-02    0.104506339689688E-02
    0.000000000000000E+00    0.000000000000000E+00
    0.000000000000000E+00    0.000000000000000E+00
   -0.507266658271759E-03    0.104749873500152E-03
   -0.348110438346848E-03    0.460766933794022E-03
    0.372400725759194E-03    0.115147161531013E-02
    0.158298751206812E-02    0.221025783224525E-02
    0.317467158828084E-02    0.370252899599481E-02
    0.505749447977899E-02    0.563165913504809E-02
    0.710240892199394E-02    0.802189082634921E-02
    0.920058544944894E-02    0.108315327544966E-01
    0.112199207090634E-01    0.140364831383006E-01
    0.130542326549528E-01    0.175590506916274E-01
    0.145914345492391E-01    0.213307954145714E-01
    0.157527869086317E-01    0.252536411409629E-01
    0.164624572825125E-01    0.292318882784309E-01
    0.166870940460841E-01    0.331651940306621E-01
    0.163933366470517E-01    0.369520563502126E-01
    0.155982370062635E-01    0.405049478015106E-01
    0.143080067057492E-01    0.437345629694935E-01
    0.125817870539866E-01    0.465758389610666E-01
    0.104565157433997E-01    0.489620081845881E-01
    0.801705904920209E-02    0.508535116756666E-01
    0.532007721289889E-02    0.522111559897257E-01
    0.246019848457573E-02    0.530222253641727E-01
   -0.493236468497967E-03    0.532719089890311E-01
   -0.344967289025538E-02    0.529686374391185E-01
   -0.633507284632451E-02    0.521275510189260E-01
   -0.905132547045685E-02    0.507755295996993E-01
   -0.115119057944565E-01    0.489446094976674E-01
   -0.136217077518888E-01    0.466467957501307E-01
   -0.152999653715155E-01    0.439135682148148E-01
   -0.164307861082461E-01    0.407375748575095E-01
   -0.170209259457430E-01    0.370746698205928E-01
   -0.170392381137151E-01    0.329114521268910E-01
   -0.166250002468368E-01    0.281966492353442E-01
   -0.158677414334451E-01    0.230778353046348E-01
   -0.148717868321935E-01    0.176539420425309E-01
   -0.135839315778963E-01    0.123235252663531E-01
   -0.118656041096980E-01    0.743268125084300E-02
   -0.927235365259069E-02    0.351124868131464E-02
   -0.542726784225340E-02    0.935971827460614E-03
    0.000000000000000E+00    0.000000000000000E+00
    0.000000000000000E+00    0.000000000000000E+00
   -0.653738419339278E-03    0.302570971222032E-04
   -0.724762232336650E-03    0.178057295486777E-03
   -0.308079208395275E-03    0.548048378114883E-03
    0.537343812441758E-03    0.120480835909571E-02
    0.171969842995685E-02    0.222184664960896E-02
    0.316911041039267E-02    0.363421727436705E-02
    0.478060547220184E-02    0.547064517332619E-02
    0.646466882165136E-02    0.772588193125664E-02
    0.811685713220437E-02    0.103774502750635E-01
    0.964237236809136E-02    0.133835843869797E-01
    0.109555939635371E-01    0.166736275507352E-01
    0.119759723289643E-01    0.201792238500515E-01
    0.126501085066892E-01    0.237970214546697E-01
    0.129286463797062E-01    0.274472304266712E-01
    0.127955451294994E-01    0.310144967824944E-01
    0.122413111842482E-01    0.344223460539733E-01
    0.112837324760950E-01    0.375630330816780E-01
    0.995150046707678E-02    0.403742987592508E-01
    0.828629331107305E-02    0.427706446529935E-01
    0.634576499881328E-02    0.447084174501758E-01
    0.418326667159583E-02    0.461364887539345E-01
    0.187372605089941E-02    0.470319415306305E-01
   -0.527943345522197E-03    0.473810509959685E-01
   -0.294143003378581E-02    0.471707866867472E-01
   -0.531133413028749E-02    0.464509717968326E-01
   -0.753457833288803E-02    0.452222931161150E-01
   -0.954659259765276E-02    0.435650278358754E-01
   -0.112419696596308E-01    0.414474772672293E-01
   -0.125294092310945E-01    0.390066191309205E-01
   -0.132244546296151E-01    0.361994476615977E-01
   -0.133993533690998E-01    0.329778411330503E-01
   -0.128615951889029E-01    0.292899166153471E-01
   -0.120393159767393E-01    0.251074925435080E-01
   -0.108593304785024E-01    0.204856591583672E-01
   -0.975068200981056E-02    0.155892689794572E-01
   -0.864051568236865E-02    0.107370415238525E-01
   -0.759724969559592E-02    0.635452287887846E-02
   -0.612321581534608E-02    0.291672541643355E-02
   -0.377756390706903E-02    0.744138954458146E-03
    0.000000000000000E+00    0.000000000000000E+00
    0.000000000000000E+00    0.000000000000000E+00
   -0.658277147357985E-03   -0.381631838204339E-04
   -0.847983664099824E-03   -0.677848781188824E-04
   -0.645833053963510E-03    0.327296603716728E-04
   -0.939534432134089E-04    0.341340476512720E-03
    0.737296373859998E-03    0.945963887387348E-03
    0.179414316395648E-02    0.189171695930044E-02
    0.299482473781308E-02    0.322567802863676E-02
    0.427234502795372E-02    0.495477067711961E-02
    0.554310129361825E-02    0.707484940188677E-02
    0.673707187359405E-02    0.955699181492147E-02
    0.778049590976243E-02    0.123471715647713E-01
    0.861584211600116E-02    0.153854539334265E-01
    0.918840162142569E-02    0.185834804579456E-01
    0.946799587577619E-02    0.218607178156988E-01
    0.942393466056694E-02    0.251152233322792E-01
    0.906110564511107E-02    0.282595417339669E-01
    0.837300221100535E-02    0.311968727568691E-01
    0.739697918003434E-02    0.338472124946057E-01
    0.614676454103994E-02    0.361320648227133E-01
    0.468141877477217E-02    0.379901652881895E-01
    0.302895472996352E-02    0.393710417558817E-01
    0.125579419564378E-02    0.402414765831383E-01
   -0.601735757908108E-03    0.405809968615431E-01
   -0.248057640121359E-02    0.403743009071166E-01
   -0.433863251049482E-02    0.396732336627797E-01
   -0.610395566283966E-02    0.384947659140952E-01
   -0.770203383268403E-02    0.369152111508034E-01
   -0.905512662116224E-02    0.348964818940445E-01
   -0.999499922284625E-02    0.327276112829262E-01
   -0.103729309025933E-01    0.302713028627013E-01
   -0.101029037455377E-01    0.274826841216808E-01
   -0.915057886738833E-02    0.244070648400457E-01
   -0.782748034622111E-02    0.208154963372416E-01
   -0.632877398748936E-02    0.169325576863789E-01
   -0.502967848161045E-02    0.126946922881096E-01
   -0.416689216342849E-02    0.854355790580054E-02
   -0.391177558450305E-02    0.482157844513600E-02
   -0.354013479861627E-02    0.204561462977526E-02
   -0.258412487885513E-02    0.448930134818011E-03
    0.000000000000000E+00    0.000000000000000E+00
    0.000000000000000E+00    0.000000000000000E+00
   -0.562043936058353E-03   -0.811716882713493E-04
   -0.780371836092574E-03   -0.237320608428185E-03
   -0.711844046652305E-03   -0.344258445286426E-03
   -0.380402436802901E-03   -0.306535900845349E-03
    0.160100411835502E-03   -0.403424536246935E-04
    0.874452093467968E-03    0.515097433001085E-03
    0.170093272308026E-02    0.140619156305863E-02
    0.259469076718088E-02    0.266071942146454E-02
    0.349417306813813E-02    0.427586139658036E-02
    0.434993043639904E-02    0.624586536116438E-02
    0.510888881459041E-02    0.851769922218413E-02
    0.572599285748482E-02    0.110558390209510E-01
    0.616411931918057E-02    0.137681840495016E-01
    0.639341622890855E-02    0.165992720633942E-01
    0.639687199431855E-02    0.194354525503082E-01
    0.616748075878219E-02    0.222139554440102E-01
    0.570747380329391E-02    0.248188818685246E-01
    0.503413898542701E-02    0.271923117029453E-01
    0.416324844075305E-02    0.292338057284903E-01
    0.313194884048429E-02    0.308984790661461E-01
    0.196072219451006E-02    0.321173677230432E-01
    0.697387812433328E-03    0.328631123256362E-01
   -0.641952849443193E-03    0.331075728191204E-01
   -0.200175705196218E-02    0.328245044888338E-01
   -0.337607710243092E-02    0.320814628928181E-01
   -0.470074342813848E-02    0.308649629799160E-01
   -0.596325264011791E-02    0.293014812498205E-01
   -0.706686395667856E-02    0.272617619275420E-01
   -0.784397822413769E-02    0.252760706928695E-01
   -0.807829818055518E-02    0.229839453287898E-01
   -0.772641254501553E-02    0.206862451682891E-01
   -0.637017704139757E-02    0.181972196671181E-01
   -0.471996384284203E-02    0.154115845899017E-01
   -0.273137922578763E-02    0.122908028755202E-01
   -0.132261572726958E-02    0.904766117979414E-02
   -0.743449126086190E-03    0.569351649207120E-02
   -0.119521670430212E-02    0.289723639589202E-02
   -0.186599733863695E-02    0.997032179899786E-03
   -0.204579406942148E-02    0.918905915279706E-04
    0.000000000000000E+00    0.000000000000000E+00
    0.000000000000000E+00    0.000000000000000E+00
   -0.385025341189213E-03   -0.106937966434274E-03
   -0.574160601598596E-03   -0.329032528239027E-03
   -0.577196615465082E-03   -0.559885920326725E-03
   -0.405473589634549E-03   -0.705712358531165E-03
   -0.956277570499498E-04   -0.680824764127737E-03
    0.331717123821946E-03   -0.430853827573487E-03
    0.832958051573072E-03    0.992347208752986E-04
    0.138310828575304E-02    0.938038577331898E-03
    0.194166794430251E-02    0.209176675139466E-02
    0.247896931144435E-02    0.356252011663364E-02
    0.296011097269811E-02    0.530909941403702E-02
    0.335711981049142E-02    0.730537736505348E-02
    0.364387609879192E-02    0.947542770859033E-02
    0.380251372204099E-02    0.117685542487033E-01
    0.381812232759881E-02    0.140914750775818E-01
    0.368870556753855E-02    0.163786977780518E-01
    0.341096433855681E-02    0.185365025753838E-01
    0.299905375690130E-02    0.204986176854642E-01
    0.245920626582193E-02    0.221840468229838E-01
    0.181680715725151E-02    0.235393301772680E-01
    0.108327260476435E-02    0.245049370768545E-01
    0.286632685856045E-03    0.250482026192898E-01
   -0.564454138746721E-03    0.251386063218056E-01
   -0.144061540195716E-02    0.247510857067808E-01
   -0.234301810972147E-02    0.239292008523749E-01
   -0.324021854601885E-02    0.226579102996756E-01
   -0.416473100886196E-02    0.209913093754204E-01
   -0.504257770086202E-02    0.188653564688326E-01
   -0.568226611149045E-02    0.170080817227275E-01
   -0.584040985482068E-02    0.146811534804487E-01
   -0.524248363797020E-02    0.125714520738409E-01
   -0.398939349783295E-02    0.109458907236060E-01
   -0.194575783525450E-02    0.871457886174944E-02
    0.323189739412327E-04    0.680491630957634E-02
    0.145436069393932E-02    0.469450943212505E-02
    0.193528999122316E-02    0.238447426866596E-02
    0.915911413799769E-03    0.751451280045456E-03
   -0.680870420913077E-03   -0.152168309884612E-03
   -0.194518717975969E-02   -0.307618410906128E-03
    0.000000000000000E+00    0.000000000000000E+00
    0.000000000000000E+00    0.000000000000000E+00
   -0.198818687190647E-03   -0.926568565324193E-04
   -0.314502291386689E-03   -0.312664253165931E-03
   -0.340379567462462E-03   -0.576898960028615E-03
   -0.271277498841147E-03   -0.800045497243056E-03
   -0.132918016781305E-03   -0.910805025943594E-03
    0.707498283902214E-04   -0.862721026355896E-03
    0.308063091308452E-03   -0.606576733332643E-03
    0.576895862011506E-03   -0.116028926634723E-03
    0.847041009283102E-03    0.617817916702413E-03
    0.111419104152176E-02    0.160176303791061E-02
    0.135118742638004E-02    0.280377867909976E-02
    0.155264695696381E-02    0.421242875464108E-02
    0.169793369432748E-02    0.576088208641592E-02
    0.178288890238982E-02    0.742334500448440E-02
    0.179642868834028E-02    0.911035709143308E-02
    0.173799253707811E-02    0.107889005749705E-01
    0.160651791453151E-02    0.123624093859198E-01
    0.140642283246332E-02    0.137995974035887E-01
    0.114398682166839E-02    0.150116104342757E-01
    0.828108386661485E-03    0.159770853954540E-01
    0.467414288538350E-03    0.166244066315267E-01
    0.722133176456299E-04    0.169462059851219E-01
   -0.350913771950865E-03    0.168923036441544E-01
   -0.791016747141951E-03    0.164647734450383E-01
   -0.124514601303187E-02    0.156453397546626E-01
   -0.172189532643885E-02    0.144543661341544E-01
   -0.223093502742096E-02    0.128690802262088E-01
   -0.279636199665289E-02    0.109200325158294E-01
   -0.329831631454381E-02    0.894762093822371E-02
   -0.353385231191565E-02    0.619331561549916E-02
   -0.342838921896162E-02    0.445305180436614E-02
   -0.223199792029747E-02    0.287184046229521E-02
   -0.378823434580772E-03    0.170390912876851E-02
    0.139336902079900E-02    0.920849238804660E-03
    0.303375402300422E-02    0.124301924961938E-03
    0.316154334471815E-02   -0.855355483516190E-03
    0.190329045198742E-02   -0.122379680306191E-02
   -0.589430967936344E-03   -0.104433483806015E-02
   -0.224479593738127E-02   -0.469134340543183E-03
    0.000000000000000E+00    0.000000000000000E+00
    0.000000000000000E+00    0.000000000000000E+00
   -0.464232038826931E-04   -0.464232038827210E-04
   -0.930603516417972E-04   -0.198745941115467E-03
   -0.110034112723917E-03   -0.389073969847922E-03
   -0.911000475950468E-04   -0.577200442317500E-03
   -0.566792310619813E-04   -0.699912475084223E-03
    0.404900981186880E-06   -0.740171739937090E-03
    0.637057403422798E-04   -0.662022883003375E-03
    0.137383108963121E-03   -0.447426182350949E-03
    0.212056570871305E-03   -0.961768201412336E-04
    0.285243691301350E-03    0.406738698588723E-03
    0.352795531246104E-03    0.103203879292235E-02
    0.407468140041794E-03    0.178748489919058E-02
    0.450828766502958E-03    0.262104059653315E-02
    0.472804533198162E-03    0.353039193515241E-02
    0.479746799725495E-03    0.445225188752360E-02
    0.461523564232882E-03    0.537446193252765E-02
    0.427484833674742E-03    0.623488934035468E-02
    0.369769981580280E-03    0.701572912344917E-02
    0.298401913025353E-03    0.766556677382532E-02
    0.208763140174593E-03    0.816697955700589E-02
    0.109006441376989E-03    0.848323779668857E-02
   -0.287338651838241E-05    0.859994785192681E-02
   -0.123367800196783E-03    0.849757565844942E-02
   -0.249234819674991E-03    0.816186038154464E-02
   -0.379643388444346E-03    0.758326852888968E-02
   -0.521416935828293E-03    0.675321035711218E-02
   -0.693603177041055E-03    0.563069210314833E-02
   -0.897909845889998E-03    0.405540083352186E-02
   -0.123439475750209E-02    0.237374897299461E-02
   -0.131110607179714E-02   -0.307924799812600E-03
   -0.223494292979177E-02   -0.265279153910273E-02
   -0.102705269264551E-02   -0.215948413949880E-02
    0.130302272169822E-03   -0.368024778023633E-02
    0.172876826809240E-02   -0.365844056287620E-02
    0.306276155699536E-02   -0.361363604250827E-02
    0.332362394001628E-02   -0.359371950004551E-02
    0.162829317400670E-02   -0.272625613071350E-02
   -0.112362642261582E-02   -0.181009269844376E-02
   -0.381187053885644E-02   -0.667629825179497E-03
    0.000000000000000E+00    0.000000000000000E+00
    0.000000000000000E+00    0.000000000000000E+00
    0.000000000000000E+00    0.000000000000000E+00
    0.000000000000000E+00    0.000000000000000E+00
    0.000000000000000E+00    0.000000000000000E+00
    0.000000000000000E+00    0.000000000000000E+00
    0.000000000000000E+00    0.000000000000000E+00
    0.000000000000000E+00    0.000000000000000E+00
    0.000000000000000E+00    0.000000000000000E+00
    0.000000000000000E+00    0.000000000000000E+00
    0.000000000000000E+00    0.000000000000000E+00
    0.000000000000000E+00    0.000000000000000E+00
    0.000000000000000E+00    0.000000000000000E+00
    0.000000000000000E+00    0.000000000000000E+00
    0.000000000000000E+00    0.000000000000000E+00
    0.000000000000000E+00    0.000000000000000E+00
    0.000000000000000E+00    0.000000000000000E+00
    0.000000000000000E+00    0.000000000000000E+00
    0.000000000000000E+00    0.000000000000000E+00
    0.000000000000000E+00    0.000000000000000E+00
    0.000000000000000E+00    0.000000000000000E+00
    0.000000000000000E+00    0.000000000000000E+00
    0.000000000000000E+00    0.000000000000000E+00
    0.000000000000000E+00    0.000000000000000E+00
    0.000000000000000E+00    0.000000000000000E+00
    0.000000000000000E+00    0.000000000000000E+00
    0.000000000000000E+00    0.000000000000000E+00
    0.000000000000000E+00    0.000000000000000E+00
    0.000000000000000E+00    0.000000000000000E+00
    0.000000000000000E+00    0.000000000000000E+00
    0.000000000000000E+00    0.000000000000000E+00
    0.000000000000000E+00    0.000000000000000E+00
    0.000000000000000E+00    0.000000000000000E+00
    0.000000000000000E+00    0.000000000000000E+00
   -0.682952019717714E-04   -0.463982447908290E-02
    0.274547687360568E-02   -0.545873151823444E-02
    0.280417950666896E-02   -0.509424571260068E-02
    0.278482456153068E-02   -0.454072552853934E-02
    0.838161116505833E-03   -0.369045930609204E-02
   -0.280638370653508E-02   -0.223042724739645E-02
   -0.508582115088853E-02   -0.103798584037476E-02
    0.000000000000000E+00    0.000000000000000E+00
