    0.000000000000000E+00    0.000000000000000E+00
    0.000000000000000E+00    0.000000000000000E+00
    0.000000000000000E+00    0.000000000000000E+00
    0.000000000000000E+00    0.000000000000000E+00
    0.000000000000000E+00    0.000000000000000E+00
    0.000000000000000E+00    0.000000000000000E+00
    0.000000000000000E+00    0.000000000000000E+00
    0.000000000000000E+00    0.000000000000000E+00
    0.000000000000000E+00    0.000000000000000E+00
    0.000000000000000E+00    0.000000000000000E+00
    0.000000000000000E+00    0.000000000000000E+00
    0.000000000000000E+00    0.000000000000000E+00
    0.000000000000000E+00    0.000000000000000E+00
    0.000000000000000E+00    0.000000000000000E+00
    0.000000000000000E+00    0.000000000000000E+00
    0.000000000000000E+00    0.000000000000000E+00
    0.000000000000000E+00    0.000000000000000E+00
    0.000000000000000E+00    0.000000000000000E+00
    0.000000000000000E+00    0.000000000000000E+00
    0.000000000000000E+00    0.000000000000000E+00
    0.000000000000000E+00    0.000000000000000E+00
    0.000000000000000E+00    0.000000000000000E+00
    0.000000000000000E+00    0.000000000000000E+00
    0.000000000000000E+00    0.000000000000000E+00
    0.000000000000000E+00    0.000000000000000E+00
    0.000000000000000E+00    0.000000000000000E+00
    0.000000000000000E+00    0.000000000000000E+00
    0.000000000000000E+00    0.000000000000000E+00
    0.000000000000000E+00    0.000000000000000E+00
    0.000000000000000E+00    0.000000000000000E+00
    0.000000000000000E+00    0.000000000000000E+00
    0.000000000000000E+00    0.000000000000000E+00
    0.000000000000000E+00    0.000000000000000E+00
    0.000000000000000E+00    0.000000000000000E+00
    0.000000000000000E+00    0.000000000000000E+00
    0.000000000000000E+00    0.000000000000000E+00
    0.000000000000000E+00    0.000000000000000E+00
    0.000000000000000E+00    0.000000000000000E+00
    0.000000000000000E+00    0.000000000000000E+00
    0.000000000000000E+00    0.000000000000000E+00
    0.000000000000000E+00    0.000000000000000E+00
    0.000000000000000E+00    0.000000000000000E+00
    0.746940993597974E-03   -0.410536145444574E-03
    0.148894451118347E-02   -0.212263916516539E-02
    0.157385534048418E-02   -0.531452689777164E-02
    0.198188396418103E-02   -0.908272988246097E-02
    0.191487064431369E-02   -0.129079581892856E-01
    0.177005780047731E-02   -0.164569112584891E-01
    0.219277806266610E-03   -0.181445439320547E-01
   -0.191104834866254E-02   -0.161482932297093E-01
   -0.149613916331834E-02   -0.132286405722202E-01
   -0.423717387801408E-03   -0.115607672778409E-01
    0.477290187977455E-03   -0.114357040162451E-01
    0.630474266901459E-03   -0.122494536644634E-01
    0.542108401597315E-03   -0.132147679178377E-01
    0.306780870835369E-03   -0.138763587466548E-01
   -0.240653709568956E-04   -0.140115766965339E-01
   -0.356022840669021E-03   -0.135069135366729E-01
   -0.632909235893795E-03   -0.125194172948293E-01
   -0.804964872174568E-03   -0.111103055816584E-01
   -0.911099825023887E-03   -0.945194911128375E-02
   -0.929106664780109E-03   -0.769819102443703E-02
   -0.901548217833127E-03   -0.595537637382368E-02
   -0.824114448935978E-03   -0.433016111777436E-02
   -0.723101766569734E-03   -0.287163839282311E-02
   -0.604326389558981E-03   -0.163467672769402E-02
   -0.479065605498718E-03   -0.625214286613027E-03
   -0.356568637291540E-03    0.140343631075940E-03
   -0.237318878088575E-03    0.679236909681651E-03
   -0.132173944012296E-03    0.100017294903271E-02
   -0.359047330487366E-04    0.113027849296073E-02
    0.389076935831147E-04    0.109706738905754E-02
    0.100403703904388E-03    0.930868404488934E-03
    0.133838708498884E-03    0.679341598856205E-03
    0.149479273901104E-03    0.371810131654561E-03
    0.132650496461201E-03    0.770429125671830E-04
    0.954738556534526E-04   -0.181437677981970E-03
    0.349298546786635E-04   -0.330414390968856E-03
   -0.319207666376207E-04   -0.367844451774775E-03
   -0.782763113065197E-04   -0.269009404984258E-03
   -0.890654467572551E-04   -0.890654467543366E-04
    0.000000000000000E+00    0.000000000000000E+00
    0.000000000000000E+00    0.000000000000000E+00
    0.178623431701218E-02   -0.802668813428277E-03
    0.452914107210741E-02   -0.332420150323984E-02
    0.656539611317603E-02   -0.780744495498362E-02
    0.763250056398806E-02   -0.144486723044008E-01
    0.751511875438253E-02   -0.209637073236568E-01
    0.453425578426977E-02   -0.252753196892335E-01
   -0.746296337545320E-03   -0.273240778865929E-01
   -0.385978775402571E-02   -0.268864454258571E-01
   -0.440447125732897E-02   -0.246750796832180E-01
   -0.162423933885069E-02   -0.228254456275335E-01
    0.762033581592318E-03   -0.221590850405222E-01
    0.136465472047280E-02   -0.224637235646318E-01
    0.112562186040708E-02   -0.228215376175574E-01
    0.350258491239461E-03   -0.227955781258904E-01
   -0.704241203601610E-03   -0.221196929375622E-01
   -0.167056972797408E-02   -0.206948703125722E-01
   -0.251974706853076E-02   -0.185462536428893E-01
   -0.302669373337821E-02   -0.159441936324785E-01
   -0.332564393549842E-02   -0.129966225336388E-01
   -0.333661827679025E-02   -0.100240482674687E-01
   -0.319374127170534E-02   -0.710241828301115E-02
   -0.288805316104845E-02   -0.444958968024267E-02
   -0.250634348880533E-02   -0.208968998840138E-02
   -0.206622626303154E-02   -0.138246200884642E-03
   -0.161062431379038E-02    0.142399664633237E-02
   -0.116195251079490E-02    0.255822356680727E-02
   -0.734758756081922E-03    0.330733820852118E-02
   -0.350190742232408E-03    0.368011367807240E-02
   -0.103645241437754E-04    0.373183371406305E-02
    0.264747646697010E-03    0.350144828510851E-02
    0.474821520650383E-03    0.305469607316770E-02
    0.602152573734389E-03    0.245328809441498E-02
    0.643796564324747E-03    0.177538187152004E-02
    0.593652075564352E-03    0.109692474788195E-02
    0.450450990699825E-03    0.503924441031019E-03
    0.243255402585328E-03    0.614941262870926E-04
   -0.841101056351267E-05   -0.170400283201093E-03
   -0.203473745993692E-03   -0.198244925848912E-03
   -0.270249573990334E-03   -0.772562338434201E-04
    0.000000000000000E+00    0.000000000000000E+00
    0.000000000000000E+00    0.000000000000000E+00
    0.384057697065074E-02   -0.838287131667136E-03
    0.873375403774341E-02   -0.360144006085586E-02
    0.123143491848112E-01   -0.901584343996684E-02
    0.144255605022581E-01   -0.161911944444745E-01
    0.138319397291463E-01   -0.226611013647515E-01
    0.943617241048625E-02   -0.280836445046828E-01
    0.980981312090348E-03   -0.320797411521920E-01
   -0.455844037211648E-02   -0.333066280440168E-01
   -0.603777934167061E-02   -0.330050832118579E-01
   -0.240272762742637E-02   -0.315608153514822E-01
    0.111940245554356E-03   -0.304585190562058E-01
    0.119761630288952E-02   -0.300590506680090E-01
    0.950002379039840E-03   -0.289914511392350E-01
   -0.417076718551607E-03   -0.276732783493178E-01
   -0.219321473185662E-02   -0.258705401545854E-01
   -0.396995911308670E-02   -0.232466348860201E-01
   -0.537872248526809E-02   -0.200427720518680E-01
   -0.631919606250405E-02   -0.163414590930933E-01
   -0.674308878405021E-02   -0.125008015960189E-01
   -0.674093719593484E-02   -0.861741053413437E-02
   -0.636045048860975E-02   -0.499429708029849E-02
   -0.573087234609128E-02   -0.168906948866883E-02
   -0.491568202884724E-02    0.113512970220856E-02
   -0.401579863217678E-02    0.345745926323152E-02
   -0.307496360590753E-02    0.523154917844279E-02
   -0.215655285512829E-02    0.646922075161638E-02
   -0.128381109832830E-02    0.719442080122688E-02
   -0.495162711106855E-03    0.744222930988207E-02
    0.195997966020141E-03    0.727416348394400E-02
    0.761772521254456E-03    0.674579051097115E-02
    0.118960014501219E-02    0.594045496269605E-02
    0.145529518603615E-02    0.493596549650107E-02
    0.154714468004168E-02    0.383121152055744E-02
    0.145406468273191E-02    0.272197979218552E-02
    0.118224062102338E-02    0.171231402634471E-02
    0.767382749417436E-03    0.889068103965273E-03
    0.273027914702706E-03    0.325274057771997E-03
   -0.160197794200751E-03    0.270053521729951E-04
   -0.355591339150499E-03   -0.241881469579157E-04
    0.000000000000000E+00    0.000000000000000E+00
    0.000000000000000E+00    0.000000000000000E+00
    0.514819930478351E-02   -0.676094337343558E-03
    0.123151224871960E-01   -0.299768163445280E-02
    0.182589058141809E-01   -0.758317215433264E-02
    0.212984337117578E-01   -0.141967175770200E-01
    0.198085613670406E-01   -0.207829164442153E-01
    0.137164282899934E-01   -0.266744098926256E-01
    0.370071466884729E-02   -0.315898667961301E-01
   -0.307358865972573E-02   -0.350782049471062E-01
   -0.592644262857949E-02   -0.366395179628332E-01
   -0.388952566409855E-02   -0.365674728913676E-01
   -0.142926519341466E-02   -0.355320446258764E-01
   -0.238891750899301E-03   -0.339708014332035E-01
   -0.873424621554569E-03   -0.317584070004635E-01
   -0.265284765101363E-02   -0.292579392164763E-01
   -0.514842244882677E-02   -0.262623005862165E-01
   -0.747660892572469E-02   -0.225997645033420E-01
   -0.941409780649967E-02   -0.183911499738092E-01
   -0.105506949495313E-01   -0.139293212353363E-01
   -0.110289896497771E-01   -0.936342758312902E-02
   -0.108035500557643E-01   -0.497620697853509E-02
   -0.100854864012177E-01   -0.876364136746582E-03
   -0.896080374975000E-02    0.271201511984524E-02
   -0.760078390102955E-02    0.577359480166698E-02
   -0.610365046911089E-02    0.817867729792219E-02
   -0.457032080744034E-02    0.997843229419337E-02
   -0.307417111436482E-02    0.111230466713072E-01
   -0.166381064645491E-02    0.116972019918090E-01
   -0.390345970489017E-03    0.117052607372172E-01
    0.721795491171400E-03    0.112479359030695E-01
    0.163161525351043E-02    0.103667695552524E-01
    0.231868171522178E-02    0.917530458643376E-02
    0.274677731096682E-02    0.774370999420748E-02
    0.289784185414213E-02    0.620043938509433E-02
    0.275461805376933E-02    0.463543687392905E-02
    0.232966442165243E-02    0.318386190826560E-02
    0.166816717633147E-02    0.193210214583085E-02
    0.876133008700976E-03    0.981292396263404E-03
    0.129890789089378E-03    0.358802704473020E-03
   -0.286422919402390E-03    0.663161434448319E-04
    0.000000000000000E+00    0.000000000000000E+00
    0.000000000000000E+00    0.000000000000000E+00
    0.638772374730742E-02   -0.280001147887101E-03
    0.154708820837017E-01   -0.154397009373504E-02
    0.236926689510390E-01   -0.500599921653185E-02
    0.279131827826283E-01   -0.103056848740475E-01
    0.268601817500501E-01   -0.160024236206306E-01
    0.203242874847160E-01   -0.219029651350508E-01
    0.889021112303282E-02   -0.281645284376006E-01
    0.367795068839247E-03   -0.329074215477660E-01
   -0.438434028085021E-02   -0.359920257530480E-01
   -0.406771106768101E-02   -0.372774203439145E-01
   -0.273715920974421E-02   -0.364557312727246E-01
   -0.212899471591834E-02   -0.344677162933134E-01
   -0.333539709016748E-02   -0.314864177583592E-01
   -0.584236122612390E-02   -0.279857883904187E-01
   -0.890658933534627E-02   -0.241265687123502E-01
   -0.118045790851599E-01   -0.195950911073197E-01
   -0.140127760647488E-01   -0.147712947822486E-01
   -0.153391465014569E-01   -0.968768703526139E-02
   -0.156824341445238E-01   -0.479074019611612E-02
   -0.152054512776612E-01   -0.409721819978268E-04
   -0.140081410509211E-01    0.419452631385387E-02
   -0.123388314754708E-01    0.792848526121413E-02
   -0.103285473799331E-01    0.109714304967438E-01
   -0.817462432781477E-02    0.133472883242194E-01
   -0.596844009664984E-02    0.150052451052771E-01
   -0.383419040131046E-02    0.159830318005691E-01
   -0.182434503659651E-02    0.163147845507612E-01
   -0.120857208988984E-04    0.160498726451017E-01
    0.156786332666744E-02    0.152686326202110E-01
    0.286484233879651E-02    0.140339642838411E-01
    0.384414427756034E-02    0.124545376112831E-01
    0.446358157617208E-02    0.106109071574160E-01
    0.469081736182763E-02    0.863481901477604E-02
    0.450796527990799E-02    0.662357910864268E-02
    0.392261367702024E-02    0.472371794516923E-02
    0.299781865677865E-02    0.303075654676282E-02
    0.185763976160749E-02    0.167390491999342E-02
    0.734083583861393E-03    0.695416519218220E-03
   -0.429119848050172E-04    0.161056516829807E-03
    0.000000000000000E+00    0.000000000000000E+00
    0.000000000000000E+00    0.000000000000000E+00
    0.661549957610385E-02    0.252018580150179E-04
    0.168379203314415E-01   -0.125607891376476E-03
    0.265780830437031E-01   -0.165421032974095E-02
    0.323795859821650E-01   -0.497049691255745E-02
    0.319614508714359E-01   -0.930848232843601E-02
    0.257227034081365E-01   -0.147944105954489E-01
    0.147851218570442E-01   -0.210264183852786E-01
    0.525045599280124E-02   -0.267069498278564E-01
   -0.134346934464531E-02   -0.312114901140102E-01
   -0.369355834974872E-02   -0.333550664321696E-01
   -0.423498860020306E-02   -0.332242533705412E-01
   -0.489185330655993E-02   -0.313301214797317E-01
   -0.686175415295488E-02   -0.281907769343330E-01
   -0.992572606268092E-02   -0.242576826455128E-01
   -0.135494753399663E-01   -0.198631146361196E-01
   -0.167548143770783E-01   -0.149014014089730E-01
   -0.192126392271474E-01   -0.972752118110230E-02
   -0.204905279717104E-01   -0.446287480278279E-02
   -0.206511995634808E-01    0.601720905985793E-03
   -0.197527404531175E-01    0.536314038134902E-02
   -0.180254805213265E-01    0.961840736976840E-02
   -0.156989978123136E-01    0.132495236725757E-01
   -0.129859575500546E-01    0.161925981728209E-01
   -0.101011039173722E-01    0.183861555679114E-01
   -0.717406846018236E-02    0.198566319445569E-01
   -0.435349651856418E-02    0.205928256951197E-01
   -0.170338142784707E-02    0.206707111873853E-01
    0.679843899797873E-03    0.201159006482111E-01
    0.276120320705654E-02    0.190283366057624E-01
    0.446780623647823E-02    0.174603274576990E-01
    0.576653466041041E-02    0.155289754087183E-01
    0.659188771367204E-02    0.133104520476937E-01
    0.691503756953178E-02    0.109416158880934E-01
    0.669413174564251E-02    0.852146140168263E-02
    0.595373398337248E-02    0.620364164160485E-02
    0.473822498477402E-02    0.409895636636886E-02
    0.322130659364192E-02    0.234954554081763E-02
    0.163100061642776E-02    0.104063197073773E-02
    0.392921488499755E-03    0.255970273274820E-03
    0.000000000000000E+00    0.000000000000000E+00
    0.000000000000000E+00    0.000000000000000E+00
    0.618715981915895E-02    0.420077823838635E-03
    0.168991660181982E-01    0.144065057842693E-02
    0.283072662298175E-01    0.170991988929228E-02
    0.356075298936368E-01    0.468047494644060E-03
    0.367622006916523E-01   -0.178999896990936E-02
    0.317667970655370E-01   -0.595831781911469E-02
    0.209789393939160E-01   -0.117347975537179E-01
    0.107120817083733E-01   -0.173133612411165E-01
    0.229695359590042E-02   -0.225968481337818E-01
   -0.236690272989316E-02   -0.256600971906992E-01
   -0.501851356882186E-02   -0.261258351149237E-01
   -0.721278197149152E-02   -0.248385714341398E-01
   -0.103219944694755E-01   -0.219004352443259E-01
   -0.141421932083422E-01   -0.180456588629349E-01
   -0.182484499394604E-01   -0.136326436369066E-01
   -0.218333766285922E-01   -0.866407683162858E-02
   -0.243892983443518E-01   -0.361664206450662E-02
   -0.256444613527047E-01    0.156058320356855E-02
   -0.255105994821787E-01    0.640048025833700E-02
   -0.241946428385701E-01    0.109946144789388E-01
   -0.218742535336138E-01    0.149841929684060E-01
   -0.188875925001737E-01    0.184038681238562E-01
   -0.154416935931963E-01    0.210745316925889E-01
   -0.118155282819446E-01    0.230328895412943E-01
   -0.815222008007821E-02    0.242342677507930E-01
   -0.462961184153420E-02    0.247194473088543E-01
   -0.132897623189344E-02    0.245279562606715E-01
    0.164473540668484E-02    0.237068964226303E-01
    0.423860194282842E-02    0.223404123942522E-01
    0.637853566089769E-02    0.204845023082735E-01
    0.801120918167218E-02    0.182514440050292E-01
    0.907047294364093E-02    0.157124610722957E-01
    0.950356862434703E-02    0.130073437090652E-01
    0.927170740496089E-02    0.102285599856621E-01
    0.837424527578675E-02    0.754432549847420E-02
    0.687605920288064E-02    0.506375094955547E-02
    0.493310966475875E-02    0.296442227466147E-02
    0.282839142012129E-02    0.134007876416556E-02
    0.988215964080356E-03    0.342058774189714E-03
    0.000000000000000E+00    0.000000000000000E+00
    0.000000000000000E+00    0.000000000000000E+00
    0.518493253384378E-02    0.633522161150109E-03
    0.155047704401718E-01    0.254616129539265E-02
    0.271517351089780E-01    0.448396174649256E-02
    0.358268971283071E-01    0.556137886421214E-02
    0.387299305542803E-01    0.541578555437522E-02
    0.353317179523328E-01    0.310004910690152E-02
    0.262515651759931E-01   -0.112408861593635E-02
    0.161250888461734E-01   -0.612368524368815E-02
    0.652441175572638E-02   -0.112193506562297E-01
   -0.198663794842705E-03   -0.146277026916722E-01
   -0.505282602391588E-02   -0.160096787823025E-01
   -0.919366192022186E-02   -0.153402638616433E-01
   -0.134847873758201E-01   -0.131578351832498E-01
   -0.181749076227271E-01   -0.975970144388731E-02
   -0.227794990447635E-01   -0.579115568701107E-02
   -0.266496456384058E-01   -0.126207616536790E-02
   -0.292934280962584E-01    0.332219902562687E-02
   -0.304452011389117E-01    0.801046346911581E-02
   -0.300349372536604E-01    0.124080077515814E-01
   -0.282811355269538E-01    0.165269558233346E-01
   -0.253889303112428E-01    0.201094877746015E-01
   -0.217488263200988E-01    0.231178405706259E-01
   -0.175832860584120E-01    0.254414944865181E-01
   -0.132313226715309E-01    0.270627384510095E-01
   -0.883713974698045E-02    0.279727617539934E-01
   -0.462761916878536E-02    0.281802777365953E-01
   -0.674958747077705E-03    0.277365215121214E-01
    0.287979531498168E-02    0.266740457749513E-01
    0.599502254245726E-02    0.250736574553440E-01
    0.856744176392655E-02    0.229860626828338E-01
    0.105516721695257E-01    0.205128172434379E-01
    0.118511391418696E-01    0.177249146801772E-01
    0.124190818695505E-01    0.147500677239025E-01
    0.121794652511605E-01    0.116872043878303E-01
    0.111468760146460E-01    0.869693984102147E-02
    0.934367439099760E-02    0.590910680028840E-02
    0.696805763563298E-02    0.350336770667207E-02
    0.426668917350005E-02    0.161870167021295E-02
    0.175031560943344E-02    0.417740035808234E-03
    0.000000000000000E+00    0.000000000000000E+00
    0.000000000000000E+00    0.000000000000000E+00
    0.356039919701325E-02    0.834473744203362E-03
    0.128556538885249E-01    0.337611078811577E-02
    0.246659604197782E-01    0.670351601589310E-02
    0.344154004237463E-01    0.960075875127005E-02
    0.392796261085879E-01    0.119640066028118E-01
    0.380423030728599E-01    0.118495577686807E-01
    0.306031466176413E-01    0.953612764798779E-02
    0.210609555032855E-01    0.605126296302590E-02
    0.108471458898244E-01    0.156996647458762E-02
    0.239383861201950E-02   -0.181619672613140E-02
   -0.441620233501356E-02   -0.356951765767955E-02
   -0.103102173296628E-01   -0.369689346703974E-02
   -0.160031022384585E-01   -0.223408517304499E-02
   -0.215573380240288E-01    0.308023881976566E-03
   -0.267410011864864E-01    0.352184002773357E-02
   -0.309152513213172E-01    0.721554529543961E-02
   -0.336489531394440E-01    0.109917467376696E-01
   -0.347048395360883E-01    0.148829606311509E-01
   -0.340306191636361E-01    0.185226459278427E-01
   -0.318656174373447E-01    0.219462164427706E-01
   -0.284544493950939E-01    0.248945450970488E-01
   -0.241966111077763E-01    0.273558951196069E-01
   -0.193745355724777E-01    0.292021746124342E-01
   -0.143274607911944E-01    0.304218891100253E-01
   -0.925683844422140E-02    0.309924551255161E-01
   -0.438040732119489E-02    0.309130519105742E-01
    0.186213198033037E-03    0.302294478575497E-01
    0.431498572836042E-02    0.289558406843489E-01
    0.793251239113083E-02    0.271729687103744E-01
    0.109455027944684E-01    0.249094048938903E-01
    0.132806331597384E-01    0.222692168553846E-01
    0.148448224888526E-01    0.193008674043498E-01
    0.155583965860539E-01    0.161378694610614E-01
    0.153470527488277E-01    0.128598530876701E-01
    0.141825928501545E-01    0.964236878640566E-02
    0.121022195266256E-01    0.660393482629160E-02
    0.925728797618823E-02    0.395747656017576E-02
    0.594139187723913E-02    0.184228281217211E-02
    0.263264835152078E-02    0.484208898400554E-03
    0.000000000000000E+00    0.000000000000000E+00
    0.000000000000000E+00    0.000000000000000E+00
    0.191398647753230E-02    0.865309988857310E-03
    0.964388745637239E-02    0.374727457919455E-02
    0.204123307933630E-01    0.786390827149109E-02
    0.304795440082175E-01    0.124619543268446E-01
    0.367640025447728E-01    0.166618901559631E-01
    0.375070786640737E-01    0.188878752441235E-01
    0.324675268365105E-01    0.189968155061384E-01
    0.243114802691438E-01    0.172966761358570E-01
    0.144270602745151E-01    0.142666351255116E-01
    0.514018341765815E-02    0.115301544161155E-01
   -0.311813327979952E-02    0.952515087330595E-02
   -0.106530830367698E-01    0.898877648808394E-02
   -0.174842453595032E-01    0.954685142803626E-02
   -0.239873455177880E-01    0.112299365942960E-01
   -0.296100269598586E-01    0.134196357993029E-01
   -0.341155495641388E-01    0.161256005778663E-01
   -0.369090640385221E-01    0.188727523938465E-01
   -0.379469421508391E-01    0.217674359631359E-01
   -0.370612723529752E-01    0.244694262454965E-01
   -0.346161171276939E-01    0.270183914904563E-01
   -0.307653097580986E-01    0.292006844260078E-01
   -0.260283080584469E-01    0.309896772238952E-01
   -0.206259905112657E-01    0.322813091180555E-01
   -0.150002380495030E-01    0.330390042800806E-01
   -0.931122120092237E-02    0.332429684092773E-01
   -0.385201672660400E-02    0.328741871819534E-01
    0.129158513375577E-02    0.319651934736733E-01
    0.594192944697337E-02    0.305208739307222E-01
    0.100457371439400E-01    0.286006576708483E-01
    0.134748908089493E-01    0.262294874969539E-01
    0.161659164125373E-01    0.234872010291923E-01
    0.179917334550845E-01    0.204221584954593E-01
    0.188749956122539E-01    0.171447317550477E-01
    0.186963438595054E-01    0.137397470169094E-01
    0.174335594898399E-01    0.103655578061304E-01
    0.150643774177310E-01    0.715782926628696E-02
    0.117684698400401E-01    0.432342994814807E-02
    0.777768108028452E-02    0.203971846169211E-02
    0.364179445587312E-02    0.539128188108672E-03
    0.000000000000000E+00    0.000000000000000E+00
    0.000000000000000E+00    0.000000000000000E+00
   -0.429685579515592E-04    0.863401992399477E-03
    0.579027363852770E-02    0.376195377126398E-02
    0.153517398810067E-01    0.837781176612477E-02
    0.253423670807777E-01    0.138254930379886E-01
    0.327263574383592E-01    0.198790760381233E-01
    0.354470072685151E-01    0.240540311908292E-01
    0.325231298622709E-01    0.266205030176720E-01
    0.259978625507549E-01    0.271126692354389E-01
    0.168070397015147E-01    0.257400076125266E-01
    0.721667925160585E-02    0.240989700793827E-01
   -0.197093345322918E-02    0.224459981988285E-01
   -0.105495783239525E-01    0.216352246232690E-01
   -0.184178847570904E-01    0.216330202743723E-01
   -0.255611520384618E-01    0.223563829441783E-01
   -0.316815496351471E-01    0.235582781556815E-01
   -0.363971369128349E-01    0.250952512644965E-01
   -0.393120012840345E-01    0.267205469874509E-01
   -0.402946320963470E-01    0.284407348442232E-01
   -0.392968912432810E-01    0.300812898738409E-01
   -0.365899562334538E-01    0.316088372570258E-01
   -0.324370581613020E-01    0.329248833742414E-01
   -0.272723913640377E-01    0.339420111762547E-01
   -0.214296902356658E-01    0.346214982536190E-01
   -0.152843652059990E-01    0.348672012936310E-01
   -0.909345250481160E-02    0.346956935438541E-01
   -0.310094400832614E-02    0.340323506321647E-01
    0.253727915422689E-02    0.329302664255495E-01
    0.767760336061728E-02    0.313456610303505E-01
    0.122203313575223E-01    0.293500079710732E-01
    0.160564932412583E-01    0.269269106616190E-01
    0.190879114754669E-01    0.241631311932395E-01
    0.211918210317150E-01    0.210721326183745E-01
    0.222526898467274E-01    0.177694233628865E-01
    0.221467190875546E-01    0.143117880782064E-01
    0.207978901010262E-01    0.108674503693102E-01
    0.181868860014759E-01    0.755353564142963E-02
    0.144253863667520E-01    0.460176463907611E-02
    0.977757452357320E-02    0.218293065786174E-02
    0.473120887838468E-02    0.585291286512789E-03
    0.000000000000000E+00    0.000000000000000E+00
    0.000000000000000E+00    0.000000000000000E+00
   -0.167309525308426E-02    0.761688674627788E-03
    0.217801526693268E-02    0.349372070633971E-02
    0.991132697788153E-02    0.802798172575604E-02
    0.190040120232771E-01    0.140682202571861E-01
    0.267060580114693E-01    0.208417515654961E-01
    0.306756726920602E-01    0.267359959873622E-01
    0.299664960932116E-01    0.312801922150175E-01
    0.253035065026278E-01    0.338550732736233E-01
    0.175764187642490E-01    0.345511598622324E-01
    0.853584498392906E-02    0.342786344826203E-01
   -0.823958575588297E-03    0.333952096768728E-01
   -0.997087671007985E-02    0.327561888245099E-01
   -0.183770197278316E-01    0.323420450695926E-01
   -0.260593630903180E-01    0.324096614603630E-01
   -0.324181474739728E-01    0.326532458633434E-01
   -0.373553888534303E-01    0.331702356858813E-01
   -0.403025820711226E-01    0.336786250810981E-01
   -0.413390584549203E-01    0.342998093638010E-01
   -0.402572385943357E-01    0.348588873703293E-01
   -0.374788318589207E-01    0.353958905893561E-01
   -0.331158549821911E-01    0.358150215912238E-01
   -0.277363327660578E-01    0.360682363317985E-01
   -0.215606496955624E-01    0.361113046507098E-01
   -0.150816467869126E-01    0.358588175061260E-01
   -0.848187690939426E-02    0.353081668095783E-01
   -0.209382109619474E-02    0.343838555719215E-01
    0.397179912510107E-02    0.331107551139728E-01
    0.951382270568051E-02    0.314412038143636E-01
    0.144568438782661E-01    0.294155586305703E-01
    0.186548039954432E-01    0.270137519497334E-01
    0.220168793851936E-01    0.242916172245065E-01
    0.243870469101053E-01    0.212596800882989E-01
    0.256440585097892E-01    0.180048646787380E-01
    0.256176053158586E-01    0.145835665557266E-01
    0.242238108776602E-01    0.111412624080368E-01
    0.213743110883654E-01    0.780330941366596E-02
    0.171904146910851E-01    0.478960104666204E-02
    0.118536832322591E-01    0.229793394835488E-02
    0.590528524776879E-02    0.619529488610300E-03
    0.000000000000000E+00    0.000000000000000E+00
    0.000000000000000E+00    0.000000000000000E+00
   -0.327415932188268E-02    0.633925567884657E-03
   -0.140565707423564E-02    0.297121269816922E-02
    0.443774456998608E-02    0.720343658368790E-02
    0.123617490404558E-01    0.130134578477404E-01
    0.198178627941059E-01    0.203490513626333E-01
    0.247649259869811E-01    0.270802885715627E-01
    0.256256770830619E-01    0.333503646601195E-01
    0.228602943451259E-01    0.377169882870483E-01
    0.166241813533513E-01    0.402564598907427E-01
    0.857531542836032E-02    0.415582235640612E-01
   -0.420618941538323E-03    0.416566289730056E-01
   -0.954710559704450E-02    0.415093908751407E-01
   -0.181558137694956E-01    0.410529063389588E-01
   -0.259878402150753E-01    0.406913069251140E-01
   -0.325067692797038E-01    0.402425200160179E-01
   -0.374823058221987E-01    0.398559827279646E-01
   -0.404857601240243E-01    0.394049409703710E-01
   -0.414993853783461E-01    0.389693277392121E-01
   -0.404277349785174E-01    0.385481234119605E-01
   -0.375702136634377E-01    0.381054139887280E-01
   -0.331457005208941E-01    0.376958485985632E-01
   -0.275934922529391E-01    0.371889249031979E-01
   -0.212504364141054E-01    0.366482662618655E-01
   -0.145026944089173E-01    0.359079451749377E-01
   -0.764082478530380E-02    0.350310980663184E-01
   -0.921717141419544E-03    0.338715249697650E-01
    0.546192287453594E-02    0.324888867890813E-01
    0.113563266122293E-01    0.307775561551571E-01
    0.166322591889746E-01    0.287944703496457E-01
    0.211666857189072E-01    0.264729712562504E-01
    0.248323557234718E-01    0.238749845274775E-01
    0.274743394309348E-01    0.209730140703914E-01
    0.289340748258409E-01    0.178543270777421E-01
    0.290267670264068E-01    0.145444817146030E-01
    0.276117664235622E-01    0.111896739565862E-01
    0.245869011568096E-01    0.789317546329823E-02
    0.199918712249615E-01    0.488733660391415E-02
    0.140191148410117E-01    0.235937537173939E-02
    0.711980545628567E-02    0.644806448200383E-03
    0.000000000000000E+00    0.000000000000000E+00
    0.000000000000000E+00    0.000000000000000E+00
   -0.443382209686287E-02    0.472272905264913E-03
   -0.429268952647855E-02    0.235120416681016E-02
   -0.385249603641815E-03    0.592462168363027E-02
    0.590462819580300E-02    0.113244226011452E-01
    0.125859991418993E-01    0.181848332869516E-01
    0.176152799460136E-01    0.253819335483409E-01
    0.197096911686381E-01    0.323686222597108E-01
    0.184392110367045E-01    0.380718525096302E-01
    0.139654886046505E-01    0.422430194665030E-01
    0.727486645715409E-02    0.449292224245042E-01
   -0.789773035226948E-03    0.462672088798272E-01
   -0.936352723354905E-02    0.467761426543157E-01
   -0.176836662059408E-01    0.466044883882337E-01
   -0.253506696562509E-01    0.460996245798695E-01
   -0.317319553650849E-01    0.452520227190566E-01
   -0.366220517699713E-01    0.442545201150030E-01
   -0.395528068069314E-01    0.430778779728805E-01
   -0.405654882383709E-01    0.418590255354664E-01
   -0.394956311581955E-01    0.406232849542695E-01
   -0.366955632379520E-01    0.394155165709023E-01
   -0.322750882420986E-01    0.382827266091577E-01
   -0.267447732819439E-01    0.371658279845872E-01
   -0.203323070082562E-01    0.361058350899568E-01
   -0.135081915247871E-01    0.349815654581134E-01
   -0.648196218495753E-02    0.338252226482278E-01
    0.414738226015019E-03    0.325107147364183E-01
    0.703801092277006E-02    0.310643039094059E-01
    0.131815070904702E-01    0.293851964954574E-01
    0.187389541933735E-01    0.274976533960253E-01
    0.235542005244462E-01    0.253328362953678E-01
    0.275019685828326E-01    0.229216042675075E-01
    0.303996877428845E-01    0.202308763075353E-01
    0.320734102822330E-01    0.173187571675587E-01
    0.322964563573545E-01    0.142040523307459E-01
    0.309048722483784E-01    0.110078604299456E-01
    0.277246518818915E-01    0.783125550334562E-02
    0.227831701458434E-01    0.489059950879031E-02
    0.161733662579974E-01    0.238751100387682E-02
    0.837430530542393E-02    0.656684691034945E-03
    0.000000000000000E+00    0.000000000000000E+00
    0.000000000000000E+00    0.000000000000000E+00
   -0.535156318970843E-02    0.296112955942971E-03
   -0.671181462932788E-02    0.162262779814514E-02
   -0.461238489951014E-02    0.443877112642448E-02
    0.379915327335561E-04    0.889707929431017E-02
    0.554244927550036E-02    0.151516281476922E-01
    0.104005032706564E-01    0.219338167152715E-01
    0.130102720639061E-01    0.292874443674896E-01
    0.130392597230965E-01    0.356286413873300E-01
    0.997733124695725E-02    0.409084913929315E-01
    0.476849874025986E-02    0.447877874800277E-01
   -0.214757259132103E-02    0.471244204834635E-01
   -0.980843873059217E-02    0.485037328620108E-01
   -0.174914638201204E-01    0.487264078748266E-01
   -0.246795309555097E-01    0.484304103131653E-01
   -0.307098755139559E-01    0.474250545314012E-01
   -0.353523650015753E-01    0.461309456731150E-01
   -0.381275204551315E-01    0.444827847969031E-01
   -0.390751782894480E-01    0.427115604318389E-01
   -0.380228783491042E-01    0.408975003312641E-01
   -0.352688354181038E-01    0.390876228788736E-01
   -0.309443629162516E-01    0.374284936694411E-01
   -0.254632216946579E-01    0.358150788261469E-01
   -0.191136736614170E-01    0.343865957964483E-01
   -0.122672745725933E-01    0.329611869102946E-01
   -0.521074329577303E-02    0.316389360949480E-01
    0.180042071739961E-02    0.302368704731095E-01
    0.855385756667587E-02    0.288176920813112E-01
    0.148906132176719E-01    0.272331743065591E-01
    0.206568271912180E-01    0.255227217481078E-01
    0.257165829934853E-01    0.235789209813404E-01
    0.299143625312482E-01    0.214350354884550E-01
    0.330624908813678E-01    0.190252982984160E-01
    0.349574384467558E-01    0.164021721075092E-01
    0.353465381473737E-01    0.135559111645419E-01
    0.340138828477205E-01    0.105984091568542E-01
    0.307526212697455E-01    0.760811759784578E-02
    0.255020650426926E-01    0.479977731540056E-02
    0.183391621456801E-01    0.236255031308641E-02
    0.962749043591336E-02    0.659153835274366E-03
    0.000000000000000E+00    0.000000000000000E+00
    0.000000000000000E+00    0.000000000000000E+00
   -0.585363036153926E-02    0.131595704434062E-03
   -0.831654276126237E-02    0.930347031630579E-03
   -0.774720524970608E-02    0.288963760149696E-02
   -0.478018034667258E-02    0.638553926444961E-02
   -0.602243850419566E-03    0.114433865271480E-01
    0.344160699596936E-02    0.175547696557584E-01
    0.618305114993764E-02    0.243279077528953E-01
    0.683475001979804E-02    0.308006262403395E-01
    0.505483542100185E-02    0.365639364571471E-01
    0.116819267924007E-02    0.411476588210635E-01
   -0.441306340168699E-02    0.444093658124335E-01
   -0.109069275634440E-01    0.464405363401787E-01
   -0.176832503151627E-01    0.473130157869669E-01
   -0.240789929975958E-01    0.472770941941624E-01
   -0.295689515264326E-01    0.464631239999449E-01
   -0.337415639954530E-01    0.450841891908145E-01
   -0.362711662807845E-01    0.432938041334391E-01
   -0.370494742083912E-01    0.412500519175029E-01
   -0.359950362954988E-01    0.391256145525385E-01
   -0.333032216926813E-01    0.369892507638794E-01
   -0.291067904343074E-01    0.349997128681107E-01
   -0.237790698796842E-01    0.331150075379770E-01
   -0.175580709727671E-01    0.314512840673700E-01
   -0.108269725586114E-01    0.298866135691766E-01
   -0.381663984117948E-02    0.284892321254554E-01
    0.318265607350095E-02    0.271124936395204E-01
    0.999721343926438E-02    0.257884946663709E-01
    0.164347732423960E-01    0.243836382769506E-01
    0.223585764296628E-01    0.229096735502471E-01
    0.276103608322421E-01    0.212607393073553E-01
    0.320309668292369E-01    0.194440196662759E-01
    0.354148800029546E-01    0.173876108106575E-01
    0.375352071053475E-01    0.151178842463194E-01
    0.381069295886784E-01    0.126137155710389E-01
    0.368770336584486E-01    0.996189261704702E-02
    0.335703029966944E-01    0.722907321108160E-02
    0.280907228798649E-01    0.461095697243646E-02
    0.204042795417103E-01    0.229751804038288E-02
    0.108709101199664E-01    0.646323360403824E-03
    0.000000000000000E+00    0.000000000000000E+00
    0.000000000000000E+00    0.000000000000000E+00
   -0.605030767247916E-02   -0.324993114352522E-04
   -0.930693765070427E-02    0.253031208980365E-03
   -0.100026742902401E-01    0.137305299039136E-02
   -0.851564162709205E-02    0.371936910899698E-02
   -0.576365127805134E-02    0.758168732190010E-02
   -0.261515924661169E-02    0.124903724032571E-01
   -0.269676688569911E-03    0.184670365563259E-01
    0.766579723128646E-03    0.244020411783931E-01
   -0.253056935669937E-03    0.301444265241541E-01
   -0.294052717984118E-02    0.349939228237893E-01
   -0.731269468094106E-02    0.386905979946692E-01
   -0.125767425339643E-01    0.413326457146166E-01
   -0.182710157537368E-01    0.426318546573713E-01
   -0.237747780972948E-01    0.430929876080446E-01
   -0.285043128914159E-01    0.424935187393075E-01
   -0.321700693382414E-01    0.413489775293345E-01
   -0.342998695775014E-01    0.395784001187916E-01
   -0.349134679298540E-01    0.375489650855261E-01
   -0.337856564403642E-01    0.353343353348979E-01
   -0.311710622712191E-01    0.330955600504056E-01
   -0.271095784581546E-01    0.309949165664969E-01
   -0.219608543945086E-01    0.290053014758930E-01
   -0.159325612332627E-01    0.272897452698821E-01
   -0.935804998574188E-02    0.257079274298193E-01
   -0.248343467578579E-02    0.243732395428381E-01
    0.445179865648466E-02    0.231123408801355E-01
    0.112413059717425E-01    0.219843004916763E-01
    0.177270114402534E-01    0.208302025948915E-01
    0.237441566660660E-01    0.196718083930354E-01
    0.291468697357061E-01    0.183804672054167E-01
    0.337592433436279E-01    0.169620280765941E-01
    0.373642187855858E-01    0.153218527780830E-01
    0.397185025967584E-01    0.134765985922102E-01
    0.405015881512363E-01    0.113810977422083E-01
    0.394197208390283E-01    0.910552488174680E-02
    0.361470363430532E-01    0.669415883665318E-02
    0.305000864776007E-01    0.432784046889038E-02
    0.223994997663058E-01    0.218252197145096E-02
    0.120693456219817E-01    0.624109131442636E-03
    0.000000000000000E+00    0.000000000000000E+00
    0.000000000000000E+00    0.000000000000000E+00
   -0.593472214112506E-02   -0.159390594172035E-03
   -0.960696855681082E-02   -0.313338558600003E-03
   -0.112013770333740E-01    0.472270165269767E-04
   -0.109759250483805E-01    0.136187966587887E-02
   -0.951107593492675E-02    0.388294119167307E-02
   -0.750452827653518E-02    0.755659867205602E-02
   -0.574994561899650E-02    0.122189823268885E-01
   -0.489110688082673E-02    0.173083112325354E-01
   -0.542002834449238E-02    0.224411671168040E-01
   -0.734202674545475E-02    0.270777594358047E-01
   -0.106396763607334E-01    0.309079628404696E-01
   -0.147685216123864E-01    0.337477089524254E-01
   -0.194055095972671E-01    0.354987804731681E-01
   -0.238789663913050E-01    0.362486703916739E-01
   -0.278480783594751E-01    0.360731926186596E-01
   -0.308009216667399E-01    0.351554688268894E-01
   -0.325364697743902E-01    0.336679965421423E-01
   -0.328154307551434E-01    0.317866883131767E-01
   -0.316264516394743E-01    0.297244217775268E-01
   -0.290041300383122E-01    0.275824562067752E-01
   -0.251005130310533E-01    0.255631646891868E-01
   -0.201319438955211E-01    0.236637261767143E-01
   -0.143331553972182E-01    0.220358038017153E-01
   -0.797186545482182E-02    0.205900926660245E-01
   -0.127999832060347E-02    0.194145589177135E-01
    0.551676009606442E-02    0.183768623234930E-01
    0.122324908976581E-01    0.175124429044676E-01
    0.187018552024443E-01    0.166840917065351E-01
    0.247703358082071E-01    0.158938139635051E-01
    0.302838001956661E-01    0.150193685418815E-01
    0.350602029178673E-01    0.140475260723565E-01
    0.388759962068922E-01    0.128795590425573E-01
    0.414617495121687E-01    0.115103406247141E-01
    0.424766738284765E-01    0.988181987551581E-02
    0.415813806453954E-01    0.803964008517175E-02
    0.383901596318379E-01    0.600913644817969E-02
    0.326634898723924E-01    0.394909997666816E-02
    0.242061558920511E-01    0.202260976995638E-02
    0.132045168215669E-01    0.585514076059849E-03
    0.000000000000000E+00    0.000000000000000E+00
    0.000000000000000E+00    0.000000000000000E+00
   -0.556027707957411E-02   -0.275415586604517E-03
   -0.937218379756848E-02   -0.793700846949927E-03
   -0.115774092001859E-01   -0.110058745620043E-02
   -0.123291658635706E-01   -0.758551362432442E-03
   -0.120224702124880E-01    0.554583306005687E-03
   -0.110549241018941E-01    0.286478619234946E-02
   -0.101082597233450E-01    0.621701998762165E-02
   -0.955381014978531E-02    0.101057633455766E-01
   -0.100108022291556E-01    0.143591132288340E-01
   -0.113791966561903E-01    0.183885328272792E-01
   -0.139015109324438E-01    0.219124090862478E-01
   -0.170584555740677E-01    0.247391067493492E-01
   -0.206914293196209E-01    0.265653410186397E-01
   -0.242481133847718E-01    0.276272604012809E-01
   -0.273571303322549E-01    0.276817307125209E-01
   -0.296978600001966E-01    0.271528827687756E-01
   -0.309020310462934E-01    0.259240117676961E-01
   -0.309333063967314E-01    0.243842656259291E-01
   -0.295734125449120E-01    0.225612303244824E-01
   -0.270045989157322E-01    0.206875640739897E-01
   -0.232040467273046E-01    0.188854400290301E-01
   -0.184568982278902E-01    0.172125306238131E-01
   -0.128885644607944E-01    0.158073201895290E-01
   -0.677698308143573E-02    0.146005049373792E-01
   -0.307201152524082E-03    0.136920054447602E-01
    0.630975143222259E-02    0.129526714888910E-01
    0.128967780904882E-01    0.124294466165303E-01
    0.193039734783806E-01    0.119827212335285E-01
    0.253734653802650E-01    0.116180373755530E-01
    0.309553676854180E-01    0.112066811523197E-01
    0.358670119267857E-01    0.107320397970407E-01
    0.398705184419509E-01    0.100822443124670E-01
    0.426950984264058E-01    0.924224806007420E-02
    0.439609178075412E-01    0.813283992546669E-02
    0.433027858591480E-01    0.678075974017625E-02
    0.402718186110952E-01    0.518667844206229E-02
    0.345480364119291E-01    0.348496606354945E-02
    0.258625637628007E-01    0.182090637965006E-02
    0.142521767506918E-01    0.538778575299160E-03
    0.000000000000000E+00    0.000000000000000E+00
    0.000000000000000E+00    0.000000000000000E+00
   -0.500435580069571E-02   -0.347702769402021E-03
   -0.868479199971212E-02   -0.114349685676870E-02
   -0.111868849901480E-01   -0.196127397703089E-02
   -0.126262640752679E-01   -0.240741154939418E-02
   -0.132212107327251E-01   -0.216921093257542E-02
   -0.132446553580554E-01   -0.107581616217281E-02
   -0.130960304886715E-01    0.888999894346627E-03
   -0.131237299884684E-01    0.353709673202071E-02
   -0.137082145471791E-01    0.662458914688958E-02
   -0.149219574056058E-01    0.978955019768856E-02
   -0.169164264402776E-01    0.127205210897873E-01
   -0.193713562152957E-01    0.151745095136501E-01
   -0.222089411438753E-01    0.169436448083259E-01
   -0.249098847828550E-01    0.180045677310444E-01
   -0.273187598234168E-01    0.183103928167647E-01
   -0.289628887464316E-01    0.179870240173081E-01
   -0.297509257678750E-01    0.171191962311430E-01
   -0.293990879866383E-01    0.158743594152067E-01
   -0.279408438866874E-01    0.144106182667548E-01
   -0.253103466268234E-01    0.128537026293608E-01
   -0.216536382985234E-01    0.113741221827889E-01
   -0.170672920836137E-01    0.100149318310815E-01
   -0.117565764650215E-01    0.891217822230509E-02
   -0.588820532407236E-02    0.802686628482936E-02
    0.332239733883386E-03    0.744010990075817E-02
    0.674240368914985E-02    0.705903087083589E-02
    0.131695048945290E-01    0.691321851357282E-02
    0.194776505345438E-01    0.688775316482333E-02
    0.255156910286096E-01    0.697490224817256E-02
    0.311372899992232E-01    0.705714101536505E-02
    0.361568962491195E-01    0.710414803705928E-02
    0.403394501204852E-01    0.700434741173857E-02
    0.433931606289748E-01    0.672337856138720E-02
    0.449293730962377E-01    0.617142394228106E-02
    0.445373977049224E-01    0.534919523615251E-02
    0.417198535884709E-01    0.423516912751085E-02
    0.360858326693711E-01    0.293672176178737E-02
    0.272519710141079E-01    0.157419788727648E-02
    0.151844746447778E-01    0.476254799469586E-03
    0.000000000000000E+00    0.000000000000000E+00
    0.000000000000000E+00    0.000000000000000E+00
   -0.428875852019057E-02   -0.405316688386555E-03
   -0.765331255633980E-02   -0.138754896135768E-02
   -0.102281424259731E-01   -0.260010129549021E-02
   -0.120973695290868E-01   -0.366468239017920E-02
   -0.133780094637632E-01   -0.430430039821601E-02
   -0.141939578711809E-01   -0.428918572818081E-02
   -0.148165992400576E-01   -0.354593027457090E-02
   -0.154103026673229E-01   -0.215568745429900E-02
   -0.163247368922662E-01   -0.242253272791951E-03
   -0.175350288621717E-01    0.189185142954621E-02
   -0.192758980326538E-01    0.401680762002892E-02
   -0.212487333689753E-01    0.590915760081723E-02
   -0.234665471519236E-01    0.731422643045774E-02
   -0.255306926086320E-01    0.826887285341292E-02
   -0.272747992203525E-01    0.855763878877008E-02
   -0.284161764900551E-01    0.842849338816274E-02
   -0.287330413973472E-01    0.775603695295235E-02
   -0.281525050381986E-01    0.684486265004886E-02
   -0.265137236511885E-01    0.567793927669872E-02
   -0.239264542798062E-01    0.448787210733243E-02
   -0.203480258057175E-01    0.333806253753657E-02
   -0.159848889387213E-01    0.233647804299087E-02
   -0.109028009981745E-01    0.157236921174998E-02
   -0.531799736721857E-02    0.104175120728244E-02
    0.645223818125299E-03    0.812730590372434E-03
    0.681154442203179E-02    0.812845368380181E-03
    0.130455311406855E-01    0.106945232556346E-02
    0.192124940588211E-01    0.148080901777864E-02
    0.251769973008359E-01    0.203724085717551E-02
    0.307936903468801E-01    0.262637310418838E-02
    0.358891551929004E-01    0.321455199667484E-02
    0.402182261020855E-01    0.368269497160101E-02
    0.435003189578178E-01    0.399059261316408E-02
    0.453134537021669E-01    0.402528941360644E-02
    0.452364378548838E-01    0.377294173926818E-02
    0.427052300851431E-01    0.317903082114714E-02
    0.372601260995283E-01    0.232334605302482E-02
    0.284197262621337E-01    0.129945697363495E-02
    0.159928769823078E-01    0.408463500938237E-03
    0.000000000000000E+00    0.000000000000000E+00
    0.000000000000000E+00    0.000000000000000E+00
   -0.351218758492627E-02   -0.425052824330284E-03
   -0.641621195038651E-02   -0.151819382974515E-02
   -0.885784597890178E-02   -0.296745940565893E-02
   -0.109179831527601E-01   -0.446850270308108E-02
   -0.126387668627635E-01   -0.575257803228982E-02
   -0.140741061409503E-01   -0.659493220484951E-02
   -0.153380136720813E-01   -0.689208832202300E-02
   -0.165309519057246E-01   -0.661254632224407E-02
   -0.178323352477551E-01   -0.585293161672461E-02
   -0.192548642067856E-01   -0.476199007972764E-02
   -0.209325503513123E-01   -0.355029342606036E-02
   -0.226735877243869E-01   -0.238622005184078E-02
   -0.245090178965682E-01   -0.147254194744216E-02
   -0.260941990954950E-01   -0.864333176029550E-03
   -0.273984553644402E-01   -0.676247947022831E-03
   -0.280703289327582E-01   -0.834823361455159E-03
   -0.280952097625599E-01   -0.135064509923454E-02
   -0.272326023899134E-01   -0.208395684682101E-02
   -0.255330264191318E-01   -0.296981056712972E-02
   -0.229074718925504E-01   -0.387547248193013E-02
   -0.194744903196453E-01   -0.470565543492931E-02
   -0.152700068708449E-01   -0.538224077629005E-02
   -0.104517927879564E-01   -0.582001279178116E-02
   -0.512205098101690E-02   -0.600827371499658E-02
    0.559522474560289E-03   -0.589523355368061E-02
    0.647711235433127E-02   -0.552447113676713E-02
    0.124919925060758E-01   -0.488255370882404E-02
    0.184932985360189E-01   -0.404669751840743E-02
    0.243539903092062E-01   -0.303632937476851E-02
    0.299382003987397E-01   -0.194874313586612E-02
    0.350791335941439E-01   -0.829159762878551E-03
    0.395391449403464E-01    0.209570588989741E-03
    0.430308206495946E-01    0.110655805229916E-02
    0.451312646821342E-01    0.174438882431033E-02
    0.453852110954400E-01    0.207703584287071E-02
    0.431913694782866E-01    0.202971723672730E-02
    0.380133226209308E-01    0.164566559024356E-02
    0.292607277065165E-01    0.985206113382175E-03
    0.166422499309375E-01    0.327186713374069E-03
    0.000000000000000E+00    0.000000000000000E+00
    0.000000000000000E+00    0.000000000000000E+00
   -0.268004869507793E-02   -0.431140963370300E-03
   -0.504026690879871E-02   -0.155593573750926E-02
   -0.722043930234749E-02   -0.313857429139913E-02
   -0.929378248402985E-02   -0.489604334574070E-02
   -0.112595002574295E-01   -0.663313793411172E-02
   -0.131122881748646E-01   -0.809713017163546E-02
   -0.148782778194585E-01   -0.921013391252370E-02
   -0.165599883666477E-01   -0.985584969434372E-02
   -0.182641516635830E-01   -0.100923994676383E-01
   -0.199361034672187E-01   -0.998451480692501E-02
   -0.216951204018337E-01   -0.967408432272067E-02
   -0.233594871709563E-01   -0.928821102934642E-02
   -0.249768824989286E-01   -0.899351666074191E-02
   -0.262918822234048E-01   -0.882584670999021E-02
   -0.272576460901196E-01   -0.893373512626912E-02
   -0.276685979684281E-01   -0.921201191308714E-02
   -0.274253044461976E-01   -0.976006716481946E-02
   -0.264542367412790E-01   -0.103903871373385E-01
   -0.246681574799886E-01   -0.111383345676347E-01
   -0.221270062390810E-01   -0.118235583303866E-01
   -0.188008989376883E-01   -0.124279162388003E-01
   -0.148312346721840E-01   -0.128363796498125E-01
   -0.102527565759221E-01   -0.130080042980739E-01
   -0.522630707531445E-02   -0.129044042609589E-01
    0.170824414346313E-03   -0.124939820679017E-01
    0.579901610083521E-02   -0.117967095297290E-01
    0.115654629407266E-01   -0.108083376227727E-01
    0.173553180169061E-01   -0.958553783650924E-02
    0.230657449958203E-01   -0.815329258394813E-02
    0.285652922935670E-01   -0.659673579622340E-02
    0.337054897378722E-01   -0.496338915700437E-02
    0.382508369366285E-01   -0.337178445364074E-02
    0.419323558588015E-01   -0.188149832839571E-02
    0.443107091796616E-01   -0.640898462653192E-03
    0.449328390697294E-01    0.300730915326154E-03
    0.431393155815389E-01    0.818458905236639E-03
    0.383394211173127E-01    0.933240624634532E-03
    0.298250528738153E-01    0.661153412502613E-03
    0.171427162965130E-01    0.245320699040234E-03
    0.000000000000000E+00    0.000000000000000E+00
    0.000000000000000E+00    0.000000000000000E+00
   -0.187839837211167E-02   -0.410485798969897E-03
   -0.365713355875568E-02   -0.151366219863343E-02
   -0.547783077111730E-02   -0.310714202111000E-02
   -0.741867941940242E-02   -0.498048267451351E-02
   -0.945397204066651E-02   -0.695073468236047E-02
   -0.115492422156194E-01   -0.882787737082327E-02
   -0.136597582666657E-01   -0.104998984607771E-01
   -0.157384366103274E-01   -0.118558469300745E-01
   -0.177944453335409E-01   -0.128971267747078E-01
   -0.197592041966885E-01   -0.136304565475250E-01
   -0.216741383806353E-01   -0.141497154986355E-01
   -0.233956829410290E-01   -0.145211008439344E-01
   -0.249549885856560E-01   -0.148717670947700E-01
   -0.261360017862440E-01   -0.152345812095645E-01
   -0.269521491085519E-01   -0.157135658783964E-01
   -0.271801209169938E-01   -0.162624999417257E-01
   -0.268400784778789E-01   -0.169339089820497E-01
   -0.257717943537720E-01   -0.176205020245812E-01
   -0.240270841946150E-01   -0.183250060325827E-01
   -0.215412904324693E-01   -0.189264441235369E-01
   -0.184029368998105E-01   -0.193981876842616E-01
   -0.146327294667061E-01   -0.196465756528019E-01
   -0.103415058159384E-01   -0.196405067213307E-01
   -0.560058741092996E-02   -0.193324673883672E-01
   -0.521196785305543E-03   -0.187053435268261E-01
    0.480930251788379E-02   -0.177570116916392E-01
    0.102942422871841E-01   -0.164931168266548E-01
    0.158426338441995E-01   -0.149486162805945E-01
    0.213651273582318E-01   -0.131543178003493E-01
    0.267402879147284E-01   -0.111785037742811E-01
    0.318404789610020E-01   -0.907884322578325E-02
    0.364374146442903E-01   -0.696160493853410E-02
    0.402784152556749E-01   -0.491130024846288E-02
    0.429257148069708E-01   -0.307143827522979E-02
    0.439171162431372E-01   -0.153543495199202E-02
    0.425640378156461E-01   -0.440606267937854E-03
    0.382050325723738E-01    0.180280088277169E-03
    0.300293337806748E-01    0.307462274432725E-03
    0.174554599154597E-01    0.153250693028459E-03
    0.000000000000000E+00    0.000000000000000E+00
    0.000000000000000E+00    0.000000000000000E+00
   -0.110394334436119E-02   -0.379680953789541E-03
   -0.230061674600289E-02   -0.140499257292325E-02
   -0.372126736441551E-02   -0.293616583434552E-02
   -0.543870581137061E-02   -0.478464124122060E-02
   -0.741560951966052E-02   -0.684213337756044E-02
   -0.960034787861753E-02   -0.891280328411130E-02
   -0.119061949077689E-01   -0.109402243820249E-01
   -0.142451567131964E-01   -0.127671997116002E-01
   -0.165710550639979E-01   -0.144049239870899E-01
   -0.187781459814467E-01   -0.157981177964495E-01
   -0.208690913429106E-01   -0.170048642873668E-01
   -0.227007863330400E-01   -0.180515604968493E-01
   -0.242864809905761E-01   -0.190131560100969E-01
   -0.254598852819491E-01   -0.199155908071803E-01
   -0.262128885833598E-01   -0.208294760304418E-01
   -0.264114734854990E-01   -0.217178139860321E-01
   -0.260253680433980E-01   -0.226331027596097E-01
   -0.250020037034340E-01   -0.234760208020652E-01
   -0.233111351585374E-01   -0.242727694756454E-01
   -0.209902395090885E-01   -0.249031860911085E-01
   -0.180321410779988E-01   -0.253692538893148E-01
   -0.145363888722338E-01   -0.255712493054603E-01
   -0.105269705141856E-01   -0.254999177499986E-01
   -0.612445767680390E-02   -0.250945574251727E-01
   -0.137552748034873E-02   -0.243520569191640E-01
    0.360929677869193E-02   -0.232493438363999E-01
    0.877436724756086E-02   -0.218025296328152E-01
    0.140254317983305E-01   -0.200209442154638E-01
    0.192979080055640E-01   -0.179439849756251E-01
    0.244823958050253E-01   -0.156200605545243E-01
    0.294705005680350E-01   -0.131093692776145E-01
    0.340549626231495E-01   -0.105214885599710E-01
    0.380032432195707E-01   -0.793143315810260E-02
    0.408899868318116E-01   -0.552531990759881E-02
    0.422638158122121E-01   -0.338229432949648E-02
    0.414009066576990E-01   -0.171711952073707E-02
    0.376022862595367E-01   -0.570132556570707E-03
    0.299218454922857E-01   -0.350740651349022E-04
    0.176098084394149E-01    0.673266298262170E-04
    0.000000000000000E+00    0.000000000000000E+00
    0.000000000000000E+00    0.000000000000000E+00
   -0.417717634806190E-03   -0.333775632487257E-03
   -0.106795711726635E-02   -0.125160163419004E-02
   -0.207338253950243E-02   -0.264251652665321E-02
   -0.350865246877152E-02   -0.437841079502610E-02
   -0.533121710991944E-02   -0.636447363362645E-02
   -0.748333668514736E-02   -0.847647613622010E-02
   -0.985550953762233E-02   -0.106365627789108E-01
   -0.123367570782430E-01   -0.127392551642289E-01
   -0.148364841615357E-01   -0.147482630629434E-01
   -0.172318985329599E-01   -0.166134830828328E-01
   -0.194781585087050E-01   -0.183453012152030E-01
   -0.214406128814787E-01   -0.199405485422612E-01
   -0.231076790136686E-01   -0.214406729517697E-01
   -0.243335964098023E-01   -0.228441734848850E-01
   -0.251253364048676E-01   -0.241999230699959E-01
   -0.253496200847311E-01   -0.254692971419520E-01
   -0.250303106150297E-01   -0.266902213639449E-01
   -0.240780664841842E-01   -0.277823666090861E-01
   -0.225379715460251E-01   -0.287656478692203E-01
   -0.203815864677168E-01   -0.295398729116023E-01
   -0.176745289698604E-01   -0.301106758928266E-01
   -0.144436267259495E-01   -0.303852333216405E-01
   -0.107657753238646E-01   -0.303635950440997E-01
   -0.670134255245212E-02   -0.299777780173060E-01
   -0.232401514903217E-02   -0.292318431215056E-01
    0.229464452342600E-02   -0.280883597730422E-01
    0.709612829521107E-02   -0.265629048055099E-01
    0.120059827435916E-01   -0.246500583644460E-01
    0.169783395949115E-01   -0.223839624558900E-01
    0.219114738073431E-01   -0.197988198611556E-01
    0.267351187402279E-01   -0.169576830965694E-01
    0.312446517122868E-01   -0.139540352285008E-01
    0.352568874271265E-01   -0.108903748662230E-01
    0.383436152154152E-01   -0.793673259790723E-02
    0.400869171863864E-01   -0.523356521172646E-02
    0.397346123653084E-01   -0.299372793754278E-02
    0.365385990013849E-01   -0.133934046918580E-02
    0.294527925254729E-01   -0.395706623942005E-03
    0.175669583992442E-01   -0.259029394155492E-04
    0.000000000000000E+00    0.000000000000000E+00
    0.000000000000000E+00    0.000000000000000E+00
    0.188396762123763E-03   -0.281790790251729E-03
    0.304754721837571E-04   -0.105909459944230E-02
   -0.580831072557437E-03   -0.226936427522745E-02
   -0.171187230148329E-02   -0.380381865312499E-02
   -0.332125930400760E-02   -0.562974159026901E-02
   -0.534997832416188E-02   -0.762765025966099E-02
   -0.767843550320323E-02   -0.977696071022022E-02
   -0.101853385734997E-01   -0.119548627606905E-01
   -0.127553271519829E-01   -0.141551239324006E-01
   -0.152509527909201E-01   -0.162958497359459E-01
   -0.176005861958863E-01   -0.183800445844545E-01
   -0.196673161721576E-01   -0.203791391749804E-01
   -0.214192236724593E-01   -0.222986152782515E-01
   -0.227322666278541E-01   -0.241329321680773E-01
   -0.235939835353523E-01   -0.258873551903478E-01
   -0.239163875588231E-01   -0.275383817796108E-01
   -0.236930883489828E-01   -0.290907838182988E-01
   -0.228942103452891E-01   -0.304863060304576E-01
   -0.215187723787196E-01   -0.317282298789668E-01
   -0.195992499974423E-01   -0.327346389233379E-01
   -0.171455466141113E-01   -0.335068365930616E-01
   -0.142357274638402E-01   -0.339606332812577E-01
   -0.108926737910493E-01   -0.340977362192282E-01
   -0.721290255331946E-02   -0.338450694308507E-01
   -0.322591468384329E-02   -0.332129409070410E-01
    0.976818110462337E-03   -0.321430291231641E-01
    0.536843907427466E-02   -0.306612474961833E-01
    0.987204148670006E-02   -0.287274926602945E-01
    0.144643586265526E-01   -0.263890545131769E-01
    0.190627778180061E-01   -0.236448168273175E-01
    0.236156323405761E-01   -0.205640302872941E-01
    0.279628768942333E-01   -0.172332872918135E-01
    0.319393040646394E-01   -0.137383607601165E-01
    0.351714882855025E-01   -0.103027836706911E-01
    0.372563949417073E-01   -0.703019169441171E-02
    0.374481783297734E-01   -0.424951563440013E-02
    0.349812880527103E-01   -0.206437718963077E-02
    0.286533954080235E-01   -0.722473701437417E-03
    0.173749586039513E-01   -0.103798037539965E-03
    0.000000000000000E+00    0.000000000000000E+00
    0.000000000000000E+00    0.000000000000000E+00
    0.678059867166435E-03   -0.223934098501688E-03
    0.936305642212003E-03   -0.850224722084460E-03
    0.682232668945074E-03   -0.184018167410674E-02
   -0.146908202029919E-03   -0.313231023326229E-02
   -0.151037952178121E-02   -0.470605239544404E-02
   -0.335351941688404E-02   -0.650270286051781E-02
   -0.555625023859453E-02   -0.849283654638272E-02
   -0.799519917606663E-02   -0.106106851367064E-01
   -0.105422096884984E-01   -0.128229520606445E-01
   -0.130556092185032E-01   -0.150780699941577E-01
   -0.154415943400695E-01   -0.173477470549743E-01
   -0.175672276487484E-01   -0.196013554364248E-01
   -0.193815200893466E-01   -0.218209827223268E-01
   -0.207712776432810E-01   -0.239819672756963E-01
   -0.217210055604107E-01   -0.260766273107488E-01
   -0.221468074291246E-01   -0.280647550592162E-01
   -0.220606805397721E-01   -0.299457198669585E-01
   -0.214181861226795E-01   -0.316547128755802E-01
   -0.202534631032286E-01   -0.331949180175327E-01
   -0.185659388344585E-01   -0.344840761124807E-01
   -0.164062710635082E-01   -0.355266130649022E-01
   -0.138105033209271E-01   -0.362375876531824E-01
   -0.108364961042837E-01   -0.366212590152193E-01
   -0.754292256919987E-02   -0.366008633957952E-01
   -0.398165758389967E-02   -0.361822524763407E-01
   -0.216764848806321E-03   -0.353033181964178E-01
    0.372037199133661E-02   -0.339714657853768E-01
    0.776721960254886E-02   -0.321447202604869E-01
    0.119230139690930E-01   -0.298421712985693E-01
    0.161059197739608E-01   -0.270576560361071E-01
    0.203249482450787E-01   -0.238420474885827E-01
    0.244110585244602E-01   -0.202657551186978E-01
    0.282979287650654E-01   -0.164361263961414E-01
    0.315927574537539E-01   -0.125481820087951E-01
    0.339964382410223E-01   -0.878749246428953E-02
    0.347226107607359E-01   -0.546038260389862E-02
    0.330010057087055E-01   -0.279389894915453E-02
    0.275257367520950E-01   -0.105641955028049E-02
    0.169967076259796E-01   -0.187566281829341E-03
    0.000000000000000E+00    0.000000000000000E+00
    0.000000000000000E+00    0.000000000000000E+00
    0.106149796225307E-02   -0.163193982139239E-03
    0.165300391819589E-02   -0.623010155319234E-03
    0.170101349747433E-02   -0.137856151477708E-02
    0.115243125121397E-02   -0.238448820228152E-02
    0.431555418919424E-04   -0.366727379769325E-02
   -0.157559827813940E-02   -0.517637939825211E-02
   -0.359088416226432E-02   -0.692922930863331E-02
   -0.588295524659848E-02   -0.885836267992626E-02
   -0.832265190786615E-02   -0.109632623482141E-01
   -0.107680062646181E-01   -0.131819615825708E-01
   -0.131174521395685E-01   -0.154953695726648E-01
   -0.152388680517916E-01   -0.178615404250888E-01
   -0.170711016362712E-01   -0.202488368519280E-01
   -0.185101091558165E-01   -0.226292560955529E-01
   -0.195277782870926E-01   -0.249682065424504E-01
   -0.200608863318236E-01   -0.272325878274335E-01
   -0.201025201613815E-01   -0.293939934413866E-01
   -0.196383207521169E-01   -0.314007267498419E-01
   -0.186750647235733E-01   -0.332355772003808E-01
   -0.172458643267983E-01   -0.348292250919365E-01
   -0.153688842293635E-01   -0.361744433437048E-01
   -0.131113169056635E-01   -0.371918820940518E-01
   -0.104984107436216E-01   -0.378842790687369E-01
   -0.761499622554833E-02   -0.381685491678369E-01
   -0.448682712448414E-02   -0.380565907503222E-01
   -0.119453282376288E-02   -0.374600689579510E-01
    0.225040920831949E-02   -0.364017843810359E-01
    0.577985307572071E-02   -0.347903251758307E-01
    0.941073852569330E-02   -0.326660254459075E-01
    0.130838554677772E-01   -0.299616414475107E-01
    0.168244355676849E-01   -0.267379941204564E-01
    0.205364733755591E-01   -0.230341480533639E-01
    0.241672303252523E-01   -0.189342001973183E-01
    0.274408756586098E-01   -0.146950162333158E-01
    0.300691086968601E-01   -0.104316103694590E-01
    0.313427876995797E-01   -0.662174291867478E-02
    0.305045644952975E-01   -0.343184330331787E-02
    0.260549536146327E-01   -0.132819855949143E-02
    0.165026255484340E-01   -0.241179526148152E-03
    0.000000000000000E+00    0.000000000000000E+00
    0.000000000000000E+00    0.000000000000000E+00
    0.132082179175115E-02   -0.102541300800207E-03
    0.215428531871544E-02   -0.398273577014089E-03
    0.244246132001199E-02   -0.906774572409863E-03
    0.213841305538183E-02   -0.161910252305306E-02
    0.127658503873991E-02   -0.257217027113938E-02
   -0.101148384852450E-03   -0.375976856655796E-02
   -0.188925628463665E-02   -0.519952175864820E-02
   -0.397873916233461E-02   -0.686780653119450E-02
   -0.624322353242499E-02   -0.875610685609128E-02
   -0.854941635661107E-02   -0.108316781506844E-01
   -0.107903874832073E-01   -0.130647652641136E-01
   -0.128429630852164E-01   -0.154207864602660E-01
   -0.146367221739556E-01   -0.178601145757388E-01
   -0.160766425266660E-01   -0.203453018979410E-01
   -0.171292832088149E-01   -0.228379617005648E-01
   -0.177350669631309E-01   -0.252902291351835E-01
   -0.178917981008416E-01   -0.276729789411171E-01
   -0.175776527417074E-01   -0.299229303714158E-01
   -0.168152994938251E-01   -0.320239857624767E-01
   -0.156178520390823E-01   -0.339004936007084E-01
   -0.140260680403333E-01   -0.355471122644542E-01
   -0.120807181684434E-01   -0.368803251536182E-01
   -0.983181187562654E-02   -0.379057090122136E-01
   -0.734052831562328E-02   -0.385394757445402E-01
   -0.465464083446138E-02   -0.387833333644934E-01
   -0.183376459455392E-02   -0.385535035849923E-01
    0.109980134937173E-02   -0.378443189932808E-01
    0.407934919206968E-02   -0.365781439574747E-01
    0.714403597880170E-02   -0.347353791142710E-01
    0.102175927779438E-01   -0.322615405742952E-01
    0.134194630466745E-01   -0.291509559501577E-01
    0.166128778862287E-01   -0.254335022218288E-01
    0.199322098190907E-01   -0.211935123889545E-01
    0.230365498551392E-01   -0.166446206317052E-01
    0.258641784480719E-01   -0.120003268230534E-01
    0.276292042163349E-01   -0.768767912267408E-02
    0.276666947200508E-01   -0.406610229462567E-02
    0.243400051180189E-01   -0.159542613644249E-02
    0.158610923620058E-01   -0.300350441873037E-03
    0.000000000000000E+00    0.000000000000000E+00
    0.000000000000000E+00    0.000000000000000E+00
    0.146650737941930E-02   -0.409725019090654E-04
    0.245012599876997E-02   -0.169466392105074E-03
    0.291119551695649E-02   -0.435580566181464E-03
    0.281032974929266E-02   -0.844516649392084E-03
    0.217516936495055E-02   -0.146518613988872E-02
    0.104346516476489E-02   -0.230117633301524E-02
   -0.494753914664747E-03   -0.340135545973474E-02
   -0.233899260686114E-02   -0.474893990486746E-02
   -0.437585785224829E-02   -0.635984435719675E-02
   -0.647950154743875E-02   -0.820452808728426E-02
   -0.854975152548307E-02   -0.102651617947473E-01
   -0.104691100365391E-01   -0.125075939681710E-01
   -0.121677457762628E-01   -0.148907794164694E-01
   -0.135575525677899E-01   -0.173773478286961E-01
   -0.145994301751593E-01   -0.199186154518035E-01
   -0.152451609165340E-01   -0.224678505617816E-01
   -0.154796468704681E-01   -0.249839773806780E-01
   -0.152976332729169E-01   -0.274055679651348E-01
   -0.147023511269603E-01   -0.297082341756495E-01
   -0.137261579560367E-01   -0.318160143061422E-01
   -0.123865961375717E-01   -0.337241666145993E-01
   -0.107446982929927E-01   -0.353426571859448E-01
   -0.882966956818709E-02   -0.366901693609230E-01
   -0.671782688254298E-02   -0.376710713563809E-01
   -0.445029465494160E-02   -0.383050849544847E-01
   -0.209827808799027E-02   -0.384663372082497E-01
    0.316200418039889E-03   -0.381978811476799E-01
    0.272157166894141E-02   -0.373599670124878E-01
    0.514683119583854E-02   -0.359550780420047E-01
    0.753592108835646E-02   -0.338348737319680E-01
    0.100189439126890E-01   -0.310073794346543E-01
    0.125665540449318E-01   -0.274325731219151E-01
    0.153128988113453E-01   -0.231474436950001E-01
    0.181322013072189E-01   -0.184358816590781E-01
    0.209577276433037E-01   -0.133842817079240E-01
    0.232072873521963E-01   -0.866792376779380E-02
    0.242695424892373E-01   -0.452975073104966E-02
    0.222504790429273E-01   -0.175498485351092E-02
    0.151664199866732E-01   -0.301741856348864E-03
    0.000000000000000E+00    0.000000000000000E+00
    0.000000000000000E+00    0.000000000000000E+00
    0.149452785233757E-02    0.155212912644686E-04
    0.253950959273659E-02    0.414404867698173E-04
    0.310676635036475E-02    0.994201216204364E-05
    0.316004404061787E-02   -0.112216127417935E-03
    0.272561053364634E-02   -0.401654952875180E-03
    0.182840870498158E-02   -0.890156330757978E-03
    0.549990772001888E-03   -0.163172174697976E-02
   -0.102707681653897E-02   -0.263591456984985E-02
   -0.279780347305606E-02   -0.392362710951580E-02
   -0.465416756536750E-02   -0.548264636640835E-02
   -0.649947148176596E-02   -0.730098617100925E-02
   -0.823150742734972E-02   -0.934828392420693E-02
   -0.977938530813902E-02   -0.115903074747491E-01
   -0.110656504138880E-01   -0.139821151557715E-01
   -0.120497798931428E-01   -0.164816109344559E-01
   -0.126866079769846E-01   -0.190297791728116E-01
   -0.129639602417150E-01   -0.215908046797876E-01
   -0.128692684534267E-01   -0.240924376058240E-01
   -0.124147043185814E-01   -0.265143804154316E-01
   -0.116150250543739E-01   -0.287720948540250E-01
   -0.105024532715383E-01   -0.308689604604588E-01
   -0.911807876151681E-02   -0.327079833848105E-01
   -0.751217825194271E-02   -0.343197545677681E-01
   -0.573335815304641E-02   -0.356062505348069E-01
   -0.384452848874555E-02   -0.365942611994886E-01
   -0.190748248036663E-02   -0.371532531775593E-01
    0.230621249613412E-04   -0.373366404084031E-01
    0.187781020056753E-02   -0.370224692740123E-01
    0.368800669299705E-02   -0.361207714796338E-01
    0.532384213886041E-02   -0.345236118686752E-01
    0.708814818125632E-02   -0.321255117670885E-01
    0.879906535273042E-02   -0.288708150709187E-01
    0.109345552054701E-01   -0.247166305202381E-01
    0.132044231139760E-01   -0.198941374838481E-01
    0.160537460062218E-01   -0.146285336469953E-01
    0.186741765496824E-01   -0.947180437246138E-02
    0.207073989385895E-01   -0.498666868008769E-02
    0.200978765738113E-01   -0.190933228774013E-02
    0.143768744918226E-01   -0.319152931586816E-03
    0.000000000000000E+00    0.000000000000000E+00
    0.000000000000000E+00    0.000000000000000E+00
    0.141646059289287E-02    0.699077265604946E-04
    0.243896219185985E-02    0.240106976716961E-03
    0.304889210996822E-02    0.420029714107999E-03
    0.321218182680958E-02    0.564018901798264E-03
    0.294439011579888E-02    0.579628696417019E-03
    0.226771483150813E-02    0.424684459651655E-03
    0.124454045490815E-02    0.302210136716263E-04
   -0.513132468755670E-04   -0.625194781983744E-03
   -0.153485539812272E-02   -0.157384490133321E-02
   -0.310851419429443E-02   -0.281619568096115E-02
   -0.469138264684486E-02   -0.434468899914986E-02
   -0.619044010761644E-02   -0.614026827372203E-02
   -0.754339152002174E-02   -0.816631264888622E-02
   -0.868124264190407E-02   -0.103858361962460E-01
   -0.956312180797035E-02   -0.127509490503793E-01
   -0.101538619928417E-01   -0.152060596426887E-01
   -0.104311556523063E-01   -0.177107780326952E-01
   -0.103953210810589E-01   -0.201911870196657E-01
   -0.100395537543238E-01   -0.226279301049797E-01
   -0.939433799521339E-02   -0.249267241592558E-01
   -0.846571758781798E-02   -0.271073634182782E-01
   -0.731101172909641E-02   -0.290604656670709E-01
   -0.596257806334570E-02   -0.308419675771223E-01
   -0.447525738955198E-02   -0.323163315768470E-01
   -0.289770726401550E-02   -0.335870190323347E-01
   -0.131650596783911E-02   -0.344643372107346E-01
    0.173974242187355E-03   -0.351339151831891E-01
    0.153680814236058E-02   -0.353114401647653E-01
    0.271435477095962E-02   -0.350283533541889E-01
    0.357471208894798E-02   -0.341006846803023E-01
    0.443449940381180E-02   -0.323650320453296E-01
    0.514415698799471E-02   -0.296226620725727E-01
    0.624508413482580E-02   -0.257291592187154E-01
    0.786508078071527E-02   -0.210178267987633E-01
    0.103631760242620E-01   -0.154725504703281E-01
    0.133052702894314E-01   -0.100973971032818E-01
    0.164738108313021E-01   -0.512186206353708E-02
    0.174596498764031E-01   -0.187461005951689E-02
    0.136917071543864E-01   -0.263898129438497E-03
    0.000000000000000E+00    0.000000000000000E+00
    0.000000000000000E+00    0.000000000000000E+00
    0.124448985496716E-02    0.111413360740557E-03
    0.217308510115413E-02    0.397619415347046E-03
    0.276893719906566E-02    0.757546600899439E-03
    0.299269399993456E-02    0.112556914283017E-02
    0.285826922529871E-02    0.140885644460295E-02
    0.237440190867888E-02    0.155030094004719E-02
    0.159620033924768E-02    0.147692010152601E-02
    0.576945602026271E-03    0.115364989317156E-02
   -0.607576064995198E-03    0.539440065300356E-03
   -0.188315140131153E-02   -0.373715153441441E-03
   -0.317569714665557E-02   -0.159074011836733E-02
   -0.441275754357125E-02   -0.309166847767598E-02
   -0.553584661995594E-02   -0.485334132982178E-02
   -0.648927874624845E-02   -0.683166287237125E-02
   -0.723534257095144E-02   -0.898961139596527E-02
   -0.774177062267208E-02   -0.112631713043368E-01
   -0.799165247820658E-02   -0.136178578881899E-01
   -0.797596844290437E-02   -0.159737046519380E-01
   -0.769664027073587E-02   -0.183134318641933E-01
   -0.716511425896196E-02   -0.205382645255143E-01
   -0.640165059969327E-02   -0.226746930837281E-01
   -0.543531966821964E-02   -0.246128803647947E-01
   -0.430643229376084E-02   -0.264173616155582E-01
   -0.303277665707813E-02   -0.279299560773501E-01
   -0.168357987764013E-02   -0.293385301041141E-01
   -0.365899367029024E-03   -0.304250425829815E-01
    0.805863891649621E-03   -0.314325651521785E-01
    0.184836325966191E-02   -0.319906359693075E-01
    0.261174709886042E-02   -0.323329233191609E-01
    0.276657820866766E-02   -0.322891992926377E-01
    0.287886117008455E-02   -0.313300861231442E-01
    0.220373030677304E-02   -0.292884775018876E-01
    0.244221642633002E-02   -0.259727619694547E-01
    0.297946407324330E-02   -0.214786006190415E-01
    0.513492232814067E-02   -0.159853005967230E-01
    0.807318784543748E-02   -0.103692914288366E-01
    0.122324545304182E-01   -0.522378359537341E-02
    0.149889088455267E-01   -0.176244813702288E-02
    0.129797198169535E-01   -0.186686027360084E-03
    0.000000000000000E+00    0.000000000000000E+00
    0.000000000000000E+00    0.000000000000000E+00
    0.995113104076945E-03    0.145891493609557E-03
    0.177625845237220E-02    0.514373729265790E-03
    0.230973783311076E-02    0.100394803362466E-02
    0.255664833674198E-02    0.154078443834249E-02
    0.251654784622322E-02    0.203298639614147E-02
    0.219906646887081E-02    0.241771934855522E-02
    0.164137678617258E-02    0.261756299152790E-02
    0.889123913262809E-03    0.258731524318269E-02
   -0.407982164325765E-05    0.228427914223677E-02
   -0.974884610211216E-03    0.168500935502052E-02
   -0.197006816802376E-02    0.788562391383870E-03
   -0.292750733072355E-02   -0.402797851262869E-03
   -0.380308437030696E-02   -0.185778612240471E-02
   -0.455053985362610E-02   -0.354798679722349E-02
   -0.513663626837056E-02   -0.542733383495925E-02
   -0.553920454644699E-02   -0.744227412557554E-02
   -0.573399933483272E-02   -0.955116255494790E-02
   -0.572472885833717E-02   -0.116769864446076E-01
   -0.549277551739702E-02   -0.138017459728635E-01
   -0.506669294175398E-02   -0.158216629799683E-01
   -0.443369992161095E-02   -0.177716500025831E-01
   -0.364102067006187E-02   -0.195291557812455E-01
   -0.268848656479665E-02   -0.211802540499691E-01
   -0.162406233273191E-02   -0.224988067739432E-01
   -0.447809904161373E-03   -0.238227911090871E-01
    0.721644055338208E-03   -0.248875497912645E-01
    0.169028730868795E-02   -0.261198719505770E-01
    0.256552652209719E-02   -0.266648089380162E-01
    0.289162353117511E-02   -0.277773054820929E-01
    0.253978636900993E-02   -0.285483014357030E-01
    0.142655774236783E-02   -0.284044794343788E-01
   -0.363171068222845E-03   -0.274615017086331E-01
   -0.159031013081465E-02   -0.248955481218711E-01
   -0.216929613603379E-02   -0.210449124164555E-01
   -0.107056220780532E-02   -0.156051763358250E-01
    0.191543651578020E-02   -0.101743601798381E-01
    0.738463269039990E-02   -0.472462484464926E-02
    0.119941983868053E-01   -0.114672818255766E-02
    0.127477096083434E-01    0.170728022760196E-03
    0.000000000000000E+00    0.000000000000000E+00
    0.000000000000000E+00    0.000000000000000E+00
    0.712837672865812E-03    0.154880229793278E-03
    0.130536598653467E-02    0.555320056726365E-03
    0.173792174740925E-02    0.111167346934520E-02
    0.196428730199710E-02    0.174229160063373E-02
    0.198205803563899E-02    0.236840023173524E-02
    0.179413224861265E-02    0.292004743153307E-02
    0.143028663221341E-02    0.332500628696864E-02
    0.918218847415575E-03    0.352945257728718E-02
    0.302223106284942E-03    0.348861755547242E-02
   -0.378891741975831E-03    0.317530127617949E-02
   -0.107954445691734E-02    0.257963845657058E-02
   -0.176093672203950E-02    0.170509338943641E-02
   -0.238467201223177E-02    0.571344903903756E-03
   -0.292036321064200E-02   -0.790193470785318E-03
   -0.334050002779344E-02   -0.234201413605362E-02
   -0.362714371558445E-02   -0.403000986051418E-02
   -0.376396009803041E-02   -0.581336792344241E-02
   -0.374559610344190E-02   -0.761952360769547E-02
   -0.356537967954404E-02   -0.942200044341067E-02
   -0.322960295654112E-02   -0.111281941716506E-01
   -0.273891093463608E-02   -0.127560785390058E-01
   -0.210065547425842E-02   -0.141959362251986E-01
   -0.132138847802840E-02   -0.155167845905249E-01
   -0.429430501510562E-03   -0.164804738710637E-01
    0.558829610675333E-03   -0.174878920512495E-01
    0.159237668816244E-02   -0.183175728131691E-01
    0.255971667694533E-02   -0.193080031520532E-01
    0.362093446172210E-02   -0.193426075151597E-01
    0.416111023418186E-02   -0.208255082089518E-01
    0.384555269830270E-02   -0.219748653817091E-01
    0.251626814518630E-02   -0.229870551936121E-01
   -0.581617251176764E-03   -0.234477024899703E-01
   -0.324456886938702E-02   -0.220599960137052E-01
   -0.614321654849228E-02   -0.187880932825081E-01
   -0.603214335183449E-02   -0.141734999907080E-01
   -0.316846895863294E-02   -0.877901562629992E-02
    0.375152653534444E-02   -0.383451937785916E-02
    0.106261198767594E-01   -0.299230098386349E-03
    0.132217157274062E-01    0.590241718272274E-03
    0.000000000000000E+00    0.000000000000000E+00
    0.000000000000000E+00    0.000000000000000E+00
    0.415318511352052E-03    0.146671446182461E-03
    0.820991066817827E-03    0.515008896658855E-03
    0.112883942583685E-02    0.105769323302198E-02
    0.130671289388479E-02    0.169734971810870E-02
    0.134686014163239E-02    0.235934922910819E-02
    0.125254026707336E-02    0.298669631661968E-02
    0.104433328316349E-02    0.350217616272273E-02
    0.739834505786149E-03    0.385748581533540E-02
    0.365375681688901E-03    0.400870902917918E-02
   -0.518651475704221E-04    0.392264874102771E-02
   -0.486270936035213E-03    0.359543922448366E-02
   -0.909331077266407E-03    0.301551783739474E-02
   -0.129924988003813E-02    0.221152328027521E-02
   -0.163383416679367E-02    0.119575689805379E-02
   -0.189519644113501E-02    0.158218749808208E-04
   -0.207243377891021E-02   -0.129322961684668E-02
   -0.214941002693186E-02   -0.267961355333291E-02
   -0.212886141447860E-02   -0.408782751808475E-02
   -0.199252066251357E-02   -0.547803313274782E-02
   -0.175828016861581E-02   -0.677574404691060E-02
   -0.140159708597248E-02   -0.796894349997792E-02
   -0.949498708937134E-03   -0.896046589193795E-02
   -0.353104292311556E-03   -0.979452589589313E-02
    0.315929303321712E-03   -0.102574105420877E-01
    0.113967328325186E-02   -0.106919054501174E-01
    0.199583310437811E-02   -0.108801929124120E-01
    0.303816754644289E-02   -0.109053250827233E-01
    0.426255540396601E-02   -0.972506807031292E-02
    0.537218951803258E-02   -0.116995288386371E-01
    0.503443620129419E-02   -0.121904832532236E-01
    0.271156361155567E-02   -0.137336307683459E-01
   -0.773625386646215E-03   -0.156259040569385E-01
   -0.623938790723418E-02   -0.147922101156087E-01
   -0.983341508431333E-02   -0.133370380620181E-01
   -0.110544785882925E-01   -0.103393272842727E-01
   -0.886694012529205E-02   -0.567365696424182E-02
   -0.110799596428850E-02   -0.115700491157629E-02
    0.755743614463390E-02    0.139430987576461E-02
    0.141321681232918E-01    0.142197114865431E-02
    0.000000000000000E+00    0.000000000000000E+00
    0.000000000000000E+00    0.000000000000000E+00
    0.175299969553475E-03    0.102693935007188E-03
    0.390271516290254E-03    0.379993603555256E-03
    0.561422343938605E-03    0.824487639930357E-03
    0.669724195652714E-03    0.136439559143048E-02
    0.703625293902571E-03    0.195264953941289E-02
    0.669310573740984E-03    0.252867443914960E-02
    0.577941384671749E-03    0.303866467798982E-02
    0.435060352538554E-03    0.343127007550636E-02
    0.259073253456789E-03    0.367592288768162E-02
    0.562857459873976E-04    0.373921030492931E-02
   -0.152253743652024E-03    0.361814922584441E-02
   -0.360966347892137E-03    0.330025338546944E-02
   -0.550389222186763E-03    0.280739506636082E-02
   -0.716466530206442E-03    0.214730446759478E-02
   -0.844217668061397E-03    0.135997391896353E-02
   -0.930939280952608E-03    0.469463501315335E-03
   -0.967516358728233E-03   -0.473774526481445E-03
   -0.951851845230858E-03   -0.143453734173324E-02
   -0.880754225096481E-03   -0.235990459714395E-02
   -0.750453583041606E-03   -0.320988961896432E-02
   -0.560985794097485E-03   -0.393177642494719E-02
   -0.301056349279947E-03   -0.447715610096402E-02
    0.253788243088095E-04   -0.481067207323248E-02
    0.411453874244892E-03   -0.483442426273696E-02
    0.845501960750306E-03   -0.464367554323839E-02
    0.140996893821339E-02   -0.419555390068230E-02
    0.221790651630695E-02   -0.340373820986900E-02
    0.345812916196817E-02   -0.169918913123745E-02
    0.491407519142843E-02   -0.192319447981547E-02
    0.505387599984734E-02    0.572501512314792E-03
    0.451531664196706E-02   -0.159274542982725E-02
   -0.387048158739115E-03   -0.111396184580728E-02
   -0.637713134746051E-02   -0.327322169049231E-02
   -0.106284730478043E-01   -0.329934780614323E-02
   -0.139803430559834E-01   -0.399900913120066E-02
   -0.114629453741238E-01   -0.619343725258537E-03
   -0.371946363355359E-02    0.128059991776078E-02
    0.676562876875034E-02    0.214544107843673E-02
    0.137271651051458E-01    0.127349319556016E-02
    0.000000000000000E+00    0.000000000000000E+00
    0.000000000000000E+00    0.000000000000000E+00
    0.304199567999713E-04    0.304199567998284E-04
    0.106873714107412E-03    0.177719251108228E-03
    0.162922999845559E-03    0.435091060106359E-03
    0.193379403239126E-03    0.781439787673865E-03
    0.208181372860764E-03    0.115065604666451E-02
    0.198553974776579E-03    0.153694105804346E-02
    0.177805744950526E-03    0.188187513756141E-02
    0.139285705486830E-03    0.217107117585347E-02
    0.929235227440144E-04    0.237498708309139E-02
    0.377034413951839E-04    0.247761624452240E-02
   -0.196240281329028E-04    0.247622164528093E-02
   -0.762043771358610E-04    0.235760006729785E-02
   -0.129536457060240E-03    0.214241483938844E-02
   -0.174025743448745E-03    0.182366837340545E-02
   -0.210559364234005E-03    0.143781000290235E-02
   -0.232515559913848E-03    0.986110044646862E-03
   -0.242655371672633E-03    0.512904807865265E-03
   -0.235170779247938E-03    0.279071851745807E-04
   -0.213071812288425E-03   -0.422477433847876E-03
   -0.171968349078899E-03   -0.822215691478447E-03
   -0.111334832621663E-03   -0.112145212535918E-02
   -0.279771648775730E-04   -0.128861643950004E-02
    0.911039771421058E-04   -0.129222235666999E-02
    0.217422056209903E-03   -0.107981059782983E-02
    0.350532614551773E-03   -0.599168669917705E-03
    0.536155164298813E-03    0.128148411686692E-03
    0.944484862312850E-03    0.140570208677842E-02
    0.150104522414900E-02    0.421301839040276E-02
    0.291462614982520E-02    0.639994008480545E-02
    0.242695839023491E-02    0.112269236101210E-01
    0.646845778173542E-02    0.185371107685469E-01
   -0.647579588598691E-04    0.106063484438895E-01
   -0.396626925595509E-02    0.130732856309627E-01
   -0.867441314141393E-02    0.942813481221145E-02
   -0.126681089741255E-01    0.684534438090775E-02
   -0.122451764721433E-01    0.666098986142120E-02
   -0.555435712310060E-02    0.440790834614236E-02
    0.523037522022657E-02    0.333095654541794E-02
    0.193532023403706E-01    0.363216179279149E-03
    0.000000000000000E+00    0.000000000000000E+00
    0.000000000000000E+00    0.000000000000000E+00
    0.000000000000000E+00    0.000000000000000E+00
    0.000000000000000E+00    0.000000000000000E+00
    0.000000000000000E+00    0.000000000000000E+00
    0.000000000000000E+00    0.000000000000000E+00
    0.000000000000000E+00    0.000000000000000E+00
    0.000000000000000E+00    0.000000000000000E+00
    0.000000000000000E+00    0.000000000000000E+00
    0.000000000000000E+00    0.000000000000000E+00
    0.000000000000000E+00    0.000000000000000E+00
    0.000000000000000E+00    0.000000000000000E+00
    0.000000000000000E+00    0.000000000000000E+00
    0.000000000000000E+00    0.000000000000000E+00
    0.000000000000000E+00    0.000000000000000E+00
    0.000000000000000E+00    0.000000000000000E+00
    0.000000000000000E+00    0.000000000000000E+00
    0.000000000000000E+00    0.000000000000000E+00
    0.000000000000000E+00    0.000000000000000E+00
    0.000000000000000E+00    0.000000000000000E+00
    0.000000000000000E+00    0.000000000000000E+00
    0.000000000000000E+00    0.000000000000000E+00
    0.000000000000000E+00    0.000000000000000E+00
    0.000000000000000E+00    0.000000000000000E+00
    0.000000000000000E+00    0.000000000000000E+00
    0.000000000000000E+00    0.000000000000000E+00
    0.000000000000000E+00    0.000000000000000E+00
    0.000000000000000E+00    0.000000000000000E+00
    0.000000000000000E+00    0.000000000000000E+00
    0.000000000000000E+00    0.000000000000000E+00
    0.000000000000000E+00    0.000000000000000E+00
    0.000000000000000E+00    0.000000000000000E+00
    0.000000000000000E+00    0.000000000000000E+00
    0.000000000000000E+00    0.000000000000000E+00
   -0.132693607970252E-02    0.142993256335461E-01
   -0.992632386168988E-02    0.153890362412901E-01
   -0.101203604731484E-01    0.139720250108451E-01
   -0.106610354207144E-01    0.104407417920687E-01
   -0.459225190868368E-02    0.863848759531580E-02
    0.108313316181773E-01    0.429071902041459E-02
    0.228205233210369E-01    0.125466236232701E-02
    0.000000000000000E+00    0.000000000000000E+00
