    0.000000000000000D+00    0.000000000000000D+00
    0.000000000000000D+00    0.000000000000000D+00
    0.000000000000000D+00    0.000000000000000D+00
    0.000000000000000D+00    0.000000000000000D+00
    0.000000000000000D+00    0.000000000000000D+00
    0.000000000000000D+00    0.000000000000000D+00
    0.000000000000000D+00    0.000000000000000D+00
    0.000000000000000D+00    0.000000000000000D+00
    0.000000000000000D+00    0.000000000000000D+00
    0.000000000000000D+00    0.000000000000000D+00
    0.000000000000000D+00    0.000000000000000D+00
    0.000000000000000D+00    0.000000000000000D+00
    0.000000000000000D+00    0.000000000000000D+00
    0.000000000000000D+00    0.000000000000000D+00
    0.000000000000000D+00    0.000000000000000D+00
    0.000000000000000D+00    0.000000000000000D+00
    0.000000000000000D+00    0.000000000000000D+00
    0.000000000000000D+00    0.000000000000000D+00
    0.000000000000000D+00    0.000000000000000D+00
    0.000000000000000D+00    0.000000000000000D+00
    0.000000000000000D+00    0.000000000000000D+00
    0.000000000000000D+00    0.000000000000000D+00
    0.000000000000000D+00    0.000000000000000D+00
    0.000000000000000D+00    0.000000000000000D+00
    0.000000000000000D+00    0.000000000000000D+00
    0.000000000000000D+00    0.000000000000000D+00
    0.000000000000000D+00    0.000000000000000D+00
    0.000000000000000D+00    0.000000000000000D+00
    0.000000000000000D+00    0.000000000000000D+00
    0.000000000000000D+00    0.000000000000000D+00
    0.000000000000000D+00    0.000000000000000D+00
    0.000000000000000D+00    0.000000000000000D+00
    0.000000000000000D+00    0.000000000000000D+00
    0.000000000000000D+00    0.000000000000000D+00
    0.000000000000000D+00    0.000000000000000D+00
    0.000000000000000D+00    0.000000000000000D+00
    0.000000000000000D+00    0.000000000000000D+00
    0.000000000000000D+00    0.000000000000000D+00
    0.000000000000000D+00    0.000000000000000D+00
    0.000000000000000D+00    0.000000000000000D+00
    0.000000000000000D+00    0.000000000000000D+00
    0.000000000000000D+00    0.000000000000000D+00
    0.532020775285523D-03   -0.531678295814676D-03
    0.567456534605672D-03   -0.140916800156801D-02
    0.299145519469959D-03   -0.213086077473956D-02
   -0.183540465135857D-03   -0.199471500537619D-02
   -0.700898947889174D-03   -0.105020396858006D-02
   -0.121825800402447D-02    0.959033835503874D-03
   -0.172018859268249D-02    0.391505598710882D-02
   -0.216931525355431D-02    0.779950073821727D-02
   -0.258521348594970D-02    0.125179533688868D-01
   -0.292840375792653D-02    0.179582580626902D-01
   -0.322540910132215D-02    0.240407677599724D-01
   -0.343636646557744D-02    0.305845332937829D-01
   -0.358902563841701D-02    0.375298117973788D-01
   -0.364468377088416D-02    0.446263907083392D-01
   -0.362984486474190D-02    0.518424389621154D-01
   -0.351217990790538D-02    0.588572072498525D-01
   -0.331467670370025D-02    0.656792242287260D-01
   -0.301897789171667D-02    0.719277982043671D-01
   -0.264017704240488D-02    0.776644822884611D-01
   -0.218330952961812D-02    0.824775168379491D-01
   -0.164917862734208D-02    0.864895710645334D-01
   -0.107655420662462D-02    0.893069839970451D-01
   -0.444212306071778D-03    0.911136255187291D-01
    0.164093558875512D-03    0.916043170810473D-01
    0.798601103734795D-03    0.910157287644951D-01
    0.131932279192220D-02    0.892210356143960D-01
    0.180805810462418D-02    0.865013458371328D-01
    0.207411839878779D-02    0.830055744032327D-01
    0.224225263077020D-02    0.790302737784225D-01
    0.209499594319241D-02    0.750828124598715D-01
    0.173737261994957D-02    0.714045424852811D-01
    0.119963266006763D-02    0.684302554539019D-01
    0.442490462907919D-03    0.664955267748347D-01
    0.503979270505891D-03    0.646264224106723D-01
    0.171411213001932D-02    0.618387065226926D-01
    0.301622153233444D-02    0.573328094028785D-01
    0.254610912460231D-02    0.488747689527983D-01
    0.338826038257540D-02    0.311642982837982D-01
    0.145605520094040D-01    0.145605520094236D-01
    0.000000000000000D+00    0.000000000000000D+00
    0.000000000000000D+00    0.000000000000000D+00
    0.140882552211825D-02   -0.571141651562833D-03
    0.131026620078438D-02   -0.131934959422422D-02
    0.218650118766119D-03   -0.148900056036719D-02
   -0.139635034953219D-02   -0.307770703926281D-03
   -0.326557128834781D-02    0.243579133609966D-02
   -0.512663577432312D-02    0.685721639154903D-02
   -0.694812330978128D-02    0.130019591791167D-01
   -0.861134216473984D-02    0.206967161254028D-01
   -0.101176221205109D-01    0.299125581836330D-01
   -0.114150122484417D-01    0.403714607392014D-01
   -0.124816595190529D-01    0.520044826130129D-01
   -0.133119863593932D-01    0.644637004577063D-01
   -0.138437337810687D-01    0.776565583288283D-01
   -0.141214706654752D-01    0.911746387018653D-01
   -0.140352056613246D-01    0.104909055015403D+00
   -0.136945627255046D-01    0.118398581474049D+00
   -0.129384948368716D-01    0.131532034927820D+00
   -0.119586192366741D-01    0.143815896543021D+00
   -0.105421671637774D-01    0.155160617181024D+00
   -0.897560620735426D-02    0.165076477145462D+00
   -0.699858120618406D-02    0.173529704267541D+00
   -0.499680130178012D-02    0.180084513577336D+00
   -0.267488819153742D-02    0.184807054130909D+00
   -0.510979101323151D-03    0.187375125039145D+00
    0.179860230547836D-02    0.188011735266058D+00
    0.370763487934688D-02    0.186564399668223D+00
    0.548453934632440D-02    0.183492246858848D+00
    0.658252057164700D-02    0.178832872207337D+00
    0.719528646910521D-02    0.173363347404599D+00
    0.698571875287893D-02    0.167163796870773D+00
    0.610867116200721D-02    0.161276173212379D+00
    0.502570031913454D-02    0.155122017675432D+00
    0.413372035068130D-02    0.149610609416553D+00
    0.518915281652814D-02    0.142270597984378D+00
    0.878587212601849D-02    0.132564099738626D+00
    0.172053438820307D-01    0.114367199383741D+00
    0.288397843696888D-01    0.877129121795761D-01
    0.390451709586930D-01    0.497241225308162D-01
    0.415953333280150D-01    0.143393798828757D-01
    0.000000000000000D+00    0.000000000000000D+00
    0.000000000000000D+00    0.000000000000000D+00
    0.213439677128369D-02   -0.310389970746428D-03
    0.150082735320653D-02   -0.281123412834275D-03
   -0.838561051569116D-03    0.734895789069483D-03
   -0.417900375844234D-02    0.361912490064547D-02
   -0.794739546045238D-02    0.848868276020545D-02
   -0.118070264673987D-01    0.156015367252932D-01
   -0.155469886727702D-01    0.248659032395106D-01
   -0.190259688619813D-01    0.362400969646124D-01
   -0.221669557451358D-01    0.495343371539218D-01
   -0.248940647305302D-01    0.645522236679711D-01
   -0.271675101612389D-01    0.810657265484652D-01
   -0.289264711671801D-01    0.987684504342048D-01
   -0.301354759368728D-01    0.117415638657844D+00
   -0.307441486731991D-01    0.136602371295109D+00
   -0.307204075619794D-01    0.156084319174443D+00
   -0.300366298168799D-01    0.175358685353004D+00
   -0.286732656890662D-01    0.194210596587690D+00
   -0.266441753571800D-01    0.212051942910784D+00
   -0.239517349441338D-01    0.228737627216289D+00
   -0.206724316876192D-01    0.243628906247305D+00
   -0.168361612025917D-01    0.256697257884603D+00
   -0.126033217613374D-01    0.267314755990193D+00
   -0.803289943471062D-02    0.275616606642780D+00
   -0.338854567679237D-02    0.281070554503043D+00
    0.124029935092148D-02    0.284020853589500D+00
    0.548093533283720D-02    0.284118355344139D+00
    0.921498277705959D-02    0.281959741531694D+00
    0.120204404785433D-01    0.277408638945102D+00
    0.137910118125287D-01    0.271327380134668D+00
    0.143729305168034D-01    0.263572955563207D+00
    0.138997901725476D-01    0.255122344378298D+00
    0.134273918585148D-01    0.245024294435680D+00
    0.139354722718158D-01    0.233557904748964D+00
    0.184324841841165D-01    0.217730558804823D+00
    0.283234088785068D-01    0.195896003286262D+00
    0.459117883743116D-01    0.162794220646386D+00
    0.699051554520511D-01    0.117315647185504D+00
    0.826634976122238D-01    0.623050935717327D-01
    0.658915054391621D-01    0.185226766987973D-01
    0.000000000000000D+00    0.000000000000000D+00
    0.000000000000000D+00    0.000000000000000D+00
    0.207192450863703D-02    0.119791285370309D-03
    0.456194054906189D-03    0.113823132928814D-02
   -0.362305224071052D-02    0.368755790752209D-02
   -0.906528780471649D-02    0.844018433379813D-02
   -0.151899841279718D-01    0.156134472396113D-01
   -0.214285944720588D-01    0.253177421839892D-01
   -0.274988437032503D-01    0.375796681384589D-01
   -0.331663641836703D-01    0.522271896267368D-01
   -0.382927721658970D-01    0.691794967485989D-01
   -0.427835250066457D-01    0.880921446557032D-01
   -0.465219088693335D-01    0.108834338602468D+00
   -0.494726045048785D-01    0.130945593745777D+00
   -0.514966171708483D-01    0.154260874654952D+00
   -0.526068904753100D-01    0.178219555036581D+00
   -0.526400016068565D-01    0.202636158394489D+00
   -0.516751982837214D-01    0.226854417250852D+00
   -0.495383342789900D-01    0.250697028106092D+00
   -0.464016612252374D-01    0.273423755760219D+00
   -0.421001379946406D-01    0.294914060799031D+00
   -0.369232633220926D-01    0.314368842269373D+00
   -0.307380912433036D-01    0.331793038110236D+00
   -0.239651805326942D-01    0.346368228430111D+00
   -0.165304707830808D-01    0.358308977554128D+00
   -0.898203637759648D-02    0.366824230208934D+00
   -0.133508853810441D-02    0.372429564003973D+00
    0.577043908375959D-02    0.374392699068597D+00
    0.122215587046586D-01    0.373606605808163D+00
    0.174139382790559D-01    0.369356567420082D+00
    0.212747960663703D-01    0.362890134217195D+00
    0.236506904391070D-01    0.353260702228171D+00
    0.251228773161821D-01    0.341721005084864D+00
    0.269943887260627D-01    0.326466723113723D+00
    0.316650069985186D-01    0.307627845778598D+00
    0.429233457257758D-01    0.281390368610979D+00
    0.638447756630716D-01    0.245966168756280D+00
    0.955162152498091D-01    0.197215054749773D+00
    0.129323844354977D+00    0.136425973939208D+00
    0.140200107383667D+00    0.710300659183942D-01
    0.103842931456129D+00    0.193510089531896D-01
    0.000000000000000D+00    0.000000000000000D+00
    0.000000000000000D+00    0.000000000000000D+00
    0.131306346911777D-02    0.554278869849142D-03
   -0.190572912684516D-02    0.267114706711921D-02
   -0.808065306431668D-02    0.674219184263789D-02
   -0.160209687180371D-01    0.134054385768824D-01
   -0.247768766119790D-01    0.227182595062855D-01
   -0.337162916746764D-01    0.348753743746355D-01
   -0.423950132658352D-01    0.497435892390604D-01
   -0.505337475971854D-01    0.672978331857718D-01
   -0.579236379138910D-01    0.872823529273282D-01
   -0.644168133347292D-01    0.109518182005600D+00
   -0.698810897320344D-01    0.133683315789756D+00
   -0.741998404856462D-01    0.159488288956980D+00
   -0.772638631435380D-01    0.186563135197592D+00
   -0.789673671973873D-01    0.214512091110025D+00
   -0.792280693250948D-01    0.242937840629247D+00
   -0.779663253466310D-01    0.271332665757367D+00
   -0.751518869408670D-01    0.299307011743656D+00
   -0.707627221152506D-01    0.326244242567225D+00
   -0.648495703382689D-01    0.351815770924302D+00
   -0.574854937283549D-01    0.375318163706563D+00
   -0.488241454800946D-01    0.396550868190717D+00
   -0.390698309255814D-01    0.414769181381087D+00
   -0.284886774507469D-01    0.429972450650246D+00
   -0.174404065268816D-01    0.441434028864072D+00
   -0.629738299160539D-02    0.449419207294766D+00
    0.444524171648793D-02    0.453258452310886D+00
    0.143548949774776D-01    0.453522931053141D+00
    0.229806338384429D-01    0.449542407046490D+00
    0.300323532193122D-01    0.442134262744162D+00
    0.357624769225640D-01    0.430345555172760D+00
    0.406839583601834D-01    0.414855493529245D+00
    0.472542087678391D-01    0.393823798951140D+00
    0.578785949380078D-01    0.366808098869647D+00
    0.780911924817850D-01    0.330512514867537D+00
    0.110914663993548D+00    0.282653511246368D+00
    0.154783586601335D+00    0.222145354756961D+00
    0.198671131908033D+00    0.149698440920162D+00
    0.206734367154582D+00    0.767916303020190D-01
    0.144699667594546D+00    0.215259721065650D-01
    0.000000000000000D+00    0.000000000000000D+00
    0.000000000000000D+00    0.000000000000000D+00
   -0.261360726155373D-03    0.926640452339850D-03
   -0.554342507778859D-02    0.400988069768001D-02
   -0.142315130260403D-01    0.952293181454199D-02
   -0.248998309573630D-01    0.178718596837145D-01
   -0.365445960952269D-01    0.291197673473298D-01
   -0.483471624657758D-01    0.433426093520395D-01
   -0.598182573500452D-01    0.604580679545460D-01
   -0.705854974657699D-01    0.803555016638334D-01
   -0.803875514223224D-01    0.102847602294674D+00
   -0.890459553852195D-01    0.127686984118402D+00
   -0.963552694954477D-01    0.154614107164246D+00
   -0.102205694872141D+00    0.183285285495110D+00
   -0.106390494947638D+00    0.213371423891494D+00
   -0.108840579435369D+00    0.244436671680825D+00
   -0.109353081134492D+00    0.276090557720713D+00
   -0.107919670366712D+00    0.307803251162727D+00
   -0.104372943077658D+00    0.339148027884014D+00
   -0.988044634389144D-01    0.369504872346659D+00
   -0.911237822826948D-01    0.398460506077554D+00
   -0.815630107852749D-01    0.425322106884277D+00
   -0.701488402275090D-01    0.449762008834800D+00
   -0.572825914594169D-01    0.471047484925612D+00
   -0.431376874553007D-01    0.489019628471707D+00
   -0.282878890180217D-01    0.502945684655809D+00
   -0.130547223384222D-01    0.512907439454630D+00
    0.186578307759497D-02    0.518194323748245D+00
    0.160959560373867D-01    0.519144844729927D+00
    0.290188069088767D-01    0.515026061522710D+00
    0.405966775417451D-01    0.506292786060287D+00
    0.509299922603999D-01    0.492003086009474D+00
    0.614182681524604D-01    0.472231151101501D+00
    0.743455385674484D-01    0.445414011121865D+00
    0.939279742844530D-01    0.410368299256813D+00
    0.125353931808252D+00    0.364711553649332D+00
    0.171262433510704D+00    0.306551437370785D+00
    0.228932599985595D+00    0.235958581484947D+00
    0.276069991467353D+00    0.156943605883583D+00
    0.273295887499137D+00    0.801948587632646D-01
    0.186039120423764D+00    0.230210380970883D-01
    0.000000000000000D+00    0.000000000000000D+00
    0.000000000000000D+00    0.000000000000000D+00
   -0.250879513950566D-02    0.125472895002278D-02
   -0.103529151693482D-01    0.517237199467223D-02
   -0.218271689661030D-01    0.118723629306555D-01
   -0.354811549870440D-01    0.216575512066028D-01
   -0.501351767467731D-01    0.344691028308371D-01
   -0.649466879605906D-01    0.504054589990431D-01
   -0.793044327438957D-01    0.692645513424399D-01
   -0.928088665602576D-01    0.910322770449147D-01
   -0.105137086352070D+00    0.115403658817798D+00
   -0.116063099188226D+00    0.142263008890524D+00
   -0.125359682995191D+00    0.171231449916709D+00
   -0.132839316927536D+00    0.202103556259844D+00
   -0.138307783981495D+00    0.234431970262776D+00
   -0.141582329873876D+00    0.267903160707724D+00
   -0.142512401889266D+00    0.302015412773978D+00
   -0.140939771164871D+00    0.336325215665279D+00
   -0.136801088866498D+00    0.370310997418028D+00
   -0.130008537707554D+00    0.403383805302138D+00
   -0.120637323478852D+00    0.435062490820621D+00
   -0.108725213845082D+00    0.464615897855652D+00
   -0.945257762144832D-01    0.491681739173406D+00
   -0.782511983497736D-01    0.515414051200904D+00
   -0.603472243400500D-01    0.535649245800832D+00
   -0.412195820406777D-01    0.551469063914592D+00
   -0.214781198891146D-01    0.562965863195392D+00
   -0.165589441997478D-02    0.569177184686582D+00
    0.175924189540357D-01    0.570445887189270D+00
    0.359196983164095D-01    0.565730422802913D+00
    0.530048537610056D-01    0.555466567123386D+00
    0.696267934409166D-01    0.538388265627312D+00
    0.867639311065805D-01    0.514548563672076D+00
    0.108136143464657D+00    0.482248238494210D+00
    0.137242075544526D+00    0.440346104539245D+00
    0.180273296985639D+00    0.387263792962115D+00
    0.239163537738147D+00    0.321017557691770D+00
    0.306265152865711D+00    0.244247754330413D+00
    0.358771923349713D+00    0.159918665733965D+00
    0.347189110198510D+00    0.806382540485472D-01
    0.229821180905801D+00    0.229580236761129D-01
    0.000000000000000D+00    0.000000000000000D+00
    0.000000000000000D+00    0.000000000000000D+00
   -0.527416283674825D-02    0.148703950796438D-02
   -0.160413343576354D-01    0.604370592952921D-02
   -0.305899371527055D-01    0.136900021109527D-01
   -0.473590844687539D-01    0.245677651933327D-01
   -0.651596246669306D-01    0.385930585693794D-01
   -0.830234598376529D-01    0.557782589462066D-01
   -0.100329266500516D+00    0.759445203937580D-01
   -0.116608240095339D+00    0.990203188564457D-01
   -0.131505162433787D+00    0.124752234193145D+00
   -0.144764751795713D+00    0.152994860184705D+00
   -0.156098536720338D+00    0.183421412674158D+00
   -0.165312209633915D+00    0.215816829603940D+00
   -0.172120351944262D+00    0.249764365791056D+00
   -0.176353883674989D+00    0.284960781855509D+00
   -0.177743297314510D+00    0.320892878432366D+00
   -0.176172197336065D+00    0.357150892878440D+00
   -0.171438297792994D+00    0.393141711647290D+00
   -0.163534037088435D+00    0.428338745356593D+00
   -0.152389465566909D+00    0.462116503164140D+00
   -0.138166872690845D+00    0.493839823745311D+00
   -0.120985797449285D+00    0.522923410908542D+00
   -0.101223049983669D+00    0.548653640476444D+00
   -0.792143847480160D-01    0.570563923008665D+00
   -0.555560804694551D-01    0.587906388067507D+00
   -0.307618351117035D-01    0.600385457746073D+00
   -0.556842992384803D-02    0.607255354502040D+00
    0.195248551655797D-01    0.608368746275507D+00
    0.439364664123639D-01    0.602975127108142D+00
    0.677644348889680D-01    0.590899434256846D+00
    0.914419211905150D-01    0.571293224861017D+00
    0.116972201942949D+00    0.543541571852814D+00
    0.147521603073543D+00    0.506536454979752D+00
    0.187907019937141D+00    0.458844611368062D+00
    0.243770923072478D+00    0.399482572819231D+00
    0.314467083824030D+00    0.327715587634816D+00
    0.392167423396064D+00    0.245928164385232D+00
    0.442585821555539D+00    0.159879227241222D+00
    0.415446999617935D+00    0.802511607624324D-01
    0.272131407418520D+00    0.226398441199983D-01
    0.000000000000000D+00    0.000000000000000D+00
    0.000000000000000D+00    0.000000000000000D+00
   -0.847117569093762D-02    0.167547433022598D-02
   -0.224598122664740D-01    0.669803443673439D-02
   -0.402506041380964D-01    0.150029307623496D-01
   -0.602747404247533D-01    0.266541130811724D-01
   -0.812393549142287D-01    0.414840074147579D-01
   -0.102193511923660D+00    0.595114429059004D-01
   -0.122439827101003D+00    0.804806744077272D-01
   -0.141508975977024D+00    0.104387801892823D+00
   -0.159002552812927D+00    0.130911769221977D+00
   -0.174632986946083D+00    0.160009673015322D+00
   -0.188087746261812D+00    0.191292526533163D+00
   -0.199103701120648D+00    0.224652521701923D+00
   -0.207388634964626D+00    0.259618032556909D+00
   -0.212664532346791D+00    0.295969383296039D+00
   -0.214682393676211D+00    0.333153469486175D+00
   -0.213177776627788D+00    0.370789791215790D+00
   -0.208012733984107D+00    0.408276360852877D+00
   -0.199000829594200D+00    0.445031020725861D+00
   -0.186194472877207D+00    0.480471532349915D+00
   -0.169562184517072D+00    0.513798784762414D+00
   -0.149407466198638D+00    0.544541193847938D+00
   -0.125917035706514D+00    0.571704123906147D+00
   -0.996610258511017D-01    0.595010822234550D+00
   -0.710563606786423D-01    0.613326820052143D+00
   -0.408821795938169D-01    0.626608636413687D+00
   -0.967247952680337D-02    0.633651516513588D+00
    0.217788477544686D-01    0.634589684617836D+00
    0.532448979499460D-01    0.628200514764237D+00
    0.844316062087877D-01    0.614578553438575D+00
    0.116537073286424D+00    0.592500503273756D+00
    0.150894974087943D+00    0.561576498656723D+00
    0.191893153649828D+00    0.520676045509793D+00
    0.243359236106724D+00    0.468500416500667D+00
    0.310737067972963D+00    0.404942365193701D+00
    0.393288531105905D+00    0.328955920152884D+00
    0.476805923421951D+00    0.244930472482696D+00
    0.528679923567024D+00    0.157370002563425D+00
    0.489641727691408D+00    0.781274448214756D-01
    0.314499245755813D+00    0.218943858801242D-01
    0.000000000000000D+00    0.000000000000000D+00
    0.000000000000000D+00    0.000000000000000D+00
   -0.119140990182241D-01    0.177792753435562D-02
   -0.293087878629325D-01    0.708767515592798D-02
   -0.504569913822684D-01    0.157941369633781D-01
   -0.737481901480327D-01    0.278718929929841D-01
   -0.979128548315010D-01    0.431378499725391D-01
   -0.121920359125090D+00    0.615481227160278D-01
   -0.145100323410798D+00    0.828838143035789D-01
   -0.166936495643125D+00    0.107094887026461D+00
   -0.187027392688573D+00    0.133930696933676D+00
   -0.205055714490706D+00    0.163322860297346D+00
   -0.220668106370028D+00    0.194960114208212D+00
   -0.233576780901326D+00    0.228724542925333D+00
   -0.243408743650438D+00    0.264204152777069D+00
   -0.249870455412540D+00    0.301185376479427D+00
   -0.252594109692682D+00    0.339129851929518D+00
   -0.251322612437742D+00    0.377684894926792D+00
   -0.245769860690839D+00    0.416192443940797D+00
   -0.235796544119586D+00    0.454131630108190D+00
   -0.221293334169052D+00    0.490772429522364D+00
   -0.202328075365877D+00    0.525426009101959D+00
   -0.179047490475438D+00    0.557370149637185D+00
   -0.151791520590602D+00    0.585784653641286D+00
   -0.120989270023091D+00    0.610039450425343D+00
   -0.872563157571585D-01    0.629249722441524D+00
   -0.512309295509464D-01    0.642925480757841D+00
   -0.136864255059343D-01    0.650191527938624D+00
    0.247980007772640D-01    0.650662671146199D+00
    0.636856501596997D-01    0.643520306214544D+00
    0.103147803902114D+00    0.628319753573372D+00
    0.143910898204543D+00    0.604285733613342D+00
    0.188228487456339D+00    0.570631484801563D+00
    0.239816456265339D+00    0.526614600340375D+00
    0.303137031940336D+00    0.471126011353539D+00
    0.383243839731514D+00    0.404098381789683D+00
    0.475445771171599D+00    0.325965949066414D+00
    0.566336323240142D+00    0.240261879067197D+00
    0.612443233172022D+00    0.153564523616419D+00
    0.555364961145489D+00    0.760021286272904D-01
    0.354776247364134D+00    0.211269949474390D-01
    0.000000000000000D+00    0.000000000000000D+00
    0.000000000000000D+00    0.000000000000000D+00
   -0.155463385535956D-01    0.184406126008824D-02
   -0.364380895621560D-01    0.728177903216955D-02
   -0.609726999499708D-01    0.161296248738096D-01
   -0.875423582665005D-01    0.283220597401509D-01
   -0.114823887534120D+00    0.436254817569817D-01
   -0.141838606950290D+00    0.620168254338158D-01
   -0.167874294884158D+00    0.832300257102259D-01
   -0.192443891995634D+00    0.107291271170680D+00
   -0.215115462785024D+00    0.133904720091995D+00
   -0.235561823812045D+00    0.163114642451550D+00
   -0.253397748181266D+00    0.194563613482479D+00
   -0.268280678813886D+00    0.228256240928197D+00
   -0.279805473632234D+00    0.263734658828549D+00
   -0.287574521744345D+00    0.300886180320129D+00
   -0.291203594216299D+00    0.339136937247645D+00
   -0.290283270615632D+00    0.378174380145729D+00
   -0.284550850664829D+00    0.417338173803424D+00
   -0.273676741645351D+00    0.456045489951286D+00
   -0.257637491057649D+00    0.493629372153744D+00
   -0.236292355163438D+00    0.529204893056633D+00
   -0.209946981519952D+00    0.562208145932358D+00
   -0.178736250138854D+00    0.591481013329477D+00
   -0.143314118216875D+00    0.616657933830862D+00
   -0.104101948447657D+00    0.636402179202043D+00
   -0.620121749128704D-01    0.650573116590308D+00
   -0.175990415334820D-01    0.657794590624674D+00
    0.282314166365416D-01    0.658060797129106D+00
    0.753040980393387D-01    0.650099338084831D+00
    0.123335396307350D+00    0.633801292465751D+00
    0.173739764017811D+00    0.608115202312104D+00
    0.228026789768563D+00    0.572477133753325D+00
    0.290720281542594D+00    0.526264120270233D+00
    0.365406352272245D+00    0.468376649099919D+00
    0.455928226389657D+00    0.399632562510761D+00
    0.558313099413798D+00    0.319931091480043D+00
    0.652137693107598D+00    0.234430330952161D+00
    0.696936069166226D+00    0.148418789709479D+00
    0.626566709202268D+00    0.727656549258891D-01
    0.394254475133090D+00    0.201242487264140D-01
    0.000000000000000D+00    0.000000000000000D+00
    0.000000000000000D+00    0.000000000000000D+00
   -0.191961058467592D-01    0.183469855390470D-02
   -0.435809900556370D-01    0.723981107290157D-02
   -0.714469959834987D-01    0.159898585453403D-01
   -0.101181266386920D+00    0.279663600478636D-01
   -0.131519140378691D+00    0.429521122203426D-01
   -0.161428733335098D+00    0.608772189053530D-01
   -0.190262817959781D+00    0.815468032059170D-01
   -0.217500074859479D+00    0.104944391015674D+00
   -0.242738410709840D+00    0.130883442895723D+00
   -0.265614637038278D+00    0.159371892730391D+00
   -0.285727245341634D+00    0.190177252784401D+00
   -0.302685169466921D+00    0.223272536976900D+00
   -0.316015794613297D+00    0.258313542661923D+00
   -0.325268887772486D+00    0.295163535830259D+00
   -0.329941875056670D+00    0.333318568595128D+00
   -0.329589524386659D+00    0.372459230339779D+00
   -0.323789572786523D+00    0.411916337174439D+00
   -0.312219810070687D+00    0.451136325877612D+00
   -0.294675785933626D+00    0.489334766953756D+00
   -0.271089615508442D+00    0.525716811196096D+00
   -0.241588506894471D+00    0.559478014814705D+00
   -0.206454497181664D+00    0.589633733477243D+00
   -0.166181063322875D+00    0.615463213903261D+00
   -0.121404219149454D+00    0.635896482803770D+00
   -0.728819462252057D-01    0.650356193837362D+00
   -0.214415977433510D-01    0.657813317747601D+00
    0.322250922255852D-01    0.657801981607615D+00
    0.875904616472895D-01    0.649433047039917D+00
    0.144791507641348D+00    0.632208245143828D+00
    0.204737708580689D+00    0.605410841067143D+00
    0.269657975771457D+00    0.568332537252866D+00
    0.343442002162727D+00    0.520494873273233D+00
    0.429691088024224D+00    0.461247942077257D+00
    0.532142610542092D+00    0.391127918794658D+00
    0.642007848278194D+00    0.311463288357865D+00
    0.740518380337900D+00    0.226393880862183D+00
    0.777097931543385D+00    0.142705971125450D+00
    0.687548813115408D+00    0.697998898877721D-01
    0.431271395340879D+00    0.191505446289884D-01
    0.000000000000000D+00    0.000000000000000D+00
    0.000000000000000D+00    0.000000000000000D+00
   -0.228180023886073D-01    0.179337807811062D-02
   -0.505905689571401D-01    0.701922302724107D-02
   -0.816611307719696D-01    0.154279335917053D-01
   -0.114441326405015D+00    0.268926759920552D-01
   -0.147643683542464D+00    0.411703795593113D-01
   -0.180324208297319D+00    0.582427496833059D-01
   -0.211812044225983D+00    0.778828190540561D-01
   -0.241648007364558D+00    0.100181792940424D+00
   -0.269402797514228D+00    0.124910845423602D+00
   -0.294730351027494D+00    0.152227403679092D+00
   -0.317182238681599D+00    0.181842812772697D+00
   -0.336331080896928D+00    0.213900513623090D+00
   -0.351639402633344D+00    0.247986782908348D+00
   -0.362560387484778D+00    0.284124132991295D+00
   -0.368529351347987D+00    0.321737732566383D+00
   -0.368944327518715D+00    0.360610288564115D+00
   -0.363356777980568D+00    0.400028982457319D+00
   -0.351240317416681D+00    0.439432220700621D+00
   -0.332434638502296D+00    0.478061390459750D+00
   -0.306645930023819D+00    0.514960482209496D+00
   -0.274137001048560D+00    0.549461040334676D+00
   -0.234971898351163D+00    0.580254591769239D+00
   -0.189868082370775D+00    0.606881954637355D+00
   -0.139265603986666D+00    0.627827503096173D+00
   -0.842138297329561D-01    0.642871928165949D+00
   -0.253360524226116D-01    0.650507855133386D+00
    0.363243820537934D-01    0.650650675956271D+00
    0.100554292293710D+00    0.642016400497784D+00
    0.167018780378249D+00    0.624418549655653D+00
    0.237170620011598D+00    0.596956402747344D+00
    0.312527189158403D+00    0.559081456996827D+00
    0.397371551005859D+00    0.510519527865315D+00
    0.494660462292386D+00    0.450516869271160D+00
    0.606195898474797D+00    0.380460382820001D+00
    0.724569250331419D+00    0.301032153673491D+00
    0.823827616265852D+00    0.217730642109907D+00
    0.857181208201746D+00    0.136077936890602D+00
    0.753896899765110D+00    0.659769679996747D-01
    0.466965394413014D+00    0.180150743463921D-01
    0.000000000000000D+00    0.000000000000000D+00
    0.000000000000000D+00    0.000000000000000D+00
   -0.262505014849865D-01    0.167956668863926D-02
   -0.572251064807188D-01    0.657046855601251D-02
   -0.912856068151579D-01    0.144112043029645D-01
   -0.126866173953006D+00    0.250415824459526D-01
   -0.162776137270132D+00    0.382717486891866D-01
   -0.198032593951656D+00    0.540484615297256D-01
   -0.232067958738306D+00    0.722543352037981D-01
   -0.264391747789002D+00    0.929365500006777D-01
   -0.294638657958411D+00    0.116019503713137D+00
   -0.322414720287616D+00    0.141608466188455D+00
   -0.347282309401755D+00    0.169593987648190D+00
   -0.368736859347840D+00    0.200059784781661D+00
   -0.386190245055783D+00    0.232771831298849D+00
   -0.398998513060415D+00    0.267690124514685D+00
   -0.406482781388448D+00    0.304383350142032D+00
   -0.407950580989343D+00    0.342582777205625D+00
   -0.402786164736383D+00    0.381637723029500D+00
   -0.390416266265799D+00    0.420971676945006D+00
   -0.370485684760721D+00    0.459764725155583D+00
   -0.342732543341878D+00    0.497114825328394D+00
   -0.307230170476410D+00    0.532147659599882D+00
   -0.264171553400989D+00    0.563704585898654D+00
   -0.214114898774768D+00    0.590990983636463D+00
   -0.157719207454005D+00    0.612741792843731D+00
   -0.958998569394604D-01    0.628327658035692D+00
   -0.295684358945393D-01    0.636561614058625D+00
    0.403998594242715D-01    0.636961464189528D+00
    0.113432660035421D+00    0.628562831827927D+00
    0.189522032378033D+00    0.610906078322769D+00
    0.269643604786032D+00    0.583305803092348D+00
    0.355802454391840D+00    0.545223177561464D+00
    0.451762784035689D+00    0.496364670381707D+00
    0.559949041190006D+00    0.436535925694783D+00
    0.682376695930241D+00    0.366694541602541D+00
    0.806269066212228D+00    0.288825992586206D+00
    0.908036045827670D+00    0.207404672085707D+00
    0.931591776854270D+00    0.129049060431855D+00
    0.808862644538287D+00    0.624018665772620D-01
    0.500110158074562D+00    0.168769811854142D-01
    0.000000000000000D+00    0.000000000000000D+00
    0.000000000000000D+00    0.000000000000000D+00
   -0.294485589490247D-01    0.153323859585746D-02
   -0.633318015005091D-01    0.594604287283594D-02
   -0.100097592431514D+00    0.129802276074868D-01
   -0.138233565224449D+00    0.224950738991300D-01
   -0.176546511277908D+00    0.342949249037570D-01
   -0.214177520107556D+00    0.484104503493459D-01
   -0.250542903629763D+00    0.646989348405521D-01
   -0.285247502154977D+00    0.833496413167085D-01
   -0.317894934034349D+00    0.104238334706522D+00
   -0.348137549322115D+00    0.127662221626479D+00
   -0.375471547154289D+00    0.153436097521822D+00
   -0.399379275118378D+00    0.181871763467751D+00
   -0.419169977779244D+00    0.212632534276578D+00
   -0.434117494475148D+00    0.245913635419295D+00
   -0.443424931380857D+00    0.281166226246555D+00
   -0.446246944303982D+00    0.318313900593569D+00
   -0.441874876637364D+00    0.356604915932514D+00
   -0.429526488096156D+00    0.395546594488309D+00
   -0.408827844999799D+00    0.434284139255031D+00
   -0.379284085330090D+00    0.471831435419226D+00
   -0.341061068998868D+00    0.507396592720743D+00
   -0.294133974211703D+00    0.539548827363325D+00
   -0.239270116991148D+00    0.567715561819709D+00
   -0.176948824114810D+00    0.590215933303633D+00
   -0.108384503067964D+00    0.606750395753571D+00
   -0.343232216594868D-01    0.615677326444038D+00
    0.439962591062808D-01    0.616868223423704D+00
    0.126242618556622D+00    0.608995534526013D+00
    0.211945409440293D+00    0.591875302456487D+00
    0.302460631340321D+00    0.564677535190260D+00
    0.399156751261717D+00    0.526975064844322D+00
    0.505817358295232D+00    0.478704798965673D+00
    0.624468386016017D+00    0.419505382213104D+00
    0.754673604232358D+00    0.351138341982951D+00
    0.885541952245373D+00    0.274891144917865D+00
    0.986392330845834D+00    0.196441297007282D+00
    0.100540854061046D+01    0.121137105043054D+00
    0.869135251304433D+00    0.580508636866501D-01
    0.531480346723157D+00    0.156077103269296D-01
    0.000000000000000D+00    0.000000000000000D+00
    0.000000000000000D+00    0.000000000000000D+00
   -0.322517378486513D-01    0.131499815646627D-02
   -0.686854732539071D-01    0.509713137571018D-02
   -0.107794801677641D+00    0.111096127946669D-01
   -0.148113488603640D+00    0.191985320483094D-01
   -0.188580820855975D+00    0.292534618208848D-01
   -0.228305515156270D+00    0.412802459938580D-01
   -0.266841538206527D+00    0.552754104508447D-01
   -0.303760142298251D+00    0.713811739542887D-01
   -0.338760918496239D+00    0.896603225300839D-01
   -0.371435583212589D+00    0.110342644893401D+00
   -0.401320071185567D+00    0.133468684411495D+00
   -0.427790926902347D+00    0.159263839091542D+00
   -0.450129985021433D+00    0.187637073224468D+00
   -0.467465148781990D+00    0.218684207412114D+00
   -0.478899525643289D+00    0.252084900175565D+00
   -0.483429596205128D+00    0.287666691049892D+00
   -0.480183880963811D+00    0.324833841698108D+00
   -0.468256490448263D+00    0.363031001744360D+00
   -0.447077854942150D+00    0.401427428907043D+00
   -0.416115527086399D+00    0.439046231556276D+00
   -0.375350312271149D+00    0.474950993102248D+00
   -0.324838878466761D+00    0.507822867042429D+00
   -0.265210727875902D+00    0.536788866162735D+00
   -0.197142037369768D+00    0.560384115402032D+00
   -0.121759334004168D+00    0.577922659123396D+00
   -0.400877104927391D-01    0.588039904087830D+00
    0.467281570074089D-01    0.590244723900019D+00
    0.138017659646703D+00    0.583463464018379D+00
    0.233517379511743D+00    0.567298323876847D+00
    0.334166542402975D+00    0.541044794902397D+00
    0.441571581601009D+00    0.504358804205479D+00
    0.559145908224485D+00    0.457062457800329D+00
    0.687887568118926D+00    0.399390044008763D+00
    0.827888648869198D+00    0.332610811843215D+00
    0.962550085024752D+00    0.259200850709871D+00
    0.106413288997425D+01    0.183841614470539D+00
    0.107238339043477D+01    0.112733821063552D+00
    0.916999750590994D+00    0.537885323137540D-01
    0.560138278516303D+00    0.142906260552994D-01
    0.000000000000000D+00    0.000000000000000D+00
    0.000000000000000D+00    0.000000000000000D+00
   -0.346165404830373D-01    0.106337381281947D-02
   -0.731301093345825D-01    0.407793057400715D-02
   -0.114153081974197D+00    0.884551641612026D-02
   -0.156296070521455D+00    0.152575172887810D-01
   -0.198507158006342D+00    0.232153542073701D-01
   -0.240048502798778D+00    0.328322476825751D-01
   -0.280458911951443D+00    0.440818620527057D-01
   -0.319433125207580D+00    0.572693965721719D-01
   -0.356634795346563D+00    0.724009394243220D-01
   -0.391730294994882D+00    0.899254257644067D-01
   -0.424173696383001D+00    0.109791014200335D+00
   -0.453357062313276D+00    0.132496208642046D+00
   -0.478423958937239D+00    0.157821624557574D+00
   -0.498446684655064D+00    0.186170909557740D+00
   -0.512347436138501D+00    0.217068551423087D+00
   -0.518991612642457D+00    0.250636037766270D+00
   -0.517326495665008D+00    0.286124742218490D+00
   -0.506253388345131D+00    0.323181823708770D+00
   -0.485085427860626D+00    0.360878286410884D+00
   -0.453071161733563D+00    0.398265154380023D+00
   -0.410199288773041D+00    0.434422583009116D+00
   -0.356328163618893D+00    0.467840455007974D+00
   -0.292245024992742D+00    0.497810481930561D+00
   -0.218479888113328D+00    0.522491112282502D+00
   -0.136440989661933D+00    0.541482834908520D+00
   -0.470416185502326D-01    0.552971927565003D+00
    0.482132197270727D-01    0.556789418969013D+00
    0.148807260918580D+00    0.551487940942430D+00
    0.254036538297522D+00    0.536921092318373D+00
    0.365049447690978D+00    0.512227581550111D+00
    0.482903941732435D+00    0.477152980550053D+00
    0.610688923019085D+00    0.431739009354339D+00
    0.749233459425880D+00    0.376021379043378D+00
    0.895800416036904D+00    0.312043087783642D+00
    0.103605029810064D+01    0.241534352204123D+00
    0.113541586903424D+01    0.170333120901831D+00
    0.113821611988173D+01    0.103277580604603D+00
    0.969939503536706D+00    0.487454527246515D-01
    0.586515580429050D+00    0.128235280234536D-01
    0.000000000000000D+00    0.000000000000000D+00
    0.000000000000000D+00    0.000000000000000D+00
   -0.363882956102561D-01    0.746880636621443D-03
   -0.764695273142946D-01    0.285976047906399D-02
   -0.118917469048072D+00    0.619584463735449D-02
   -0.162402007511220D+00    0.106613188186170D-01
   -0.206026473688406D+00    0.162614970917503D-01
   -0.249021121146565D+00    0.230951617559837D-01
   -0.291085174569989D+00    0.312845601495818D-01
   -0.331877782524420D+00    0.410855551398341D-01
   -0.371183744844570D+00    0.527012569850211D-01
   -0.408602547955930D+00    0.665013993747686D-01
   -0.443658233302830D+00    0.826844748442230D-01
   -0.475616860384035D+00    0.101642212797361D+00
   -0.503628585956009D+00    0.123453935106222D+00
   -0.526573937627982D+00    0.148394929906792D+00
   -0.543308192299928D+00    0.176306564776982D+00
   -0.552460479533026D+00    0.207176441973240D+00
   -0.552842490889955D+00    0.240528608857344D+00
   -0.543127174452523D+00    0.275902134725431D+00
   -0.522453102827079D+00    0.312514461192032D+00
   -0.489919419814126D+00    0.349376574443680D+00
   -0.445352206660989D+00    0.385523199818737D+00
   -0.388597052452303D+00    0.419507229179028D+00
   -0.320339742851011D+00    0.450377423567255D+00
   -0.241244851582112D+00    0.476460334690679D+00
   -0.152692676366367D+00    0.496989901696455D+00
   -0.558387292954404D-01    0.510378505596818D+00
    0.478180060250617D-01    0.516098013973319D+00
    0.157458256271320D+00    0.512896993942556D+00
    0.272447906701219D+00    0.500423374721672D+00
    0.393590479083275D+00    0.477879715550961D+00
    0.521914242692798D+00    0.445114485910546D+00
    0.660292850135311D+00    0.402000855405757D+00
    0.808070509908107D+00    0.349176689065244D+00
    0.963327413092385D+00    0.288160941948924D+00
    0.110584058981839D+01    0.221797803967739D+00
    0.120444757637943D+01    0.154932968840998D+00
    0.119596895403868D+01    0.931291533364378D-01
    0.100939315356435D+01    0.435771853077556D-01
    0.609901070853139D+00    0.112617002951712D-01
    0.000000000000000D+00    0.000000000000000D+00
    0.000000000000000D+00    0.000000000000000D+00
   -0.375345696418495D-01    0.400988863417345D-03
   -0.785643717093954D-01    0.150051729191759D-02
   -0.121892798757703D+00    0.323089392809427D-02
   -0.166271911445601D+00    0.556599703853584D-02
   -0.210812368144432D+00    0.853587874222076D-02
   -0.254911775381320D+00    0.123531408800626D-01
   -0.298251666128125D+00    0.171172809526677D-01
   -0.340631096669530D+00    0.232415622921133D-01
   -0.381800079374066D+00    0.308674433750764D-01
   -0.421456619070976D+00    0.405789964900269D-01
   -0.459040444470822D+00    0.524759436110954D-01
   -0.493867642364367D+00    0.672365614707200D-01
   -0.524928136425736D+00    0.848035547837347D-01
   -0.551090960871597D+00    0.105810203297421D+00
   -0.570971039062552D+00    0.129927360832595D+00
   -0.583115433953525D+00    0.157534309896700D+00
   -0.586048362039680D+00    0.187971939003774D+00
   -0.578297811790290D+00    0.221119967561926D+00
   -0.558742756636862D+00    0.256047462016326D+00
   -0.526306648695093D+00    0.291942180064217D+00
   -0.480677341849781D+00    0.327789556629481D+00
   -0.421543670011437D+00    0.362068875597821D+00
   -0.349636836244027D+00    0.393925525572589D+00
   -0.265522941738030D+00    0.421364670332150D+00
   -0.170803309589658D+00    0.443851875672048D+00
   -0.665850581722932D-01    0.459341066265792D+00
    0.452965094628564D-01    0.467593465107609D+00
    0.164078969796544D+00    0.466934821889518D+00
    0.288715153187894D+00    0.457252819009336D+00
    0.420034041420172D+00    0.437539650060985D+00
    0.558600795764223D+00    0.407731423885960D+00
    0.706636946951539D+00    0.367891288470489D+00
    0.863513690368308D+00    0.318436974086655D+00
    0.102420815329548D+01    0.261663406592301D+00
    0.117101110559915D+01    0.199586060888033D+00
    0.126635250079370D+01    0.138255992551589D+00
    0.125179957457724D+01    0.816695925165558D-01
    0.105341940966921D+01    0.375926250633152D-01
    0.630366850815883D+00    0.952168138521812D-02
    0.000000000000000D+00    0.000000000000000D+00
    0.000000000000000D+00    0.000000000000000D+00
   -0.379289076928343D-01    0.107203852652589D-04
   -0.792791742725585D-01    0.911661651144060D-05
   -0.122908026584592D+00    0.991711979084000D-05
   -0.167619471614999D+00    0.341441189274204D-04
   -0.212680055618544D+00    0.213880252072626D-03
   -0.257448946803283D+00    0.756722191767749D-03
   -0.301772200234985D+00    0.189191547672924D-02
   -0.345415363472898D+00    0.398270723250516D-02
   -0.388263343905435D+00    0.734368546744998D-02
   -0.429954767260838D+00    0.124734110068965D-01
   -0.470029331590375D+00    0.197111394691050D-01
   -0.507676358651250D+00    0.296179983114217D-01
   -0.541939904918464D+00    0.424591541495432D-01
   -0.571467954895552D+00    0.587244298892446D-01
   -0.594868058290615D+00    0.784774491112945D-01
   -0.610374456461530D+00    0.101941025828189D+00
   -0.616436355313555D+00    0.128859012225613D+00
   -0.611224692184116D+00    0.158969810413835D+00
   -0.593495221178827D+00    0.191651031690978D+00
   -0.561859687906161D+00    0.226005493035142D+00
   -0.515884497669671D+00    0.261123528578151D+00
   -0.455087353278693D+00    0.295493289642023D+00
   -0.380140382071935D+00    0.328113484096169D+00
   -0.291624958172088D+00    0.357098565047429D+00
   -0.191174135506799D+00    0.381575086204692D+00
   -0.800663309065095D-01    0.399664338119396D+00
    0.397782888673065D-01    0.410746934565789D+00
    0.167340089075246D+00    0.413290993630937D+00
    0.301490145004790D+00    0.406944775057691D+00
    0.442779156211779D+00    0.390721138111007D+00
    0.591455064619623D+00    0.364642763111516D+00
    0.749664488262239D+00    0.328572511033168D+00
    0.914872815047684D+00    0.283527204537088D+00
    0.108312064374297D+01    0.231248010158637D+00
    0.123080018091535D+01    0.174831720730225D+00
    0.132408728155587D+01    0.119288915211192D+00
    0.129814479913575D+01    0.692914366372680D-01
    0.108275058264833D+01    0.312680008304874D-01
    0.647438132937385D+00    0.764729716329253D-02
    0.000000000000000D+00    0.000000000000000D+00
    0.000000000000000D+00    0.000000000000000D+00
   -0.375626304370791D-01   -0.396333470466349D-03
   -0.785253667569706D-01   -0.155467946915314D-02
   -0.121846514758515D+00   -0.336221495866643D-02
   -0.166393314424258D+00   -0.571597873932963D-02
   -0.211420631296932D+00   -0.845645225514389D-02
   -0.256447499957480D+00   -0.112778712495803D-01
   -0.301297053878264D+00   -0.139761856047324D-01
   -0.345874637301478D+00   -0.160688255769222D-01
   -0.390041440157353D+00   -0.173033795809117D-01
   -0.433550737062402D+00   -0.170129835321983D-01
   -0.475876815711813D+00   -0.149515670963198D-01
   -0.516298150274823D+00   -0.103042783342626D-01
   -0.553704880447423D+00   -0.293005268095207D-02
   -0.586796548179553D+00    0.802589448720740D-02
   -0.613905027061409D+00    0.224714982132269D-01
   -0.633263015902190D+00    0.410920845065975D-01
   -0.642928565201696D+00    0.634543438943908D-01
   -0.641012644582812D+00    0.897779466480548D-01
   -0.625834603637457D+00    0.119275369156006D+00
   -0.595906449000568D+00    0.151409244660422D+00
   -0.550438571461776D+00    0.185173829553001D+00
   -0.488853976549792D+00    0.219150631191998D+00
   -0.411670899112255D+00    0.252367227611314D+00
   -0.319428815692530D+00    0.282707115584104D+00
   -0.213850258058254D+00    0.309463192234911D+00
   -0.962349801670677D-01    0.330289041577712D+00
    0.312204050636415D-01    0.344815276130175D+00
    0.167441234381873D+00    0.351007531166394D+00
    0.310917003316401D+00    0.348747910196950D+00
    0.462019536950408D+00    0.336749714240252D+00
    0.620601477801402D+00    0.315132983428882D+00
    0.787840091816263D+00    0.283910465663182D+00
    0.961371726667202D+00    0.243849673896284D+00
    0.113396142904776D+01    0.197508050999544D+00
    0.128465021016761D+01    0.147006135980777D+00
    0.137381791867350D+01    0.986894813495072D-01
    0.134143409681652D+01    0.553354413907138D-01
    0.111584665379435D+01    0.240894618893460D-01
    0.660808904240067D+00    0.557021473332181D-02
    0.000000000000000D+00    0.000000000000000D+00
    0.000000000000000D+00    0.000000000000000D+00
   -0.363722635919352D-01   -0.811338995733741D-03
   -0.762676007751703D-01   -0.313740268484928D-02
   -0.118665282678093D+00   -0.677242933006569D-02
   -0.162449444324937D+00   -0.115416243697469D-01
   -0.207006973989985D+00   -0.172086960098999D-01
   -0.251802806895461D+00   -0.234684179714926D-01
   -0.296807447074235D+00   -0.300348938537528D-01
   -0.341899254182384D+00   -0.364748244910811D-01
   -0.387073260327563D+00   -0.424236615012253D-01
   -0.432048649306629D+00   -0.472996854239193D-01
   -0.476425124642145D+00   -0.506737047758696D-01
   -0.519384230236692D+00   -0.518457264101346D-01
   -0.559927568298381D+00   -0.503785729127832D-01
   -0.596541677553535D+00   -0.455563085354748D-01
   -0.627636611404336D+00   -0.370449145042426D-01
   -0.651084849688480D+00   -0.243115692537670D-01
   -0.664967653086372D+00   -0.727299178195218D-02
   -0.666910506432311D+00    0.141454539515144D-01
   -0.655197183890040D+00    0.396500617208451D-01
   -0.627823546025773D+00    0.685983490538316D-01
   -0.583938849912747D+00    0.100297352208411D+00
   -0.522560167336460D+00    0.133295314890683D+00
   -0.444184643469466D+00    0.166632553141835D+00
   -0.349167066204800D+00    0.198240681847210D+00
   -0.239303976708069D+00    0.227134870034589D+00
   -0.115943970645004D+00    0.251068392748009D+00
    0.185503892897336D-01    0.269260487944513D+00
    0.162902401722515D+00    0.279761856973385D+00
    0.315355979612717D+00    0.282146226876841D+00
    0.476050221017862D+00    0.275110732334632D+00
    0.644214069279279D+00    0.258814843161845D+00
    0.821053164503534D+00    0.233046751055677D+00
    0.100192663779026D+01    0.199163411224428D+00
    0.118084340539902D+01    0.159123041339708D+00
    0.133112605365990D+01    0.116125954983184D+00
    0.141709541663207D+01    0.753585627099248D-01
    0.137365591011981D+01    0.402711140859007D-01
    0.113290855524658D+01    0.164011725280895D-01
    0.670285470040891D+00    0.333282373800336D-02
    0.000000000000000D+00    0.000000000000000D+00
    0.000000000000000D+00    0.000000000000000D+00
   -0.343829357416646D-01   -0.122092272665860D-02
   -0.725072117148055D-01   -0.468120680857898D-02
   -0.113378203142923D+00   -0.100843145777995D-01
   -0.155904804430963D+00   -0.171727105903866D-01
   -0.199423558646449D+00   -0.256959460933936D-01
   -0.243532028949960D+00   -0.352873108301551D-01
   -0.288167883158390D+00   -0.456925013440114D-01
   -0.333332373812676D+00   -0.564253256117906D-01
   -0.379015881083452D+00   -0.671809497135000D-01
   -0.425057710722336D+00   -0.772951987401795D-01
   -0.471034578104548D+00   -0.864175313693214D-01
   -0.516255059348542D+00   -0.936815287389704D-01
   -0.559614596317731D+00   -0.987441235701462D-01
   -0.599725792651706D+00   -0.100583945876461D+00
   -0.634741657188195D+00   -0.989768203349722D-01
   -0.662638257918323D+00   -0.929209623943918D-01
   -0.681048606955846D+00   -0.824564936412897D-01
   -0.687655337512727D+00   -0.669244076967088D-01
   -0.680136716204494D+00   -0.467416749546917D-01
   -0.656492975419592D+00   -0.219970038140726D-01
   -0.615245295995240D+00    0.652703046466023D-02
   -0.555391446392978D+00    0.376944478064093D-01
   -0.476969720396200D+00    0.705372481277103D-01
   -0.380349400267499D+00    0.102910397935715D+00
   -0.267172711959945D+00    0.133933944298265D+00
   -0.138881287406145D+00    0.160912720511744D+00
    0.201662444769543D-02    0.183269001418140D+00
    0.154058095237782D+00    0.198451061776549D+00
    0.315149515290386D+00    0.206259601224263D+00
    0.485018556989189D+00    0.204962199706320D+00
    0.662532249544942D+00    0.194829227163329D+00
    0.847623701709697D+00    0.175742208322298D+00
    0.103589104570485D+01    0.148753965222522D+00
    0.121802038723840D+01    0.116713741589127D+00
    0.136999125508677D+01    0.816051002786559D-01
    0.145118809271555D+01    0.501429875267613D-01
    0.140126118688673D+01    0.234243912992037D-01
    0.115263006370612D+01    0.784126438067754D-02
    0.675174569697550D+00    0.887678462308220D-03
    0.000000000000000D+00    0.000000000000000D+00
    0.000000000000000D+00    0.000000000000000D+00
   -0.316308172901861D-01   -0.158958537152709D-02
   -0.673406710676815D-01   -0.609727844269999D-02
   -0.106108605915374D+00   -0.131469977558852D-01
   -0.146798290908331D+00   -0.224080897043536D-01
   -0.188837820467463D+00   -0.335975090418504D-01
   -0.231744471830511D+00   -0.463543454465784D-01
   -0.275569122508383D+00   -0.604104437018477D-01
   -0.320293004200218D+00   -0.753275361188838D-01
   -0.366023265163356D+00   -0.907790442678544D-01
   -0.412605287658328D+00   -0.106178829216540D+00
   -0.459753713906717D+00   -0.121096635754492D+00
   -0.506746161903842D+00   -0.134765626477959D+00
   -0.552641952837293D+00   -0.146642390880383D+00
   -0.595908916672776D+00   -0.155817587024760D+00
   -0.634873440332988D+00   -0.161692637312001D+00
   -0.667177316535763D+00   -0.163378476894985D+00
   -0.690601706595950D+00   -0.160361173239389D+00
   -0.702272111201714D+00   -0.152079602071122D+00
   -0.699953562914115D+00   -0.138303433782633D+00
   -0.680928918907587D+00   -0.119187831420892D+00
   -0.643739493687303D+00   -0.949586069061811D-01
   -0.586675691753156D+00   -0.667761618366495D-01
   -0.509781159971724D+00   -0.353501881636919D-01
   -0.412933453939104D+00   -0.281070806766724D-02
   -0.297853372522773D+00    0.298267447341312D-01
   -0.165820776837344D+00    0.599008903581287D-01
   -0.195595646065927D-01    0.864203479027551D-01
    0.139347633970133D+00    0.106848828662997D+00
    0.308397086864505D+00    0.120584979875496D+00
    0.487095196674192D+00    0.125833401785379D+00
    0.673372787445362D+00    0.122815167493865D+00
    0.867221913660473D+00    0.111156416111374D+00
    0.106167947322102D+01    0.924646897256705D-01
    0.124874794127845D+01    0.689148151843966D-01
    0.139913443464713D+01    0.435767135232273D-01
    0.147616765888874D+01    0.218022701833313D-01
    0.141610293246193D+01    0.537480389472278D-02
    0.115492372840525D+01   -0.130197750176895D-02
    0.675634587736546D+00   -0.172336074051230D-02
    0.000000000000000D+00    0.000000000000000D+00
    0.000000000000000D+00    0.000000000000000D+00
   -0.281761490213463D-01   -0.192381605807042D-02
   -0.608897183591314D-01   -0.733352910277224D-02
   -0.970340350964303D-01   -0.158116201188627D-01
   -0.135456702277596D+00   -0.269600506021805D-01
   -0.175480621657886D+00   -0.405137123104388D-01
   -0.216719390392451D+00   -0.560990191738335D-01
   -0.259172886922318D+00   -0.734906811656045D-01
   -0.302916550318410D+00   -0.922769154216415D-01
   -0.348071369979444D+00   -0.112187630678333D+00
   -0.394594927551786D+00   -0.132665203588261D+00
   -0.442236591270298D+00   -0.153339947738544D+00
   -0.490425972358566D+00   -0.173416263514294D+00
   -0.538207779219056D+00   -0.192406438192125D+00
   -0.584242644366318D+00   -0.209239665427121D+00
   -0.626699529140418D+00   -0.223360095131723D+00
   -0.663431302928796D+00   -0.233514980865981D+00
   -0.691821892328495D+00   -0.239214566935163D+00
   -0.709183820021342D+00   -0.239317025169841D+00
   -0.712601901272370D+00   -0.233598126175593D+00
   -0.699480735058772D+00   -0.221517127413407D+00
   -0.667483618925588D+00   -0.203286706940907D+00
   -0.614955159296723D+00   -0.179493455053903D+00
   -0.541092246536352D+00   -0.150804678769608D+00
   -0.445823459193143D+00   -0.119175233726199D+00
   -0.330319076736041D+00   -0.855239858481351D-01
   -0.196006043041259D+00   -0.528617092660701D-01
   -0.454888170969131D-01   -0.220037240772336D-01
    0.119320210590666D+00    0.381258515588782D-02
    0.295673906167297D+00    0.242094859861082D-01
    0.482401984225805D+00    0.367729761450639D-01
    0.677064208282449D+00    0.418430340609699D-01
    0.878100913406464D+00    0.390326511711385D-01
    0.107874815247661D+01    0.295456891647653D-01
    0.126780749039684D+01    0.165303876156380D-01
    0.141850669028640D+01    0.148226863669641D-02
    0.149040741769789D+01   -0.848361648763968D-02
    0.142431180346544D+01   -0.145288937817580D-01
    0.115852035170232D+01   -0.112970418753695D-01
    0.670596558672211D+00   -0.451111469163083D-02
    0.000000000000000D+00    0.000000000000000D+00
    0.000000000000000D+00    0.000000000000000D+00
   -0.241801653799378D-01   -0.216542171327265D-02
   -0.533914686223037D-01   -0.829244245344649D-02
   -0.864622447066409D-01   -0.179222845041977D-01
   -0.122117654242484D+00   -0.306187472499409D-01
   -0.159732587939422D+00   -0.461349468849674D-01
   -0.198805685302893D+00   -0.641209418370758D-01
   -0.239409596457206D+00   -0.844071956613967D-01
   -0.281600183137469D+00   -0.106628483431735D+00
   -0.325583842095322D+00   -0.130592127583831D+00
   -0.371367202066160D+00   -0.155805530783898D+00
   -0.418826758606552D+00   -0.181954446053811D+00
   -0.467454416390586D+00   -0.208317615165615D+00
   -0.516482016667783D+00   -0.234374667540127D+00
   -0.564563164686791D+00   -0.259123101778326D+00
   -0.610109718367269D+00   -0.281805241371264D+00
   -0.650785155112116D+00   -0.301208534157583D+00
   -0.684237352535176D+00   -0.316406781475609D+00
   -0.707295631880305D+00   -0.326248080336463D+00
   -0.717267264760585D+00   -0.329846031125055D+00
   -0.710748692447437D+00   -0.326593295760526D+00
   -0.685524942035723D+00   -0.315953786446995D+00
   -0.638938196173885D+00   -0.298414042631801D+00
   -0.570210997586704D+00   -0.274069380840568D+00
   -0.478364585756003D+00   -0.244790030436870D+00
   -0.364600576730097D+00   -0.211345375248596D+00
   -0.229821957644975D+00   -0.176724782110639D+00
   -0.768279934269521D-01   -0.142048235313495D+00
    0.925148831444646D-01   -0.110606194230100D+00
    0.274932054653828D+00   -0.832661047132693D-01
    0.468999533360659D+00   -0.625755056505963D-01
    0.671074113899367D+00   -0.484039016097788D-01
    0.879548236748350D+00   -0.414530945100578D-01
    0.108497308346511D+01   -0.400742338195908D-01
    0.127735886872393D+01   -0.419173800325164D-01
    0.142546555964125D+01   -0.444289093296752D-01
    0.149255251710942D+01   -0.421550887642245D-01
    0.141806971983657D+01   -0.355781963678553D-01
    0.114339078742936D+01   -0.217970500521155D-01
    0.660654328136593D+00   -0.744453423270490D-02
    0.000000000000000D+00    0.000000000000000D+00
    0.000000000000000D+00    0.000000000000000D+00
   -0.197263978111091D-01   -0.234325462251510D-02
   -0.450954777690356D-01   -0.892980448939994D-02
   -0.747291615182272D-01   -0.193506315606705D-01
   -0.107318790802477D+00   -0.331317670413202D-01
   -0.142074310484344D+00   -0.500924464313486D-01
   -0.178562158458600D+00   -0.699161104652891D-01
   -0.216775981403618D+00   -0.924908835489765D-01
   -0.256834336626322D+00   -0.117546882411442D+00
   -0.298963340927227D+00   -0.144944185321348D+00
   -0.343258971947472D+00   -0.174326908787285D+00
   -0.389685760446866D+00   -0.205423447863399D+00
   -0.437885383374409D+00   -0.237647339889465D+00
   -0.487190992176724D+00   -0.270497450125283D+00
   -0.536480688383913D+00   -0.303031985875865D+00
   -0.584188885191809D+00   -0.334467369913331D+00
   -0.628264142759378D+00   -0.363477102082817D+00
   -0.666162670539412D+00   -0.389040877515862D+00
   -0.695008475657630D+00   -0.409621723420921D+00
   -0.711562254191392D+00   -0.424163190673438D+00
   -0.712647042670672D+00   -0.431389993377989D+00
   -0.695101383801132D+00   -0.430535307816273D+00
   -0.656373630632772D+00   -0.421305453936605D+00
   -0.594497632202679D+00   -0.403549794616827D+00
   -0.508529085426715D+00   -0.378606589591531D+00
   -0.398595616622028D+00   -0.347003982128294D+00
   -0.265728200353350D+00   -0.311812207466510D+00
   -0.112128945517293D+00   -0.273898199831080D+00
    0.599021893551378D-01   -0.237272526180917D+00
    0.247084593094630D+00   -0.202537085790050D+00
    0.447050916903842D+00   -0.173129738214299D+00
    0.655754445368714D+00   -0.148775975641833D+00
    0.869811199648340D+00   -0.130454612042314D+00
    0.107978343024101D+01   -0.117058192735924D+00
    0.127281129650517D+01   -0.105266748894713D+00
    0.141987740872629D+01   -0.945891072194631D-01
    0.148196995084464D+01   -0.775705169755749D-01
    0.140274449146606D+01   -0.583684722435251D-01
    0.112803529273438D+01   -0.330888098600743D-01
    0.644405785246502D+00   -0.104738079931949D-01
    0.000000000000000D+00    0.000000000000000D+00
    0.000000000000000D+00    0.000000000000000D+00
   -0.151021979936407D-01   -0.238782198874849D-02
   -0.363544760811664D-01   -0.917882410457090D-02
   -0.623116043500349D-01   -0.199788422302477D-01
   -0.914740071612081D-01   -0.343497551364962D-01
   -0.123085860102967D+00   -0.521702405293033D-01
   -0.156564400145537D+00   -0.731762105687803D-01
   -0.191942865501741D+00   -0.973602440846189D-01
   -0.229309212770145D+00   -0.124496674392563D+00
   -0.268934692347987D+00   -0.154600933173940D+00
   -0.310991688824231D+00   -0.187363446832081D+00
   -0.355532016947863D+00   -0.222699262730289D+00
   -0.402350998685421D+00   -0.260065226963227D+00
   -0.450941126201493D+00   -0.299134464473416D+00
   -0.500353806724159D+00   -0.338985283169638D+00
   -0.549267754982840D+00   -0.378918130210293D+00
   -0.595712091914220D+00   -0.417564354281908D+00
   -0.637454264185801D+00   -0.453791023802542D+00
   -0.671434110574001D+00   -0.485907848738909D+00
   -0.694726490460999D+00   -0.512453060068329D+00
   -0.703532881771993D+00   -0.531858249938313D+00
   -0.694908735816668D+00   -0.542658737835722D+00
   -0.665211594164458D+00   -0.544160305496629D+00
   -0.612524345312487D+00   -0.535409452914347D+00
   -0.534587838916629D+00   -0.517356419575035D+00
   -0.431464681142313D+00   -0.489963437215392D+00
   -0.303117283018043D+00   -0.456077389542179D+00
   -0.151793335973146D+00   -0.416538812540385D+00
    0.206020372713407D-01   -0.375371334347744D+00
    0.210310299744933D+00   -0.333626525289444D+00
    0.414683561836452D+00   -0.294975118807213D+00
    0.628385775149194D+00   -0.259561345917068D+00
    0.847678084951863D+00   -0.228826781509756D+00
    0.106059835791288D+01   -0.201497615355098D+00
    0.125507460021010D+01   -0.175256089233296D+00
    0.139886805864435D+01   -0.148715942152287D+00
    0.145610307172638D+01   -0.116471731570991D+00
    0.137143152061505D+01   -0.820755509112459D-01
    0.109295307497246D+01   -0.446126624526329D-01
    0.622960592039805D+00   -0.136040840510454D-01
    0.000000000000000D+00    0.000000000000000D+00
    0.000000000000000D+00    0.000000000000000D+00
   -0.103900403685161D-01   -0.234729711454017D-02
   -0.275201996591491D-01   -0.900196889862814D-02
   -0.496508444573266D-01   -0.197372039203543D-01
   -0.752773617401954D-01   -0.341146722670768D-01
   -0.103434158181498D+00   -0.521340004026254D-01
   -0.133601583023054D+00   -0.735926950655141D-01
   -0.165701582234786D+00   -0.985544305974218D-01
   -0.199860111628530D+00   -0.126923963739314D+00
   -0.236353613276530D+00   -0.158761642690757D+00
   -0.275407833013579D+00   -0.193965435725651D+00
   -0.317187371390633D+00   -0.232473409729825D+00
   -0.361599178265023D+00   -0.274019582890049D+00
   -0.408334813435914D+00   -0.318265734031734D+00
   -0.456643987362893D+00   -0.364600389328359D+00
   -0.505436654511990D+00   -0.412246357598330D+00
   -0.553030012151352D+00   -0.460089227820408D+00
   -0.597334179176292D+00   -0.506806453454623D+00
   -0.635624869817749D+00   -0.550756832478782D+00
   -0.664834097102848D+00   -0.590135098448823D+00
   -0.681448730587695D+00   -0.623054455356715D+00
   -0.681887251521012D+00   -0.647542971830579D+00
   -0.662626571596636D+00   -0.662181864980586D+00
   -0.620558340873306D+00   -0.665408987810272D+00
   -0.553352294033812D+00   -0.657303973164180D+00
   -0.459587605488105D+00   -0.637193819467171D+00
   -0.339153409842600D+00   -0.607478016905079D+00
   -0.193062036111302D+00   -0.568421285269333D+00
   -0.235228236966443D-01   -0.524496010082406D+00
    0.166177323357251D+00   -0.476239802261651D+00
    0.372367879249155D+00   -0.428502052309982D+00
    0.589362843968167D+00   -0.381122812950345D+00
    0.811534909973981D+00   -0.336402064335799D+00
    0.102664892597356D+01   -0.293755532930096D+00
    0.122023466364342D+01   -0.250220531490753D+00
    0.136183925053283D+01   -0.207038248871610D+00
    0.141503421928061D+01   -0.156707593372894D+00
    0.132822049944470D+01   -0.107289265556146D+00
    0.105601612050120D+01   -0.568798617498554D-01
    0.594633199596085D+00   -0.166955357918326D-01
    0.000000000000000D+00    0.000000000000000D+00
    0.000000000000000D+00    0.000000000000000D+00
   -0.597039082305884D-02   -0.215839372619004D-02
   -0.189987303299307D-01   -0.840566358330443D-02
   -0.373329703747619D-01   -0.185904135004980D-01
   -0.592498515790128D-01   -0.324112447105464D-01
   -0.838364346464531D-01   -0.499455619238595D-01
   -0.110408161364757D+00   -0.710752623874026D-01
   -0.138910809160140D+00   -0.959794080422384D-01
   -0.169421199069336D+00   -0.124599860093907D+00
   -0.202219864141712D+00   -0.157181429578641D+00
   -0.237606377615085D+00   -0.193641367543995D+00
   -0.275769699035852D+00   -0.234185375402670D+00
   -0.316818922991115D+00   -0.278553531206819D+00
   -0.360524878285454D+00   -0.326758386267841D+00
   -0.406462291748222D+00   -0.378163798492614D+00
   -0.453699097604961D+00   -0.432393405926926D+00
   -0.500946520936557D+00   -0.488228018215219D+00
   -0.546353099320545D+00   -0.544708358192911D+00
   -0.587506468034178D+00   -0.599925689658707D+00
   -0.621616164042396D+00   -0.652248293629033D+00
   -0.645135019694319D+00   -0.699264537299206D+00
   -0.654701398010560D+00   -0.738819722193939D+00
   -0.646135086598236D+00   -0.768669660564349D+00
   -0.616368591533582D+00   -0.786651409997932D+00
   -0.561734093723236D+00   -0.791829051165704D+00
   -0.480630051499334D+00   -0.782714872771691D+00
   -0.371343353738843D+00   -0.760788685969886D+00
   -0.234657687915070D+00   -0.725754223193218D+00
   -0.717202914978273D-01   -0.681620781620170D+00
    0.114065218117453D+00   -0.628962551640768D+00
    0.318977086567206D+00   -0.572803599728520D+00
    0.536421242360349D+00   -0.513497204357626D+00
    0.759877552520371D+00   -0.454056869933493D+00
    0.975296198612575D+00   -0.394225652673865D+00
    0.116801427889998D+01   -0.332514387658579D+00
    0.130611819513498D+01   -0.269582328825006D+00
    0.135539794453005D+01   -0.200593794345964D+00
    0.126768827063912D+01   -0.133177324405306D+00
    0.998843344736448D+00   -0.689724952341842D-01
    0.561140816799086D+00   -0.198580209143210D-01
    0.000000000000000D+00    0.000000000000000D+00
    0.000000000000000D+00    0.000000000000000D+00
   -0.189493653489790D-02   -0.187894870921748D-02
   -0.111841873628499D-01   -0.735468485789166D-02
   -0.258098287370511D-01   -0.165589381927618D-01
   -0.441296603317930D-01   -0.292263227785083D-01
   -0.650167098770194D-01   -0.456013227457351D-01
   -0.878755313079703D-01   -0.656292476762259D-01
   -0.112519865052186D+00   -0.895635566971013D-01
   -0.139052363050085D+00   -0.117465960089420D+00
   -0.167728662704989D+00   -0.149607689281493D+00
   -0.198858865090370D+00   -0.186120456240709D+00
   -0.232727568610626D+00   -0.227204721754544D+00
   -0.269486645074640D+00   -0.272943787437802D+00
   -0.309140046268240D+00   -0.323307420266366D+00
   -0.351374814702702D+00   -0.378152837447534D+00
   -0.395635818299290D+00   -0.436991775736091D+00
   -0.440836468780238D+00   -0.499225668594908D+00
   -0.485600750350390D+00   -0.563656437255347D+00
   -0.527789988392725D+00   -0.629010093066185D+00
   -0.565038577942627D+00   -0.693210749990942D+00
   -0.594057737451797D+00   -0.754258963537461D+00
   -0.611585739234985D+00   -0.809281322484290D+00
   -0.613526760735306D+00   -0.855921981192923D+00
   -0.596280730127209D+00   -0.891016299716980D+00
   -0.555941720620496D+00   -0.912862247171899D+00
   -0.489653069956050D+00   -0.918755537798714D+00
   -0.395202183892602D+00   -0.909135871457496D+00
   -0.271781547814973D+00   -0.882472699549351D+00
   -0.120204515008756D+00   -0.842340601801446D+00
    0.572310272014464D-01   -0.788164375573477D+00
    0.256330089997791D+00   -0.725860442422904D+00
    0.470530522540965D+00   -0.655098288787456D+00
    0.691724805369476D+00   -0.580459795769058D+00
    0.905396033549410D+00   -0.502342301918264D+00
    0.109513910659261D+01   -0.419797306522837D+00
    0.123020890959989D+01   -0.336328566313342D+00
    0.127749538798304D+01   -0.245596047921061D+00
    0.119214096115792D+01   -0.160606752214873D+00
    0.937938583276339D+00   -0.819837335105855D-01
    0.520342146759410D+00   -0.228193887070333D-01
    0.000000000000000D+00    0.000000000000000D+00
    0.000000000000000D+00    0.000000000000000D+00
    0.143222347735391D-02   -0.147356765985495D-02
   -0.444190125993142D-02   -0.596381211805906D-02
   -0.156653790346226D-01   -0.137294844029494D-01
   -0.304265905687638D-01   -0.247422642460124D-01
   -0.477038293151575D-01   -0.393149708974993D-01
   -0.667640453794918D-01   -0.574971868092872D-01
   -0.874464119393365D-01   -0.796294100952574D-01
   -0.109794451339851D+00   -0.105791420347605D+00
   -0.134032932818730D+00   -0.136410630601946D+00
   -0.160516702860333D+00   -0.171597539129934D+00
   -0.189485722096498D+00   -0.211819748096626D+00
   -0.221274858701760D+00   -0.257115760511783D+00
   -0.255862590807685D+00   -0.307877766471390D+00
   -0.293304360193558D+00   -0.363887661379594D+00
   -0.333060638281572D+00   -0.425268781637045D+00
   -0.374635608493082D+00   -0.491276581124746D+00
   -0.416715183608406D+00   -0.561508558228755D+00
   -0.457943218678644D+00   -0.634385629309826D+00
   -0.496036736012120D+00   -0.708720332696743D+00
   -0.528501447633558D+00   -0.781897691116760D+00
   -0.552108798608897D+00   -0.851818279056115D+00
   -0.563191540743487D+00   -0.915010092727802D+00
   -0.558022629671220D+00   -0.968671574245341D+00
   -0.532295226816350D+00   -0.100936663232510D+01
   -0.482772370627680D+00   -0.103417599252367D+01
   -0.405881419493200D+00   -0.104134048334327D+01
   -0.300207690805761D+00   -0.102869609670627D+01
   -0.164871506137834D+00   -0.997800547383185D+00
   -0.157655574658114D-02   -0.947578366443604D+00
    0.186171857233540D+00   -0.882993035821999D+00
    0.392012144983681D+00   -0.803834999073279D+00
    0.606708544602046D+00   -0.715511660446634D+00
    0.815537306984463D+00   -0.618690415727854D+00
    0.100063121187413D+01   -0.515223872634130D+00
    0.113209424308599D+01   -0.408169225407412D+00
    0.117760826242764D+01   -0.295169031481748D+00
    0.109781961718166D+01   -0.188980174045510D+00
    0.856664008523093D+00   -0.947193627114534D-01
    0.474578566960463D+00   -0.260342181630237D-01
    0.000000000000000D+00    0.000000000000000D+00
    0.000000000000000D+00    0.000000000000000D+00
    0.401879869314856D-02   -0.996608245906669D-03
    0.880885928584302D-03   -0.419816987194449D-02
   -0.724528221363225D-02   -0.102324902679997D-01
   -0.187651395630892D-01   -0.191314210340106D-01
   -0.325074248698916D-01   -0.313863717305066D-01
   -0.478729659070143D-01   -0.470896124747449D-01
   -0.645820115159721D-01   -0.666370682901155D-01
   -0.827009580236988D-01   -0.901811273786506D-01
   -0.102403713013018D+00   -0.118140344098638D+00
   -0.124013943937242D+00   -0.150782465629830D+00
   -0.147819797638292D+00   -0.188526814841820D+00
   -0.174119059674822D+00   -0.231714489591579D+00
   -0.203080118654387D+00   -0.280651971312484D+00
   -0.234752729201676D+00   -0.335640602612089D+00
   -0.268985395862903D+00   -0.396657382177067D+00
   -0.305334439326307D+00   -0.463760667960363D+00
   -0.343119297686832D+00   -0.536287948752786D+00
   -0.381096837578512D+00   -0.613761095807121D+00
   -0.417849122364774D+00   -0.694529732327757D+00
   -0.451006147455325D+00   -0.777251915686474D+00
   -0.478284344807669D+00   -0.859045940462448D+00
   -0.496011066330150D+00   -0.937528692331425D+00
   -0.501151945265452D+00   -0.100867840528331D+01
   -0.489028735932866D+00   -0.106941913794149D+01
   -0.456434567610648D+00   -0.111513328945700D+01
   -0.398845083659034D+00   -0.114331569105978D+01
   -0.314066640288494D+00   -0.114977973238870D+01
   -0.199788135891535D+00   -0.113458838645223D+01
   -0.566149944633177D-01   -0.109463499421146D+01
    0.113204363092107D+00   -0.103402740608038D+01
    0.303794578611231D+00   -0.951233675466245D+00
    0.506200720349181D+00   -0.852547971544230D+00
    0.705364219578347D+00   -0.738800705752775D+00
    0.883078456936926D+00   -0.613874528120632D+00
    0.101035230395665D+01   -0.483647232293484D+00
    0.105627277070289D+01   -0.346010670044250D+00
    0.985150507165059D+00   -0.219769536816898D+00
    0.769016904132741D+00   -0.109213260481392D+00
    0.420961630245211D+00   -0.290712078091630D-01
    0.000000000000000D+00    0.000000000000000D+00
    0.000000000000000D+00    0.000000000000000D+00
    0.553935039608027D-02   -0.461675862520554D-03
    0.458230805173228D-02   -0.230995392453789D-02
   -0.960780657586149D-03   -0.632221699388847D-02
   -0.948114793504779D-02   -0.128293818618286D-01
   -0.199772253573225D-01   -0.223532234925099D-01
   -0.317972060506435D-01   -0.350777758824432D-01
   -0.446950379077732D-01   -0.514343200698858D-01
   -0.586952999400204D-01   -0.715568824567159D-01
   -0.739150432498190D-01   -0.959529522038305D-01
   -0.906897337906636D-01   -0.124814184313870D+00
   -0.109206958071427D+00   -0.158752578347796D+00
   -0.129877780148456D+00   -0.197995308531851D+00
   -0.152756101183256D+00   -0.243211403837954D+00
   -0.178178010708785D+00   -0.294551875987967D+00
   -0.205876534788002D+00   -0.352608940062898D+00
   -0.235965518260343D+00   -0.417234423282686D+00
   -0.267641536667070D+00   -0.488720644207614D+00
   -0.300592834062507D+00   -0.566272805577089D+00
   -0.333236971996933D+00   -0.649584590709351D+00
   -0.364550527393400D+00   -0.736765411169231D+00
   -0.391973936174263D+00   -0.826606236526852D+00
   -0.413446771412316D+00   -0.915707010563418D+00
   -0.425449301474740D+00   -0.100179822060414D+01
   -0.424712051652924D+00   -0.107993659239168D+01
   -0.407251811163073D+00   -0.114696169887374D+01
   -0.369022195328884D+00   -0.119725294119155D+01
   -0.306762849290841D+00   -0.122741850837643D+01
   -0.217219662399055D+00   -0.123325293623058D+01
   -0.997729696584036D-01   -0.121187191535656D+01
    0.450037574740869D-01   -0.116317261865836D+01
    0.212573604067000D+00   -0.108553242542632D+01
    0.394716753894604D+00   -0.983719024708445D+00
    0.578210118951571D+00   -0.858314269901670D+00
    0.743490825980730D+00   -0.716244351918439D+00
    0.865126916612047D+00   -0.562612766890175D+00
    0.910735761755448D+00   -0.402459062200407D+00
    0.852159582963573D+00   -0.252297942366301D+00
    0.660994976763603D+00   -0.124071665548668D+00
    0.361458370039783D+00   -0.327871058439074D-01
    0.000000000000000D+00    0.000000000000000D+00
    0.000000000000000D+00    0.000000000000000D+00
    0.607678355659911D-02    0.105521305282225D-03
    0.648487303723762D-02   -0.282197563213193D-03
    0.307541882651302D-02   -0.226927337487914D-02
   -0.289392248878431D-02   -0.625749937985093D-02
   -0.104163184483652D-01   -0.128899519400472D-01
   -0.190072033733823D-01   -0.223642659950994D-01
   -0.283592124715951D-01   -0.351187750436618D-01
   -0.385170709644412D-01   -0.513042991322482D-01
   -0.495472214612525D-01   -0.713656448214821D-01
   -0.617201741180877D-01   -0.955646581822750D-01
   -0.752256698835902D-01   -0.124407450850899D+00
   -0.903726353249954D-01   -0.158301872479574D+00
   -0.107319520692407D+00   -0.197773674419953D+00
   -0.126293313324680D+00   -0.243348564106246D+00
   -0.147306747695905D+00   -0.295421875638418D+00
   -0.170374706966606D+00   -0.354533916034873D+00
   -0.195246219804676D+00   -0.420685520181773D+00
   -0.221525816788748D+00   -0.494227779902186D+00
   -0.248560120559512D+00   -0.574392500702704D+00
   -0.275239284351373D+00   -0.660998494671409D+00
   -0.300364880271593D+00   -0.752081965587102D+00
   -0.321715418709558D+00   -0.846446966223175D+00
   -0.337476287104995D+00   -0.940601381407461D+00
   -0.343964089264630D+00   -0.103186515173397D+01
   -0.338919929688473D+00   -0.111522183371776D+01
   -0.317308574794175D+00   -0.118647829518454D+01
   -0.277104020426641D+00   -0.123972270743096D+01
   -0.213121830129055D+00   -0.127034040094339D+01
   -0.125114113921208D+00   -0.127262803172886D+01
   -0.106829533684467D-01   -0.124413845332536D+01
    0.125991321008150D+00   -0.118115238643484D+01
    0.280035464942010D+00   -0.108547772876381D+01
    0.439048468504910D+00   -0.958072633312823D+00
    0.586144128120525D+00   -0.804819403215566D+00
    0.697637995620551D+00   -0.634942730165396D+00
    0.743931751447381D+00   -0.454539018373900D+00
    0.699414399667910D+00   -0.286089888288275D+00
    0.543413959937231D+00   -0.141677982247461D+00
    0.293190370975746D+00   -0.370327762117834D-01
    0.000000000000000D+00    0.000000000000000D+00
    0.000000000000000D+00    0.000000000000000D+00
    0.557800176150801D-02    0.585699256498199D-03
    0.671266739145461D-02    0.145559990807745D-02
    0.485066295635163D-02    0.142525198056441D-02
    0.102699152112077D-02   -0.174867206102413D-03
   -0.395947454240726D-02   -0.395409266807603D-02
   -0.970276431968656D-02   -0.101489264118100D-01
   -0.159271350028974D-01   -0.191743125630331D-01
   -0.226874501215272D-01   -0.311248251139505D-01
   -0.299741981878775D-01   -0.464484283041801D-01
   -0.380578890695276D-01   -0.652906755699818D-01
   -0.469969249761102D-01   -0.882253381749445D-01
   -0.571430520353222D-01   -0.115495853831784D+00
   -0.684946930162138D-01   -0.147816788259402D+00
   -0.814309268826764D-01   -0.185498137427015D+00
   -0.957809528133223D-01   -0.229332376864494D+00
   -0.111916198603441D+00   -0.279582330980956D+00
   -0.129365282305096D+00   -0.336978686121246D+00
   -0.148431379042573D+00   -0.401517311818278D+00
   -0.168166940489877D+00   -0.473641309248767D+00
   -0.188677978082398D+00   -0.552702509088294D+00
   -0.208327636653460D+00   -0.638554106548286D+00
   -0.226783514017242D+00   -0.729324239692642D+00
   -0.241539770895532D+00   -0.823957509122460D+00
   -0.251466937948589D+00   -0.918611143833101D+00
   -0.253238846694823D+00   -0.101115324099674D+01
   -0.244593798136695D+00   -0.109513146771386D+01
   -0.222014089741766D+00   -0.116758977038798D+01
   -0.182257247098042D+00   -0.121961550251436D+01
   -0.123275775246899D+00   -0.124830930224953D+01
   -0.424258618891067D-01   -0.124424438009323D+01
    0.580693791277731D-01   -0.120621168755006D+01
    0.176275458446933D+00   -0.112793265501934D+01
    0.302011385389941D+00   -0.101272021403230D+01
    0.422264843191334D+00   -0.862149689947920D+00
    0.516712610792308D+00   -0.686484036434543D+00
    0.559040880666231D+00   -0.496847795344771D+00
    0.528174283177533D+00   -0.313724166629638D+00
    0.404855776851549D+00   -0.157866752260380D+00
    0.214579153476176D+00   -0.432161572070352D-01
    0.000000000000000D+00    0.000000000000000D+00
    0.000000000000000D+00    0.000000000000000D+00
    0.420988050438052D-02    0.966850982978708D-03
    0.543409720693773D-02    0.281084931345668D-02
    0.464650729918873D-02    0.426583273936398D-02
    0.248622518218022D-02    0.464079523870824D-02
   -0.407010093327902D-03    0.331282868429598D-02
   -0.378819882069313D-02    0.746392949939256D-04
   -0.741259477251411D-02   -0.542218135524915D-02
   -0.113343702840792D-01   -0.132606743454584D-01
   -0.155359602907216D-01   -0.237561047941813D-01
   -0.201924477156317D-01   -0.370631265804615D-01
   -0.253550725867001D-01   -0.535875027549251D-01
   -0.312387536361367D-01   -0.736214388684236D-01
   -0.378814263128857D-01   -0.976758451454433D-01
   -0.455018938760317D-01   -0.126205272105584D+00
   -0.540763047941884D-01   -0.159745803431392D+00
   -0.637914566831295D-01   -0.198907792548757D+00
   -0.745176500644962D-01   -0.244082884919951D+00
   -0.863412481164197D-01   -0.295990671328578D+00
   -0.989736277047565D-01   -0.354599985398255D+00
   -0.112262909736157D+00   -0.420604962553249D+00
   -0.125698844074832D+00   -0.493156266310447D+00
   -0.138639104567311D+00   -0.572608599371362D+00
   -0.150306227609599D+00   -0.656825305190388D+00
   -0.159174327048800D+00   -0.745207333238919D+00
   -0.164255552771801D+00   -0.833960703764515D+00
   -0.162682199754397D+00   -0.920576161760548D+00
   -0.153593710114617D+00   -0.999658695084393D+00
   -0.132614021174233D+00   -0.106581711154379D+01
   -0.999333273740125D-01   -0.111303024914037D+01
   -0.507075841359492D-01   -0.113293590817575D+01
    0.122387484860702D-01   -0.112146627589645D+01
    0.906873988516115D-01   -0.106908070815409D+01
    0.176751462262360D+00   -0.978570842995012D+00
    0.262863856071795D+00   -0.845323789511512D+00
    0.334345032983988D+00   -0.682000882709045D+00
    0.370422042991424D+00   -0.496536506028249D+00
    0.354113666944301D+00   -0.316139434652165D+00
    0.268256950603120D+00   -0.161637812799315D+00
    0.129415914420246D+00   -0.455106002457944D-01
    0.000000000000000D+00    0.000000000000000D+00
    0.000000000000000D+00    0.000000000000000D+00
    0.239028469901181D-02    0.983305906475693D-03
    0.322923157782628D-02    0.317603418293632D-02
    0.305833694466932D-02    0.545797481287305D-02
    0.208131103919386D-02    0.703893552417129D-02
    0.762219351864190D-03    0.744985714358567D-02
   -0.837210470236448D-03    0.649245741936069D-02
   -0.249246778853580D-02    0.394934670227468D-02
   -0.430574296961650D-02   -0.256471573764916D-03
   -0.619387125188528D-02   -0.628868716522386D-02
   -0.832007520898956D-02   -0.142832348680564D-01
   -0.106293862407046D-01   -0.244799488849716D-01
   -0.133288072892991D-01   -0.371273836191207D-01
   -0.163226675027104D-01   -0.525802671298895D-01
   -0.198750281813283D-01   -0.712042954180101D-01
   -0.237951883744583D-01   -0.934488072424714D-01
   -0.284273876457413D-01   -0.119773241978024D+00
   -0.334248022347532D-01   -0.150652918876754D+00
   -0.392335915413431D-01   -0.186588398937427D+00
   -0.452699124451787D-01   -0.227948294566515D+00
   -0.520859274814829D-01   -0.275158420347154D+00
   -0.587572544595076D-01   -0.328259854071567D+00
   -0.658938676532394D-01   -0.387357185264608D+00
   -0.721323291250010D-01   -0.451839143555002D+00
   -0.779755164252158D-01   -0.521006914572933D+00
   -0.816280094523666D-01   -0.593211517948172D+00
   -0.831028859247869D-01   -0.666132673213900D+00
   -0.805284744688872D-01   -0.736816331253875D+00
   -0.727765775664457D-01   -0.800211526288804D+00
   -0.590344050970467D-01   -0.852415163103426D+00
   -0.362993606477866D-01   -0.884728067891975D+00
   -0.709876335042601D-02   -0.894142944172827D+00
    0.333532766853115D-01   -0.868656399019353D+00
    0.758855450115073D-01   -0.811001817637809D+00
    0.124942638108368D+00   -0.710568691118106D+00
    0.163444029670081D+00   -0.580994015508246D+00
    0.190615803841483D+00   -0.420485861319363D+00
    0.186788593654942D+00   -0.265498801692760D+00
    0.139392209127814D+00   -0.125703987515800D+00
    0.627528469557294D-01   -0.375057981167448D-01
    0.000000000000000D+00    0.000000000000000D+00
    0.000000000000000D+00    0.000000000000000D+00
    0.633548016696559D-03    0.633548016697245D-03
    0.100347049052240D-02    0.239960637406504D-02
    0.104891595961265D-02    0.431363129899397D-02
    0.791904796045854D-03    0.594158547639613D-02
    0.451824715465851D-03    0.691453940851016D-02
    0.250167841274465D-04    0.716191350187643D-02
   -0.396685581271974D-03    0.656160343734172D-02
   -0.857703534536339D-03    0.510169944645120D-02
   -0.132790806938596D-02    0.268934898450194D-02
   -0.186763025085873D-02   -0.686574664229332D-03
   -0.243878311370415D-02   -0.521819984151129D-02
   -0.313015334475630D-02   -0.109463420035404D-01
   -0.387861710261196D-02   -0.181655256487355D-01
   -0.480211524521451D-02   -0.269782305321264D-01
   -0.580282688528335D-02   -0.377419791011780D-01
   -0.702692022641113D-02   -0.506539636001885D-01
   -0.833761386977220D-02   -0.660557156154536D-01
   -0.990098537012628D-02   -0.842855555762990D-01
   -0.115412194024255D-01   -0.105529729886548D+00
   -0.134190651228498D-01   -0.130324173172714D+00
   -0.153283545938837D-01   -0.158468728977325D+00
   -0.173641542888835D-01   -0.190736352449074D+00
   -0.193223444205495D-01   -0.226192811752672D+00
   -0.211078065311344D-01   -0.265787999554610D+00
   -0.226084606101951D-01   -0.307419911865156D+00
   -0.233064471308000D-01   -0.351881485823002D+00
   -0.233878733393425D-01   -0.395563663260271D+00
   -0.215677053768246D-01   -0.438205033870381D+00
   -0.187251036786674D-01   -0.475016977453440D+00
   -0.125196200524989D-01   -0.502968264574259D+00
   -0.502840857317606D-02   -0.518080904203452D+00
    0.681533352012035D-02   -0.512551080600689D+00
    0.191777990028984D-01   -0.487816794057488D+00
    0.341929645012526D-01   -0.432209438268412D+00
    0.474395882579095D-01   -0.357269575114946D+00
    0.570366771836046D-01   -0.251708379223504D+00
    0.615506348758967D-01   -0.151263026988759D+00
    0.492461313429078D-01   -0.570577033335173D-01
   -0.330646598006482D-02   -0.238867764215740D-02
    0.000000000000000D+00    0.000000000000000D+00
    0.000000000000000D+00    0.000000000000000D+00
    0.000000000000000D+00    0.000000000000000D+00
    0.000000000000000D+00    0.000000000000000D+00
    0.000000000000000D+00    0.000000000000000D+00
    0.000000000000000D+00    0.000000000000000D+00
    0.000000000000000D+00    0.000000000000000D+00
    0.000000000000000D+00    0.000000000000000D+00
    0.000000000000000D+00    0.000000000000000D+00
    0.000000000000000D+00    0.000000000000000D+00
    0.000000000000000D+00    0.000000000000000D+00
    0.000000000000000D+00    0.000000000000000D+00
    0.000000000000000D+00    0.000000000000000D+00
    0.000000000000000D+00    0.000000000000000D+00
    0.000000000000000D+00    0.000000000000000D+00
    0.000000000000000D+00    0.000000000000000D+00
    0.000000000000000D+00    0.000000000000000D+00
    0.000000000000000D+00    0.000000000000000D+00
    0.000000000000000D+00    0.000000000000000D+00
    0.000000000000000D+00    0.000000000000000D+00
    0.000000000000000D+00    0.000000000000000D+00
    0.000000000000000D+00    0.000000000000000D+00
    0.000000000000000D+00    0.000000000000000D+00
    0.000000000000000D+00    0.000000000000000D+00
    0.000000000000000D+00    0.000000000000000D+00
    0.000000000000000D+00    0.000000000000000D+00
    0.000000000000000D+00    0.000000000000000D+00
    0.000000000000000D+00    0.000000000000000D+00
    0.000000000000000D+00    0.000000000000000D+00
    0.000000000000000D+00    0.000000000000000D+00
    0.000000000000000D+00    0.000000000000000D+00
    0.000000000000000D+00    0.000000000000000D+00
    0.000000000000000D+00    0.000000000000000D+00
    0.000000000000000D+00    0.000000000000000D+00
    0.000000000000000D+00    0.000000000000000D+00
    0.000000000000000D+00    0.000000000000000D+00
    0.000000000000000D+00    0.000000000000000D+00
    0.000000000000000D+00    0.000000000000000D+00
    0.000000000000000D+00    0.000000000000000D+00
    0.000000000000000D+00    0.000000000000000D+00
    0.000000000000000D+00    0.000000000000000D+00
    0.000000000000000D+00    0.000000000000000D+00
