     0.00000         0.00000    
     0.00000       -0.345514E-01
     0.00000       -0.702948E-01
     0.00000       -0.106313    
     0.00000       -0.146172    
     0.00000       -0.185543    
     0.00000       -0.232399    
     0.00000       -0.270767    
     0.00000       -0.318145    
     0.00000       -0.345633    
     0.00000       -0.383030    
     0.00000       -0.384286    
     0.00000       -0.394091    
     0.00000       -0.345128    
     0.00000       -0.299566    
     0.00000       -0.159012    
     0.00000         0.00000    
    0.632971E-01     0.00000    
    0.639339E-01   -0.337746E-01
    0.681247E-01   -0.681761E-01
    0.748851E-01   -0.103275    
    0.839924E-01   -0.140602    
    0.915178E-01   -0.179924    
    0.100309       -0.222687    
    0.108660       -0.262434    
    0.118402       -0.303299    
    0.126962       -0.334510    
    0.136536       -0.362805    
    0.144079       -0.370894    
    0.152328       -0.368769    
    0.157637       -0.330809    
    0.163196       -0.270455    
    0.164668       -0.151540    
    0.165903         0.00000    
    0.125215         0.00000    
    0.126997       -0.321998E-01
    0.135389       -0.653784E-01
    0.146769       -0.986681E-01
    0.164301       -0.135159    
    0.179207       -0.170612    
    0.198745       -0.212605    
    0.213913       -0.247460    
    0.235523       -0.290328    
    0.250272       -0.315922    
    0.272039       -0.349561    
    0.284235       -0.351341    
    0.303990       -0.359501    
    0.311252       -0.315388    
    0.326325       -0.272496    
    0.325318       -0.145112    
    0.331327         0.00000    
    0.182921         0.00000    
    0.185678       -0.294985E-01
    0.196021       -0.595784E-01
    0.212045       -0.900813E-01
    0.234496       -0.121799    
    0.257421       -0.153813    
    0.283431       -0.188351    
    0.308287       -0.220910    
    0.336410       -0.254638    
    0.361091       -0.280563    
    0.388489       -0.304025    
    0.410292       -0.310833    
    0.433985       -0.308924    
    0.449432       -0.277246    
    0.465548       -0.226514    
    0.470457       -0.127068    
    0.475135         0.00000    
    0.235094         0.00000    
    0.238508       -0.257458E-01
    0.252378       -0.521871E-01
    0.270846       -0.785589E-01
    0.300195       -0.106795    
    0.327057       -0.133377    
    0.363924       -0.164349    
    0.392968       -0.190015    
    0.433350       -0.221486    
    0.461193       -0.240210    
    0.501732       -0.265143    
    0.524870       -0.266218    
    0.561706       -0.272264    
    0.575727       -0.238855    
    0.603960       -0.206454    
    0.603446       -0.109982    
    0.617050         0.00000    
    0.277486         0.00000    
    0.281781       -0.207049E-01
    0.296131       -0.418667E-01
    0.317949       -0.632194E-01
    0.348615       -0.850616E-01
    0.381622       -0.106532    
    0.420864       -0.128951    
    0.458410       -0.149740    
    0.500887       -0.171047    
    0.538495       -0.187340    
    0.580104       -0.202119    
    0.613460       -0.206161    
    0.649535       -0.204576    
    0.673340       -0.183517    
    0.698096       -0.149902    
    0.706369       -0.841460E-01
    0.714380         0.00000    
    0.310738         0.00000    
    0.315196       -0.148701E-01
    0.332477       -0.301597E-01
    0.355049       -0.453787E-01
    0.391110       -0.613359E-01
    0.424720       -0.760550E-01
    0.472227       -0.924457E-01
    0.510121       -0.105677    
    0.563112       -0.121644    
    0.600093       -0.130904    
    0.653731       -0.143397    
    0.684804       -0.143471    
    0.733635       -0.146184    
    0.752765       -0.128129    
    0.790319       -0.110544    
    0.790666       -0.589378E-01
    0.809877         0.00000    
    0.330342         0.00000    
    0.335497       -0.830617E-02
    0.352013       -0.167835E-01
    0.376614       -0.252679E-01
    0.410993       -0.336436E-01
    0.448475       -0.415471E-01
    0.493760       -0.492386E-01
    0.537626       -0.560330E-01
    0.587760       -0.626419E-01
    0.632533       -0.675233E-01
    0.682271       -0.717881E-01
    0.722417       -0.725846E-01
    0.765724       -0.714675E-01
    0.794597       -0.639071E-01
    0.824501       -0.519758E-01
    0.835014       -0.292074E-01
    0.845207         0.00000    
    0.338834         0.00000    
    0.343710       -0.141297E-02
    0.362124       -0.277483E-02
    0.385854       -0.405158E-02
    0.423591       -0.481197E-02
    0.458758       -0.525771E-02
    0.509087       -0.494126E-02
    0.549535       -0.446082E-02
    0.606678       -0.336621E-02
    0.646971       -0.253173E-02
    0.705508       -0.131445E-02
    0.739876       -0.728683E-03
    0.793400        0.157779E-03
    0.814834        0.274393E-03
    0.856060        0.788507E-03
    0.857213        0.328442E-03
    0.879140         0.00000    
    0.332264         0.00000    
    0.337483        0.553862E-02
    0.353893        0.112906E-01
    0.378035        0.173372E-01
    0.411509        0.241605E-01
    0.448046        0.313300E-01
    0.492384        0.395111E-01
    0.535632        0.473405E-01
    0.585473        0.557952E-01
    0.630336        0.623804E-01
    0.680439        0.685945E-01
    0.721197        0.706327E-01
    0.765065        0.707824E-01
    0.794463        0.636839E-01
    0.824795        0.524569E-01
    0.835764        0.294105E-01
    0.846626         0.00000    
    0.314408         0.00000    
    0.318976        0.123080E-01
    0.335899        0.251825E-01
    0.357591        0.382497E-01
    0.391856        0.531111E-01
    0.423695        0.672765E-01
    0.469438        0.843618E-01
    0.506308        0.983088E-01
    0.558749        0.115907    
    0.596012        0.126160    
    0.650362        0.140275    
    0.682648        0.140840    
    0.732442        0.144713    
    0.752496        0.126770    
    0.790656        0.110457    
    0.792073        0.586903E-01
    0.813338         0.00000    
    0.282595         0.00000    
    0.287072        0.184790E-01
    0.300969        0.375399E-01
    0.321316        0.572365E-01
    0.349344        0.783809E-01
    0.379876        0.997226E-01
    0.416948        0.122684    
    0.453247        0.143922    
    0.495208        0.165923    
    0.533229        0.182572    
    0.576008        0.197765    
    0.611110        0.201662    
    0.648468        0.200236    
    0.673162        0.179375    
    0.698544        0.147071    
    0.707734        0.825586E-01
    0.717630         0.00000    
    0.241119         0.00000    
    0.244684        0.240006E-01
    0.257608        0.490163E-01
    0.274205        0.743672E-01
    0.300211        0.102637    
    0.324368        0.129369    
    0.359038        0.160750    
    0.387070        0.186071    
    0.426976        0.217426    
    0.455569        0.235251    
    0.497604        0.259612    
    0.522971        0.259416    
    0.560994        0.264971    
    0.575534        0.231403    
    0.603716        0.201172    
    0.604499        0.106981    
    0.621812         0.00000    
    0.189048         0.00000    
    0.192088        0.283895E-01
    0.201381        0.576539E-01
    0.214990        0.878592E-01
    0.233630        0.120066    
    0.253934        0.152383    
    0.278526        0.186735    
    0.302738        0.218266    
    0.330665        0.250500    
    0.356119        0.274472    
    0.385305        0.295967    
    0.409879        0.300539    
    0.434709        0.296897    
    0.449468        0.265018    
    0.464723        0.217110    
    0.470168        0.122044    
    0.477774         0.00000    
    0.130464         0.00000    
    0.132469        0.317662E-01
    0.139422        0.648607E-01
    0.148479        0.984348E-01
    0.162477        0.135693    
    0.175584        0.170910    
    0.194228        0.211909    
    0.209433        0.244920    
    0.230931        0.285462    
    0.246695        0.308240    
    0.270155        0.338969    
    0.285344        0.337669    
    0.305685        0.343114    
    0.311361        0.298712    
    0.324116        0.259862    
    0.323745        0.138126    
    0.334665         0.00000    
    0.663690E-01     0.00000    
    0.674596E-01    0.336529E-01
    0.707180E-01    0.683235E-01
    0.755229E-01    0.104191    
    0.820560E-01    0.142297    
    0.892123E-01    0.180645    
    0.978138E-01    0.221103    
    0.106310        0.258344    
    0.116110        0.296047    
    0.125158        0.324018    
    0.135654        0.348589    
    0.146868        0.353465    
    0.155141        0.347050    
    0.157725        0.309901    
    0.160931        0.253727    
    0.162230        0.142763    
    0.166229         0.00000    
     0.00000         0.00000    
     0.00000        0.343344E-01
     0.00000        0.699367E-01
     0.00000        0.106438    
     0.00000        0.146383    
     0.00000        0.184863    
     0.00000        0.228627    
     0.00000        0.264845    
     0.00000        0.307712    
     0.00000        0.332868    
     0.00000        0.365246    
     0.00000        0.365186    
     0.00000        0.368285    
     0.00000        0.321021    
     0.00000        0.277639    
     0.00000        0.148401    
     0.00000         0.00000    
