     25.4058    
     25.1423    
     24.8789    
     9.10947    
    -6.65995    
    -4.03374    
    -1.40753    
    -1.13511    
   -0.862694    
   -0.861966    
   -0.861238    
   -0.738990    
   -0.616742    
   -0.466397    
   -0.316053    
   -0.263439    
   -0.210824    
     16.3719    
     16.6651    
     16.4017    
     13.3938    
    -2.37559    
    -3.01354    
   -0.387332    
   -0.956882    
   -0.684465    
   -0.659752    
   -0.659025    
   -0.613018    
   -0.490770    
   -0.413677    
   -0.263333    
   -0.204517    
   -0.151903    
     7.33796    
     7.63119    
     7.92443    
     4.91660    
     1.90877    
     1.27082    
    0.632864    
    0.633137E-01
   -0.506237    
   -0.481524    
   -0.456811    
   -0.410804    
   -0.364798    
   -0.287705    
   -0.210613    
   -0.151797    
   -0.929813E-01
     4.21941    
     5.23736    
     5.53059    
     5.02453    
     2.01670    
     1.20546    
    0.567507    
    0.287986    
   -0.281565    
   -0.337291    
   -0.312578    
   -0.340791    
   -0.294784    
   -0.212434    
   -0.135342    
    0.967346E-02
    0.684894E-01
     1.10086    
     2.11881    
     3.13676    
     2.63069    
     2.12463    
     1.31339    
    0.502149    
    0.222628    
   -0.568928E-01
   -0.112619    
   -0.168344    
   -0.196558    
   -0.224771    
   -0.142421    
   -0.600700E-01
    0.849451E-01
    0.229960    
    0.511768    
     1.07671    
     2.09466    
     2.03334    
     1.52727    
     1.28253    
    0.471288    
    0.302282    
    0.227611E-01
   -0.122856    
   -0.178581    
   -0.203668    
   -0.231882    
   -0.125953    
   -0.436024E-01
    0.184975    
    0.329990    
   -0.773266E-01
    0.487619    
     1.05257    
    0.991244    
    0.929923    
    0.685175    
    0.440427    
    0.271421    
    0.102415    
   -0.432019E-01
   -0.188819    
   -0.213906    
   -0.238992    
   -0.133064    
   -0.271347E-01
    0.201443    
    0.430020    
   -0.280752    
    0.556823E-01
    0.620628    
    0.719807    
    0.658486    
    0.576606    
    0.331857    
    0.180588    
    0.115825E-01
   -0.132011    
   -0.277628    
   -0.338717    
   -0.363804    
   -0.264808    
   -0.158880    
    0.170987    
    0.399564    
   -0.484176    
   -0.147743    
    0.188691    
    0.287870    
    0.387049    
    0.305168    
    0.223288    
    0.720188E-01
   -0.792499E-01
   -0.222843    
   -0.366437    
   -0.427526    
   -0.488615    
   -0.389620    
   -0.290624    
    0.392424E-01
    0.369109    
   -0.495117    
   -0.262357    
    0.740771E-01
    0.157562    
    0.256741    
    0.215951    
    0.134070    
    0.198482E-01
   -0.131421    
   -0.370901    
   -0.514495    
   -0.729517    
   -0.790606    
   -0.795845    
   -0.696849    
   -0.213675    
    0.116192    
   -0.506059    
   -0.273298    
   -0.405372E-01
    0.429477E-01
    0.126433    
    0.856426E-01
    0.448527E-01
   -0.693693E-01
   -0.183591    
   -0.423072    
   -0.662553    
   -0.877575    
    -1.09260    
    -1.09784    
    -1.10307    
   -0.619900    
   -0.136725    
   -0.400964    
   -0.257524    
   -0.247637E-01
    0.194981E-01
    0.102983    
    0.153403    
    0.112613    
   -0.862215E-01
   -0.200443    
   -0.534101    
   -0.773582    
    -1.40089    
    -1.61591    
    -2.05081    
    -2.05604    
    -1.33199    
   -0.848815    
   -0.295870    
   -0.152430    
   -0.899033E-02
    0.352716E-01
    0.795335E-01
    0.129954    
    0.180374    
   -0.184608E-01
   -0.217296    
   -0.550954    
   -0.884612    
    -1.51191    
    -2.13922    
    -2.57412    
    -3.00901    
    -2.28496    
    -1.56090    
   -0.140442    
   -0.884439E-01
    0.549960E-01
    0.125047    
    0.169309    
    0.290855    
    0.341276    
   -0.210670E-01
   -0.219902    
    0.175464    
   -0.158194    
    -2.55392    
    -3.18122    
    -4.48937    
    -4.92426    
    -4.53287    
    -3.80882    
    0.149858E-01
    0.669840E-01
    0.118982    
    0.189033    
    0.259084    
    0.380631    
    0.502177    
    0.139835    
   -0.222508    
    0.172858    
    0.568224    
    -1.82750    
    -4.22322    
    -5.53137    
    -6.83951    
    -6.44812    
    -6.05673    
    0.670257E-01
    0.116164    
    0.168162    
    0.332842    
    0.402893    
    0.478915    
    0.600462    
    0.538870    
    0.176528    
     2.48992    
     2.88529    
    -2.61457    
    -5.01030    
    -10.5312    
    -11.8393    
    -10.9907    
    -10.5993    
    0.119066    
    0.168204    
    0.217342    
    0.382022    
    0.546702    
    0.622724    
    0.698746    
    0.637155    
    0.575564    
     2.88896    
     5.20235    
   -0.297507    
    -5.79737    
    -11.3182    
    -16.8391    
    -15.9905    
    -15.1419    
