     0.00000         0.00000    
    0.750000         0.00000    
     1.00000         0.00000    
    0.750000         0.00000    
     0.00000         0.00000    
     0.00000         0.00000    
     0.00000         0.00000    
     0.00000         0.00000    
     0.00000         0.00000    
     0.00000         0.00000    
     0.00000         0.00000    
     0.00000         0.00000    
     0.00000         0.00000    
     0.00000         0.00000    
     0.00000         0.00000    
     0.00000         0.00000    
     0.00000         0.00000    
     0.00000         0.00000    
    0.685137        0.739262E-01
    0.900694        0.201360    
    0.653508        0.386566    
    0.196603        0.371748    
    0.464774E-01    0.174874    
    0.147402E-01    0.100237    
    0.785109E-02    0.849325E-01
    0.101749E-01    0.623837E-01
    0.845701E-02    0.472680E-01
    0.624685E-02    0.341178E-01
    0.503836E-02    0.224056E-01
    0.415940E-02    0.130847E-01
    0.297939E-02    0.598469E-02
    0.158751E-02    0.151838E-02
   -0.688488E-04   -0.688488E-04
     0.00000         0.00000    
     0.00000         0.00000    
    0.539577        0.962595E-01
    0.725390        0.252150    
    0.626939        0.393857    
    0.345613        0.412626    
    0.140012        0.288898    
    0.682709E-01    0.205199    
    0.439859E-01    0.167783    
    0.354604E-01    0.126606    
    0.292725E-01    0.934699E-01
    0.239275E-01    0.683354E-01
    0.199064E-01    0.478618E-01
    0.161913E-01    0.302817E-01
    0.116507E-01    0.166208E-01
    0.649577E-02    0.669067E-02
    0.148637E-02    0.156550E-02
     0.00000         0.00000    
     0.00000         0.00000    
    0.387465        0.781863E-01
    0.550939        0.206713    
    0.513765        0.335892    
    0.362119        0.375452    
    0.229840        0.321165    
    0.150739        0.263761    
    0.103200        0.218577    
    0.745673E-01    0.174972    
    0.591525E-01    0.133101    
    0.497077E-01    0.100614    
    0.426641E-01    0.732037E-01
    0.357412E-01    0.485369E-01
    0.269245E-01    0.281918E-01
    0.167176E-01    0.125947E-01
    0.630902E-02    0.328371E-02
     0.00000         0.00000    
     0.00000         0.00000    
    0.285905        0.506726E-01
    0.422311        0.154332    
    0.438649        0.257619    
    0.361677        0.310954    
    0.266060        0.309978    
    0.197584        0.281095    
    0.148325        0.240953    
    0.114280        0.201633    
    0.944342E-01    0.162127    
    0.817526E-01    0.127343    
    0.717102E-01    0.961122E-01
    0.611116E-01    0.660102E-01
    0.478998E-01    0.397365E-01
    0.316279E-01    0.186279E-01
    0.144859E-01    0.491225E-02
     0.00000         0.00000    
     0.00000         0.00000    
    0.202767        0.336042E-01
    0.325346        0.109034    
    0.361232        0.197024    
    0.332891        0.252808    
    0.276389        0.275372    
    0.220892        0.269541    
    0.178295        0.244483    
    0.147831        0.215751    
    0.129078        0.182460    
    0.116670        0.148783    
    0.105301        0.115530    
    0.919560E-01    0.819051E-01
    0.743623E-01    0.505843E-01
    0.518060E-01    0.243642E-01
    0.256511E-01    0.663864E-02
     0.00000         0.00000    
     0.00000         0.00000    
    0.148432        0.242152E-01
    0.248557        0.810674E-01
    0.295233        0.150768    
    0.293247        0.203926    
    0.264978        0.235742    
    0.228822        0.246005    
    0.197335        0.237212    
    0.174474        0.220570    
    0.159453        0.196324    
    0.149741        0.166451    
    0.140155        0.132873    
    0.126318        0.967877E-01
    0.105918        0.613572E-01
    0.764947E-01    0.301957E-01
    0.400888E-01    0.828703E-02
     0.00000         0.00000    
     0.00000         0.00000    
    0.110228        0.175423E-01
    0.191736        0.606171E-01
    0.236007        0.117258    
    0.247708        0.166230    
    0.238630        0.202237    
    0.220648        0.222235    
    0.203665        0.226859    
    0.191395        0.221299    
    0.184220        0.206079    
    0.180066        0.182007    
    0.175000        0.150171    
    0.163790        0.112711    
    0.142088        0.734084E-01
    0.106716        0.366851E-01
    0.578845E-01    0.102594E-01
     0.00000         0.00000    
     0.00000         0.00000    
    0.807773E-01    0.135772E-01
    0.144747        0.474714E-01
    0.186802        0.927237E-01
    0.205218        0.137052    
    0.208692        0.174556    
    0.204240        0.201265    
    0.198824        0.216438    
    0.197529        0.221419    
    0.200465        0.214999    
    0.205949        0.197830    
    0.209508        0.169275    
    0.204119        0.131273    
    0.184025        0.879872E-01
    0.142236        0.450106E-01
    0.797514E-01    0.128108E-01
     0.00000         0.00000    
     0.00000         0.00000    
    0.581076E-01    0.104023E-01
    0.107565        0.376686E-01
    0.143319        0.754871E-01
    0.164631        0.115168    
    0.175029        0.152715    
    0.179997        0.183618    
    0.184700        0.206698    
    0.192900        0.221644    
    0.206904        0.225182    
    0.224797        0.216421    
    0.241152        0.193003    
    0.246645        0.155090    
    0.231363        0.107328    
    0.185874        0.555312E-01
    0.106888        0.161004E-01
     0.00000         0.00000    
     0.00000         0.00000    
    0.401299E-01    0.820810E-02
    0.767753E-01    0.305699E-01
    0.106398        0.622549E-01
    0.126480        0.974205E-01
    0.139630        0.133859    
    0.150189        0.167732    
    0.162579        0.196788    
    0.179322        0.220826    
    0.203581        0.235261    
    0.236569        0.237697    
    0.270358        0.221579    
    0.291942        0.185347    
    0.287400        0.132315    
    0.238023        0.704619E-01
    0.141337        0.209200E-01
     0.00000         0.00000    
     0.00000         0.00000    
    0.257563E-01    0.646093E-02
    0.519616E-01    0.245087E-01
    0.745557E-01    0.509250E-01
    0.919900E-01    0.810208E-01
    0.104666        0.115254    
    0.116630        0.151525    
    0.132783        0.184936    
    0.154752        0.215407    
    0.186896        0.242254    
    0.234384        0.261200    
    0.291767        0.256305    
    0.337850        0.223130    
    0.349974        0.165050    
    0.303821        0.885766E-01
    0.185568        0.267933E-01
     0.00000         0.00000    
     0.00000         0.00000    
    0.146930E-01    0.490089E-02
    0.316831E-01    0.188303E-01
    0.475431E-01    0.400013E-01
    0.606505E-01    0.648098E-01
    0.716755E-01    0.950649E-01
    0.830324E-01    0.130871    
    0.987973E-01    0.166357    
    0.119096        0.199644    
    0.151480        0.239295    
    0.216435        0.281472    
    0.306247        0.292560    
    0.387002        0.264856    
    0.426255        0.201514    
    0.383279        0.113471    
    0.245188        0.351200E-01
     0.00000         0.00000    
     0.00000         0.00000    
    0.659602E-02    0.328437E-02
    0.168307E-01    0.126192E-01
    0.265112E-01    0.282874E-01
    0.350777E-01    0.475302E-01
    0.425594E-01    0.726419E-01
    0.505057E-01    0.105930    
    0.623650E-01    0.137777    
    0.792978E-01    0.163684    
    0.106197        0.213369    
    0.172009        0.293111    
    0.295587        0.328722    
    0.429512        0.303695    
    0.510739        0.235263    
    0.480971        0.133544    
    0.312393        0.450662E-01
     0.00000         0.00000    
     0.00000         0.00000    
    0.168707E-02    0.171215E-02
    0.649078E-02    0.677701E-02
    0.113590E-01    0.165895E-01
    0.161435E-01    0.296288E-01
    0.207828E-01    0.474874E-01
    0.241102E-01    0.728678E-01
    0.258643E-01    0.976507E-01
    0.293732E-01    0.110074    
    0.451956E-01    0.159922    
    0.116590        0.264801    
    0.267663        0.331183    
    0.463779        0.325032    
    0.617486        0.246846    
    0.600566        0.138046    
    0.393779        0.464146E-01
     0.00000         0.00000    
     0.00000         0.00000    
    0.247324E-04    0.247324E-04
    0.155224E-02    0.152495E-02
    0.273406E-02    0.605013E-02
    0.402371E-02    0.133928E-01
    0.614576E-02    0.224685E-01
    0.731495E-02    0.351789E-01
    0.508460E-02    0.473255E-01
    0.271087E-02    0.432927E-01
    0.129804E-02    0.768804E-01
    0.422997E-01    0.189330    
    0.195265        0.257201    
    0.524146        0.260298    
    0.711973        0.205604    
    0.696755        0.969596E-01
    0.461485        0.262444E-01
     0.00000         0.00000    
     0.00000         0.00000    
     0.00000         0.00000    
     0.00000         0.00000    
     0.00000         0.00000    
     0.00000         0.00000    
     0.00000         0.00000    
     0.00000         0.00000    
     0.00000         0.00000    
     0.00000         0.00000    
     0.00000         0.00000    
     0.00000         0.00000    
     0.00000         0.00000    
    0.685724         0.00000    
    0.832375         0.00000    
    0.702109         0.00000    
    0.458184         0.00000    
     0.00000         0.00000    
