    0.000000000000000D+00    0.000000000000000D+00
    0.000000000000000D+00    0.000000000000000D+00
    0.000000000000000D+00    0.000000000000000D+00
    0.000000000000000D+00    0.000000000000000D+00
    0.000000000000000D+00    0.000000000000000D+00
    0.000000000000000D+00    0.000000000000000D+00
    0.000000000000000D+00    0.000000000000000D+00
    0.000000000000000D+00    0.000000000000000D+00
    0.000000000000000D+00    0.000000000000000D+00
    0.000000000000000D+00    0.000000000000000D+00
    0.000000000000000D+00    0.000000000000000D+00
    0.000000000000000D+00    0.000000000000000D+00
    0.000000000000000D+00    0.000000000000000D+00
    0.000000000000000D+00    0.000000000000000D+00
    0.000000000000000D+00    0.000000000000000D+00
    0.000000000000000D+00    0.000000000000000D+00
    0.000000000000000D+00    0.000000000000000D+00
    0.000000000000000D+00    0.000000000000000D+00
    0.000000000000000D+00    0.000000000000000D+00
    0.000000000000000D+00    0.000000000000000D+00
    0.000000000000000D+00    0.000000000000000D+00
    0.000000000000000D+00    0.000000000000000D+00
    0.000000000000000D+00    0.000000000000000D+00
    0.000000000000000D+00    0.000000000000000D+00
    0.000000000000000D+00    0.000000000000000D+00
    0.000000000000000D+00    0.000000000000000D+00
    0.000000000000000D+00    0.000000000000000D+00
    0.000000000000000D+00    0.000000000000000D+00
    0.000000000000000D+00    0.000000000000000D+00
    0.000000000000000D+00    0.000000000000000D+00
    0.000000000000000D+00    0.000000000000000D+00
    0.000000000000000D+00    0.000000000000000D+00
    0.000000000000000D+00    0.000000000000000D+00
    0.000000000000000D+00    0.000000000000000D+00
    0.000000000000000D+00    0.000000000000000D+00
    0.000000000000000D+00    0.000000000000000D+00
    0.000000000000000D+00    0.000000000000000D+00
    0.000000000000000D+00    0.000000000000000D+00
    0.000000000000000D+00    0.000000000000000D+00
    0.000000000000000D+00    0.000000000000000D+00
    0.000000000000000D+00    0.000000000000000D+00
    0.000000000000000D+00    0.000000000000000D+00
    0.766355557148310D-03   -0.587502540988837D-03
    0.165935945120398D-02   -0.300885788000617D-02
    0.186836896471473D-02   -0.661061786176604D-02
    0.205039788351020D-02   -0.104558911148012D-01
    0.198480580964414D-02   -0.145667968981071D-01
    0.139719919187581D-02   -0.172702624432075D-01
   -0.183210837749222D-03   -0.182008512744968D-01
   -0.237262712397740D-02   -0.159027917304793D-01
   -0.217658514730660D-02   -0.116701063153691D-01
   -0.140803530448680D-02   -0.838813337351488D-02
   -0.775574364609745D-03   -0.623112442402815D-02
   -0.513415825756341D-03   -0.485323555809959D-02
   -0.268125788871400D-03   -0.409274544413719D-02
   -0.675238651247575D-04   -0.373352181354928D-02
    0.790073973605940D-04   -0.369536189128669D-02
    0.162936005168409D-03   -0.385688995486224D-02
    0.225323306637762D-03   -0.421213964532413D-02
    0.254212895020065D-03   -0.462908021678700D-02
    0.266174110755704D-03   -0.511038844363113D-02
    0.252150791113288D-03   -0.557422840225314D-02
    0.223411168188430D-03   -0.601574074460989D-02
    0.175523763070672D-03   -0.637221599306969D-02
    0.117791839512450D-03   -0.664219875464072D-02
    0.485751890837577D-04   -0.678244875916331D-02
   -0.261996136710754D-04   -0.679545951435222D-02
   -0.104026301120702D-03   -0.665729946042697D-02
   -0.181800898264733D-03   -0.637779591108378D-02
   -0.252636175272399D-03   -0.595378026027843D-02
   -0.316701562537030D-03   -0.540428402516813D-02
   -0.363454973721510D-03   -0.474979065601171D-02
   -0.396893870331769D-03   -0.401624167035539D-02
   -0.404837096147877D-03   -0.324856657294859D-02
   -0.394782187617738D-03   -0.247277137820226D-02
   -0.357078288476058D-03   -0.175230389737386D-02
   -0.301997131759715D-03   -0.110364576237491D-02
   -0.226933725741350D-03   -0.595980989996932D-03
   -0.141979213050500D-03   -0.223484010049808D-03
   -0.598784122230752D-04   -0.264248792630837D-04
    0.164071116391885D-04    0.164071116417714D-04
    0.000000000000000D+00    0.000000000000000D+00
    0.000000000000000D+00    0.000000000000000D+00
    0.283000486384687D-02   -0.135585283721740D-02
    0.572547772299532D-02   -0.526772568266990D-02
    0.751670513130156D-02   -0.110717552945204D-01
    0.787661841024112D-02   -0.182419176941891D-01
    0.681657982336806D-02   -0.250314485032135D-01
    0.320638463058149D-02   -0.285206067609027D-01
   -0.232940969198447D-02   -0.293287148703598D-01
   -0.582319516521941D-02   -0.273874350412044D-01
   -0.694035308308409D-02   -0.228194894679390D-01
   -0.507831141612122D-02   -0.182644259258452D-01
   -0.320564958586530D-02   -0.147011729745107D-01
   -0.209301155630371D-02   -0.121547056648424D-01
   -0.118756091944672D-02   -0.104292270826611D-01
   -0.484232390885373D-03   -0.943000920364531D-02
    0.501507102185571D-04   -0.905106189460409D-02
    0.410975974906714D-03   -0.906294534210516D-02
    0.658765301626584D-03   -0.940934030299589D-02
    0.792565445681928D-03   -0.991494081393372D-02
    0.843473776341047D-03   -0.105436617453710D-01
    0.808387641075818D-03   -0.111724690777826D-01
    0.709453030624780D-03   -0.117704373203719D-01
    0.548949298951881D-03   -0.122444868719925D-01
    0.344440242282912D-03   -0.125738120739744D-01
    0.103748456649836D-03   -0.126999989893759D-01
   -0.160631143030782D-03   -0.126120340043749D-01
   -0.433159771023439D-03   -0.122837958332501D-01
   -0.705129689240541D-03   -0.117196032482992D-01
   -0.953747984074503D-03   -0.109251324142700D-01
   -0.117372667883733D-02   -0.992573431412005D-02
   -0.133946622046098D-02   -0.875625584919938D-02
   -0.144876105756481D-02   -0.746590698573450D-02
   -0.148167218298273D-02   -0.611071862964508D-02
   -0.143838271747850D-02   -0.476016294793577D-02
   -0.131538900096629D-02   -0.347646793820897D-02
   -0.111451262687099D-02   -0.233720531719842D-02
   -0.858885308339581D-03   -0.138935710451125D-02
   -0.551874066764783D-03   -0.694394245424198D-03
   -0.260231707260532D-03   -0.244941466856557D-03
   -0.209870750914641D-04   -0.525502626033940D-04
    0.000000000000000D+00    0.000000000000000D+00
    0.000000000000000D+00    0.000000000000000D+00
    0.604320781202161D-02   -0.178299307169919D-02
    0.115993720867544D-01   -0.663899393329650D-02
    0.147600130670533D-01   -0.140095320189872D-01
    0.154888173463038D-01   -0.224704294412970D-01
    0.131354954977773D-01   -0.298472116540931D-01
    0.692636663534781D-02   -0.347709019141741D-01
   -0.226689817018585D-02   -0.371547567105405D-01
   -0.878546066578223D-02   -0.364628170822551D-01
   -0.111769749664305D-01   -0.328630547375270D-01
   -0.905783102158196D-02   -0.281478681871344D-01
   -0.686125397226439D-02   -0.241311046266527D-01
   -0.479826761567255D-02   -0.208637040370452D-01
   -0.288238560395022D-02   -0.181529715293435D-01
   -0.142635329584397D-02   -0.164214394762491D-01
   -0.309052470868681D-03   -0.155258179668675D-01
    0.472275270655660D-03   -0.151688247450418D-01
    0.101776247272448D-02   -0.152401139236170D-01
    0.134187028938780D-02   -0.155989172962546D-01
    0.147175591432552D-02   -0.161220830082806D-01
    0.143205662737358D-02   -0.166964344592388D-01
    0.124712252921949D-02   -0.172354636620770D-01
    0.943886625401502D-03   -0.176541573534214D-01
    0.541797526104312D-03   -0.178912041302794D-01
    0.688293967279342D-04   -0.178964419265179D-01
   -0.453812746312477D-03   -0.176347715054406D-01
   -0.996525501213369D-03   -0.170857537345789D-01
   -0.153250577741319D-02   -0.162468001665227D-01
   -0.203214374169981D-02   -0.151260892878417D-01
   -0.246387354545282D-02   -0.137571886104487D-01
   -0.280230490960917D-02   -0.121761280465531D-01
   -0.301673249188578D-02   -0.104498190528295D-01
   -0.309284732131830D-02   -0.863965623313344D-02
   -0.301059388564010D-02   -0.683269820056644D-02
   -0.277507519973096D-02   -0.510739693073164D-02
   -0.238762841785243D-02   -0.354779973207894D-02
   -0.188214621724628D-02   -0.222808496654669D-02
   -0.128996867931713D-02   -0.120321348812981D-02
   -0.697227403275139D-03   -0.494760721433661D-03
   -0.196312327240050D-03   -0.118588221142409D-03
    0.000000000000000D+00    0.000000000000000D+00
    0.000000000000000D+00    0.000000000000000D+00
    0.927434782939247D-02   -0.178510562412281D-02
    0.178394150462538D-01   -0.684721389393307D-02
    0.231599312098158D-01   -0.144326813733695D-01
    0.240387174614654D-01   -0.234267526414862D-01
    0.198414527725106D-01   -0.317084437106462D-01
    0.107129050224217D-01   -0.377286770575925D-01
   -0.122890809437131D-02   -0.414438373938984D-01
   -0.996113349114129D-02   -0.426209994229412D-01
   -0.142245165007606D-01   -0.408967147284476D-01
   -0.135915322650965D-01   -0.375114041962115D-01
   -0.110860231379386D-01   -0.336809831790468D-01
   -0.814089330431090D-02   -0.298384555016684D-01
   -0.534983456812396D-02   -0.265075286987104D-01
   -0.303232520876476D-02   -0.241632396175597D-01
   -0.119550579278559D-02   -0.226979806138291D-01
    0.136464396999689D-03   -0.218441734671746D-01
    0.108664798266934D-02   -0.214871275527339D-01
    0.166314008533382D-02   -0.215092940585415D-01
    0.192994090895228D-02   -0.217613699973650D-01
    0.190637046426777D-02   -0.221099910896184D-01
    0.165202960158773D-02   -0.224447477535732D-01
    0.119368696036983D-02   -0.226761804322786D-01
    0.579764588721115D-03   -0.227209428669412D-01
   -0.155916267476839D-03   -0.225306764783718D-01
   -0.969155784724420D-03   -0.220497784240528D-01
   -0.181733375871451D-02   -0.212680803880745D-01
   -0.265649233403997D-02   -0.201624088319528D-01
   -0.343694333981893D-02   -0.187591877884637D-01
   -0.411604674646372D-02   -0.170718859844273D-01
   -0.464397566634293D-02   -0.151593187753663D-01
   -0.498585188937951D-02   -0.130727278439491D-01
   -0.510439135281780D-02   -0.108958236158620D-01
   -0.498351349547010D-02   -0.871006788385533D-02
   -0.461496982731612D-02   -0.661058538029526D-02
   -0.401420708832325D-02   -0.468912979856574D-02
   -0.321962213819468D-02   -0.302896741746135D-02
   -0.229333299684250D-02   -0.170105408295325D-02
   -0.133820203395671D-02   -0.743865728110797D-03
   -0.506227307564372D-03   -0.182394023808647D-03
    0.000000000000000D+00    0.000000000000000D+00
    0.000000000000000D+00    0.000000000000000D+00
    0.128355148723772D-01   -0.157256292230104D-02
    0.243686454179916D-01   -0.611460363855571D-02
    0.318288667961312D-01   -0.133839215362385D-01
    0.331677571271391D-01   -0.222021357460622D-01
    0.279795132353244D-01   -0.307106511034245D-01
    0.168502680912937D-01   -0.379174631692404D-01
    0.205367976276832D-02   -0.436443257248191D-01
   -0.938598942529335D-02   -0.468048026675501D-01
   -0.160320780067897D-01   -0.470112233646476D-01
   -0.169188461099255D-01   -0.452497417023788D-01
   -0.149780283625895D-01   -0.421842572461402D-01
   -0.116674757858913D-01   -0.384704958186810D-01
   -0.823710523109724D-02   -0.349549266883255D-01
   -0.519996882239530D-02   -0.321285990105804D-01
   -0.266151372155770D-02   -0.301476987301435D-01
   -0.704291374418536D-03   -0.287893753423948D-01
    0.723222058200313D-03   -0.279268365711631D-01
    0.162654735829130D-02   -0.275178095409042D-01
    0.207262821998822D-02   -0.273838088716369D-01
    0.211305796764542D-02   -0.273994723290759D-01
    0.180873248316771D-02   -0.274285333618163D-01
    0.121943872763901D-02   -0.273908542062768D-01
    0.395137833164388D-03   -0.271810328811328D-01
   -0.601042122340843D-03   -0.267496405652578D-01
   -0.171419895768606D-02   -0.260336169612721D-01
   -0.288139500043302D-02   -0.250117166925720D-01
   -0.403739514135027D-02   -0.236667307380425D-01
   -0.512255292761874D-02   -0.220044854326995D-01
   -0.606248023008718D-02   -0.200559542226566D-01
   -0.680772607352288D-02   -0.178532985963754D-01
   -0.728612460520887D-02   -0.154730987691257D-01
   -0.746999861665049D-02   -0.129734847929232D-01
   -0.731011336318187D-02   -0.104639942391970D-01
   -0.681578550737841D-02   -0.802337644123531D-02
   -0.598528759597439D-02   -0.577033669570624D-02
   -0.488278552851853D-02   -0.378594741526503D-02
   -0.357642680021236D-02   -0.216791519971699D-02
   -0.220480586746133D-02   -0.969373874752933D-03
   -0.931927004357026D-03   -0.242717919395519D-03
    0.000000000000000D+00    0.000000000000000D+00
    0.000000000000000D+00    0.000000000000000D+00
    0.155224116498389D-01   -0.125333456970458D-02
    0.297720104363307D-01   -0.502449322602642D-02
    0.393754558928871D-01   -0.112132600562188D-01
    0.417382858065775D-01   -0.193159207419482D-01
    0.361901724737248D-01   -0.278834580175590D-01
    0.237178887491574D-01   -0.360501012353956D-01
    0.763363938962445D-02   -0.432212382001626D-01
   -0.626407444323835D-02   -0.483531781182990D-01
   -0.154716309331239D-01   -0.509767581706366D-01
   -0.188701416880953D-01   -0.510404999830367D-01
   -0.181925262198938D-01   -0.491924988423999D-01
   -0.151988157486086D-01   -0.462000314352994D-01
   -0.114399842321266D-01   -0.429157223455353D-01
   -0.781008611322334D-02   -0.399506776142686D-01
   -0.461378613257196D-02   -0.375583256187153D-01
   -0.204285927098953D-02   -0.357076723916975D-01
   -0.120013416083848D-03   -0.343621904164915D-01
    0.114694482624577D-02   -0.334802634758082D-01
    0.182555381274756D-02   -0.329145966764659D-01
    0.196668016424562D-02   -0.325302615129884D-01
    0.165483722540003D-02   -0.322023725332998D-01
    0.956831153216676D-03   -0.318434890935237D-01
   -0.517269803055274D-04   -0.313464255459366D-01
   -0.129552213505057D-02   -0.306548375808882D-01
   -0.269950791877724D-02   -0.296950189812761D-01
   -0.418024999875034D-02   -0.284480059756455D-01
   -0.566046931675539D-02   -0.268764609313715D-01
   -0.705056551233019D-02   -0.249966931084104D-01
   -0.827265473082695D-02   -0.228123362562299D-01
   -0.923920956668729D-02   -0.203730693272995D-01
   -0.988300703281550D-02   -0.177265488769559D-01
   -0.101355313808187D-01   -0.149532408397944D-01
   -0.996133394961395D-02   -0.121403955522817D-01
   -0.933528474383890D-02   -0.939160068247740D-02
   -0.828059755030253D-02   -0.681694998956032D-02
   -0.684236449577534D-02   -0.452544783086935D-02
   -0.512728728968914D-02   -0.262010111018535D-02
   -0.326809604763690D-02   -0.119003319014810D-02
   -0.147737943656603D-02   -0.300626795774358D-03
    0.000000000000000D+00    0.000000000000000D+00
    0.000000000000000D+00    0.000000000000000D+00
    0.177563695250002D-01   -0.875391215191231D-03
    0.343306117911794D-01   -0.360807378202211D-02
    0.463681756878735D-01   -0.861030416344279D-02
    0.501008711976474D-01   -0.156610873448098D-01
    0.449221727754187D-01   -0.236959110585325D-01
    0.322172421296475D-01   -0.323285231692038D-01
    0.144411059131152D-01   -0.407915013620165D-01
   -0.147638248284151D-02   -0.476995377539801D-01
   -0.133557467378621D-01   -0.525122302667304D-01
   -0.190794434682684D-01   -0.546532552211676D-01
   -0.201140224262424D-01   -0.543731435653228D-01
   -0.179479963762279D-01   -0.524882226305301D-01
   -0.144532374326999D-01   -0.498454624436633D-01
   -0.105443479651124D-01   -0.470409242228845D-01
   -0.688470829460759D-02   -0.444888568584167D-01
   -0.379411793625275D-02   -0.423167286056536D-01
   -0.140797260967324D-02   -0.405675066531289D-01
    0.221732189443921D-03   -0.392427973490363D-01
    0.115347522430183D-02   -0.382385971973751D-01
    0.143676689390147D-02   -0.374478847410391D-01
    0.115400306368211D-02   -0.367417028946375D-01
    0.388989485146602D-03   -0.360491869562915D-01
   -0.772020141108923D-03   -0.352544229942397D-01
   -0.223406797225847D-02   -0.343001817026468D-01
   -0.390538348807584D-02   -0.331086030109288D-01
   -0.568821495083186D-02   -0.316479576472508D-01
   -0.747998866810416D-02   -0.298835286844217D-01
   -0.918445061182628D-02   -0.278071127031437D-01
   -0.106876557390875D-01   -0.254336236236864D-01
   -0.119039375313326D-01   -0.227798409010708D-01
   -0.127208482753967D-01   -0.199141945736432D-01
   -0.130803028535887D-01   -0.168820096962413D-01
   -0.128992371630856D-01   -0.138014005485267D-01
   -0.121723127274840D-01   -0.107469638956423D-01
   -0.108839870442497D-01   -0.786940584115550D-02
   -0.911045853736331D-02   -0.526388315485402D-02
   -0.693863538159036D-02   -0.307812755662955D-02
   -0.454428015809981D-02   -0.140770381884715D-02
   -0.213332905723594D-02   -0.359208796183533D-03
    0.000000000000000D+00    0.000000000000000D+00
    0.000000000000000D+00    0.000000000000000D+00
    0.191642540561392D-01   -0.531211388105378D-03
    0.375466729187931D-01   -0.230003483780578D-02
    0.513770355182582D-01   -0.588138414148427D-02
    0.569489804397173D-01   -0.115473686523140D-01
    0.531341515346587D-01   -0.187900703337953D-01
    0.407635069615081D-01   -0.274037394820803D-01
    0.230120532193046D-01   -0.364981911008768D-01
    0.548082594240389D-02   -0.448596091083583D-01
   -0.877742627031157D-02   -0.515560686439689D-01
   -0.171536642107550D-01   -0.557384022000841D-01
   -0.204192193083161D-01   -0.573979390821467D-01
   -0.197850203676243D-01   -0.570377482260183D-01
   -0.169574226687894D-01   -0.553956648432595D-01
   -0.131973150217830D-01   -0.530952099750792D-01
   -0.934027083088283D-02   -0.506386550440825D-01
   -0.588784729545391D-02   -0.483392966754006D-01
   -0.311532840522422D-02   -0.463222202114818D-01
   -0.113501911594701D-02   -0.446391862586667D-01
    0.585901679363976D-04   -0.432414038182663D-01
    0.510555184102179D-03   -0.420604233047113D-01
    0.292035788798193D-03   -0.409936308296139D-01
   -0.500664996643890D-03   -0.399722083187784D-01
   -0.177604645762554D-02   -0.388895731377916D-01
   -0.341977924111113D-02   -0.376848446622710D-01
   -0.533310887415953D-02   -0.362759257485874D-01
   -0.739192735608896D-02   -0.346289342247637D-01
   -0.949054469110012D-02   -0.326928645310951D-01
   -0.114973212948913D-01   -0.304610009014433D-01
   -0.133005473322916D-01   -0.279225533321929D-01
   -0.147687141142522D-01   -0.251020138713651D-01
   -0.157969542569219D-01   -0.220375971531430D-01
   -0.162733075775060D-01   -0.187903719704395D-01
   -0.161287876706574D-01   -0.154519043045704D-01
   -0.153038363091437D-01   -0.121222612741899D-01
   -0.138076318765495D-01   -0.893838112273542D-02
   -0.116731387445256D-01   -0.603155141893737D-02
   -0.902564868160911D-02   -0.355327332300110D-02
   -0.601729190589136D-02   -0.164151055747950D-02
   -0.290820795713431D-02   -0.422496207749928D-03
    0.000000000000000D+00    0.000000000000000D+00
    0.000000000000000D+00    0.000000000000000D+00
    0.199296283732030D-01   -0.197298120512753D-03
    0.395779349831564D-01   -0.100556319697557D-02
    0.554447148638269D-01   -0.324291178898514D-02
    0.630245012120486D-01   -0.744701873758410D-02
    0.610314628781239D-01   -0.134626696596853D-01
    0.500104175611791D-01   -0.215375947369812D-01
    0.322472933629649D-01   -0.309317790071586D-01
    0.138482441687078D-01   -0.402071157341846D-01
   -0.246489053744032D-02   -0.485265351151816D-01
   -0.133273406398052D-01   -0.546381622559333D-01
   -0.189879947487536D-01   -0.582096415435404D-01
   -0.201592375092996D-01   -0.595480649055245D-01
   -0.185356541795332D-01   -0.591740849748392D-01
   -0.153083818283883D-01   -0.576893831034303D-01
   -0.116081616789701D-01   -0.556557965810668D-01
   -0.804563663225065D-02   -0.534644770220935D-01
   -0.504748600137151D-02   -0.513645354020973D-01
   -0.280334586836780D-02   -0.494538412778322D-01
   -0.137420099998666D-02   -0.477557287784709D-01
   -0.755914661593804D-03   -0.462514215274343D-01
   -0.885342141654661D-03   -0.448657257127151D-01
   -0.167729067941198D-02   -0.435472360983502D-01
   -0.302664167039073D-02   -0.422008569471512D-01
   -0.481897737231491D-02   -0.407680836946317D-01
   -0.693632375656703D-02   -0.391685731740405D-01
   -0.925141690519599D-02   -0.373583359150430D-01
   -0.116321685572905D-01   -0.352870560405828D-01
   -0.139451809737314D-01   -0.329260502811111D-01
   -0.160421980936036D-01   -0.302688338886234D-01
   -0.177931363622809D-01   -0.273080336547188D-01
   -0.190436270602499D-01   -0.240948368135893D-01
   -0.196877715923953D-01   -0.206524282551439D-01
   -0.195964039617519D-01   -0.170996873556039D-01
   -0.187241222758103D-01   -0.135010221271604D-01
   -0.170195384072400D-01   -0.100380167403493D-01
   -0.145434472679461D-01   -0.682095841369669D-02
   -0.113767234292894D-01   -0.405625950022788D-02
   -0.771759691552554D-02   -0.188396272928311D-02
   -0.380399209380159D-02   -0.489586526604968D-03
    0.000000000000000D+00    0.000000000000000D+00
    0.000000000000000D+00    0.000000000000000D+00
    0.201316705168275D-01    0.665439191504320D-04
    0.405182794933717D-01    0.673498976608802D-04
    0.575211501499627D-01   -0.894782878954797D-03
    0.671100068869711D-01   -0.353012334109205D-02
    0.673658093144178D-01   -0.817152985133133D-02
    0.581856791097870D-01   -0.153155645823994D-01
    0.418841437494702D-01   -0.242621157307663D-01
    0.233102749230778D-01   -0.340330238312786D-01
    0.573116415208577D-02   -0.434482318990738D-01
   -0.739541210442762D-02   -0.511830170944450D-01
   -0.155431327858806D-01   -0.567119147124666D-01
   -0.189654640578944D-01   -0.598329435231602D-01
   -0.189433588057454D-01   -0.609632174920960D-01
   -0.167509591349973D-01   -0.605882666379883D-01
   -0.135500126028277D-01   -0.592632909038028D-01
   -0.101520542642754D-01   -0.574546948029950D-01
   -0.710315194980741D-02   -0.554663697423536D-01
   -0.470283098837891D-02   -0.534908320665473D-01
   -0.310444898413933D-02   -0.516107978267734D-01
   -0.233174550470789D-02   -0.498706279184510D-01
   -0.237015740865479D-02   -0.482313556615379D-01
   -0.312887458886181D-02   -0.466632512023457D-01
   -0.452483219536005D-02   -0.450900021951861D-01
   -0.642333732432059D-02   -0.434609410629450D-01
   -0.871756036701677D-02   -0.416993929927688D-01
   -0.112526628773228D-01   -0.397592731313768D-01
   -0.139046432535894D-01   -0.375820826188200D-01
   -0.165038319144368D-01   -0.351346713683125D-01
   -0.189099001714326D-01   -0.323915256912464D-01
   -0.209438941211972D-01   -0.293434915089348D-01
   -0.224595585390162D-01   -0.260143866833756D-01
   -0.232874927599667D-01   -0.224337780057705D-01
   -0.233085238984790D-01   -0.186916021361539D-01
   -0.224036514264082D-01   -0.148724264383046D-01
   -0.205396620975553D-01   -0.111389224669604D-01
   -0.177075878087583D-01   -0.763814736736400D-02
   -0.140223250328248D-01   -0.457901810781724D-02
   -0.963419718661359D-02   -0.215003301668419D-02
   -0.484174999595976D-02   -0.563911668695599D-03
    0.000000000000000D+00    0.000000000000000D+00
    0.000000000000000D+00    0.000000000000000D+00
    0.197514028189276D-01    0.303875150352825D-03
    0.403551829073535D-01    0.101677848173950D-02
    0.586193717360986D-01    0.118627729221194D-02
    0.701366343621233D-01    0.107541894627565D-04
    0.729003879631055D-01   -0.304951504689170D-02
    0.661382459375707D-01   -0.890399258804369D-02
    0.513577583451364D-01   -0.170802168790347D-01
    0.333452976689706D-01   -0.267056748404559D-01
    0.148618796744257D-01   -0.368348102324326D-01
   -0.392132650364973D-04   -0.458157893227505D-01
   -0.104783953719152D-01   -0.529980916453580D-01
   -0.160994862302031D-01   -0.578869997547111D-01
   -0.179562297013059D-01   -0.605959855548463D-01
   -0.170924806347590D-01   -0.615394063861272D-01
   -0.147826796612971D-01   -0.611767016624954D-01
   -0.118441794832584D-01   -0.599938797936046D-01
   -0.899436588433008D-02   -0.583514865376571D-01
   -0.660931855625796D-02   -0.565020308958753D-01
   -0.494247809466837D-02   -0.546013499415821D-01
   -0.408386891170012D-02   -0.527424311711178D-01
   -0.404543802655178D-02   -0.509399219211604D-01
   -0.477618405758279D-02   -0.491888827591650D-01
   -0.619022026449964D-02   -0.474408633113128D-01
   -0.817454763721979D-02   -0.456564373126883D-01
   -0.106060826022992D-01   -0.437697903422973D-01
   -0.133412588674450D-01   -0.417318825917158D-01
   -0.162323273882136D-01   -0.394871048256063D-01
   -0.191157693420393D-01   -0.369874035490927D-01
   -0.218177569514306D-01   -0.342076399045674D-01
   -0.241622002297343D-01   -0.311115705431676D-01
   -0.259530565180780D-01   -0.277280872174743D-01
   -0.270220447262902D-01   -0.240487128277980D-01
   -0.271804611165860D-01   -0.201822080524455D-01
   -0.263132559992987D-01   -0.161715041459268D-01
   -0.243052241589252D-01   -0.122196865264746D-01
   -0.211636188938566D-01   -0.844444750128478D-02
   -0.169307403390409D-01   -0.511456719542600D-02
   -0.117972303540769D-01   -0.241669667832198D-02
   -0.601319782448570D-02   -0.641375176231000D-03
    0.000000000000000D+00    0.000000000000000D+00
    0.000000000000000D+00    0.000000000000000D+00
    0.190534527212225D-01    0.475482263265724D-03
    0.394677205029751D-01    0.175386470680450D-02
    0.581002591349596D-01    0.291306961772594D-02
    0.712193584676818D-01    0.314675431652739D-02
    0.763190928979834D-01    0.159775594014989D-02
    0.721825281615559D-01   -0.274726998524536D-02
    0.599906803400703D-01   -0.967109883370111D-02
    0.432410069322343D-01   -0.187380760573790D-01
    0.249289487048904D-01   -0.288798474856696D-01
    0.883970844415134D-02   -0.386558180730349D-01
   -0.358833712474033D-02   -0.471693181605144D-01
   -0.114639010227304D-01   -0.536364332228192D-01
   -0.154007195603864D-01   -0.579929703293066D-01
   -0.162505925229618D-01   -0.603791435847301D-01
   -0.151424192063573D-01   -0.612009830716024D-01
   -0.130056340824391D-01   -0.608773368315421D-01
   -0.106020002163335D-01   -0.597986283371646D-01
   -0.842827068881597D-02   -0.582776651926553D-01
   -0.682984560601639D-02   -0.565206795919616D-01
   -0.595546341471702D-02   -0.546819831524417D-01
   -0.588912035578769D-02   -0.528184251218919D-01
   -0.659161447202763D-02   -0.509671151286296D-01
   -0.802444294623557D-02   -0.491059624013412D-01
   -0.100623056885074D-01   -0.472170030297702D-01
   -0.126125789312835D-01   -0.452463680489212D-01
   -0.155084664502747D-01   -0.431509522408454D-01
   -0.186236403798365D-01   -0.408749134761844D-01
   -0.217621136965234D-01   -0.383684265995714D-01
   -0.247658267515801D-01   -0.355935514886502D-01
   -0.274124129668322D-01   -0.325097049373714D-01
   -0.295157917689442D-01   -0.291202706979846D-01
   -0.308408287800038D-01   -0.254168936229659D-01
   -0.312032985348363D-01   -0.214744830223468D-01
   -0.303995230898103D-01   -0.173488995978286D-01
   -0.283199297684761D-01   -0.132144450924949D-01
   -0.248741721060857D-01   -0.922160667674145D-02
   -0.201247487244441D-01   -0.563487796522347D-02
   -0.141803632395335D-01   -0.269430261141981D-02
   -0.734635436100232D-02   -0.721404411560826D-03
    0.000000000000000D+00    0.000000000000000D+00
    0.000000000000000D+00    0.000000000000000D+00
    0.179231073259007D-01    0.624292723045033D-03
    0.377198898901950D-01    0.235713457619205D-02
    0.567295011256342D-01    0.434314110588497D-02
    0.711893058073196D-01    0.577923586860311D-02
    0.786537703252027D-01    0.579442503050121D-02
    0.773175261277909D-01    0.307394889868207D-02
    0.677028450882355D-01   -0.236578347855483D-02
    0.528221611014009D-01   -0.103440456154651D-01
    0.350644616516836D-01   -0.201464080763612D-01
    0.184277371709634D-01   -0.301693467774307D-01
    0.449090228955104D-02   -0.396009134724172D-01
   -0.535748331677480D-02   -0.473883216613665D-01
   -0.113530397176635D-01   -0.532200888073363D-01
   -0.140175919820317D-01   -0.570808256344802D-01
   -0.143891364519884D-01   -0.591765788727415D-01
   -0.133018246822975D-01   -0.598943905490093D-01
   -0.116203342142477D-01   -0.595804561619962D-01
   -0.987542211207737D-02   -0.585861972265256D-01
   -0.851511797461673D-02   -0.571556588290171D-01
   -0.775221285087950D-02   -0.554878221875807D-01
   -0.772461572537879D-02   -0.536907546718988D-01
   -0.844916576346979D-02   -0.518376738570620D-01
   -0.990208754520868D-02   -0.499432558371659D-01
   -0.119981295047794D-01   -0.480103981625953D-01
   -0.146374141084697D-01   -0.460069521998934D-01
   -0.176803407074972D-01   -0.438963586959043D-01
   -0.209832650688754D-01   -0.416327960254262D-01
   -0.243680854690972D-01   -0.391600776574154D-01
   -0.276493843009159D-01   -0.364432653995132D-01
   -0.306140687324389D-01   -0.334204965418386D-01
   -0.330309785431287D-01   -0.300972700195556D-01
   -0.346647626195363D-01   -0.264277490886321D-01
   -0.352587054791810D-01   -0.224974061301894D-01
   -0.346014443388781D-01   -0.183136791911314D-01
   -0.324837077878562D-01   -0.140816850969276D-01
   -0.288106955458489D-01   -0.991082548376895D-02
   -0.235401887639691D-01   -0.612306372121857D-02
   -0.168002979269799D-01   -0.294940625093830D-02
   -0.880985179567877D-02   -0.800377658561985D-03
    0.000000000000000D+00    0.000000000000000D+00
    0.000000000000000D+00    0.000000000000000D+00
    0.166454812381274D-01    0.719999038016294D-03
    0.355648546181725D-01    0.278937905984999D-02
    0.542519240606050D-01    0.544033098496172D-02
    0.695886116458615D-01    0.796573928497144D-02
    0.788975763028001D-01    0.931350502598800D-02
    0.802257987652928D-01    0.826057981454278D-02
    0.736417284514185D-01    0.451094367844755D-02
    0.611237565457353D-01   -0.210964252305952D-02
    0.449007151985948D-01   -0.109015033813076D-01
    0.284583468094172D-01   -0.207098637343993D-01
    0.136339153366318D-01   -0.305318663830243D-01
    0.215905548105154D-02   -0.392453357688395D-01
   -0.578392070642569D-02   -0.463813630864223D-01
   -0.103852410184277D-01   -0.516049819769552D-01
   -0.124123657465303D-01   -0.550476012226078D-01
   -0.126631678876610D-01   -0.569119814466377D-01
   -0.119416453135818D-01   -0.575389780683052D-01
   -0.108631692114131D-01   -0.572480098437132D-01
   -0.992123737411975D-02   -0.563180115242119D-01
   -0.940299925537871D-02   -0.549782262211682D-01
   -0.951580744973211D-02   -0.533791852917120D-01
   -0.103096351358822D-01   -0.516361576297254D-01
   -0.118207785998942D-01   -0.497965811770359D-01
   -0.139677095693630D-01   -0.478936189125224D-01
   -0.166956558827051D-01   -0.459149423839235D-01
   -0.198525958786010D-01   -0.438419616000420D-01
   -0.233287755447259D-01   -0.416354362133079D-01
   -0.269232120803852D-01   -0.392473369439890D-01
   -0.304754120212901D-01   -0.366349853699922D-01
   -0.337357577310812D-01   -0.337382861066350D-01
   -0.364872689163650D-01   -0.305382763588140D-01
   -0.384342164217697D-01   -0.269897565304855D-01
   -0.393197091493115D-01   -0.231382074440445D-01
   -0.388387851757436D-01   -0.189987238956411D-01
   -0.367704312696043D-01   -0.147336520525600D-01
   -0.328984323193702D-01   -0.104777544735792D-01
   -0.271737465344525D-01   -0.653418269939381D-02
   -0.196017972989107D-01   -0.318627019371515D-02
   -0.104316753905339D-01   -0.871321337779587D-03
    0.000000000000000D+00    0.000000000000000D+00
    0.000000000000000D+00    0.000000000000000D+00
    0.150919612587867D-01    0.795062160077997D-03
    0.328249428222283D-01    0.309999739586862D-02
    0.511215494818208D-01    0.626658284196382D-02
    0.670251132066216D-01    0.963483282218410D-02
    0.780534531050382D-01    0.122720578984668D-01
    0.819247985127079D-01    0.127937906602472D-01
    0.782673443377965D-01    0.108280501682393D-01
    0.684040749568222D-01    0.588564049725047D-02
    0.539850593288199D-01   -0.166095478916206D-02
    0.383038425961396D-01   -0.106959661301946D-01
    0.231427522556601D-01   -0.204783241062815D-01
    0.105078989119700D-01   -0.296780559347120D-01
    0.921953800219595D-03   -0.377507172402159D-01
   -0.546929384002337D-02   -0.441714889926502D-01
   -0.920596545310058D-02   -0.488473554887185D-01
   -0.109044599388129D-01   -0.519129403633332D-01
   -0.113538193875307D-01   -0.535623545704952D-01
   -0.111312787471074D-01   -0.541258024221467D-01
   -0.108011507548660D-01   -0.538453289330365D-01
   -0.106834633071189D-01   -0.529902897166844D-01
   -0.110508682549796D-01   -0.517289858802987D-01
   -0.120053221985955D-01   -0.502184043490380D-01
   -0.136156688630167D-01   -0.485368117330672D-01
   -0.158484639921709D-01   -0.467473462492689D-01
   -0.186564742577358D-01   -0.448643073702374D-01
   -0.219268794141959D-01   -0.428859084345875D-01
   -0.255431022226114D-01   -0.407911817488938D-01
   -0.293344679179602D-01   -0.385344850602400D-01
   -0.331229395970654D-01   -0.360842546047180D-01
   -0.366786878210891D-01   -0.333655733027957D-01
   -0.397504167130885D-01   -0.303658598105781D-01
   -0.420462923531427D-01   -0.270043423313374D-01
   -0.432437109330983D-01   -0.233340312899816D-01
   -0.430208150795200D-01   -0.193157526121774D-01
   -0.410486925852704D-01   -0.151315031031769D-01
   -0.370793531833158D-01   -0.108613280779453D-01
   -0.309281628772494D-01   -0.685381357585037D-02
   -0.225805890830252D-01   -0.337165747884448D-02
   -0.121527837098914D-01   -0.935826358683617D-03
    0.000000000000000D+00    0.000000000000000D+00
    0.000000000000000D+00    0.000000000000000D+00
    0.135172769502176D-01    0.826927156989728D-03
    0.299343644777185D-01    0.327769527017824D-02
    0.473658844294368D-01    0.680457624937070D-02
    0.633823259078898D-01    0.108860341963704D-01
    0.754983992488829D-01    0.145205557056636D-01
    0.815220360422039D-01    0.165329685022803D-01
    0.807072943146552D-01    0.162806604447235D-01
    0.736644877771803D-01    0.131072109696537D-01
    0.616948672660177D-01    0.724514066608607D-02
    0.474421590253723D-01   -0.665569510098840D-03
    0.326774820324240D-01   -0.980563175203824D-02
    0.194837703607333D-01   -0.190231201018533D-01
    0.863918870824397D-02   -0.276346146399373D-01
    0.644908050659010D-03   -0.349288712209723D-01
   -0.476436547120368D-02   -0.407208401101457D-01
   -0.802912376067840D-02   -0.449015348011569D-01
   -0.978805705021385D-02   -0.476407479194389D-01
   -0.106258658187329D-01   -0.491319659797362D-01
   -0.110778231398487D-01   -0.496388645779875D-01
   -0.115266251008442D-01   -0.493963696008574D-01
   -0.122787895407476D-01   -0.486116071817162D-01
   -0.134863511194106D-01   -0.474545268803651D-01
   -0.152680324298936D-01   -0.460407120658902D-01
   -0.176150603828517D-01   -0.444585226814863D-01
   -0.205268088826638D-01   -0.427492056807545D-01
   -0.238960675532624D-01   -0.409351356130320D-01
   -0.276454808549862D-01   -0.390087892792341D-01
   -0.315979515414646D-01   -0.369432195697054D-01
   -0.356066717614422D-01   -0.347046490687666D-01
   -0.394228157227714D-01   -0.322310946022959D-01
   -0.428140722867343D-01   -0.294882641223936D-01
   -0.454461634053563D-01   -0.264033189002443D-01
   -0.469938963226696D-01   -0.229860039673361D-01
   -0.470520054093812D-01   -0.192040678500659D-01
   -0.452611433572829D-01   -0.151836360782475D-01
   -0.412409637197004D-01   -0.110202988056253D-01
   -0.347607447635272D-01   -0.702437099025897D-02
   -0.256448725941393D-01   -0.349897165824281D-02
   -0.139906619556688D-01   -0.977966396014336D-03
    0.000000000000000D+00    0.000000000000000D+00
    0.000000000000000D+00    0.000000000000000D+00
    0.118036415271741D-01    0.842448709048309D-03
    0.267192019940979D-01    0.335358592511947D-02
    0.432000331167514D-01    0.711581254781117D-02
    0.590494440957602D-01    0.116650007161233D-01
    0.720359061848327D-01    0.161955720284134D-01
    0.799174722982610D-01    0.194650604027095D-01
    0.817090039753025D-01    0.209023455943276D-01
    0.774747879905922D-01    0.195698980091047D-01
    0.680271740732775D-01    0.154849656012130D-01
    0.555774441680908D-01    0.911634486558467D-02
    0.416910891710739D-01    0.947724420171553D-03
    0.284450603960083D-01   -0.778302258832324D-02
    0.168297487553376D-01   -0.164970909405784D-01
    0.756236470456242D-02   -0.243236592757737D-01
    0.670707049602489D-03   -0.309290853237194D-01
   -0.408880465702793D-02   -0.361110595129969D-01
   -0.721846018195089D-02   -0.398463674004679D-01
   -0.920583162771186D-02   -0.423144354762490D-01
   -0.105896375762076D-01   -0.436598068667779D-01
   -0.117369888530859D-01   -0.441497400824610D-01
   -0.130052619028381D-01   -0.439483591034429D-01
   -0.145720081396522D-01   -0.432702036873287D-01
   -0.166002920272699D-01   -0.422308359518682D-01
   -0.191202018134673D-01   -0.409579911596931D-01
   -0.221557381999621D-01   -0.395089121847677D-01
   -0.256397212860352D-01   -0.379334218622067D-01
   -0.295029595375843D-01   -0.362433813022276D-01
   -0.336052962643428D-01   -0.344240235448023D-01
   -0.377967165015202D-01   -0.324598292224131D-01
   -0.418578161089278D-01   -0.302822494818043D-01
   -0.455388665982486D-01   -0.278720469875253D-01
   -0.485172855657349D-01   -0.251258413655531D-01
   -0.504202817352948D-01   -0.220650636844607D-01
   -0.508219056401386D-01   -0.186015627979770D-01
   -0.492625543711836D-01   -0.148731394724160D-01
   -0.453022259726086D-01   -0.109092378791417D-01
   -0.385550568653360D-01   -0.704498739464615D-02
   -0.287702640435684D-01   -0.354875073058759D-02
   -0.158656290435295D-01   -0.100841526921593D-02
    0.000000000000000D+00    0.000000000000000D+00
    0.000000000000000D+00    0.000000000000000D+00
    0.101606455736047D-01    0.825758810633113D-03
    0.235496705252373D-01    0.333259041103537D-02
    0.388038115780042D-01    0.719498565164178D-02
    0.541224408623407D-01    0.120910485594928D-01
    0.674227518244552D-01    0.172140024408004D-01
    0.766548125412061D-01    0.215908218454436D-01
    0.806502403218999D-01    0.244463617378486D-01
    0.790622931728776D-01    0.248810703636928D-01
    0.723432287675804D-01    0.227188034991163D-01
    0.621020309988898D-01    0.180521575855347D-01
    0.496828045769902D-01    0.113548392679061D-01
    0.370271533087049D-01    0.351191806210729D-02
    0.251630679362922D-01   -0.480352380859758D-02
    0.150632742167803D-01   -0.127263205423962D-01
    0.694665743435578D-02   -0.198457853842530D-01
    0.810862314842273D-03   -0.257511153624313D-01
   -0.366247548634689D-02   -0.303925859211259D-01
   -0.688265436179840D-02   -0.337498955807257D-01
   -0.928836421527234D-02   -0.359811273698841D-01
   -0.112735419595522D-01   -0.372408519438413D-01
   -0.131696269230945D-01   -0.377289135587516D-01
   -0.152090751830540D-01   -0.376183366594429D-01
   -0.175682470703931D-01   -0.370652160144869D-01
   -0.203231756365273D-01   -0.361954670386735D-01
   -0.235252606010496D-01   -0.351000201905857D-01
   -0.271371433094594D-01   -0.338439698195142D-01
   -0.311198482931604D-01   -0.324603043086122D-01
   -0.353501533409318D-01   -0.309555858163898D-01
   -0.397066326212603D-01   -0.293192839726994D-01
   -0.439753305616119D-01   -0.275049840989056D-01
   -0.479265959767592D-01   -0.254778434498562D-01
   -0.512231876949291D-01   -0.231530613607026D-01
   -0.534889275125683D-01   -0.205114315984256D-01
   -0.542410643850716D-01   -0.174766660206489D-01
   -0.529744452895957D-01   -0.141241819538062D-01
   -0.491269941476395D-01   -0.104899124529851D-01
   -0.422228147871230D-01   -0.685239585585740D-02
   -0.318278072348779D-01   -0.349675348456835D-02
   -0.177703643445575D-01   -0.100080620050035D-02
    0.000000000000000D+00    0.000000000000000D+00
    0.000000000000000D+00    0.000000000000000D+00
    0.849019089168972D-02    0.797402789499918D-03
    0.202767354239101D-01    0.323341818325718D-02
    0.342453404690638D-01    0.709892839793189D-02
    0.488290906927709D-01    0.121241123408863D-01
    0.621964042464798D-01    0.177174996624250D-01
    0.724402532599302D-01    0.228967082381463D-01
    0.783036887537004D-01    0.270630863161146D-01
    0.791345555600423D-01    0.291187393859961D-01
    0.750179940392114D-01    0.288268733765734D-01
    0.670944487053664D-01    0.260495511934388D-01
    0.564380962374475D-01    0.209757601100425D-01
    0.447563989563893D-01    0.144457973107667D-01
    0.331478551930473D-01    0.690402040957356D-02
    0.226181847902225D-01   -0.690945625482390D-03
    0.136493073537343D-01   -0.791938139997479D-02
    0.637594991745661D-02   -0.142822608280373D-01
    0.687391970609466D-03   -0.195649560069790D-01
   -0.370841771156130D-02   -0.237249033689082D-01
   -0.717594743922574D-02   -0.267461077300807D-01
   -0.100482167277417D-01   -0.288121147294834D-01
   -0.126703884212574D-01   -0.300083029265439D-01
   -0.152597254068976D-01   -0.305576878883228D-01
   -0.180355266713738D-01   -0.305610661190385D-01
   -0.210849711017299D-01   -0.301950838751260D-01
   -0.244989025784786D-01   -0.295333720394184D-01
   -0.282642869131275D-01   -0.286816055453890D-01
   -0.323689273282642D-01   -0.276763987355526D-01
   -0.367205034993529D-01   -0.265494125937375D-01
   -0.412131580319815D-01   -0.253051893884163D-01
   -0.456641581080023D-01   -0.239023971986782D-01
   -0.498481580526581D-01   -0.223270072374814D-01
   -0.534459196467413D-01   -0.204730935401161D-01
   -0.560612857644156D-01   -0.183420581718553D-01
   -0.571925186351721D-01   -0.158062817688523D-01
   -0.562604900914669D-01   -0.129528252242005D-01
   -0.526232509806345D-01   -0.974588728410709D-02
   -0.456529623784767D-01   -0.646664623790117D-02
   -0.347808803129843D-01   -0.335218577280068D-02
   -0.196224194835861D-01   -0.977714428139277D-03
    0.000000000000000D+00    0.000000000000000D+00
    0.000000000000000D+00    0.000000000000000D+00
    0.694930890601792D-02    0.747882641063423D-03
    0.171887266355626D-01    0.307116552051012D-02
    0.297558961662018D-01    0.683362585473641D-02
    0.433642934415414D-01    0.118903754310437D-01
    0.563993510562303D-01    0.176798197857137D-01
    0.671583502462905D-01    0.234935817072295D-01
    0.743859733348088D-01    0.286025146795746D-01
    0.772424011686519D-01    0.320921757633143D-01
    0.755683028733871D-01    0.335366679669667D-01
    0.700357273784721D-01    0.326048453620660D-01
    0.614361969047545D-01    0.294080906297066D-01
    0.512144121818524D-01    0.244106270404340D-01
    0.403393463712660D-01    0.180926259053563D-01
    0.299188851861621D-01    0.112282586536207D-01
    0.204863025271511D-01    0.429286057488423D-02
    0.124034649613409D-01   -0.213563131220033D-02
    0.569904053802517D-02   -0.782046801561066D-02
    0.220041641452875D-03   -0.125295282899529D-01
   -0.426605449022775D-02   -0.162620543620885D-01
   -0.807192871645508D-02   -0.190327577951995D-01
   -0.114579961410074D-01   -0.209650225179858D-01
   -0.146864592480151D-01   -0.221771988193681D-01
   -0.179359094469709D-01   -0.228152155364349D-01
   -0.213553358328706D-01   -0.230068113350420D-01
   -0.250228087132998D-01   -0.228666391457947D-01
   -0.289813521292579D-01   -0.224875813249077D-01
   -0.332218313508844D-01   -0.219361140444446D-01
   -0.376968572087439D-01   -0.212528943946042D-01
   -0.423126572031650D-01   -0.204565469287545D-01
   -0.469206877618230D-01   -0.195275454458985D-01
   -0.513081412869916D-01   -0.184455047018294D-01
   -0.551741041160282D-01   -0.171311344675750D-01
   -0.581168161360650D-01   -0.155537021410355D-01
   -0.596162284370903D-01   -0.136067985647010D-01
   -0.590395778614861D-01   -0.113179074805712D-01
   -0.556571830085208D-01   -0.865414414498605D-02
   -0.487155512954432D-01   -0.582919625130754D-02
   -0.374717403926128D-01   -0.306662831293621D-02
   -0.213737219961939D-01   -0.902543469004696D-03
    0.000000000000000D+00    0.000000000000000D+00
    0.000000000000000D+00    0.000000000000000D+00
    0.546285187896010D-02    0.691191287108002D-03
    0.141665611583024D-01    0.285636435107832D-02
    0.253243432576900D-01    0.644869858927031D-02
    0.378469665257358D-01    0.113644483753543D-01
    0.503346735679620D-01    0.172361065312600D-01
    0.613138525173085D-01    0.233746982844248D-01
    0.695319840972671D-01    0.292744823824692D-01
    0.740831785428162D-01    0.339080977984748D-01
    0.745578464738084D-01    0.369246788850955D-01
    0.712933342574885D-01    0.377798955814214D-01
    0.648022606038324D-01    0.364210045160239D-01
    0.562189728375252D-01    0.331838498993729D-01
    0.464519198042475D-01    0.282937184218863D-01
    0.364884376319211D-01    0.225345076279932D-01
    0.270250791329878D-01    0.162626632932116D-01
    0.184544852942094D-01    0.101098602239482D-01
    0.110180224742230D-01    0.438473572509241D-02
    0.464890522993255D-02   -0.662646270113870D-03
   -0.754636455721533D-03   -0.486395520347545D-02
   -0.542489641061013D-02   -0.826470386652782D-02
   -0.959121479302242D-02   -0.108235177412869D-01
   -0.134616654766315D-01   -0.127186913312864D-01
   -0.172437073772513D-01   -0.139766891231383D-01
   -0.210580913895283D-01   -0.147921274804712D-01
   -0.250313434516794D-01   -0.152080241658697D-01
   -0.291988485021137D-01   -0.153766686742383D-01
   -0.335975230727525D-01   -0.153299628904379D-01
   -0.381887686332086D-01   -0.151525233482645D-01
   -0.429159276750726D-01   -0.148559897732842D-01
   -0.476502588393471D-01   -0.144430985369301D-01
   -0.522071390375815D-01   -0.139077984905102D-01
   -0.563023181070609D-01   -0.131641220038051D-01
   -0.595456569920686D-01   -0.122088515543821D-01
   -0.614019038114375D-01   -0.108944707740858D-01
   -0.612046485532000D-01   -0.926996611236481D-02
   -0.581389581826450D-01   -0.723136480038053D-02
   -0.513319126422557D-01   -0.498318498422931D-02
   -0.398631152837029D-01   -0.269096462768271D-02
   -0.229648371646392D-01   -0.810788193740183D-03
    0.000000000000000D+00    0.000000000000000D+00
    0.000000000000000D+00    0.000000000000000D+00
    0.413592420893454D-02    0.623295966984255D-03
    0.114153230241973D-01    0.260821203233949D-02
    0.211638960436346D-01    0.595902297011713D-02
    0.324841787210645D-01    0.106677244670043D-01
    0.441949315568573D-01    0.164042442729049D-01
    0.549960105662229D-01    0.227186104248820D-01
    0.637602632192971D-01    0.290344966606220D-01
    0.695228564227542D-01    0.345784727312887D-01
    0.717910570481008D-01    0.388449650657377D-01
    0.705815580729263D-01    0.412837167520596D-01
    0.661865110784500D-01    0.417334784947058D-01
    0.594489482241703D-01    0.402489084178068D-01
    0.510756287010025D-01    0.370453972102875D-01
    0.420213116883219D-01    0.326284149017161D-01
    0.329050599577883D-01    0.273871818204608D-01
    0.242717444288247D-01    0.218799285659051D-01
    0.164099034615872D-01    0.164294938666705D-01
    0.940451268415219D-02    0.113923361006757D-01
    0.326355759720474D-02    0.691647797669415D-02
   -0.218555091477189D-02    0.312509069121415D-02
   -0.705853824065067D-02    0.155145181937729D-04
   -0.115873351774689D-01   -0.244217747401709D-02
   -0.158893230926799D-01   -0.432757030683198D-02
   -0.201521055978680D-01   -0.573428094785523D-02
   -0.244398588196451D-01   -0.675608706098395D-02
   -0.288655400155344D-01   -0.748945819141300D-02
   -0.334278318806816D-01   -0.800697638659239D-02
   -0.381605630095043D-01   -0.837294233835839D-02
   -0.429887129488080D-01   -0.862431403679405D-02
   -0.478463167217605D-01   -0.877063115290299D-02
   -0.525426144301255D-01   -0.881084190263602D-02
   -0.568434274212558D-01   -0.868467056494382D-02
   -0.603455777042412D-01   -0.836855688129555D-02
   -0.625361730219384D-01   -0.774592124855961D-02
   -0.626940146516421D-01   -0.681627697517868D-02
   -0.599681942012483D-01   -0.548435419501242D-02
   -0.533470728244244D-01   -0.388666014942652D-02
   -0.417872005985442D-01   -0.214912309839389D-02
   -0.242944479054505D-01   -0.658054272881556D-03
    0.000000000000000D+00    0.000000000000000D+00
    0.000000000000000D+00    0.000000000000000D+00
    0.291541918607651D-02    0.552332321588421D-03
    0.884268161253702D-02    0.233230507082417D-02
    0.172291560360946D-01    0.540335083114503D-02
    0.273245222349602D-01    0.978571356403611D-02
    0.381151846979556D-01    0.153012627659583D-01
    0.485347383313243D-01    0.215281118237457D-01
    0.575040494680924D-01    0.281074003195887D-01
    0.641509263370347D-01    0.342199463590661D-01
    0.678301437878898D-01    0.395146987751679D-01
    0.684145132104077D-01    0.432916380404828D-01
    0.659474978316561D-01    0.453554208014531D-01
    0.610234615522501D-01    0.456125466678352D-01
    0.542006551472226D-01    0.440819039681117D-01
    0.462505612929988D-01    0.412159822283092D-01
    0.378329542115058D-01    0.372160400592421D-01
    0.294312620666769D-01    0.326557926571823D-01
    0.214853374788983D-01    0.278125586177406D-01
    0.141090856452182D-01    0.230534325893422D-01
    0.744729307492180D-02    0.186224809598062D-01
    0.139740285596478D-02    0.146115981332401D-01
   -0.409624912364639D-02    0.111807657516626D-01
   -0.918872727177824D-02    0.823188728889440D-02
   -0.140090042295165D-01    0.584760571820189D-02
   -0.186780864699245D-01    0.384926220369011D-02
   -0.233119570787875D-01    0.227324789534272D-02
   -0.279748495037332D-01    0.938632475767730D-03
   -0.327286532944170D-01   -0.136469785005340D-03
   -0.375801737708114D-01   -0.108789872353326D-02
   -0.425132435801005D-01   -0.190114834388828D-02
   -0.474560667036265D-01   -0.263399644266843D-02
   -0.522688009805853D-01   -0.327305335601686D-02
   -0.567213571703482D-01   -0.377223288067566D-02
   -0.604503118802747D-01   -0.413126685158124D-02
   -0.629287048009137D-01   -0.420631519309831D-02
   -0.634431502213573D-01   -0.403507330028482D-02
   -0.610704046182922D-01   -0.345435920102392D-02
   -0.547352046550028D-01   -0.260242700401843D-02
   -0.432176238651519D-01   -0.153991038536787D-02
   -0.253531424593310D-01   -0.491169836765200D-03
    0.000000000000000D+00    0.000000000000000D+00
    0.000000000000000D+00    0.000000000000000D+00
    0.186093628832953D-02    0.478062993814736D-03
    0.657947044664000D-02    0.204651906042688D-02
    0.136779070844486D-01    0.480041257415033D-02
    0.225354937600155D-01    0.882382523733181D-02
    0.323202515862135D-01    0.139704839230212D-01
    0.420976303143638D-01    0.200031001626838D-01
    0.509632319651544D-01    0.265319634864886D-01
    0.580474537081451D-01    0.329938478198836D-01
    0.627533859263646D-01    0.389298616122471D-01
    0.647554334772749D-01    0.437630811935163D-01
    0.639970835305447D-01    0.471923639961271D-01
    0.608136360437668D-01    0.489914293809111D-01
    0.555919401449491D-01    0.491417794899808D-01
    0.489834322358197D-01    0.478342010902757D-01
    0.415108015441077D-01    0.452842233008539D-01
    0.337126206413358D-01    0.418850517919920D-01
    0.259861947919083D-01    0.379272946725602D-01
    0.185654203704362D-01    0.337635084750993D-01
    0.116422306243716D-01    0.296208268788368D-01
    0.519146539466972D-02    0.256970579203759D-01
   -0.744670957536412D-03    0.221061751763372D-01
   -0.632087843667704D-02    0.188970794400942D-01
   -0.115552126045273D-01    0.160910440466924D-01
   -0.166279608868226D-01    0.136437277963462D-01
   -0.215537522827704D-01    0.115283758832352D-01
   -0.264850539016519D-01    0.966390432389035D-02
   -0.314025284731194D-01    0.801315821697913D-02
   -0.364064788739448D-01    0.650144181848352D-02
   -0.414241228818192D-01    0.510312936495144D-02
   -0.464701328339150D-01    0.378372850792347D-02
   -0.513703840201804D-01    0.253803908079054D-02
   -0.559697467323098D-01    0.140071897471567D-02
   -0.598769073072700D-01    0.380076430212280D-03
   -0.626188775500828D-01   -0.415600987260920D-03
   -0.634297405754912D-01   -0.986241794986918D-03
   -0.614029140640340D-01   -0.119320567194941D-02
   -0.553441653473376D-01   -0.111417953689168D-02
   -0.440026977385267D-01   -0.761898052757819D-03
   -0.259834881750305D-01   -0.262431525811830D-03
    0.000000000000000D+00    0.000000000000000D+00
    0.000000000000000D+00    0.000000000000000D+00
    0.938359166851713D-03    0.403856377640731D-03
    0.455481188739559D-02    0.175340211694321D-02
    0.104565435798043D-01    0.417649644368950D-02
    0.181216370539352D-01    0.777314633823364D-02
    0.268417637195481D-01    0.125026587239923D-01
    0.358757492794284D-01    0.181525276506224D-01
    0.443829565674610D-01    0.245119305005048D-01
    0.516508854067661D-01    0.310126010077899D-01
    0.570051944219334D-01    0.373706608685071D-01
    0.601297214488541D-01    0.429306093903071D-01
    0.607746961880546D-01    0.474498996785419D-01
    0.591529302355687D-01    0.505871181084030D-01
    0.554673017579602D-01    0.522196648300501D-01
    0.502198237628218D-01    0.524672502261982D-01
    0.438672294916825D-01    0.513589690639913D-01
    0.368538340426037D-01    0.492813583633441D-01
    0.296297596442655D-01    0.463895173314919D-01
    0.224108154590041D-01    0.430484211783551D-01
    0.154814480920689D-01    0.394722460469311D-01
    0.885897083878307D-02    0.358433979790282D-01
    0.264324856203242D-02    0.323709023509373D-01
   -0.324206902262984D-02    0.290455486700588D-01
   -0.881959224246620D-02    0.260399686101808D-01
   -0.141772458228713D-01    0.232181890052150D-01
   -0.193846841709842D-01    0.207160410462488D-01
   -0.245061110362321D-01    0.183441261348306D-01
   -0.296010735655459D-01    0.162118569978856D-01
   -0.347001924956917D-01    0.141370349165686D-01
   -0.398105747453120D-01    0.122073742152910D-01
   -0.449048850341593D-01    0.103013005401877D-01
   -0.498794242724585D-01    0.847641694961177D-02
   -0.545603551607324D-01    0.672181305042243D-02
   -0.586150366516896D-01    0.504657364921894D-02
   -0.615518066410210D-01    0.356936916841788D-02
   -0.626381646991278D-01    0.223639686487278D-02
   -0.609250788821968D-01    0.125447177046388D-02
   -0.552098484335174D-01    0.503175927114480D-03
   -0.441378421799332D-01    0.434331281174960D-04
   -0.262455185386990D-01   -0.254730751896379D-04
    0.000000000000000D+00    0.000000000000000D+00
    0.000000000000000D+00    0.000000000000000D+00
    0.172279503751882D-03    0.331664717137731D-03
    0.284088534694936D-02    0.146646502813577D-02
    0.765789990245879D-02    0.354909302916786D-02
    0.141900672359762D-01    0.671577905966917D-02
    0.218610376236890D-01    0.109472751840341D-01
    0.300253628417303D-01    0.161588621012089D-01
    0.380095638446739D-01    0.221300692829081D-01
    0.451283538291431D-01    0.285066619362755D-01
    0.508248733146957D-01    0.349403040576406D-01
    0.546709669125479D-01    0.409519238816087D-01
    0.564289231813542D-01    0.462166993809151D-01
    0.561102153907877D-01    0.503918897768522D-01
    0.538324653080593D-01    0.533117617999135D-01
    0.499437517762493D-01    0.549216318234397D-01
    0.447791716251626D-01    0.552573889454602D-01
    0.387563250500774D-01    0.544964163405782D-01
    0.322365289948956D-01    0.528157674660967D-01
    0.254996629166204D-01    0.504633537621416D-01
    0.188115702810731D-01    0.476541488058889D-01
    0.122591576913106D-01    0.445776190188520D-01
    0.599191342104193D-02    0.414098019568702D-01
   -0.483475161414978D-04    0.382350592040993D-01
   -0.578987951597024D-02    0.351663574284052D-01
   -0.113636201423062D-01    0.321960481830521D-01
   -0.167259192905921D-01    0.293867128873925D-01
   -0.220283385872875D-01    0.266746075331478D-01
   -0.272189065742625D-01    0.240958548842774D-01
   -0.324345742533527D-01    0.215697027846067D-01
   -0.375881527820661D-01    0.191228765210327D-01
   -0.427576982241392D-01    0.166976184376642D-01
   -0.477707549139886D-01    0.143142193062781D-01
   -0.525466160411556D-01    0.119786980706917D-01
   -0.567011312560337D-01    0.969552105371098D-02
   -0.598132728795116D-01    0.755317423510535D-02
   -0.610968686492382D-01    0.552768666285093D-02
   -0.596528194350060D-01    0.377908624866436D-02
   -0.542138998638206D-01    0.223837195743179D-02
   -0.435099907449163D-01    0.992752123622835D-03
   -0.259360590393197D-01    0.265035974457076D-03
    0.000000000000000D+00    0.000000000000000D+00
    0.000000000000000D+00    0.000000000000000D+00
   -0.456758940357742D-03    0.261431842929246D-03
    0.138332949913862D-02    0.118603916871676D-02
    0.523296432494220D-02    0.293279915311997D-02
    0.107195811500225D-01    0.564388256833529D-02
    0.173554928908047D-01    0.936614598407217D-02
    0.246347712890427D-01    0.140310783586893D-01
    0.319476261410916D-01    0.195471215919869D-01
    0.387631855429823D-01    0.255729598791173D-01
    0.444997921662374D-01    0.319134127258509D-01
    0.488177855557292D-01    0.380657790298064D-01
    0.513515187093481D-01    0.438036380140173D-01
    0.521020291348808D-01    0.487234147317117D-01
    0.510170916843558D-01    0.526359421676653D-01
    0.483731688853719D-01    0.554352145335567D-01
    0.443819515149707D-01    0.570191530972152D-01
    0.393880712456153D-01    0.575604164949453D-01
    0.337175800446262D-01    0.570654631704250D-01
    0.276154732169351D-01    0.558115166709070D-01
    0.213728629333063D-01    0.538995526058653D-01
    0.150928782894472D-01    0.515418232108468D-01
    0.895232127101263D-02    0.488981658666254D-01
    0.295721788004028D-02    0.460366709976552D-01
   -0.283449042158095D-02    0.431451487679094D-01
   -0.845359831143784D-02    0.401507503114141D-01
   -0.139204639278633D-01    0.372529782707774D-01
   -0.192687457680963D-01    0.342763531239758D-01
   -0.245448330333643D-01    0.314306203788941D-01
   -0.297731526816184D-01    0.284924328859273D-01
   -0.349704979403350D-01    0.256658973294523D-01
   -0.401308743444766D-01    0.227514019843215D-01
   -0.451716899737825D-01    0.199060754120270D-01
   -0.499630591104898D-01    0.170396436071499D-01
   -0.541901575847851D-01    0.142086869854887D-01
   -0.574021931495991D-01    0.114876689557533D-01
   -0.588444555050697D-01    0.879361766905758D-02
   -0.576156312975590D-01    0.636229992523735D-02
   -0.524548049727490D-01    0.401360963451297D-02
   -0.421546495657702D-01    0.192128867478139D-02
   -0.251893739128436D-01    0.555541759723851D-03
    0.000000000000000D+00    0.000000000000000D+00
    0.000000000000000D+00    0.000000000000000D+00
   -0.947259212601336D-03    0.196097627623711D-03
    0.213121324970839D-03    0.920917670136537D-03
    0.321810930876024D-02    0.234096805044476D-02
    0.775807414001091D-02    0.461508739637877D-02
    0.134321932644800D-01    0.780155587754675D-02
    0.198040826670868D-01    0.119119155318807D-01
    0.263952366280906D-01    0.168530412769457D-01
    0.327100030243297D-01    0.224391598718158D-01
    0.382962902856216D-01    0.284422768075316D-01
    0.427596083547502D-01    0.345288479487292D-01
    0.458119884845024D-01    0.404206744889207D-01
    0.473144520174368D-01    0.457883136755855D-01
    0.472153127478429D-01    0.504099377172138D-01
    0.456435243339826D-01    0.541043729315311D-01
    0.427483407335009D-01    0.567783647857226D-01
    0.387984876979730D-01    0.584326916148709D-01
    0.340383183890783D-01    0.591096948367125D-01
    0.287206936963647D-01    0.589216275047647D-01
    0.230817351352116D-01    0.579994911904575D-01
    0.172686582305062D-01    0.564697886976980D-01
    0.114558708585842D-01    0.544920669771657D-01
    0.567424213129831D-02    0.521420591207674D-01
    0.353976618593545D-04    0.495697386681113D-01
   -0.551848306555834D-02    0.467820657994872D-01
   -0.109107254706502D-01    0.439064405621466D-01
   -0.162554193319743D-01    0.408872424325844D-01
   -0.214756898231059D-01    0.378440919151060D-01
   -0.267142114089475D-01    0.346826956266492D-01
   -0.318588869678347D-01    0.315167187065111D-01
   -0.370349664806677D-01    0.282556427920893D-01
   -0.420469711305932D-01    0.249899571280655D-01
   -0.468810914351485D-01    0.216888995744626D-01
   -0.511318754550640D-01    0.183843362197497D-01
   -0.544304112031891D-01    0.151407092095753D-01
   -0.559517321492620D-01    0.118999769732048D-01
   -0.548459038627280D-01    0.882956559318341D-02
   -0.498666525826245D-01    0.579638925756998D-02
   -0.399943964828465D-01    0.294230525977034D-02
   -0.237781816776163D-01    0.883531056281892D-03
    0.000000000000000D+00    0.000000000000000D+00
    0.000000000000000D+00    0.000000000000000D+00
   -0.130858159047317D-02    0.133350621877544D-03
   -0.711221325373307D-03    0.669145384721962D-03
    0.157346240475204D-02    0.177854826172616D-02
    0.527124975252468D-02    0.361982871646596D-02
    0.100451457696787D-01    0.628937426129871D-02
    0.155504465843755D-01    0.980632723551276D-02
    0.213657354064681D-01    0.141599656009423D-01
    0.271158661415613D-01    0.191812802454447D-01
    0.323565372802595D-01    0.247538100163912D-01
    0.367978695681028D-01    0.305522610099922D-01
    0.400835543778081D-01    0.363936409129852D-01
    0.421257647026598D-01    0.419357965878913D-01
    0.427474849444625D-01    0.469790643664599D-01
    0.420746036573944D-01    0.513266157096056D-01
    0.401288310889485D-01    0.548057551864875D-01
    0.371484195540604D-01    0.574310969154773D-01
    0.332961598076847D-01    0.590890462307896D-01
    0.287977272113505D-01    0.599455706494338D-01
    0.238608561613177D-01    0.599608800856487D-01
    0.186320758274432D-01    0.593331218433112D-01
    0.132782834945651D-01    0.580958955828746D-01
    0.787170354706751D-02    0.563812049573145D-01
    0.249587233434301D-02    0.542882623751667D-01
   -0.281857766489646D-02    0.518329997485642D-01
   -0.807419094918017D-02    0.491812068021922D-01
   -0.132481709339577D-01    0.462140394192705D-01
   -0.183914170698477D-01    0.431884643814950D-01
   -0.234930544134142D-01    0.398574380853827D-01
   -0.285836277917068D-01    0.365563831741883D-01
   -0.336527935808822D-01    0.329828977908317D-01
   -0.386268559339956D-01    0.294658775053348D-01
   -0.434042209615720D-01    0.257940483099619D-01
   -0.476584383608557D-01    0.221357686476383D-01
   -0.509732916133679D-01    0.184945443498196D-01
   -0.525313726418658D-01    0.147719086147026D-01
   -0.515165743335704D-01    0.112207068284507D-01
   -0.466179382263107D-01    0.751629233252109D-02
   -0.371511818223763D-01    0.390227483236982D-02
   -0.218985680423416D-01    0.120479068513453D-02
    0.000000000000000D+00    0.000000000000000D+00
    0.000000000000000D+00    0.000000000000000D+00
   -0.155155966726169D-02    0.764597064929055D-04
   -0.138458230691471D-02    0.436436459875624D-03
    0.295045948297761D-03    0.125460914584476D-02
    0.326037299498562D-02    0.269527983293956D-02
    0.722880529110407D-02    0.485933187685281D-02
    0.119081590528460D-01    0.781191524280505D-02
    0.169682817057418D-01    0.115419715693893D-01
    0.220702332500867D-01    0.159808889574818D-01
    0.268789330301882D-01    0.209977802451357D-01
    0.310850133645056D-01    0.263983925312440D-01
    0.344284164302199D-01    0.319726597118605D-01
    0.367336079907819D-01    0.374744193388134D-01
    0.378776384932423D-01    0.426845914200852D-01
    0.378667205969879D-01    0.474054186921257D-01
    0.367223140212758D-01    0.514744782333428D-01
    0.345902042329201D-01    0.548035759761059D-01
    0.315910564119763D-01    0.573205553141609D-01
    0.279178826088245D-01    0.590397292581582D-01
    0.237246973935000D-01    0.599736642222619D-01
    0.191722481576975D-01    0.601872428703619D-01
    0.143961854915444D-01    0.597504234811793D-01
    0.948802656582416D-02    0.587271032504940D-01
    0.454480825726073D-02    0.572110695404092D-01
   -0.423421010820312D-03    0.552295778306962D-01
   -0.535197637859875D-02    0.528947003044122D-01
   -0.102872629377551D-01    0.501774219316992D-01
   -0.151609261255367D-01    0.472266265506684D-01
   -0.201076385705277D-01    0.439377908426355D-01
   -0.249925751610063D-01    0.405181302047948D-01
   -0.299855052588956D-01    0.368269752950709D-01
   -0.348303715347826D-01    0.330810556918119D-01
   -0.395994156840761D-01    0.291900960938004D-01
   -0.437998873618310D-01    0.252532020554581D-01
   -0.471311668535156D-01    0.213059560764555D-01
   -0.486501330946058D-01    0.172643611890972D-01
   -0.475738879782844D-01    0.133006041016405D-01
   -0.426732518456276D-01    0.913145786889669D-02
   -0.335140101917449D-01    0.488395444996362D-02
   -0.193214650549628D-01    0.154369205678827D-02
    0.000000000000000D+00    0.000000000000000D+00
    0.000000000000000D+00    0.000000000000000D+00
   -0.167931431227206D-02    0.216934631747417D-04
   -0.183771470001864D-02    0.218199619124873D-03
   -0.647745524687110D-03    0.767076739445459D-03
    0.168623503528832D-02    0.182954995764736D-02
    0.492963338584502D-02    0.352766264258047D-02
    0.884838761782644D-02    0.592885614370346D-02
    0.131616264788787D-01    0.906851226115768D-02
    0.176128369145560D-01    0.128925291036870D-01
    0.218913312458029D-01    0.173390809205261D-01
    0.257755172198609D-01    0.222341515102862D-01
    0.289802658264059D-01    0.274386587086028D-01
    0.313975780222927D-01    0.327208419205949D-01
    0.328288843417345D-01    0.378983674219002D-01
    0.333145289358167D-01    0.427847407482953D-01
    0.327768772102638D-01    0.471854808401066D-01
    0.313662681315429D-01    0.510415721542028D-01
    0.291183999248623D-01    0.541689585190535D-01
    0.262149153676367D-01    0.566488942941972D-01
    0.227599114916521D-01    0.583235260936406D-01
    0.189051387474188D-01    0.593646230154648D-01
    0.147627687598691D-01    0.596496688394923D-01
    0.104370864825606D-01    0.593747892563881D-01
    0.599443669005799D-02    0.584543036007577D-01
    0.150923114626572D-02    0.570279633125443D-01
   -0.304810529206476D-02    0.550945311886414D-01
   -0.758242337353003D-02    0.527103660492515D-01
   -0.121953730007965D-01    0.499960047487353D-01
   -0.168042968987524D-01    0.467512873730973D-01
   -0.215081818883988D-01    0.434222109701462D-01
   -0.262710944428428D-01    0.395972541560855D-01
   -0.310085399755068D-01    0.358495545427242D-01
   -0.356423968979434D-01    0.317601670501099D-01
   -0.397970175853870D-01    0.277231231437244D-01
   -0.430882568749588D-01    0.236119164820896D-01
   -0.445556890926099D-01    0.193514534730329D-01
   -0.434562946020272D-01    0.151998387933568D-01
   -0.383194440238021D-01    0.106056203800954D-01
   -0.294121775264055D-01    0.579506537567563D-02
   -0.162825811534156D-01    0.187825388049869D-02
    0.000000000000000D+00    0.000000000000000D+00
    0.000000000000000D+00    0.000000000000000D+00
   -0.170699006262676D-02   -0.270651626131059D-04
   -0.208030561440371D-02    0.202204031550181D-04
   -0.128310171458222D-02    0.323416396504337D-03
    0.519217283088601D-03    0.104648169291149D-02
    0.312777151679140D-02    0.231298822894114D-02
    0.635108724988030D-02    0.421488006587137D-02
    0.996851710131466D-02    0.678733102627754D-02
    0.137576967254679D-01    0.100341095189799D-01
    0.174886555257518D-01    0.138878233967075D-01
    0.209393350238024D-01    0.182625432891458D-01
    0.239121341750188D-01    0.230043858505087D-01
    0.262481087253464D-01    0.279704015970108D-01
    0.278230430735668D-01    0.329604359707321D-01
    0.285883567093763D-01    0.378343118933579D-01
    0.285094638080736D-01    0.423912922944911D-01
    0.276466907765977D-01    0.465500591903114D-01
    0.260403734999913D-01    0.501415367113542D-01
    0.238158481449724D-01    0.531655404710799D-01
    0.210534659096455D-01    0.554966777845226D-01
    0.178908445421040D-01    0.572037945981740D-01
    0.144111626019536D-01    0.581956192849003D-01
    0.107197470456618D-01    0.585858301134083D-01
    0.687112729011944D-02    0.582941744030178D-01
    0.293271300745281D-02    0.574254066736866D-01
   -0.107628568002647D-02    0.559522492259086D-01
   -0.514035308011079D-02    0.539992550081052D-01
   -0.926784469107192D-02    0.515138155621388D-01
   -0.135247679429074D-01    0.484733458907258D-01
   -0.178228416317149D-01    0.451676092037640D-01
   -0.224192550360335D-01    0.414101181047188D-01
   -0.269049049567193D-01    0.375591991682449D-01
   -0.315167552680481D-01    0.334509083577738D-01
   -0.355705242405625D-01    0.293379035273900D-01
   -0.388685586713157D-01    0.251932139833739D-01
   -0.401645019041569D-01    0.208942014382362D-01
   -0.388072788559201D-01    0.166387333799112D-01
   -0.334237211605641D-01    0.118817217712699D-01
   -0.244958982354170D-01    0.663959777394696D-02
   -0.125794583323793D-01    0.220543568819637D-02
    0.000000000000000D+00    0.000000000000000D+00
    0.000000000000000D+00    0.000000000000000D+00
   -0.163559112028474D-02   -0.738298599094729D-04
   -0.213487424587317D-02   -0.163875022815368D-03
   -0.163513955137423D-02   -0.811715036847468D-04
   -0.280704730886994D-03    0.335601383471020D-03
    0.176900883404560D-02    0.122099378646203D-02
    0.436141434112906D-02    0.266858087574351D-02
    0.731814700658305D-02    0.473571295086551D-02
    0.104708008421577D-01    0.743808954990407D-02
    0.136191989905843D-01    0.107457535612923D-01
    0.166055996663464D-01    0.145910423871395D-01
    0.192315233504714D-01    0.188685650813327D-01
    0.213996577587282D-01    0.234496325681342D-01
    0.229467811555738D-01    0.281779363451071D-01
    0.238712365868499D-01    0.329192187185918D-01
    0.240721069395225D-01    0.374872934012329D-01
    0.236361356187689D-01    0.418090308221135D-01
    0.225342935630888D-01    0.456782966147133D-01
    0.208983672847043D-01    0.491262625110338D-01
    0.187592472575457D-01    0.519292749418743D-01
    0.162460420509006D-01    0.542341077111831D-01
    0.134220264069144D-01    0.557845438934408D-01
    0.103814589735384D-01    0.568228683571715D-01
    0.715687829602555D-02    0.570576654725283D-01
    0.384738736988961D-02    0.567998124512003D-01
    0.416746906689522D-03    0.557398571282296D-01
   -0.303442546080420D-02    0.542599351985518D-01
   -0.674631445189136D-02    0.519633103194559D-01
   -0.104440612765146D-01    0.491143841768978D-01
   -0.144604663234028D-01    0.460157986085050D-01
   -0.186935122358617D-01    0.420993793448892D-01
   -0.230235455328555D-01    0.383784450004543D-01
   -0.275256489321833D-01    0.341683354087517D-01
   -0.315772413940101D-01    0.302279140020374D-01
   -0.348270751835222D-01    0.261970308902711D-01
   -0.360451882947673D-01    0.220173120427350D-01
   -0.345884555123661D-01    0.178754163005707D-01
   -0.285662230085444D-01    0.130170742312255D-01
   -0.195904049584039D-01    0.746440496532729D-02
   -0.840920714263996D-02    0.253119010079059D-02
    0.000000000000000D+00    0.000000000000000D+00
    0.000000000000000D+00    0.000000000000000D+00
   -0.148057150983731D-02   -0.113438813762621D-03
   -0.202169049573431D-02   -0.322859669845093D-03
   -0.174636216895085D-02   -0.433681791962833D-03
   -0.760961601087222D-03   -0.281936750647062D-03
    0.801592601551592D-03    0.268256843055818D-03
    0.282624224827945D-02    0.131995785350950D-02
    0.517453221524773D-02    0.293483621816832D-02
    0.771022530573747D-02    0.515546576604640D-02
    0.102898841946160D-01    0.795479577379695D-02
    0.127647872469626D-01    0.113161894615820D-01
    0.150073947143240D-01    0.151254463033330D-01
    0.168910476903112D-01    0.193250915544332D-01
    0.183285547397071D-01    0.237316249854605D-01
    0.192512890057790D-01    0.282851287286986D-01
    0.196256233295130D-01    0.327567322829050D-01
    0.194542658270662D-01    0.371295893043655D-01
    0.187533325502746D-01    0.411490349718004D-01
    0.175828925807140D-01    0.448734165048283D-01
    0.159910201951465D-01    0.480339131720498D-01
    0.140652593860986D-01    0.507799625513410D-01
    0.118582100004757D-01    0.528153107279431D-01
    0.945479272936155D-02    0.543635393226553D-01
    0.688372903320169D-02    0.551129546498594D-01
    0.425731146082125D-02    0.553772545342315D-01
    0.154192334227135D-02    0.547577411828046D-01
   -0.128036198719770D-02    0.536782295500292D-01
   -0.433835310158822D-02    0.516303568628605D-01
   -0.739171599066016D-02    0.491610706194176D-01
   -0.107453667101048D-01    0.460078144389326D-01
   -0.147113241662988D-01    0.420211206917421D-01
   -0.187506056479597D-01    0.381565744581740D-01
   -0.234856075016375D-01    0.340980921428027D-01
   -0.274063120805901D-01    0.301984316614253D-01
   -0.307235277795282D-01    0.264500437373169D-01
   -0.317069644314978D-01    0.225540674043770D-01
   -0.299062015604071D-01    0.186064967958377D-01
   -0.233146330810791D-01    0.139234312106004D-01
   -0.137509800383473D-01    0.818865008463895D-02
   -0.366412800029192D-02    0.286004841769375D-02
    0.000000000000000D+00    0.000000000000000D+00
    0.000000000000000D+00    0.000000000000000D+00
   -0.124511943303315D-02   -0.151038797171205D-03
   -0.176200290509259D-02   -0.460678337270060D-03
   -0.163958894017757D-02   -0.731740510094909D-03
   -0.960554053350490D-03   -0.801293498885860D-03
    0.177796256614192D-03   -0.533182337656799D-03
    0.168840944500915D-02    0.180133240466235D-03
    0.346808775332483D-02    0.140648104256773D-02
    0.541852634790040D-02    0.320178289060379D-02
    0.742444801569290D-02    0.555619460185219D-02
    0.938604526548108D-02    0.846610723596022D-02
    0.111827892824770D-01    0.118536945965549D-01
    0.127433412234717D-01    0.156575401072476D-01
    0.139572810599989D-01    0.197535612531986D-01
    0.148105880056101D-01    0.240473593377578D-01
    0.152190786812530D-01    0.283865723641819D-01
    0.152318729423165D-01    0.326884959970234D-01
    0.148024226752935D-01    0.367778693634074D-01
    0.140217503916593D-01    0.406317973923150D-01
    0.128858871067281D-01    0.440420084463803D-01
    0.114897215791388D-01    0.470890689837700D-01
    0.986416716373659D-02    0.494955650916030D-01
    0.807787058741874D-02    0.514619445913682D-01
    0.617208156960522D-02    0.526256370245536D-01
    0.420265429710332D-02    0.534469372134550D-01
    0.220466237031705D-02    0.532246633197559D-01
    0.171608977687125D-03    0.525765380698045D-01
   -0.223449787485422D-02    0.505183977573319D-01
   -0.448869455957644D-02    0.487350168255762D-01
   -0.755514194642442D-02    0.454035492407172D-01
   -0.108476402490544D-01    0.409816861477676D-01
   -0.151463196573291D-01    0.374526299555680D-01
   -0.198014018003266D-01    0.331684708668807D-01
   -0.239609106459915D-01    0.297007023842109D-01
   -0.272841552946908D-01    0.263271156650554D-01
   -0.284042792803856D-01    0.227953101362946D-01
   -0.264726500416237D-01    0.193183716583147D-01
   -0.187210444255277D-01    0.149110109815079D-01
   -0.862499522064793D-02    0.918021465832497D-02
    0.172913744369196D-02    0.333798301691124D-02
    0.000000000000000D+00    0.000000000000000D+00
    0.000000000000000D+00    0.000000000000000D+00
   -0.958618575213155D-03   -0.172880874347111D-03
   -0.139369015471662D-02   -0.550663477610448D-03
   -0.137152620422041D-02   -0.941595645808292D-03
   -0.936343229134878D-03   -0.118480712609901D-02
   -0.165290211178892D-03   -0.114502485963619D-02
    0.888536477866564D-03   -0.720674613649384D-03
    0.214582231615410D-02    0.170161561348725D-03
    0.354354451012805D-02    0.158217170326465D-02
    0.499972199686319D-02    0.352648822061293D-02
    0.643764037966598D-02    0.601219265230869D-02
    0.778276160773828D-02    0.897276752798930D-02
    0.895903648310284D-02    0.123841574162125D-01
    0.991415673830689D-02    0.161058162598458D-01
    0.105948723506146D-01    0.201092038023223D-01
    0.109806316079762D-01    0.241887477441187D-01
    0.110557954756064D-01    0.283495002191452D-01
    0.108305784384961D-01    0.323313707898894D-01
    0.103277973604319D-01    0.362079418040689D-01
    0.957714887855735D-02    0.396717266952633D-01
    0.862833281728671D-02    0.428893013380342D-01
    0.751217453617107D-02    0.454960929992661D-01
    0.630524373361680D-02    0.477467942345246D-01
    0.501427975257082D-02    0.492445824204727D-01
    0.370789489038899D-02    0.504755520321293D-01
    0.233833304038362D-02    0.506668135455398D-01
    0.100211648658364D-02    0.502219504939826D-01
   -0.549383533572911D-03    0.487034202930682D-01
   -0.184885660681061D-02    0.478447456515634D-01
   -0.379640591259507D-02    0.444118981720833D-01
   -0.631603084800525D-02    0.400590883912192D-01
   -0.101834018280758D-01    0.360407697124056D-01
   -0.151569766107158D-01    0.316680710804582D-01
   -0.199115189753746D-01    0.283470193090070D-01
   -0.239553268735014D-01    0.258082547147043D-01
   -0.248294848849940D-01    0.228461607432807D-01
   -0.221746068675971D-01    0.201297575435308D-01
   -0.128842881490813D-01    0.159590617435983D-01
   -0.136278478569379D-02    0.102025014223282D-01
    0.808934494977392D-02    0.388135444566701D-02
    0.000000000000000D+00    0.000000000000000D+00
    0.000000000000000D+00    0.000000000000000D+00
   -0.629650424661652D-03   -0.180740347748898D-03
   -0.953844357123737D-03   -0.580533228352042D-03
   -0.981543248618250D-03   -0.103311606710530D-02
   -0.737934621379774D-03   -0.138713536074682D-02
   -0.274024390750119D-03   -0.151600290085118D-02
    0.379473416011203D-03   -0.132029897785898D-02
    0.116836951144348D-02   -0.724713834434271D-03
    0.205856932441121D-02    0.340628803283403D-03
    0.299309433142789D-02    0.188364882008772D-02
    0.393200773251733D-02    0.393254137794993D-02
    0.481323407154343D-02    0.643804772160951D-02
    0.560583323447029D-02    0.937387070617707D-02
    0.624757591124964D-02    0.126545669907352D-01
    0.673495431670816D-02    0.162032229483050D-01
    0.701312798976582D-02    0.199187911256532D-01
    0.711413879830414D-02    0.236985048538273D-01
    0.699836920074341D-02    0.274374748691540D-01
    0.672441407034746D-02    0.310459455137455D-01
    0.627607358936994D-02    0.344114361462429D-01
    0.571385575846130D-02    0.374973198856450D-01
    0.505197519013259D-02    0.401674719020968D-01
    0.433112985534556D-02    0.424770078665208D-01
    0.362091057111238D-02    0.442209856357532D-01
    0.286458545743731D-02    0.457010232218253D-01
    0.220214165599182D-02    0.462905133085201D-01
    0.144327829102909D-02    0.463901801280765D-01
    0.813013430029278D-03    0.458392519525428D-01
    0.437248665741000D-03    0.464768265067140D-01
   -0.116006248075684D-03    0.420579955911996D-01
   -0.196933672815977D-02    0.383176836423898D-01
   -0.686321396541810D-02    0.351228989502169D-01
   -0.113446531760250D-01    0.298802371789392D-01
   -0.180684590286405D-01    0.280568142404088D-01
   -0.220174092552028D-01    0.261882189875474D-01
   -0.230666453195760D-01    0.236243107142926D-01
   -0.200523451133016D-01    0.219631603930319D-01
   -0.942085707727169D-02    0.180854787194266D-01
    0.332625357547586D-02    0.120075276623148D-01
    0.151507908475050D-01    0.489421978730901D-02
    0.000000000000000D+00    0.000000000000000D+00
    0.000000000000000D+00    0.000000000000000D+00
   -0.316013461618096D-03   -0.148972292256858D-03
   -0.501652585133401D-03   -0.507123815840611D-03
   -0.545523489850640D-03   -0.944755638801815D-03
   -0.438986332962591D-03   -0.132923710521511D-02
   -0.226624216355228D-03   -0.154720494878666D-02
    0.977786003091524D-04   -0.152934320960397D-02
    0.478436267020443D-03   -0.118345858762271D-02
    0.931623656508321D-03   -0.476798340486320D-03
    0.139512611194261D-02    0.640557874521432D-03
    0.188309361421269D-02    0.216278704128632D-02
    0.233179658205681D-02    0.409072155263053D-02
    0.275237299812381D-02    0.638360140142463D-02
    0.308979767968050D-02    0.899090311062352D-02
    0.335673350253927D-02    0.118513531681845D-01
    0.351375347693755D-02    0.148698695117452D-01
    0.358240590298410D-02    0.179877399989362D-01
    0.353723846064387D-02    0.210806790993757D-01
    0.341497791744794D-02    0.241158418540181D-01
    0.319495468686677D-02    0.269571784924111D-01
    0.293330872172823D-02    0.296105196094334D-01
    0.260449840366517D-02    0.319479487882989D-01
    0.228787368558719D-02    0.340285880033957D-01
    0.193970418119635D-02    0.357197101444490D-01
    0.161999982428839D-02    0.371848019568824D-01
    0.125044596672346D-02    0.381379481049953D-01
    0.101127296672106D-02    0.386858749844393D-01
    0.933943739429636D-03    0.389268514186874D-01
    0.130296827379417D-02    0.397295898663843D-01
    0.155590429400490D-02    0.374408082965057D-01
    0.322388688350050D-03    0.367651525801930D-01
   -0.279216107088780D-02    0.331192238191501D-01
   -0.932321856747004D-02    0.297637000547044D-01
   -0.178570307928835D-01    0.278527341473562D-01
   -0.206512399011942D-01    0.268871298818004D-01
   -0.206818289455212D-01    0.250263568114997D-01
   -0.156354771252420D-01    0.241726746976630D-01
   -0.307849297481981D-02    0.199307912118394D-01
    0.119042649563523D-01    0.133642093435094D-01
    0.221000478283425D-01    0.519160919605610D-02
    0.000000000000000D+00    0.000000000000000D+00
    0.000000000000000D+00    0.000000000000000D+00
   -0.749467600998811D-04   -0.749467601000026D-04
   -0.147745568727797D-03   -0.317085433817834D-03
   -0.172941527942209D-03   -0.617254213397133D-03
   -0.141930974792033D-03   -0.913933905196210D-03
   -0.862917645157711D-04   -0.110902447391091D-02
    0.734378460440636D-05   -0.116874462938168D-02
    0.113970267293512D-03   -0.103847189409459D-02
    0.243843447313062D-03   -0.674219227904626D-03
    0.379028814230765D-03   -0.738750524007741D-04
    0.520759674695581D-03    0.804289247068294D-03
    0.655894772084137D-03    0.191918552027518D-02
    0.779407398127494D-03    0.329488324126300D-02
    0.884544362964851D-03    0.485964203944111D-02
    0.964107847222688D-03    0.661020023454987D-02
    0.101703749092280D-02    0.846392027416782D-02
    0.103896369696476D-02    0.103933403421970D-01
    0.103291547404276D-02    0.123224140023535D-01
    0.999204530772136D-03    0.142152728096320D-01
    0.943469078445894D-03    0.160125136095950D-01
    0.869413421271117D-03    0.176875444608071D-01
    0.788572797131205D-03    0.192060653634061D-01
    0.702926686463059D-03    0.205766261611280D-01
    0.642465161053166D-03    0.217583733978608D-01
    0.557024253182602D-03    0.227932281543687D-01
    0.458796740808638D-03    0.236967859940436D-01
    0.387422049147628D-03    0.243867308808715D-01
    0.601059792329840D-03    0.251884298656981D-01
    0.853009384272266D-03    0.271682266812945D-01
    0.195328141071805D-02    0.276012377762975D-01
    0.588689284672391D-03    0.288058365606095D-01
    0.251613614711348D-02    0.331663283181643D-01
   -0.484726761850288D-02    0.222689934042836D-01
   -0.148096825145742D-01    0.247410934099204D-01
   -0.210455421276586D-01    0.282042173080987D-01
   -0.205200013791140D-01    0.294344435424346D-01
   -0.132890800999820D-01    0.285352031226245D-01
    0.396629050483828D-04    0.237869581021228D-01
    0.167275103118132D-01    0.161230646315868D-01
    0.348582613910296D-01    0.643320758035667D-02
    0.000000000000000D+00    0.000000000000000D+00
    0.000000000000000D+00    0.000000000000000D+00
    0.000000000000000D+00    0.000000000000000D+00
    0.000000000000000D+00    0.000000000000000D+00
    0.000000000000000D+00    0.000000000000000D+00
    0.000000000000000D+00    0.000000000000000D+00
    0.000000000000000D+00    0.000000000000000D+00
    0.000000000000000D+00    0.000000000000000D+00
    0.000000000000000D+00    0.000000000000000D+00
    0.000000000000000D+00    0.000000000000000D+00
    0.000000000000000D+00    0.000000000000000D+00
    0.000000000000000D+00    0.000000000000000D+00
    0.000000000000000D+00    0.000000000000000D+00
    0.000000000000000D+00    0.000000000000000D+00
    0.000000000000000D+00    0.000000000000000D+00
    0.000000000000000D+00    0.000000000000000D+00
    0.000000000000000D+00    0.000000000000000D+00
    0.000000000000000D+00    0.000000000000000D+00
    0.000000000000000D+00    0.000000000000000D+00
    0.000000000000000D+00    0.000000000000000D+00
    0.000000000000000D+00    0.000000000000000D+00
    0.000000000000000D+00    0.000000000000000D+00
    0.000000000000000D+00    0.000000000000000D+00
    0.000000000000000D+00    0.000000000000000D+00
    0.000000000000000D+00    0.000000000000000D+00
    0.000000000000000D+00    0.000000000000000D+00
    0.000000000000000D+00    0.000000000000000D+00
    0.000000000000000D+00    0.000000000000000D+00
    0.000000000000000D+00    0.000000000000000D+00
    0.000000000000000D+00    0.000000000000000D+00
    0.000000000000000D+00    0.000000000000000D+00
    0.000000000000000D+00    0.000000000000000D+00
    0.000000000000000D+00    0.000000000000000D+00
    0.000000000000000D+00    0.000000000000000D+00
   -0.223546477704383D-01    0.125364831596546D-01
   -0.296783431045303D-01    0.266959209693265D-01
   -0.217325313954476D-01    0.324286233268235D-01
   -0.985968121915311D-02    0.313688530151871D-01
    0.525480285633847D-02    0.279344177059228D-01
    0.304483573979595D-01    0.182662825650814D-01
    0.424258195033160D-01    0.914261865169889D-02
    0.000000000000000D+00    0.000000000000000D+00
