    0.000000000000000D+00    0.000000000000000D+00
    0.000000000000000D+00    0.000000000000000D+00
    0.000000000000000D+00    0.000000000000000D+00
    0.000000000000000D+00    0.000000000000000D+00
    0.000000000000000D+00    0.000000000000000D+00
    0.000000000000000D+00    0.000000000000000D+00
    0.000000000000000D+00    0.000000000000000D+00
    0.000000000000000D+00    0.000000000000000D+00
    0.000000000000000D+00    0.000000000000000D+00
    0.000000000000000D+00    0.000000000000000D+00
    0.000000000000000D+00    0.000000000000000D+00
    0.000000000000000D+00    0.000000000000000D+00
    0.000000000000000D+00    0.000000000000000D+00
    0.000000000000000D+00    0.000000000000000D+00
    0.000000000000000D+00    0.000000000000000D+00
    0.000000000000000D+00    0.000000000000000D+00
    0.000000000000000D+00    0.000000000000000D+00
    0.000000000000000D+00    0.000000000000000D+00
    0.000000000000000D+00    0.000000000000000D+00
    0.000000000000000D+00    0.000000000000000D+00
    0.000000000000000D+00    0.000000000000000D+00
    0.000000000000000D+00    0.000000000000000D+00
    0.000000000000000D+00    0.000000000000000D+00
    0.000000000000000D+00    0.000000000000000D+00
    0.000000000000000D+00    0.000000000000000D+00
    0.000000000000000D+00    0.000000000000000D+00
    0.000000000000000D+00    0.000000000000000D+00
    0.000000000000000D+00    0.000000000000000D+00
    0.000000000000000D+00    0.000000000000000D+00
    0.000000000000000D+00    0.000000000000000D+00
    0.000000000000000D+00    0.000000000000000D+00
    0.000000000000000D+00    0.000000000000000D+00
    0.000000000000000D+00    0.000000000000000D+00
    0.000000000000000D+00    0.000000000000000D+00
    0.000000000000000D+00    0.000000000000000D+00
    0.000000000000000D+00    0.000000000000000D+00
    0.000000000000000D+00    0.000000000000000D+00
    0.000000000000000D+00    0.000000000000000D+00
    0.000000000000000D+00    0.000000000000000D+00
    0.000000000000000D+00    0.000000000000000D+00
    0.000000000000000D+00    0.000000000000000D+00
    0.000000000000000D+00    0.000000000000000D+00
   -0.541081638226612D-03    0.539700312990440D-03
   -0.528284684495543D-03    0.135677342260614D-02
   -0.228306914919698D-03    0.197041829598149D-02
    0.249546217804657D-03    0.170921437148160D-02
    0.743760349908978D-03    0.647157835554834D-03
    0.122569874403594D-02   -0.140792010284417D-02
    0.168805498962692D-02   -0.435409566299011D-02
    0.210323832683656D-02   -0.814777600175385D-02
    0.248791160291147D-02   -0.127256064664024D-01
    0.281714040102637D-02   -0.179750874613604D-01
    0.310924819449243D-02   -0.238584019175417D-01
    0.334186194299423D-02   -0.302157326825529D-01
    0.353031669859512D-02   -0.370347608114896D-01
    0.365435189267900D-02   -0.441057403622206D-01
    0.372500154740775D-02   -0.514442398770204D-01
    0.372676685579286D-02   -0.587821073425860D-01
    0.366550419275837D-02   -0.661710785162379D-01
    0.353575039699855D-02   -0.732811567541252D-01
    0.333544533045443D-02   -0.802129791184991D-01
    0.307757893964875D-02   -0.865829188855253D-01
    0.274722840695419D-02   -0.925561241329506D-01
    0.238726734248433D-02   -0.977200007978918D-01
    0.196221590545867D-02   -0.102320556789938D+00
    0.156031556685310D-02   -0.105964322477225D+00
    0.111810054366609D-02   -0.108992995840135D+00
    0.785694824274025D-03   -0.111101694963324D+00
    0.470440282623612D-03   -0.112756322930015D+00
    0.371281458765954D-03   -0.113822230626442D+00
    0.323666321618318D-03   -0.114857735091301D+00
    0.659796294787073D-03   -0.116117350923637D+00
    0.138376054626529D-02   -0.118271326863070D+00
    0.251109670992306D-02   -0.121255013625058D+00
    0.423263467946534D-02   -0.126873337428477D+00
    0.467449010918901D-02   -0.133963509886364D+00
    0.188492997760503D-02   -0.139895945327598D+00
    0.218752019925809D-02   -0.148492702327349D+00
    0.165162682709414D-01   -0.159838064387308D+00
    0.960825066440603D-02   -0.123037911489287D+00
   -0.711141171781388D-01   -0.711141171780862D-01
    0.000000000000000D+00    0.000000000000000D+00
    0.000000000000000D+00    0.000000000000000D+00
   -0.135539209725416D-02    0.528549785430707D-03
   -0.113064899395841D-02    0.113212513711608D-02
    0.427989902662164D-04    0.107377817635451D-02
    0.164274997116793D-02   -0.334728244368789D-03
    0.342584906415542D-02   -0.329573891782785D-02
    0.517237925111809D-02   -0.780787693015571D-02
    0.685789656985058D-02   -0.139771409918290D-01
    0.840828259385344D-02   -0.215454342704675D-01
    0.981637901680683D-02   -0.305998125468412D-01
    0.110722178029334D-01   -0.407834278535621D-01
    0.121420000728838D-01   -0.521989020307730D-01
    0.130569290613808D-01   -0.644141912117852D-01
    0.137430777945436D-01   -0.775632268189842D-01
    0.142714646401316D-01   -0.911353223994886D-01
    0.145218240145261D-01   -0.105302596682025D+00
    0.146156832210485D-01   -0.119465207985390D+00
    0.143818485990095D-01   -0.133846752637047D+00
    0.140091701498310D-01   -0.147753647820403D+00
    0.132712124164542D-01   -0.161486582461750D+00
    0.124434666282363D-01   -0.174262371151482D+00
    0.112423953101157D-01   -0.186502676897027D+00
    0.100481474788154D-01   -0.197346621995611D+00
    0.852477533892688D-02   -0.207405942271074D+00
    0.716804396353057D-02   -0.215756117039281D+00
    0.560886395349559D-02   -0.223301934618447D+00
    0.444792385767875D-02   -0.229049753155969D+00
    0.332393227817883D-02   -0.234354987245463D+00
    0.288707518106761D-02   -0.238101883684699D+00
    0.285986293671965D-02   -0.242299022763226D+00
    0.374468806182058D-02   -0.245441672123890D+00
    0.552423501573391D-02   -0.250384878808299D+00
    0.782569954274336D-02   -0.254184811510101D+00
    0.106719181811305D-01   -0.261106338881626D+00
    0.121509624550233D-01   -0.265883905128514D+00
    0.120852554647639D-01   -0.271344247501303D+00
    0.149460007442555D-02   -0.259986126608020D+00
   -0.282889104253946D-01   -0.230611665705352D+00
   -0.992220534527485D-01   -0.152685395494659D+00
   -0.176380511120162D+00   -0.527657841641058D-01
    0.000000000000000D+00    0.000000000000000D+00
    0.000000000000000D+00    0.000000000000000D+00
   -0.196424692130934D-02    0.230074030022107D-03
   -0.108200367550864D-02   -0.153532905320419D-04
    0.138434427212590D-02   -0.132721502499309D-02
    0.468761083128032D-02   -0.451800736403797D-02
    0.829441507298711D-02   -0.963968674187433D-02
    0.119261353788089D-01   -0.168893957129233D-01
    0.154146987712979D-01   -0.261711973244022D-01
    0.186685255889621D-01   -0.374343064018859D-01
    0.216367806682890D-01   -0.505300015067608D-01
    0.242852854047839D-01   -0.652879107234484D-01
    0.265908144399736D-01   -0.815547830399517D-01
    0.285300110303007D-01   -0.990841722807200D-01
    0.300745370619136D-01   -0.117726797602199D+00
    0.312050862579443D-01   -0.137169341785334D+00
    0.318836656904536D-01   -0.157269266636396D+00
    0.321031748481510D-01   -0.177641301413941D+00
    0.318214025817259D-01   -0.198162098630778D+00
    0.310591246156309D-01   -0.218373959213070D+00
    0.297786884196500D-01   -0.238198681344158D+00
    0.280498236368060D-01   -0.257118467907757D+00
    0.258491483538268D-01   -0.275141490724416D+00
    0.233203264885545D-01   -0.291719341167071D+00
    0.204641531161755D-01   -0.307002917808258D+00
    0.175229399447839D-01   -0.320456622759162D+00
    0.145326844863776D-01   -0.332445107988203D+00
    0.118409398956861D-01   -0.342480605897368D+00
    0.952568425942592D-02   -0.351221315080485D+00
    0.798666383735149D-02   -0.358195450954906D+00
    0.735805976437663D-02   -0.364428940651067D+00
    0.779238529857384D-02   -0.369097988342534D+00
    0.942955096611282D-02   -0.373625107784348D+00
    0.110908259429039D-01   -0.375716815046431D+00
    0.123058037270508D-01   -0.376599544420143D+00
    0.915929033129559D-02   -0.370341130424501D+00
    0.589327615467153D-03   -0.357073262531345D+00
   -0.272817044765108D-01   -0.319435703355165D+00
   -0.909932655179462D-01   -0.252782155930778D+00
   -0.179345227750360D+00   -0.150142342218269D+00
   -0.240439933185685D+00   -0.460227301321479D-01
    0.000000000000000D+00    0.000000000000000D+00
    0.000000000000000D+00    0.000000000000000D+00
   -0.174374743753406D-02   -0.211131893933131D-03
    0.233512088361058D-03   -0.147578102558921D-02
    0.449813810661409D-02   -0.434882336720464D-02
    0.986849050284786D-02   -0.943052421065975D-02
    0.157373287025106D-01   -0.168621589049902D-01
    0.216227354489716D-01   -0.267060972249958D-01
    0.273114891237950D-01   -0.389718595162585D-01
    0.326401698295207D-01   -0.534996277398986D-01
    0.375215133919216D-01   -0.702338852558344D-01
    0.419113942915763D-01   -0.888860913246956D-01
    0.457382247067258D-01   -0.109383274375251D+00
    0.490009721832423D-01   -0.131359090457636D+00
    0.516018306966862D-01   -0.154729661453352D+00
    0.535671718747774D-01   -0.179060354603217D+00
    0.547670481171936D-01   -0.204259206736044D+00
    0.552656238273622D-01   -0.229819566257811D+00
    0.549096533908323D-01   -0.255654169451785D+00
    0.538225524651324D-01   -0.281182451282270D+00
    0.518451749733656D-01   -0.306352274196069D+00
    0.491851240445731D-01   -0.330513860974413D+00
    0.457023091193438D-01   -0.353703756556377D+00
    0.417097775827790D-01   -0.375213892394181D+00
    0.371191585725027D-01   -0.395247431705427D+00
    0.323549803173853D-01   -0.413045508880692D+00
    0.274172374476128D-01   -0.429074471673890D+00
    0.228075183697989D-01   -0.442501852302837D+00
    0.186326072421352D-01   -0.454145054419676D+00
    0.153294479517521D-01   -0.462972736863922D+00
    0.130357102999832D-01   -0.470142413990171D+00
    0.116960867175758D-01   -0.474010202669336D+00
    0.110144282052022D-01   -0.475775879984843D+00
    0.938825836900056D-02   -0.472308870072057D+00
    0.465061065929673D-02   -0.463482259146775D+00
   -0.876803273193713D-02   -0.442243107114922D+00
   -0.385586174044922D-01   -0.404934702942915D+00
   -0.960554668469610D-01   -0.341134455637277D+00
   -0.193208900216232D+00   -0.246206423309531D+00
   -0.308455553167500D+00   -0.134019941764106D+00
   -0.320121563215414D+00   -0.342874938524640D-01
    0.000000000000000D+00    0.000000000000000D+00
    0.000000000000000D+00    0.000000000000000D+00
   -0.800911495257536D-03   -0.646361973810402D-03
    0.292071527631604D-02   -0.301019426445643D-02
    0.930717980448186D-02   -0.740640001381036D-02
    0.171287818294745D-01   -0.143924398273382D-01
    0.255233136866484D-01   -0.239485624087293D-01
    0.339749439529797D-01   -0.362249356703180D-01
    0.421364489160556D-01   -0.510777344151295D-01
    0.498220494447495D-01   -0.684886027441205D-01
    0.568929809901487D-01   -0.882418266631285D-01
    0.632750341496372D-01   -0.110203762410160D+00
    0.688884599389686D-01   -0.134127968963108D+00
    0.736806471522316D-01   -0.159809410057292D+00
    0.775756335797571D-01   -0.186974362206843D+00
    0.805204688871444D-01   -0.215351997612075D+00
    0.824372199772956D-01   -0.244644255707952D+00
    0.832811326846877D-01   -0.274508319899964D+00
    0.829879328409102D-01   -0.304634612280812D+00
    0.815451752841732D-01   -0.334602445226415D+00
    0.789282313825042D-01   -0.364121108458473D+00
    0.751893736980336D-01   -0.392692027562395D+00
    0.703729237706070D-01   -0.420094289823930D+00
    0.646296519224009D-01   -0.445757118372784D+00
    0.580989425048755D-01   -0.469598824924248D+00
    0.510493299089863D-01   -0.490974199955349D+00
    0.437271625656527D-01   -0.510019502423716D+00
    0.364794371223355D-01   -0.525963296157808D+00
    0.296307128477035D-01   -0.539223222977799D+00
    0.233835138645890D-01   -0.548694324671655D+00
    0.179892884372746D-01   -0.555051586241317D+00
    0.127823015782813D-01   -0.556297475980706D+00
    0.742354353839247D-02   -0.553053636752097D+00
   -0.136552851137527D-02   -0.541275986192564D+00
   -0.157166925661135D-01   -0.520684708632901D+00
   -0.447346305513299D-01   -0.483634470098326D+00
   -0.957954824144584D-01   -0.426793272301568D+00
   -0.179209399971390D+00   -0.346116843565290D+00
   -0.301304370869937D+00   -0.236676191940401D+00
   -0.412782306245130D+00   -0.123497742658991D+00
   -0.393495811079662D+00   -0.320568699339281D-01
    0.000000000000000D+00    0.000000000000000D+00
    0.000000000000000D+00    0.000000000000000D+00
    0.941663132532214D-03   -0.101325423693905D-02
    0.683242251033787D-02   -0.433423988388217D-02
    0.157851934798780D-01   -0.101546193811156D-01
    0.262865543368482D-01   -0.188028208314183D-01
    0.374643685476156D-01   -0.302680662601150D-01
    0.486457236612308D-01   -0.445822036373104D-01
    0.594668828128268D-01   -0.616534042310550D-01
    0.696698599090567D-01   -0.813814599734504D-01
    0.790899409241968D-01   -0.103616243575286D+00
    0.876301392976644D-01   -0.128160089111331D+00
    0.951687010617451D-01   -0.154826365919458D+00
    0.101655692917116D+00   -0.183356350035123D+00
    0.106955622876389D+00   -0.213520853869269D+00
    0.111033612687841D+00   -0.245002595993694D+00
    0.113735824045166D+00   -0.277525536178752D+00
    0.115051142674187D+00   -0.310709181042342D+00
    0.114827628022820D+00   -0.344235317712762D+00
    0.113105965452656D+00   -0.377654901909478D+00
    0.109770724137102D+00   -0.410629836946257D+00
    0.104949440499151D+00   -0.442641058369495D+00
    0.986044830317533D-01   -0.473373028056926D+00
    0.909802015770658D-01   -0.502237890625741D+00
    0.821532964142046D-01   -0.528999236869667D+00
    0.724895597708312D-01   -0.552992936070724D+00
    0.621841322285272D-01   -0.574110277667117D+00
    0.516583142666845D-01   -0.591563486060347D+00
    0.411238374170979D-01   -0.605356590226120D+00
    0.308099252867498D-01   -0.614422195121704D+00
    0.205457823620109D-01   -0.618679468468466D+00
    0.968386653464811D-02   -0.616409322101107D+00
   -0.342027572969069D-02   -0.606835023860141D+00
   -0.218515087722821D-01   -0.586859199323440D+00
   -0.509027924506316D-01   -0.553938997306635D+00
   -0.982007490547158D-01   -0.503325734233182D+00
   -0.173748303577122D+00   -0.430954162283287D+00
   -0.284639900285962D+00   -0.336912049557244D+00
   -0.417402995179410D+00   -0.224302789021804D+00
   -0.525087831398855D+00   -0.114476855855858D+00
   -0.452968143704154D+00   -0.326260832905786D-01
    0.000000000000000D+00    0.000000000000000D+00
    0.000000000000000D+00    0.000000000000000D+00
    0.335601540895770D-02   -0.133576361172423D-02
    0.119435959908258D-01   -0.547304833660162D-02
    0.236906450159217D-01   -0.124557198321857D-01
    0.371194449561418D-01   -0.225070291931815D-01
    0.511933906222730D-01   -0.354993825991462D-01
    0.652467939710271D-01   -0.514849798526685D-01
    0.788192692842631D-01   -0.702627733280611D-01
    0.916492632187454D-01   -0.918155049077471D-01
    0.103524996814541D+00   -0.115890476565821D+00
    0.114328502540938D+00   -0.142401818518286D+00
    0.123918973612519D+00   -0.171059170387214D+00
    0.132204097668255D+00   -0.201723200538511D+00
    0.139048624016741D+00   -0.234057878205548D+00
    0.144351134691391D+00   -0.267859485756777D+00
    0.147976621541613D+00   -0.302742233182620D+00
    0.149822949856027D+00   -0.338421268675315D+00
    0.149781419012591D+00   -0.374469106663364D+00
    0.147779856388199D+00   -0.410498536216263D+00
    0.143778009648952D+00   -0.446069664039591D+00
    0.137774089076262D+00   -0.480670962169036D+00
    0.129841825407808D+00   -0.513902439147716D+00
    0.120084826320994D+00   -0.545103333822230D+00
    0.108723777054551D+00   -0.573982219060168D+00
    0.959652630874256D-01   -0.599687068980824D+00
    0.821686814943748D-01   -0.622098794826121D+00
    0.675265928783038D-01   -0.640078649395955D+00
    0.524237314038583D-01   -0.653688971399863D+00
    0.366255117103490D-01   -0.661289682067243D+00
    0.201731252188436D-01   -0.662972935101824D+00
    0.134021241967801D-02   -0.656199139702337D+00
   -0.210836635995007D-01   -0.640601034133554D+00
   -0.523690365967425D-01   -0.612339938925858D+00
   -0.966993926164409D-01   -0.569598665763722D+00
   -0.163931942756662D+00   -0.508773495091605D+00
   -0.261118747997177D+00   -0.426173897011652D+00
   -0.388980754754161D+00   -0.326988039093665D+00
   -0.531686703586043D+00   -0.212252639099123D+00
   -0.619546570643723D+00   -0.105461078591532D+00
   -0.511496788440515D+00   -0.300407786755138D-01
    0.000000000000000D+00    0.000000000000000D+00
    0.000000000000000D+00    0.000000000000000D+00
    0.626641862436318D-02   -0.156062400841317D-02
    0.178555349689406D-01   -0.631498441286285D-02
    0.327205290350087D-01   -0.142090110044446D-01
    0.492058665358630D-01   -0.253078009381457D-01
    0.663153599160946D-01   -0.394674398549310D-01
    0.832841235081622D-01   -0.566487223790336D-01
    0.996695052032069D-01   -0.766780624211255D-01
    0.115158193904981D+00   -0.994755816628811D-01
    0.129532738353051D+00   -0.124840090358947D+00
    0.142650096016346D+00   -0.152647791023509D+00
    0.154342429744857D+00   -0.182662691280056D+00
    0.164503235860327D+00   -0.214721345553978D+00
    0.172950751205983D+00   -0.248530886774354D+00
    0.179574842280188D+00   -0.283874456062483D+00
    0.184176291826108D+00   -0.320384386823613D+00
    0.186651224376685D+00   -0.357774533198098D+00
    0.186812712966633D+00   -0.395595037164585D+00
    0.184598814258862D+00   -0.433473030798954D+00
    0.179882766158963D+00   -0.470887469444856D+00
    0.172690102708455D+00   -0.507364064994868D+00
    0.163005115892096D+00   -0.542340490008652D+00
    0.150977833979851D+00   -0.575228294143127D+00
    0.136732596124917D+00   -0.605462586835959D+00
    0.120539873145469D+00   -0.632321015476398D+00
    0.102619771409564D+00   -0.655254572745911D+00
    0.832492239574503D-01   -0.673356437568560D+00
    0.625147447588933D-01   -0.686032649893782D+00
    0.403238492220891D-01   -0.692068375248094D+00
    0.159922707569829D-01   -0.690590158601476D+00
   -0.118688191267234D-01   -0.679840969718839D+00
   -0.460375882597078D-01   -0.658203370934364D+00
   -0.908838037353056D-01   -0.623205466853184D+00
   -0.152722448375210D+00   -0.572221577059175D+00
   -0.239602246896185D+00   -0.503281332325617D+00
   -0.356207157645844D+00   -0.414878022079952D+00
   -0.502342963196230D+00   -0.311565695442953D+00
   -0.643350672974282D+00   -0.200397736830180D+00
   -0.716650632849929D+00   -0.988965126599891D-01
   -0.565126983257225D+00   -0.273172475949268D-01
    0.000000000000000D+00    0.000000000000000D+00
    0.000000000000000D+00    0.000000000000000D+00
    0.960105362553731D-02   -0.174000869883766D-02
    0.245246622889006D-01   -0.693079253721758D-02
    0.426122570882859D-01   -0.154406009401232D-01
    0.622793971459029D-01   -0.272577733552406D-01
    0.824298072997562D-01   -0.421592234122220D-01
    0.102344420373071D+00   -0.601109628178622D-01
    0.121525072201065D+00   -0.808672060305644D-01
    0.139679418231973D+00   -0.104403615425032D+00
    0.156557478483290D+00   -0.130456246428457D+00
    0.172011106976656D+00   -0.158987608267274D+00
    0.185849010708324D+00   -0.189702131365872D+00
    0.197935110473441D+00   -0.222532760192499D+00
    0.208068151301936D+00   -0.257128173622607D+00
    0.216083305608598D+00   -0.293360947166006D+00
    0.221767972651807D+00   -0.330807138330153D+00
    0.224937873534190D+00   -0.369243466790489D+00
    0.225406604857834D+00   -0.408172982888566D+00
    0.223006678902444D+00   -0.447234316423611D+00
    0.217636056216286D+00   -0.485882321809545D+00
    0.209190861265173D+00   -0.523572460344932D+00
    0.197713947705603D+00   -0.559762018135372D+00
    0.183199048183791D+00   -0.593676397788392D+00
    0.165869539171570D+00   -0.624840005482247D+00
    0.145790844991770D+00   -0.652195213064431D+00
    0.123329572510593D+00   -0.675379943699172D+00
    0.984367424612739D-01   -0.692980942499107D+00
    0.714186616464113D-01   -0.704715120079912D+00
    0.415659272672591D-01   -0.708707468553911D+00
    0.857939765226667D-02   -0.704541462805274D+00
   -0.301015206693422D-01   -0.689796527094209D+00
   -0.764744999672509D-01   -0.663449172213003D+00
   -0.136569927604897D+00   -0.622906119868775D+00
   -0.215135028783251D+00   -0.566079309475302D+00
   -0.320086715663979D+00   -0.492556809756225D+00
   -0.454055734453489D+00   -0.400438176748575D+00
   -0.608317416657675D+00   -0.297447651962716D+00
   -0.750310380171520D+00   -0.188449944907650D+00
   -0.800150037774919D+00   -0.915007990835945D-01
   -0.614610066669881D+00   -0.251357653255157D-01
    0.000000000000000D+00    0.000000000000000D+00
    0.000000000000000D+00    0.000000000000000D+00
    0.131491932724100D-01   -0.182965335799049D-02
    0.315161150829192D-01   -0.727204977034315D-02
    0.529843422665681D-01   -0.161294884494328D-01
    0.758423129683038D-01   -0.283048747501438D-01
    0.990684044908359D-01   -0.435668457463831D-01
    0.121885051653553D+00   -0.618155249996004D-01
    0.143844263182687D+00   -0.828392426491325D-01
    0.164621293734588D+00   -0.106564139120871D+00
    0.183986838759276D+00   -0.132786657731763D+00
    0.201766389202897D+00   -0.161438325087971D+00
    0.217763150816748D+00   -0.192292838162336D+00
    0.231810094832528D+00   -0.225263411372833D+00
    0.243676142588852D+00   -0.260062033612627D+00
    0.253159753041246D+00   -0.296550878587444D+00
    0.259995067892721D+00   -0.334346373879670D+00
    0.263959820998349D+00   -0.373225571535061D+00
    0.264792512146588D+00   -0.412688298562436D+00
    0.262294994020824D+00   -0.452391567307397D+00
    0.256270976094123D+00   -0.491718201804195D+00
    0.246604008330610D+00   -0.530174364619899D+00
    0.233224236585059D+00   -0.567047472736279D+00
    0.216142160898011D+00   -0.601668733006399D+00
    0.195438782967292D+00   -0.633263363127128D+00
    0.171238807000951D+00   -0.660967913009336D+00
    0.143692605152944D+00   -0.683960875040545D+00
    0.112878681908498D+00   -0.701157130531459D+00
    0.787025988734022D-01   -0.711635980524351D+00
    0.407172971913512D-01   -0.714039731079418D+00
   -0.215525532020800D-02   -0.707180512902565D+00
   -0.519245855103391D-01   -0.689381984501098D+00
   -0.111834763027497D+00   -0.658983058011559D+00
   -0.186867783727390D+00   -0.614236923546597D+00
   -0.282421211041297D+00   -0.553383077744737D+00
   -0.405138579026253D+00   -0.476246731511097D+00
   -0.553133946348468D+00   -0.383485374938929D+00
   -0.718415669740974D+00   -0.280967560007736D+00
   -0.853260201186828D+00   -0.177002438916427D+00
   -0.885458669806352D+00   -0.859067451822484D-01
   -0.660950194447025D+00   -0.233202567823706D-01
    0.000000000000000D+00    0.000000000000000D+00
    0.000000000000000D+00    0.000000000000000D+00
    0.168708954616392D-01   -0.188049690332022D-02
    0.388106233498073D-01   -0.740683963571978D-02
    0.636092148838750D-01   -0.163446168819282D-01
    0.896507566177747D-01   -0.285577992924386D-01
    0.115852728613230D+00   -0.437706387730601D-01
    0.141511935406934D+00   -0.618994449813723D-01
    0.166153388912889D+00   -0.826892747659901D-01
    0.189497782813479D+00   -0.106123784737780D+00
    0.211294062980954D+00   -0.131958898620718D+00
    0.231383403543279D+00   -0.160213323155672D+00
    0.249539731556397D+00   -0.190620028628589D+00
    0.265583650661521D+00   -0.223193446324323D+00
    0.279244116547758D+00   -0.257603062253960D+00
    0.290278098489082D+00   -0.293809421252317D+00
    0.298373782145352D+00   -0.331386604793763D+00
    0.303236194968218D+00   -0.370184389940081D+00
    0.304562591721365D+00   -0.409669457098010D+00
    0.302049311682065D+00   -0.449516082465145D+00
    0.295478760617296D+00   -0.489101127589174D+00
    0.284594958946306D+00   -0.527857080680605D+00
    0.269344135278525D+00   -0.565119350298593D+00
    0.249557575162392D+00   -0.600019692262661D+00
    0.225387434997804D+00   -0.631916340504865D+00
    0.196716370148203D+00   -0.659598496907609D+00
    0.163842254336137D+00   -0.682488806258286D+00
    0.126475212956879D+00   -0.699017256230324D+00
    0.847861146858735D-01   -0.708626960118276D+00
    0.377135028016995D-01   -0.709415876159191D+00
   -0.153410889002214D-01   -0.700654726181915D+00
   -0.773324653433052D-01   -0.680281122494397D+00
   -0.150635348233248D+00   -0.647094848326445D+00
   -0.241024960882041D+00   -0.599586565807480D+00
   -0.352577995072886D+00   -0.536175316138926D+00
   -0.490184145900621D+00   -0.458120989398916D+00
   -0.651249204492974D+00   -0.365329065329117D+00
   -0.819216053142547D+00   -0.265710431572884D+00
   -0.950484708695957D+00   -0.165629180217022D+00
   -0.959271318686039D+00   -0.794304987344063D-01
   -0.703619068595304D+00   -0.215551351413414D-01
    0.000000000000000D+00    0.000000000000000D+00
    0.000000000000000D+00    0.000000000000000D+00
    0.205660033901843D-01   -0.185404915269423D-02
    0.459840557784459D-01   -0.730263951431531D-02
    0.741089804617553D-01   -0.160757178553011D-01
    0.103216813192360D+00   -0.279937546641555D-01
    0.132329978670547D+00   -0.427983275016634D-01
    0.160707743760442D+00   -0.603619485337376D-01
    0.187953892150885D+00   -0.804856904503956D-01
    0.213768052373175D+00   -0.103114100973929D+00
    0.237946135850137D+00   -0.128085509357062D+00
    0.260299845365600D+00   -0.155386466695298D+00
    0.280620643748917D+00   -0.184846719432977D+00
    0.298681702067441D+00   -0.216452827463752D+00
    0.314200248682706D+00   -0.249972102140994D+00
    0.326868663711014D+00   -0.285341121622786D+00
    0.336332659452242D+00   -0.322214901533978D+00
    0.342222770747934D+00   -0.360426279177049D+00
    0.344162055232571D+00   -0.399481782560980D+00
    0.341775343463180D+00   -0.439055822378884D+00
    0.334739883834721D+00   -0.478493912916509D+00
    0.322748773968036D+00   -0.517264121516598D+00
    0.305612155716512D+00   -0.554567076176036D+00
    0.283151991506598D+00   -0.589632335808681D+00
    0.255344025341365D+00   -0.621552925975264D+00
    0.222128013077448D+00   -0.649309957432581D+00
    0.183549792741869D+00   -0.671921039052188D+00
    0.139479126726267D+00   -0.688130569142480D+00
    0.896805798456980D-01   -0.696868211669598D+00
    0.334215825721609D-01   -0.696675089326382D+00
   -0.305502810551523D-01   -0.686323760998999D+00
   -0.104581685654565D+00   -0.664263443652893D+00
   -0.191796589160420D+00   -0.629129886937645D+00
   -0.297043077222323D+00   -0.579758020305675D+00
   -0.423955494256406D+00   -0.515340157956541D+00
   -0.576755427137861D+00   -0.436738413342132D+00
   -0.747646543966715D+00   -0.346012202705288D+00
   -0.921782220421552D+00   -0.249253697334700D+00
   -0.104321142058055D+01   -0.154743057728780D+00
   -0.103395666811206D+01   -0.742709592124873D-01
   -0.743744714501811D+00   -0.199234075577643D-01
    0.000000000000000D+00    0.000000000000000D+00
    0.000000000000000D+00    0.000000000000000D+00
    0.242120416941041D-01   -0.179475531912917D-02
    0.530504173014552D-01   -0.701736020065419D-02
    0.842881362208827D-01   -0.153878183678414D-01
    0.116325719637063D+00   -0.267193089924747D-01
    0.148143145966863D+00   -0.407361391802964D-01
    0.179098984220306D+00   -0.573502630982226D-01
    0.208783553016404D+00   -0.763385999443300D-01
    0.236965169217358D+00   -0.977210050722423D-01
    0.263422243637843D+00   -0.121305840484381D+00
    0.288003984423787D+00   -0.147183907221874D+00
    0.310464594477693D+00   -0.175147759002313D+00
    0.330584114142557D+00   -0.205307833008648D+00
    0.348019149458870D+00   -0.237385980608941D+00
    0.362435460904560D+00   -0.271448125384249D+00
    0.373400093922711D+00   -0.307098028905740D+00
    0.380479079500828D+00   -0.344280466641532D+00
    0.383211618274399D+00   -0.382454594414517D+00
    0.381116766606527D+00   -0.421356833724131D+00
    0.373802905968307D+00   -0.460308838683520D+00
    0.360814682142843D+00   -0.498751591333460D+00
    0.341933931243089D+00   -0.535914622295171D+00
    0.316788729562982D+00   -0.570875487627738D+00
    0.285394859859865D+00   -0.602841236776168D+00
    0.247438748628822D+00   -0.630501081857209D+00
    0.203104496922516D+00   -0.653093783881293D+00
    0.151909855797630D+00   -0.668961727368463D+00
    0.938980016577498D-01   -0.677357141769858D+00
    0.278289986994113D-01   -0.676413385845670D+00
   -0.470558024146541D-01   -0.665276424485897D+00
   -0.133708691754830D+00   -0.642198940950722D+00
   -0.234457080620315D+00   -0.606118458574806D+00
   -0.354194867540845D+00   -0.556231065034030D+00
   -0.495624179801354D+00   -0.491691167238489D+00
   -0.660365445812765D+00   -0.414537625838558D+00
   -0.840863293349743D+00   -0.326004475802899D+00
   -0.101436183163347D+01   -0.233516048913437D+00
   -0.112974532881237D+01   -0.143751062414661D+00
   -0.109813514812587D+01   -0.682975736061337D-01
   -0.779940140897713D+00   -0.182831433659172D-01
    0.000000000000000D+00    0.000000000000000D+00
    0.000000000000000D+00    0.000000000000000D+00
    0.276255678862536D-01   -0.166686259873524D-02
    0.596025003961794D-01   -0.651838877119047D-02
    0.938018237312914D-01   -0.142680026147470D-01
    0.128525870733073D+00   -0.247100957994438D-01
    0.162887551504798D+00   -0.376146845087550D-01
    0.196216319450305D+00   -0.528681410840638D-01
    0.228205849204583D+00   -0.703280902507048D-01
    0.258606408788718D+00   -0.899821924328924D-01
    0.287267133428092D+00   -0.111746405953801D+00
    0.314002382233745D+00   -0.135674982801126D+00
    0.338606074201078D+00   -0.161688074825134D+00
    0.360795600224347D+00   -0.189855474371857D+00
    0.380234369148356D+00   -0.220036924492630D+00
    0.396497679725592D+00   -0.252254756544484D+00
    0.409121989646794D+00   -0.286244236741462D+00
    0.417562879467657D+00   -0.321908297044955D+00
    0.421287871914739D+00   -0.358805128189220D+00
    0.419701409128552D+00   -0.396642610119400D+00
    0.412298884601354D+00   -0.434774526342539D+00
    0.398530091644705D+00   -0.472646663419802D+00
    0.378025087617117D+00   -0.509417541286792D+00
    0.350367097110327D+00   -0.544229886507044D+00
    0.315380086679501D+00   -0.576091503018428D+00
    0.272789665277842D+00   -0.603843868017660D+00
    0.222530815126612D+00   -0.626403387672856D+00
    0.164283967095020D+00   -0.642363930282133D+00
    0.977462518002937D-01   -0.650593124549009D+00
    0.220174720376651D-01   -0.649550122902448D+00
   -0.641141048076203D-01   -0.638086617156035D+00
   -0.163025801239545D+00   -0.614758427559212D+00
   -0.277320886171658D+00   -0.578585049210503D+00
   -0.411165824171161D+00   -0.528815678733052D+00
   -0.566100215059118D+00   -0.465447394307790D+00
   -0.743577517421549D+00   -0.389924494340123D+00
   -0.930765393423335D+00   -0.305117168063524D+00
   -0.110722898724362D+01   -0.216905663102818D+00
   -0.121165317859390D+01   -0.132970106735778D+00
   -0.116272950000429D+01   -0.631661974415337D-01
   -0.814242914720649D+00   -0.166632256138626D-01
    0.000000000000000D+00    0.000000000000000D+00
    0.000000000000000D+00    0.000000000000000D+00
    0.307917214343289D-01   -0.150895560004377D-02
    0.656806521581619D-01   -0.585689539743484D-02
    0.102473610670589D+00   -0.127713773976479D-01
    0.139628430081163D+00   -0.220658050648862D-01
    0.176223468676306D+00   -0.335142678908416D-01
    0.211708761490238D+00   -0.470659999641852D-01
    0.245768185776886D+00   -0.625666802724697D-01
    0.278240495169597D+00   -0.800990578443890D-01
    0.308956264606489D+00   -0.995525121389714D-01
    0.337787674968785D+00   -0.121106143267072D+00
    0.364482893033729D+00   -0.144638902640012D+00
    0.388786113702552D+00   -0.170371895784662D+00
    0.410281670308025D+00   -0.198109131635087D+00
    0.428535505956424D+00   -0.228041345017816D+00
    0.442974555294380D+00   -0.259836053548069D+00
    0.453001885944644D+00   -0.293561414583840D+00
    0.457957223279147D+00   -0.328704689532122D+00
    0.457144355277475D+00   -0.365102399015972D+00
    0.449935688870750D+00   -0.402053116217457D+00
    0.435631848702715D+00   -0.439051234567415D+00
    0.413777736467250D+00   -0.475245187966037D+00
    0.383761988675537D+00   -0.509704855938544D+00
    0.345399382919337D+00   -0.541506272435416D+00
    0.298175346357156D+00   -0.569278878738186D+00
    0.242129652947729D+00   -0.592107400165369D+00
    0.176645733514738D+00   -0.608267490389054D+00
    0.101679277812583D+00   -0.616886074494055D+00
    0.159739787757926D-01   -0.616106519775868D+00
   -0.812206264972024D-01   -0.605073624365649D+00
   -0.192553435844808D+00   -0.582228716014392D+00
   -0.319949590132820D+00   -0.546792056869646D+00
   -0.467074061753375D+00   -0.498359453241908D+00
   -0.634876709985834D+00   -0.436796422604293D+00
   -0.821835305801064D+00   -0.364459306987460D+00
   -0.101597417068185D+01   -0.283424529601721D+00
   -0.118978076741700D+01   -0.200476431105836D+00
   -0.128703111290654D+01   -0.121904800262732D+00
   -0.121745614748316D+01   -0.573678179210227D-01
   -0.844422190624077D+00   -0.150730817454223D-01
    0.000000000000000D+00    0.000000000000000D+00
    0.000000000000000D+00    0.000000000000000D+00
    0.335402196601119D-01   -0.128915119559933D-02
    0.708939130429628D-01   -0.500308267827376D-02
    0.110000670078313D+00   -0.108916534589515D-01
    0.149228017981569D+00   -0.187697706107307D-01
    0.187810208972656D+00   -0.284812282629451D-01
    0.225168728993814D+00   -0.399642215126198D-01
    0.261109462976125D+00   -0.531637319335091D-01
    0.295450928556612D+00   -0.681347024307079D-01
    0.328113401950170D+00   -0.848922940014123D-01
    0.358929026903374D+00   -0.103574197957976D+00
    0.387705677437367D+00   -0.124210993844535D+00
    0.414113718059198D+00   -0.146970653172651D+00
    0.437763645127636D+00   -0.171831071390555D+00
    0.458110002514392D+00   -0.198920554971219D+00
    0.474564753505736D+00   -0.228090174443585D+00
    0.486386894814053D+00   -0.259341774243837D+00
    0.492853172533792D+00   -0.292330201415559D+00
    0.493106289482230D+00   -0.326833444810999D+00
    0.486406172565144D+00   -0.362263216050809D+00
    0.471903632312734D+00   -0.398082994940130D+00
    0.448987429833427D+00   -0.433456486925901D+00
    0.416946656387474D+00   -0.467476046155313D+00
    0.375405849777833D+00   -0.499104297214437D+00
    0.323844926551503D+00   -0.527069214713038D+00
    0.262083529271332D+00   -0.550220263045466D+00
    0.189636755775099D+00   -0.567011196469293D+00
    0.106208222668482D+00   -0.576282787158270D+00
    0.108510849918469D-01   -0.576399667309176D+00
   -0.974185164696270D-01   -0.566325854203752D+00
   -0.220748821653108D+00   -0.544666917327662D+00
   -0.360936617609667D+00   -0.510809078902702D+00
   -0.521123836162599D+00   -0.464262760175321D+00
   -0.700638747504047D+00   -0.405642938268568D+00
   -0.898184992773940D+00   -0.336692293529782D+00
   -0.109671289713140D+01   -0.260676130428398D+00
   -0.127140759950009D+01   -0.183106672924118D+00
   -0.135749725163649D+01   -0.110778795687175D+00
   -0.127200990028702D+01   -0.520239038934753D-01
   -0.872891017210310D+00   -0.134716167248875D-01
    0.000000000000000D+00    0.000000000000000D+00
    0.000000000000000D+00    0.000000000000000D+00
    0.358625874642635D-01   -0.104162907984432D-02
    0.753062741816849D-01   -0.400593277583214D-02
    0.116225866162934D+00   -0.868312958443171D-02
    0.157168614948940D+00   -0.149297351113019D-01
    0.197335176151211D+00   -0.226105515807980D-01
    0.236281744649996D+00   -0.317435742340739D-01
    0.273801594618287D+00   -0.422685987209822D-01
    0.309815472576487D+00   -0.543475967876553D-01
    0.344222130591411D+00   -0.679684998637808D-01
    0.376928268998043D+00   -0.834058548574097D-01
    0.407691015401031D+00   -0.100643445914527D+00
    0.436227268658033D+00   -0.120019499688891D+00
    0.462056668772956D+00   -0.141447140923111D+00
    0.484645204765425D+00   -0.165256369547624D+00
    0.503270622903772D+00   -0.191217672413423D+00
    0.517158621624889D+00   -0.219551631478976D+00
    0.525415362627405D+00   -0.249823422243531D+00
    0.527098425984883D+00   -0.282015106531072D+00
    0.521282657334898D+00   -0.315455581881596D+00
    0.506981963970440D+00   -0.349749552751481D+00
    0.483424015683522D+00   -0.384012114324899D+00
    0.449718017390364D+00   -0.417361269717216D+00
    0.405401384836422D+00   -0.448779014690794D+00
    0.349745273377554D+00   -0.476871365072935D+00
    0.282607073385546D+00   -0.500600562010722D+00
    0.203279751613514D+00   -0.518172189675503D+00
    0.111673087550476D+00   -0.528629372566630D+00
    0.664496103045808D-02   -0.530063592798681D+00
   -0.112383941894820D+00   -0.521677633126349D+00
   -0.247540669809520D+00   -0.501963606219762D+00
   -0.400062641944983D+00   -0.470458251553002D+00
   -0.572207037548689D+00   -0.426934337635731D+00
   -0.762983870702517D+00   -0.371841466258750D+00
   -0.968009859914189D+00   -0.307613808253384D+00
   -0.117150012834337D+01   -0.236750724359763D+00
   -0.134237749957521D+01   -0.165436476952831D+00
   -0.142101751296445D+01   -0.991471331493973D-01
   -0.131698237495560D+01   -0.460929182282699D-01
   -0.896989415734711D+00   -0.118311944840768D-01
    0.000000000000000D+00    0.000000000000000D+00
    0.000000000000000D+00    0.000000000000000D+00
    0.376041734770910D-01   -0.742211108103114D-03
    0.785537894197694D-01   -0.284937979004939D-02
    0.120901277296919D+00   -0.616160216433386D-02
    0.163106967775577D+00   -0.105590402732341D-01
    0.204539240810601D+00   -0.159903995777703D-01
    0.244720698441782D+00   -0.224748653019089D-01
    0.283575407188292D+00   -0.300569002955639D-01
    0.321000023324265D+00   -0.388736811958967D-01
    0.356994731633581D+00   -0.490417795930626D-01
    0.391424741727429D+00   -0.607904299815109D-01
    0.424123698996689D+00   -0.742631372715750D-01
    0.454731573349865D+00   -0.897357774617119D-01
    0.482815312620208D+00   -0.107317385792338D+00
    0.507718114649348D+00   -0.127261997982719D+00
    0.528725384507970D+00   -0.149567484961783D+00
    0.544891825203302D+00   -0.174370099934649D+00
    0.555280714732882D+00   -0.201472647313001D+00
    0.558741095403023D+00   -0.230774975018307D+00
    0.554249668965315D+00   -0.261813178057264D+00
    0.540603035019687D+00   -0.294129867514720D+00
    0.516882362113004D+00   -0.326963227099258D+00
    0.482017610084344D+00   -0.359412989160414D+00
    0.435370491137717D+00   -0.390453694779372D+00
    0.376127799077063D+00   -0.418737529085393D+00
    0.303967943891587D+00   -0.443081595264422D+00
    0.218247900332720D+00   -0.461803751137335D+00
    0.118728790034673D+00   -0.473728898754526D+00
    0.451615795855601D-02   -0.477090771336709D+00
   -0.124991958857267D+00   -0.470951934754286D+00
   -0.271512546686923D+00   -0.453885158386782D+00
   -0.435822942825333D+00   -0.425576568434498D+00
   -0.619840185113723D+00   -0.385655220501269D+00
   -0.820671344929113D+00   -0.335167942939549D+00
   -0.103445837503127D+01   -0.275967285954292D+00
   -0.124066586621914D+01   -0.211406240291367D+00
   -0.141115858873488D+01   -0.146569401081442D+00
   -0.147908835053059D+01   -0.871869509766503D-01
   -0.136105126219361D+01   -0.402848771580634D-01
   -0.919404410574788D+00   -0.101416320543483D-01
    0.000000000000000D+00    0.000000000000000D+00
    0.000000000000000D+00    0.000000000000000D+00
    0.387676699363260D-01   -0.420061514028122D-03
    0.807308160371561D-01   -0.158221767722429D-02
    0.123906124363708D+00   -0.339222561357885D-02
    0.166942419765269D+00   -0.579077887048391D-02
    0.209167043210535D+00   -0.875885572721979D-02
    0.250239736271423D+00   -0.124015964013507D-01
    0.290064927837851D+00   -0.167604804175963D-01
    0.328646075242462D+00   -0.220766300339740D-01
    0.365960524535320D+00   -0.284371235211903D-01
    0.401959124020833D+00   -0.362020136027626D-01
    0.436427482715673D+00   -0.454644965680193D-01
    0.469070870573935D+00   -0.566700113135034D-01
    0.499365715932641D+00   -0.698599137817767D-01
    0.526692059692050D+00   -0.855047432172816D-01
    0.550189451771998D+00   -0.103519343791919D+00
    0.568908770649373D+00   -0.124299098718840D+00
    0.581708353082989D+00   -0.147552643239139D+00
    0.587382379075092D+00   -0.173456097811136D+00
    0.584657568625829D+00   -0.201451707391120D+00
    0.572222524257528D+00   -0.231324573627296D+00
    0.548902342520689D+00   -0.262242049360364D+00
    0.513477208076032D+00   -0.293444552095545D+00
    0.465108826663681D+00   -0.323890961668645D+00
    0.402818241275673D+00   -0.352214337962797D+00
    0.326211526012913D+00   -0.377301071028877D+00
    0.234503708396511D+00   -0.397283950467729D+00
    0.127571667655700D+00   -0.411148234669177D+00
    0.447772966031886D-02   -0.416860517838735D+00
   -0.135052071289147D+00   -0.413690203510951D+00
   -0.292467485332362D+00   -0.400040965905067D+00
   -0.468093910049877D+00   -0.375726820174238D+00
   -0.662699060462985D+00   -0.340519580398310D+00
   -0.873277636725848D+00   -0.295280242639093D+00
   -0.109291860546295D+01   -0.242382993825918D+00
   -0.130262138844850D+01   -0.184397191014871D+00
   -0.146875404841336D+01   -0.126976879218840D+00
   -0.152959413589343D+01   -0.744788433775120D-01
   -0.139552006699271D+01   -0.339388123422702D-01
   -0.937050332812224D+00   -0.836693362096536D-02
    0.000000000000000D+00    0.000000000000000D+00
    0.000000000000000D+00    0.000000000000000D+00
    0.392274214923707D-01   -0.639870482335581D-04
    0.815238101156364D-01   -0.213174469853755D-03
    0.125069839781844D+00   -0.425248277432031D-03
    0.168420092136884D+00   -0.687563914054718D-03
    0.211065165502503D+00   -0.106542041809796D-02
    0.252620414286198D+00   -0.167455543036566D-02
    0.293116737850211D+00   -0.264908255929657D-02
    0.332530097946237D+00   -0.420745477612368D-02
    0.370941563889690D+00   -0.654759790328360D-02
    0.408265770289925D+00   -0.998232490551754D-02
    0.444377088244164D+00   -0.147493744914286D-01
    0.478913148761093D+00   -0.212277255877945D-01
    0.511420558753893D+00   -0.296527012713351D-01
    0.541161069482897D+00   -0.404135259158922D-01
    0.567313516333837D+00   -0.536757557400687D-01
    0.588745958754380D+00   -0.697435034297479D-01
    0.604309601361125D+00   -0.886220712582440D-01
    0.612550460491222D+00   -0.110395006369831D+00
    0.612130554986095D+00   -0.134809843537092D+00
    0.601447319188797D+00   -0.161572756845691D+00
    0.579205904195875D+00   -0.190101499206260D+00
    0.543903503372076D+00   -0.219591662085159D+00
    0.494549659689755D+00   -0.249126760516212D+00
    0.429963772836804D+00   -0.277347668282585D+00
    0.349612637791898D+00   -0.303100907731488D+00
    0.252665258941760D+00   -0.324582026109319D+00
    0.138941402265892D+00   -0.340611137091929D+00
    0.765775333240600D-02   -0.349241943711071D+00
   -0.141300361603607D+00   -0.349592486574072D+00
   -0.309068818246545D+00   -0.340097491447428D+00
   -0.495251341527791D+00   -0.320637856145929D+00
   -0.700424563819022D+00   -0.290815867100785D+00
   -0.919522408732598D+00   -0.251917869075506D+00
   -0.114637843910366D+01   -0.205759594676948D+00
   -0.135762459437724D+01   -0.155523949603827D+00
   -0.152272275740976D+01   -0.105834540744925D+00
   -0.157386031638670D+01   -0.611922025700839D-01
   -0.142819717686957D+01   -0.274294235344694D-01
   -0.952901244933360D+00   -0.652181224811492D-02
    0.000000000000000D+00    0.000000000000000D+00
    0.000000000000000D+00    0.000000000000000D+00
    0.390045592741791D-01    0.304538630631300D-03
    0.810733907273430D-01    0.120937095274066D-02
    0.124337910336683D+00    0.265552098728488D-02
    0.167530359296506D+00    0.458198967694987D-02
    0.210081544009564D+00    0.688886210115684D-02
    0.251732224277304D+00    0.938154210113955D-02
    0.292483002769874D+00    0.119312082791566D-01
    0.332410201615378D+00    0.142367077778204D-01
    0.371574009666687D+00    0.161323116841098D-01
    0.409978498838697D+00    0.172032452073063D-01
    0.447462969833411D+00    0.172622178356543D-01
    0.483746772475988D+00    0.157885090577864D-01
    0.518303343102314D+00    0.126100004290590D-01
    0.550460683140902D+00    0.713583809411368D-02
    0.579262051260675D+00   -0.726453513849178D-03
    0.603612204370924D+00   -0.115527367966930D-01
    0.622144786111438D+00   -0.252683811016783D-01
    0.633397961855680D+00   -0.422865425365296D-01
    0.635731600312085D+00   -0.622753484954753D-01
    0.627482432353092D+00   -0.852817109696721D-01
    0.606998019387437D+00   -0.110660493422695D+00
    0.572669718278377D+00   -0.137877022879260D+00
    0.523162903855493D+00   -0.165995123673814D+00
    0.457177791517948D+00   -0.193760568942336D+00
    0.373948183946263D+00   -0.220073665996310D+00
    0.272572321380891D+00   -0.243017277686973D+00
    0.152842939605777D+00   -0.261552526067497D+00
    0.140627472003438D-01   -0.273453230923865D+00
   -0.143662854115181D+00   -0.278029392632681D+00
   -0.321003425391198D+00   -0.273448103919606D+00
   -0.517208918384274D+00   -0.259706991453176D+00
   -0.731528249592825D+00   -0.236401615150441D+00
   -0.958928152046823D+00   -0.204601883276812D+00
   -0.119030770917247D+01   -0.166512323494528D+00
   -0.140400608914291D+01   -0.124449568613754D+00
   -0.156471092319967D+01   -0.836012016690780D-01
   -0.160968508634978D+01   -0.469173967210747D-01
   -0.145098230590572D+01   -0.204120981931367D-01
   -0.963450378332504D+00   -0.454750941929101D-02
    0.000000000000000D+00    0.000000000000000D+00
    0.000000000000000D+00    0.000000000000000D+00
    0.380246581816254D-01    0.678889239333807D-03
    0.791462692105709D-01    0.264670914175300D-02
    0.121646070229641D+00    0.576182384802762D-02
    0.164138839564463D+00    0.989970558585867D-02
    0.206197079233250D+00    0.148910044180477D-01
    0.247499595646444D+00    0.205263200460562D-01
    0.288155516064488D+00    0.266137411643986D-01
    0.328210931135762D+00    0.328736079703170D-01
    0.367821487008337D+00    0.390686007024267D-01
    0.406967868059676D+00    0.448305460509787D-01
    0.445583673893117D+00    0.498697123937301D-01
    0.483344961936097D+00    0.537300232627502D-01
    0.519817208269453D+00    0.560800657952323D-01
    0.554237215723158D+00    0.564060894526782D-01
    0.585726096329177D+00    0.543773175963506D-01
    0.613021510631104D+00    0.495020233219524D-01
    0.634801588887873D+00    0.415305229070982D-01
    0.649342089871162D+00    0.301330911597426D-01
    0.654993781710910D+00    0.152546825219072D-01
    0.649740834021751D+00   -0.308089124326165D-02
    0.631858079391490D+00   -0.246135452132276D-01
    0.599339218385350D+00   -0.487659794785072D-01
    0.550728932854316D+00   -0.748888985324035D-01
    0.484371485668544D+00   -0.101727063940447D+00
    0.399387074355473D+00   -0.128280923975125D+00
    0.294667745537754D+00   -0.152675415469676D+00
    0.170003600687507D+00   -0.173769491492500D+00
    0.247204314491560D-01   -0.189395876288073D+00
   -0.140790523300852D+00   -0.198671485787251D+00
   -0.326985279287727D+00   -0.199764783610928D+00
   -0.532206353578713D+00   -0.192608083552599D+00
   -0.755622032972513D+00   -0.176604971245716D+00
   -0.990072445129987D+00   -0.153062724456322D+00
   -0.122734630547701D+01   -0.123615714075710D+00
   -0.144183102076791D+01   -0.910196288969101D-01
   -0.160139223588277D+01   -0.594040240153620D-01
   -0.163822141918569D+01   -0.318380901069679D-01
   -0.147091559483583D+01   -0.129872010978024D-01
   -0.971986548046479D+00   -0.248457233119036D-02
    0.000000000000000D+00    0.000000000000000D+00
    0.000000000000000D+00    0.000000000000000D+00
    0.363332649758030D-01    0.104909977756973D-02
    0.759497123304845D-01    0.405211936061798D-02
    0.117039033487750D+00    0.879116887537248D-02
    0.158366328049224D+00    0.150638217628636D-01
    0.199412712909395D+00    0.226764980415717D-01
    0.239958535571545D+00    0.313608565672461D-01
    0.280067709736157D+00    0.409375057343981D-01
    0.319870046520893D+00    0.510813513735879D-01
    0.359504446670349D+00    0.615901749228800D-01
    0.399036625655800D+00    0.720440527735724D-01
    0.438387387225689D+00    0.822010191663129D-01
    0.477325842074621D+00    0.915201453878651D-01
    0.515380316984946D+00    0.997232611282611D-01
    0.551883396383187D+00    0.106147761970150D+00
    0.585860750115818D+00    0.110516372179571D+00
    0.616134451950607D+00    0.112097077097645D+00
    0.641191868563068D+00    0.110688699114682D+00
    0.659361998929437D+00    0.105620257730248D+00
    0.668681621738498D+00    0.968737156567582D-01
    0.667138428208603D+00    0.840596911842435D-01
    0.652573444325565D+00    0.674527353716555D-01
    0.622929191931519D+00    0.472296674235812D-01
    0.576254859502381D+00    0.240132033413670D-01
    0.510816565575275D+00   -0.119919249744039D-02
    0.425293994550500D+00   -0.274965370452777D-01
    0.318552717387551D+00   -0.529981715127091D-01
    0.190143466392201D+00   -0.767254196996732D-01
    0.395608259387832D-01   -0.962232144803947D-01
   -0.132745762629261D+00   -0.110815602001262D+00
   -0.326628515017389D+00   -0.118263423464527D+00
   -0.540177337395156D+00   -0.118621267955160D+00
   -0.771121888991405D+00   -0.111087778947218D+00
   -0.101242909336027D+01   -0.967031279315295D-01
   -0.125311401003076D+01   -0.773676883196702D-01
   -0.146937208774360D+01   -0.548092981529961D-01
   -0.162497882311734D+01   -0.337924647293011D-01
   -0.165714748238102D+01   -0.155249240536805D-01
   -0.148040837611684D+01   -0.506531484455052D-02
   -0.974551474214657D+00   -0.257646720527166D-03
    0.000000000000000D+00    0.000000000000000D+00
    0.000000000000000D+00    0.000000000000000D+00
    0.339324162324952D-01    0.138835917491827D-02
    0.713574456694283D-01    0.536177278583137D-02
    0.110586367454543D+00    0.116253768016176D-01
    0.150227315467042D+00    0.199126265194844D-01
    0.189869934280427D+00    0.299884947901981D-01
    0.229208087842620D+00    0.415739783248542D-01
    0.268386229285132D+00    0.544685841854611D-01
    0.307500269554836D+00    0.683688971082264D-01
    0.346766516266904D+00    0.830564819938987D-01
    0.386245061505934D+00    0.981545853688452D-01
    0.425947038923032D+00    0.113385261117908D+00
    0.465636211075634D+00    0.128264541469589D+00
    0.504947480357126D+00    0.142426515122499D+00
    0.543175405762894D+00    0.155272339722444D+00
    0.579460542716831D+00    0.166349495963923D+00
    0.612513974232308D+00    0.174988766171494D+00
    0.640927316715765D+00    0.180696183742664D+00
    0.662803441937612D+00    0.182852462865102D+00
    0.676244620066518D+00    0.181024908417555D+00
    0.678872250950066D+00    0.174852810176610D+00
    0.668525187467454D+00    0.164118039947161D+00
    0.642657246136212D+00    0.148992174205721D+00
    0.599239470517650D+00    0.129633960537608D+00
    0.536012892429600D+00    0.106995494726924D+00
    0.451547345497915D+00    0.816982301999628D-01
    0.344292732733203D+00    0.555464933047050D-01
    0.213788664192648D+00    0.295062698997133D-01
    0.593612051307781D-01    0.596296751251104D-02
   -0.118219297793988D+00   -0.141856295349844D-01
   -0.318721497930019D+00   -0.286886445835386D-01
   -0.539238996320913D+00   -0.373625162878986D-01
   -0.777495204917783D+00   -0.391847886902883D-01
   -0.102434133974702D+01   -0.352046005977965D-01
   -0.126975236672155D+01   -0.266923018231666D-01
   -0.148639829354627D+01   -0.156711799155772D-01
   -0.164127725676677D+01   -0.571979750624167D-02
   -0.166746869360986D+01    0.181453893968523D-02
   -0.148581804623677D+01    0.347955882008596D-02
   -0.974808431418865D+00    0.208069168198291D-02
    0.000000000000000D+00    0.000000000000000D+00
    0.000000000000000D+00    0.000000000000000D+00
    0.308929837260980D-01    0.170177341374043D-02
    0.656605174624310D-01    0.653153545449388D-02
    0.102455223502368D+00    0.141528527996162D-01
    0.140002810562305D+00    0.242281532490882D-01
    0.177759343456599D+00    0.365236870246180D-01
    0.215491599608730D+00    0.507301194385307D-01
    0.253278947721086D+00    0.666716197562995D-01
    0.291278213433213D+00    0.840447622193689D-01
    0.329691593437973D+00    0.102669164108512D+00
    0.368651695059776D+00    0.122179240164432D+00
    0.408182844054115D+00    0.142340351380767D+00
    0.448143984708545D+00    0.162663819722381D+00
    0.488182826759128D+00    0.182824808146879D+00
    0.527711487834700D+00    0.202168000414313D+00
    0.565846299479796D+00    0.220271189326592D+00
    0.601427626479733D+00    0.236314585990954D+00
    0.632936778912977D+00    0.249812569939238D+00
    0.658595826460059D+00    0.259863622322825D+00
    0.676255187015692D+00    0.266010207902717D+00
    0.683614791985330D+00    0.267471013264599D+00
    0.678082269163927D+00    0.263954676891407D+00
    0.657121383505572D+00    0.255132782841259D+00
    0.618108501860690D+00    0.241031726907749D+00
    0.558733037866691D+00    0.222169306853176D+00
    0.476911369359524D+00    0.198966506925975D+00
    0.371057328785666D+00    0.173065327184858D+00
    0.240191844267819D+00    0.145160004616759D+00
    0.838035234100255D-01    0.117887612899584D+00
   -0.975365124152313D-01    0.918496284811058D-01
   -0.302940739386939D+00    0.698650299883701D-01
   -0.529412523957734D+00    0.519565775308594D-01
   -0.773173353753751D+00    0.396283385889535D-01
   -0.102527682126305D+01    0.321554367306424D-01
   -0.127309302043143D+01    0.281823042721892D-01
   -0.149114675816762D+01    0.269440131208681D-01
   -0.164297862281168D+01    0.241074999035577D-01
   -0.166666746196439D+01    0.206818562475571D-01
   -0.147996984389436D+01    0.125456713414588D-01
   -0.968285509970966D+00    0.460565907251657D-02
    0.000000000000000D+00    0.000000000000000D+00
    0.000000000000000D+00    0.000000000000000D+00
    0.273135704866121D-01    0.194412354749720D-02
    0.588531212090809D-01    0.748895407540062D-02
    0.928651694825648D-01    0.162452747294421D-01
    0.127869602704963D+00    0.278364114847247D-01
    0.163397783507434D+00    0.420219443649164D-01
    0.199100960203580D+00    0.584966363537267D-01
    0.235108580831207D+00    0.771079411627981D-01
    0.271536706882217D+00    0.975757821265193D-01
    0.308640102560158D+00    0.119763154066421D+00
    0.346562416860702D+00    0.143341135144322D+00
    0.385402396538807D+00    0.168118846382367D+00
    0.425057422140767D+00    0.193651519413502D+00
    0.465280383413247D+00    0.219629070751910D+00
    0.505519358981527D+00    0.245439620120461D+00
    0.545026372515254D+00    0.270605282651169D+00
    0.582631702332391D+00    0.294337351213334D+00
    0.616970626991267D+00    0.315974196727319D+00
    0.646149430382231D+00    0.334615666964086D+00
    0.668162086120558D+00    0.349466097124066D+00
    0.680423577415256D+00    0.359697143307356D+00
    0.680428276649410D+00    0.364511357074603D+00
    0.665149618289225D+00    0.363469387104755D+00
    0.631949652678623D+00    0.356001457559146D+00
    0.577869504136985D+00    0.342451680080135D+00
    0.500712106717466D+00    0.322719704903635D+00
    0.398229587558529D+00    0.298245656661114D+00
    0.269349416434067D+00    0.269491201710654D+00
    0.113108735168106D+00    0.238922572552475D+00
   -0.697154011457387D-01    0.207321194904393D+00
   -0.278332939842000D+00    0.177464182594913D+00
   -0.508830445946914D+00    0.149803354074477D+00
   -0.757463958614824D+00    0.126097152960067D+00
   -0.101328529381865D+01    0.105885257391702D+00
   -0.126463948720182D+01    0.885832639068592D-01
   -0.148294351359375D+01    0.732839889035939D-01
   -0.163500800229825D+01    0.570879138868190D-01
   -0.165561422140067D+01    0.408518595965608D-01
   -0.146861197371579D+01    0.224546412373159D-01
   -0.959089070286096D+00    0.728408942842518D-02
    0.000000000000000D+00    0.000000000000000D+00
    0.000000000000000D+00    0.000000000000000D+00
    0.232833749230964D-01    0.213730544373912D-02
    0.513150352884529D-01    0.819195246870877D-02
    0.821066915195657D-01    0.178004046587183D-01
    0.114274732438020D+00    0.305330672888451D-01
    0.147171781371711D+00    0.461905893811866D-01
    0.180499990002094D+00    0.644673440664559D-01
    0.214299962795811D+00    0.852510758316136D-01
    0.248726292067961D+00    0.108303116034964D+00
    0.284016292065855D+00    0.133526246930735D+00
    0.320366897805008D+00    0.160663382265121D+00
    0.357910388686916D+00    0.189560339126044D+00
    0.396627987793147D+00    0.219855982016470D+00
    0.436336441451828D+00    0.251268533806758D+00
    0.476605176457802D+00    0.283251269562469D+00
    0.516751971882715D+00    0.315335324380063D+00
    0.555763216046614D+00    0.346731605601579D+00
    0.592294942723383D+00    0.376750508224492D+00
    0.624626648169145D+00    0.404364229947645D+00
    0.650657514940481D+00    0.428690582098724D+00
    0.667953965069438D+00    0.448590556547761D+00
    0.673719112570476D+00    0.463090811134005D+00
    0.665001452144601D+00    0.471250663906028D+00
    0.638617042072812D+00    0.472223461113076D+00
    0.591568541007402D+00    0.465767748180372D+00
    0.520894126935880D+00    0.451378041822886D+00
    0.424231450220517D+00    0.430082888602514D+00
    0.299694836711414D+00    0.401843106949262D+00
    0.146347963749444D+00    0.369187421843827D+00
   -0.356199757736624D-01    0.332394794740465D+00
   -0.244879142613465D+00    0.294916933934897D+00
   -0.477701291101321D+00    0.256857302070341D+00
   -0.728931113262513D+00    0.220898048155115D+00
   -0.987892464526130D+00    0.186823472815095D+00
   -0.124049151889710D+01    0.154345786224155D+00
   -0.146005668173242D+01    0.124107898647638D+00
   -0.161041072965654D+01    0.923143652975820D-01
   -0.163145776819819D+01    0.630039607298880D-01
   -0.144481172836002D+01    0.329933147252519D-01
   -0.942121824417255D+00    0.101635374157318D-01
    0.000000000000000D+00    0.000000000000000D+00
    0.000000000000000D+00    0.000000000000000D+00
    0.190039008684371D-01    0.222441990285316D-02
    0.431526679969102D-01    0.858591162520180D-02
    0.705439891228101D-01    0.187085711227111D-01
    0.995453546220319D-01    0.321786037638557D-01
    0.129565979005056D+00    0.488224749122712D-01
    0.160165895925129D+00    0.683635879499915D-01
    0.191412346891751D+00    0.907471201896635D-01
    0.223408626364436D+00    0.115759839809711D+00
    0.256417829772329D+00    0.143395477134413D+00
    0.290656174997651D+00    0.173422982872653D+00
    0.326302419698492D+00    0.205805534531777D+00
    0.363411957207941D+00    0.240207345796111D+00
    0.401882893012923D+00    0.276474278916330D+00
    0.441396842869696D+00    0.314077841724637D+00
    0.481396692834710D+00    0.352654455734530D+00
    0.520988176546738D+00    0.391410416068037D+00
    0.558996179313720D+00    0.429685565133179D+00
    0.593768864692107D+00    0.466397623532625D+00
    0.623399765128562D+00    0.500545985158444D+00
    0.645382250694331D+00    0.530852512110406D+00
    0.657090576870783D+00    0.556008502358971D+00
    0.655257312753754D+00    0.574811402673862D+00
    0.636772287784434D+00    0.585853609588448D+00
    0.598027205159544D+00    0.588502170530927D+00
    0.535962100635596D+00    0.581560251713952D+00
    0.447375185890253D+00    0.565567863735987D+00
    0.330148552320530D+00    0.539966406706210D+00
    0.182579334926682D+00    0.506806048035562D+00
    0.476234100017737D-02    0.466314491333382D+00
   -0.202390916891425D+00    0.421724779540539D+00
   -0.434577611668755D+00    0.373581457156058D+00
   -0.686845691787796D+00    0.324831499508680D+00
   -0.946813798017423D+00    0.275849137509853D+00
   -0.120135521290710D+01    0.227297415260431D+00
   -0.142107000576597D+01    0.179954934919191D+00
   -0.157316360458720D+01    0.131857780525383D+00
   -0.159487834951891D+01    0.869397550840955D-01
   -0.141376972264012D+01    0.446765728120664D-01
   -0.922025848771257D+00    0.132927087812621D-01
    0.000000000000000D+00    0.000000000000000D+00
    0.000000000000000D+00    0.000000000000000D+00
    0.145673380287259D-01    0.224246222136436D-02
    0.348198790402336D-01    0.862812561487110D-02
    0.585614845181486D-01    0.189005611804640D-01
    0.842648764044405D-01    0.326198687471033D-01
    0.111126098914215D+00    0.497022938575085D-01
    0.138752536439662D+00    0.698936765729727D-01
    0.167100041469479D+00    0.931947625843867D-01
    0.196295506290967D+00    0.119458445067319D+00
    0.226573327688717D+00    0.148715458657344D+00
    0.258179819281138D+00    0.180847570385790D+00
    0.291332612055661D+00    0.215842751898592D+00
    0.326144306439425D+00    0.253522618560531D+00
    0.362610733002991D+00    0.293745173886231D+00
    0.400512832859011D+00    0.336171368988269D+00
    0.439440072002928D+00    0.380427040898212D+00
    0.478647920511975D+00    0.425905948355218D+00
    0.517130730146054D+00    0.471894379822765D+00
    0.553430486244829D+00    0.517430515149952D+00
    0.585775557979373D+00    0.561385311257437D+00
    0.611862377008688D+00    0.602438220046983D+00
    0.629067599065637D+00    0.639031186965112D+00
    0.634264841531249D+00    0.669655995186628D+00
    0.624087411827926D+00    0.692502214117535D+00
    0.594907108614446D+00    0.706347481839727D+00
    0.543062275845835D+00    0.709358462080092D+00
    0.465118491121568D+00    0.701375836658946D+00
    0.358031388317462D+00    0.681054157295527D+00
    0.219798731192119D+00    0.650081564318608D+00
    0.495616459561256D-01    0.607708354350937D+00
   -0.151746379036702D+00    0.557763913429370D+00
   -0.380438793171564D+00    0.499875119855562D+00
   -0.630512587105049D+00    0.438372368426796D+00
   -0.890224009235983D+00    0.373633468429067D+00
   -0.114396069214087D+01    0.307277391815994D+00
   -0.136457271678698D+01    0.241836893003657D+00
   -0.151648749164760D+01    0.174553963637050D+00
   -0.154246119214244D+01    0.113735346392112D+00
   -0.136844509388509D+01    0.572884614542371D-01
   -0.892822927607253D+00    0.166198486213774D-01
    0.000000000000000D+00    0.000000000000000D+00
    0.000000000000000D+00    0.000000000000000D+00
    0.102632046771012D-01    0.213451483612692D-02
    0.265007254857060D-01    0.831377909489174D-02
    0.466320189185428D-01    0.183190594944651D-01
    0.688658857899196D-01    0.318067720575290D-01
    0.924631132662883D-01    0.487401835894955D-01
    0.116877717062650D+00    0.689243276382650D-01
    0.142083371298766D+00    0.924304808358775D-01
    0.168145605913817D+00    0.119136203039752D+00
    0.195301042620740D+00    0.149183781014000D+00
    0.223810765823031D+00    0.182463742046430D+00
    0.253902775906311D+00    0.219126638761442D+00
    0.285776501272563D+00    0.258993162536303D+00
    0.319464262024226D+00    0.302139718326858D+00
    0.354908773485224D+00    0.348214010126144D+00
    0.391777600626597D+00    0.397107533925522D+00
    0.429560506373030D+00    0.448172490011001D+00
    0.467382918120652D+00    0.500976437528681D+00
    0.504066081496488D+00    0.554455104022845D+00
    0.538020531590724D+00    0.607707660863478D+00
    0.567189973116812D+00    0.659196741609931D+00
    0.589154303566413D+00    0.707436419550483D+00
    0.600869806136172D+00    0.750514182327855D+00
    0.599118866937736D+00    0.786412563899526D+00
    0.580011687472054D+00    0.813259372428907D+00
    0.539854259633763D+00    0.828675794738576D+00
    0.474504018865080D+00    0.831573294667086D+00
    0.380625837676301D+00    0.819896295960583D+00
    0.255185329762013D+00    0.794311744552437D+00
    0.968545604394423D-01    0.753501318496807D+00
   -0.944728698747798D-01    0.700508098789205D+00
   -0.315266172195919D+00    0.635201911642584D+00
   -0.559982050347952D+00    0.561706703126018D+00
   -0.815980655465989D+00    0.481319794792529D+00
   -0.106843272082342D+01    0.396867474810739D+00
   -0.128817933043123D+01    0.311031758956154D+00
   -0.144329011346421D+01    0.223696807487744D+00
   -0.147454610705687D+01    0.143366055281052D+00
   -0.131363183215662D+01    0.716256646718937D-01
   -0.859930936751484D+00    0.204552406069084D-01
    0.000000000000000D+00    0.000000000000000D+00
    0.000000000000000D+00    0.000000000000000D+00
    0.616554699108847D-02    0.194683004790858D-02
    0.186848149780994D-01    0.759537062671502D-02
    0.351730635357689D-01    0.169519122593160D-01
    0.539965529224642D-01    0.296770409470773D-01
    0.741979850865885D-01    0.458708624075405D-01
    0.953008369508293D-01    0.653700269479603D-01
    0.117156590977644D+00    0.883090983170398D-01
    0.139850943995803D+00    0.114632024110127D+00
    0.163576441780827D+00    0.144505583733846D+00
    0.188600568720403D+00    0.177941496567736D+00
    0.215176939402821D+00    0.215092787494819D+00
    0.243523423640017D+00    0.255973290066804D+00
    0.273771733314727D+00    0.300645302002118D+00
    0.305916728856997D+00    0.349034020631946D+00
    0.339810965780125D+00    0.400993869178258D+00
    0.375048094440154D+00    0.456236071968122D+00
    0.411031566553814D+00    0.514250432369962D+00
    0.446746429421843D+00    0.574378740213291D+00
    0.480959183950518D+00    0.635568352733167D+00
    0.511820927357645D+00    0.696644732437174D+00
    0.537282269588957D+00    0.755850346558476D+00
    0.554487773906283D+00    0.811432746381974D+00
    0.560476277066420D+00    0.860922007863465D+00
    0.551395602300106D+00    0.902204915419263D+00
    0.523503034518452D+00    0.932159255285749D+00
    0.472377243805662D+00    0.948967142065873D+00
    0.394135399728203D+00    0.949557629375195D+00
    0.285043930664613D+00    0.933673558669085D+00
    0.142772320662904D+00    0.898389079102549D+00
   -0.335912572258682D-01    0.846503182735628D+00
   -0.241787918154547D+00    0.776465527433381D+00
   -0.476105068223442D+00    0.693473843340542D+00
   -0.725085680068042D+00    0.597965881555708D+00
   -0.972380850379949D+00    0.495184385742402D+00
   -0.119098159158429D+01    0.388302757921095D+00
   -0.134673946820054D+01    0.277445025041120D+00
   -0.138696252765424D+01    0.177457500454471D+00
   -0.124130846502208D+01    0.875658257550331D-01
   -0.815688979699078D+00    0.244100686386868D-01
    0.000000000000000D+00    0.000000000000000D+00
    0.000000000000000D+00    0.000000000000000D+00
    0.261130314648670D-02    0.163864013024130D-02
    0.115724108406035D-01    0.655024946728645D-02
    0.246909888317625D-01    0.148304542281376D-01
    0.401118193975192D-01    0.263266359251970D-01
    0.569806050960406D-01    0.411895189104822D-01
    0.746894394415291D-01    0.593389770787652D-01
    0.931140962175069D-01    0.809684818022166D-01
    0.112279076609158D+00    0.106036578137887D+00
    0.132361456405788D+00    0.134809788104157D+00
    0.153629354053998D+00    0.167280693909995D+00
    0.176309491425398D+00    0.203767886436840D+00
    0.200689560252949D+00    0.244246014458226D+00
    0.226883469390792D+00    0.289033838275183D+00
    0.255046565129354D+00    0.337998951704711D+00
    0.285039678381062D+00    0.391364794407910D+00
    0.316737026792675D+00    0.448754556761145D+00
    0.349590975352750D+00    0.510149865014995D+00
    0.383009139372392D+00    0.574745311593906D+00
    0.415855586564787D+00    0.642083139633054D+00
    0.446834742365167D+00    0.710725433812222D+00
    0.474037034163087D+00    0.779543393391825D+00
    0.495206496790059D+00    0.846313195427532D+00
    0.507520818398015D+00    0.909061361294173D+00
    0.507562070118748D+00    0.964860906915616D+00
    0.491627398835412D+00    0.101076826621689D+01
    0.455282899443873D+00    0.104364176097354D+01
    0.394401560055132D+00    0.106007489772274D+01
    0.304457798828775D+00    0.105798257365924D+01
    0.182341146439909D+00    0.103378894500257D+01
    0.258650838985945D-01    0.988040892528102D+00
   -0.163827594823377D+00    0.919079257986934D+00
   -0.381922045300093D+00    0.830784162188921D+00
   -0.617709803281763D+00    0.723678418740979D+00
   -0.856186087071797D+00    0.604142701625306D+00
   -0.107003150283033D+01    0.475634577494585D+00
   -0.122910007020726D+01    0.340874601800584D+00
   -0.127914178008333D+01    0.216322528761461D+00
   -0.115628058887830D+01    0.106820976026386D+00
   -0.766353162463292D+00    0.296674410539659D-01
    0.000000000000000D+00    0.000000000000000D+00
    0.000000000000000D+00    0.000000000000000D+00
   -0.368363121730672D-03    0.125661138938038D-02
    0.562456033961691D-02    0.512477361204061D-02
    0.155506196213074D-01    0.120229924812933D-01
    0.278119983627873D-01    0.218290494861090D-01
    0.413845808018802D-01    0.348547816829960D-01
    0.557724318454732D-01    0.510466602328070D-01
    0.707443610748721D-01    0.706502770258545D-01
    0.863498556894814D-01    0.936695975039049D-01
    0.102712563821345D+00    0.120367543723355D+00
    0.120084984304704D+00    0.150833826530523D+00
    0.138694214623255D+00    0.185352723471254D+00
    0.158803798244247D+00    0.224078052674617D+00
    0.180595744651590D+00    0.267272549269882D+00
    0.204217786746863D+00    0.315098615446594D+00
    0.229694212429729D+00    0.367697978329798D+00
    0.256929553499182D+00    0.425138587092061D+00
    0.285671697277508D+00    0.487280132146995D+00
    0.315413625934393D+00    0.553934739720593D+00
    0.345481920148240D+00    0.624456039773080D+00
    0.374726908982193D+00    0.698176700741486D+00
    0.401878658307685D+00    0.773678916238836D+00
    0.424861691513186D+00    0.849550877069421D+00
    0.441623707151400D+00    0.923367099583185D+00
    0.448869774071457D+00    0.992789013736533D+00
    0.443638047297720D+00    0.105418816136617D+01
    0.421349427327441D+00    0.110439098699366D+01
    0.378306215521801D+00    0.113897794754347D+01
    0.309223038883563D+00    0.115481186376354D+01
    0.210723389857837D+00    0.114668967079854D+01
    0.790021655399991D-01    0.111356333071608D+01
   -0.858206966070011D-01    0.105198918258651D+01
   -0.281347699417005D+00    0.965494654437835D+00
   -0.497735924097820D+00    0.851115525266440D+00
   -0.721639231001351D+00    0.718450913693604D+00
   -0.928609337850224D+00    0.570048366877677D+00
   -0.108468309857092D+01    0.409661825684272D+00
   -0.114686727686264D+01    0.261875751913293D+00
   -0.104814578348552D+01    0.129129112662588D+00
   -0.702608723935549D+00    0.353472535501267D-01
    0.000000000000000D+00    0.000000000000000D+00
    0.000000000000000D+00    0.000000000000000D+00
   -0.246028205054080D-02    0.795584033165148D-03
    0.965194213380645D-03    0.351354576100787D-02
    0.816501566672282D-02    0.869842200519129D-02
    0.174510120099370D-01    0.164886245812719D-01
    0.279584427196601D-01    0.272274370194791D-01
    0.391299940717190D-01    0.409434849273304D-01
    0.507714684781328D-01    0.579120216061057D-01
    0.628920905151026D-01    0.781247543984629D-01
    0.755864250549962D-01    0.101910089405668D+00
    0.890943520920694D-01    0.129297328994537D+00
    0.103584570434793D+00    0.160702603518341D+00
    0.119353587310509D+00    0.196187288164076D+00
    0.136518117852241D+00    0.236247574649215D+00
    0.155336511419761D+00    0.280923073244477D+00
    0.175774486536100D+00    0.330733922354954D+00
    0.197972674305708D+00    0.385585839488982D+00
    0.221635539919169D+00    0.445913237754658D+00
    0.246678945972040D+00    0.511307104604678D+00
    0.272405262894664D+00    0.581941655660310D+00
    0.298339310609557D+00    0.656831410436151D+00
    0.323205344663030D+00    0.735647315418997D+00
    0.345884691821424D+00    0.816494644363507D+00
    0.364324502717894D+00    0.898239787448549D+00
    0.376408449289011D+00    0.977749014850098D+00
    0.379148399623159D+00    0.105274084286273D+01
    0.369103838955518D+00    0.111868726507220D+01
    0.342393698542117D+00    0.117210980655390D+01
    0.294211805122998D+00    0.120761177866680D+01
    0.220656171536909D+00    0.122040451844253D+01
    0.117253949285598D+00    0.120597332079021D+01
   -0.171368509738654D-01    0.116037209545331D+01
   -0.182593065860098D+00    0.108360445447871D+01
   -0.371732033955965D+00    0.972500527776455D+00
   -0.573357668781217D+00    0.833554524382321D+00
   -0.765611093352491D+00    0.670849054711292D+00
   -0.917425766839031D+00    0.491100121179295D+00
   -0.987955807848937D+00    0.315075834580216D+00
   -0.921697795313409D+00    0.156387654143067D+00
   -0.629363941522400D+00    0.431948082009694D-01
    0.000000000000000D+00    0.000000000000000D+00
    0.000000000000000D+00    0.000000000000000D+00
   -0.369588628251623D-02    0.284583425982258D-03
   -0.207288580407099D-02    0.167245248032419D-02
    0.273697440622726D-02    0.504605659002152D-02
    0.942458700153863D-02    0.105916557888940D-01
    0.170726124333659D-01    0.187840821756686D-01
    0.252768196345135D-01    0.296648522864275D-01
    0.337854253250836D-01    0.435211819943710D-01
    0.426351639176166D-01    0.603635703634042D-01
    0.518746180678776D-01    0.804709075076491D-01
    0.617078948779963D-01    0.103930561679004D+00
    0.722815402830545D-01    0.131074863762246D+00
    0.838324717591863D-01    0.162091460631821D+00
    0.964991753885273D-01    0.197365176250638D+00
    0.110480682636837D+00    0.237170291145666D+00
    0.125841132491621D+00    0.281880537695855D+00
    0.142677738080035D+00    0.331803012294418D+00
    0.160917980055328D+00    0.387173964501378D+00
    0.180463379222984D+00    0.448228697688293D+00
    0.201026974611419D+00    0.514867435238639D+00
    0.222161368581389D+00    0.587071653185650D+00
    0.243260240290661D+00    0.664132083639746D+00
    0.263284232124874D+00    0.745484233425598D+00
    0.281167543512006D+00    0.829464594727547D+00
    0.294914675954840D+00    0.914540775143892D+00
    0.302833512771709D+00    0.997739155904359D+00
    0.301561491483182D+00    0.107602047560213D+01
    0.288663235304484D+00    0.114497952184273D+01
    0.259098182686353D+00    0.119976988229149D+01
    0.210066519403772D+00    0.123440057252770D+01
    0.135778528673649D+00    0.124324072004536D+01
    0.352188793507337D-01    0.122045720567386D+01
   -0.949353902214995D-01    0.116262010019735D+01
   -0.248953013222956D+00    0.106415565377377D+01
   -0.419601092562808D+00    0.928804086992278D+00
   -0.588317816674428D+00    0.761898153656352D+00
   -0.727080196259642D+00    0.570377754013541D+00
   -0.802323202887242D+00    0.375548602313037D+00
   -0.764957763671029D+00    0.189300764925314D+00
   -0.537698538227108D+00    0.510334240346545D-01
    0.000000000000000D+00    0.000000000000000D+00
    0.000000000000000D+00    0.000000000000000D+00
   -0.393757425177138D-02   -0.194297018355431D-03
   -0.358012080420098D-02   -0.364946577569386D-04
   -0.604845593636217D-03    0.145892225972851D-02
    0.382102320097838D-02    0.473909560990126D-02
    0.897953500326651D-02    0.102711188165218D-01
    0.145241798839224D-01    0.181297093928154D-01
    0.202376662363323D-01    0.286042675314519D-01
    0.261631436067188D-01    0.416466706750312D-01
    0.323022614447551D-01    0.575687068558983D-01
    0.388482417055245D-01    0.763476401271764D-01
    0.458651085253573D-01    0.984017680047544D-01
    0.535923616709713D-01    0.123764891229814D+00
    0.620717982094998D-01    0.152991891211507D+00
    0.715533313054564D-01    0.186152656094216D+00
    0.819969256585214D-01    0.223922445498115D+00
    0.936446962849823D-01    0.266340229506285D+00
    0.106311291301314D+00    0.314145290910365D+00
    0.120202755932727D+00    0.367225506520238D+00
    0.134904532209527D+00    0.426279706783882D+00
    0.150525433011759D+00    0.490845192011536D+00
    0.166306727043544D+00    0.561414819989079D+00
    0.182132525530212D+00    0.636859500374402D+00
    0.196749336113499D+00    0.717216749869003D+00
    0.209577417105565D+00    0.800210682214292D+00
    0.218700038788443D+00    0.885093711338788D+00
    0.222662846581522D+00    0.967798712692788D+00
    0.218776624741706D+00    0.104640638984418D+01
    0.204127118049870D+00    0.111439978068256D+01
    0.175599683874697D+00    0.116832512432868D+01
    0.128668844518077D+00    0.119938568347291D+01
    0.611905460979184D-01    0.120319073982774D+01
   -0.314653431564651D-01    0.117038405035401D+01
   -0.146266848971853D+00    0.109786034504731D+01
   -0.277836858344903D+00    0.980916762823385D+00
   -0.412641893246533D+00    0.825949993471066D+00
   -0.528056047757700D+00    0.639839641479765D+00
   -0.596482933433099D+00    0.437285516587371D+00
   -0.587613286633199D+00    0.232229134553829D+00
   -0.431741005722548D+00    0.686493620379714D-01
    0.000000000000000D+00    0.000000000000000D+00
    0.000000000000000D+00    0.000000000000000D+00
   -0.330925704452602D-02   -0.613464742977744D-03
   -0.351775196911825D-02   -0.156131473552922D-02
   -0.197090345281571D-02   -0.165030931074642D-02
    0.629320457177085D-03   -0.416886544654209D-03
    0.367523574144615D-02    0.263537880769331D-02
    0.697233121871296D-02    0.757768638376633D-02
    0.103255726725067D-01    0.146356563181962D-01
    0.137840275844344D-01    0.237802787639870D-01
    0.173377008414248D-01    0.352112821874386D-01
    0.211193586204078D-01    0.489458063742440D-01
    0.251710256165820D-01    0.652637068466563D-01
    0.296507150446195D-01    0.842679870947885D-01
    0.345925402071372D-01    0.106343629766282D+00
    0.401598312014954D-01    0.131690861472845D+00
    0.463492565198116D-01    0.160765970918983D+00
    0.533137453491909D-01    0.193858613817190D+00
    0.609897967589066D-01    0.231416883323462D+00
    0.694911318666739D-01    0.273792865956376D+00
    0.786682222202512D-01    0.321292478755308D+00
    0.885370676873066D-01    0.374265517023640D+00
    0.988274210756113D-01    0.432670656791905D+00
    0.109343316773976D+00    0.496714407119604D+00
    0.119645150783261D+00    0.565713365070392D+00
    0.129120547926875D+00    0.639433942786206D+00
    0.137097857540354D+00    0.716182732353499D+00
    0.142200289940764D+00    0.794717601882741D+00
    0.143454567368255D+00    0.871899775507835D+00
    0.138182649018603D+00    0.944566274917403D+00
    0.125241626706924D+00    0.100786561142342D+01
    0.100320535924296D+00    0.105547002788080D+01
    0.625630666116507D-01    0.108167257376267D+01
    0.673614321407743D-02    0.107530624330778D+01
   -0.652741482339232D-01    0.103417113972000D+01
   -0.153355376465154D+00    0.947288156691670D+00
   -0.247010119655208D+00    0.819016111896492D+00
   -0.334933149856234D+00    0.653103481235374D+00
   -0.392058667526599D+00    0.462272273453768D+00
   -0.388097972497478D+00    0.256996497232332D+00
   -0.277558811779433D+00    0.801297492116405D-01
    0.000000000000000D+00    0.000000000000000D+00
    0.000000000000000D+00    0.000000000000000D+00
   -0.204541340053041D-02   -0.753183296527366D-03
   -0.235699823836042D-02   -0.231165353314701D-02
   -0.176452026489882D-02   -0.353103431821395D-02
   -0.532962028005294D-03   -0.383174535319347D-02
    0.883300848594155D-03   -0.279527495032335D-02
    0.246108888479429D-02   -0.414063853366806D-03
    0.400331649198993D-02    0.352648350245787D-02
    0.561424134739049D-02    0.890514204013424D-02
    0.721663051332775D-02    0.159364239055570D-01
    0.894973603798143D-02    0.245067992301017D-01
    0.107621012960135D-01    0.349379195627165D-01
    0.128168737814945D-01    0.471461486282413D-01
    0.150376682435631D-01    0.616026364462888D-01
    0.176234057842294D-01    0.782418902013600D-01
    0.204380652958277D-01    0.976907694252585D-01
    0.237336845925442D-01    0.119870693901496D+00
    0.272798935863300D-01    0.145549740995238D+00
    0.313991919404964D-01    0.174587640990308D+00
    0.357239768503149D-01    0.207854763704623D+00
    0.406589938734406D-01    0.245068066459763D+00
    0.456427326816503D-01    0.287125355183002D+00
    0.511565999222675D-01    0.333456318530964D+00
    0.563738013458761D-01    0.384857438100543D+00
    0.618055684671032D-01    0.440205302062761D+00
    0.662834571944846D-01    0.499993251847729D+00
    0.701912467271698D-01    0.562070434388803D+00
    0.719805722325450D-01    0.626297975139377D+00
    0.715596484643995D-01    0.688677142503692D+00
    0.672038704213762D-01    0.748081482201336D+00
    0.576153198863081D-01    0.797521094828687D+00
    0.417418450303951D-01    0.834534895095872D+00
    0.162429980390623D-01    0.847394208497586D+00
   -0.158578831970068D-01    0.834839435792137D+00
   -0.605394851511711D-01    0.784830958712524D+00
   -0.106351152679421D+00    0.695637664088090D+00
   -0.165004206272465D+00    0.564545264915694D+00
   -0.210362798190590D+00    0.408954643227864D+00
   -0.224005418627149D+00    0.225951652863170D+00
   -0.165334226353918D+00    0.959587520476273D-01
    0.000000000000000D+00    0.000000000000000D+00
    0.000000000000000D+00    0.000000000000000D+00
   -0.589175428567406D-03   -0.589175428564705D-03
   -0.771579788581272D-03   -0.205648825191078D-02
   -0.686340803143221D-03   -0.339677638607707D-02
   -0.365708663034322D-03   -0.424869569053708D-02
    0.687852398104939D-05   -0.437996881754567D-02
    0.425682895909918D-03   -0.375030997606108D-02
    0.823924475246513D-03   -0.231288489238551D-02
    0.123224158479872D-02   -0.929085386557039D-04
    0.163429522761184D-02    0.295573303466772D-02
    0.207095689279366D-02    0.679998054667677D-02
    0.251987774428214D-02    0.115755612201454D-01
    0.304151263358028D-02    0.172582979462513D-01
    0.359453204493869D-02    0.240767801729583D-01
    0.426062503167386D-02    0.320337779156745D-01
    0.497340034332915D-02    0.414281508987432D-01
    0.583617304871034D-02    0.523053976412911D-01
    0.675476509593647D-02    0.649951080056379D-01
    0.785143211784898D-02    0.796066190350609D-01
    0.900380055802564D-02    0.964352100878539D-01
    0.103435106196839D-01    0.115680851351226D+00
    0.117227727295277D-01    0.137498549148914D+00
    0.132592209329877D-01    0.162204972413981D+00
    0.147897681359056D-01    0.189648143499219D+00
    0.163702148728217D-01    0.220265632237319D+00
    0.178509485178214D-01    0.253342431421109D+00
    0.191164366919699D-01    0.289372763611373D+00
    0.200926405209752D-01    0.326695219664275D+00
    0.202952748865116D-01    0.365583522727976D+00
    0.198930415330859D-01    0.403041264607307D+00
    0.176975810382420D-01    0.438341137926601D+00
    0.142991403865579D-01    0.467074863826178D+00
    0.751151196438540D-02    0.485686077270787D+00
   -0.444337885702523D-03    0.490349595942009D+00
   -0.127035597565112D-01    0.474941678624815D+00
   -0.255079864561974D-01    0.433876667536059D+00
   -0.465157559751632D-01    0.348595569459607D+00
   -0.753765630973384D-01    0.259955562517981D+00
   -0.963756320658739D-01    0.115138665949071D+00
    0.176368598977420D-01    0.325587005065832D-01
    0.000000000000000D+00    0.000000000000000D+00
    0.000000000000000D+00    0.000000000000000D+00
    0.000000000000000D+00    0.000000000000000D+00
    0.000000000000000D+00    0.000000000000000D+00
    0.000000000000000D+00    0.000000000000000D+00
    0.000000000000000D+00    0.000000000000000D+00
    0.000000000000000D+00    0.000000000000000D+00
    0.000000000000000D+00    0.000000000000000D+00
    0.000000000000000D+00    0.000000000000000D+00
    0.000000000000000D+00    0.000000000000000D+00
    0.000000000000000D+00    0.000000000000000D+00
    0.000000000000000D+00    0.000000000000000D+00
    0.000000000000000D+00    0.000000000000000D+00
    0.000000000000000D+00    0.000000000000000D+00
    0.000000000000000D+00    0.000000000000000D+00
    0.000000000000000D+00    0.000000000000000D+00
    0.000000000000000D+00    0.000000000000000D+00
    0.000000000000000D+00    0.000000000000000D+00
    0.000000000000000D+00    0.000000000000000D+00
    0.000000000000000D+00    0.000000000000000D+00
    0.000000000000000D+00    0.000000000000000D+00
    0.000000000000000D+00    0.000000000000000D+00
    0.000000000000000D+00    0.000000000000000D+00
    0.000000000000000D+00    0.000000000000000D+00
    0.000000000000000D+00    0.000000000000000D+00
    0.000000000000000D+00    0.000000000000000D+00
    0.000000000000000D+00    0.000000000000000D+00
    0.000000000000000D+00    0.000000000000000D+00
    0.000000000000000D+00    0.000000000000000D+00
    0.000000000000000D+00    0.000000000000000D+00
    0.000000000000000D+00    0.000000000000000D+00
    0.000000000000000D+00    0.000000000000000D+00
    0.000000000000000D+00    0.000000000000000D+00
    0.000000000000000D+00    0.000000000000000D+00
    0.000000000000000D+00    0.000000000000000D+00
    0.000000000000000D+00    0.000000000000000D+00
    0.000000000000000D+00    0.000000000000000D+00
    0.000000000000000D+00    0.000000000000000D+00
    0.000000000000000D+00    0.000000000000000D+00
    0.000000000000000D+00    0.000000000000000D+00
    0.000000000000000D+00    0.000000000000000D+00
    0.000000000000000D+00    0.000000000000000D+00
