100.0
 50.0
 50.0
 10.0
 10.0
 10.0
 10.0
  1.0
  1.0
  1.0
  1.0
  1.0
  1.0
  1.0
  1.0
  1.0
  1.0
  1.0
  1.0
  1.0
  1.0
  1.0
  1.0
  1.0
  1.0
  1.0
  1.0
  1.0
  1.0
  1.0
  1.0
  1.0
  1.0
  1.0
  1.0
  1.0
  1.0
  1.0
  1.0
  1.0
  1.0
  1.0
  1.0
  1.0
  1.0
  1.0
  1.0
  1.0
  1.0
  1.0
  1.0
  1.0
  1.0
  1.0
  1.0
  1.0
  1.0
  1.0
  1.0
  1.0
  1.0
  1.0
  1.0
  1.0
  1.0
  1.0
  1.0
  1.0
  1.0
  1.0
  1.0
  1.0
  1.0
  1.0
  1.0
  1.0
  1.0
  1.0
  1.0
  1.0
  1.0
  1.0
  1.0
  1.0
  1.0
  1.0
  1.0
  1.0
  1.0
  1.0
  1.0
  1.0
  1.0
  1.0
  1.0
  1.0
  1.0
  1.0
  1.0
  1.0
