    0.000000000000000E+00    0.000000000000000E+00
    0.000000000000000E+00    0.000000000000000E+00
    0.000000000000000E+00    0.000000000000000E+00
    0.000000000000000E+00    0.000000000000000E+00
    0.000000000000000E+00    0.000000000000000E+00
    0.000000000000000E+00    0.000000000000000E+00
    0.000000000000000E+00    0.000000000000000E+00
    0.000000000000000E+00    0.000000000000000E+00
    0.000000000000000E+00    0.000000000000000E+00
    0.000000000000000E+00    0.000000000000000E+00
    0.000000000000000E+00    0.000000000000000E+00
    0.000000000000000E+00    0.000000000000000E+00
    0.000000000000000E+00    0.000000000000000E+00
    0.000000000000000E+00    0.000000000000000E+00
    0.000000000000000E+00    0.000000000000000E+00
    0.000000000000000E+00    0.000000000000000E+00
    0.000000000000000E+00    0.000000000000000E+00
    0.000000000000000E+00    0.000000000000000E+00
    0.000000000000000E+00    0.000000000000000E+00
    0.000000000000000E+00    0.000000000000000E+00
    0.000000000000000E+00    0.000000000000000E+00
    0.000000000000000E+00    0.000000000000000E+00
    0.000000000000000E+00    0.000000000000000E+00
    0.000000000000000E+00    0.000000000000000E+00
    0.000000000000000E+00    0.000000000000000E+00
    0.000000000000000E+00    0.000000000000000E+00
    0.000000000000000E+00    0.000000000000000E+00
    0.000000000000000E+00    0.000000000000000E+00
    0.000000000000000E+00    0.000000000000000E+00
    0.000000000000000E+00    0.000000000000000E+00
    0.000000000000000E+00    0.000000000000000E+00
    0.000000000000000E+00    0.000000000000000E+00
    0.000000000000000E+00    0.000000000000000E+00
    0.000000000000000E+00    0.000000000000000E+00
    0.000000000000000E+00    0.000000000000000E+00
    0.000000000000000E+00    0.000000000000000E+00
    0.000000000000000E+00    0.000000000000000E+00
    0.000000000000000E+00    0.000000000000000E+00
    0.000000000000000E+00    0.000000000000000E+00
    0.000000000000000E+00    0.000000000000000E+00
    0.000000000000000E+00    0.000000000000000E+00
    0.000000000000000E+00    0.000000000000000E+00
   -0.287371718695749E-05   -0.133493965677385E-03
    0.164352201263930E-04   -0.577907392533130E-03
   -0.689427134873807E-04   -0.708912061978750E-03
   -0.242972831548457E-03   -0.406370837119672E-03
   -0.230092849647700E-03   -0.255380028143558E-03
   -0.322300056996927E-03    0.600727178438566E-03
   -0.143411972922347E-03    0.913646868431535E-03
    0.351213631552055E-03   -0.395919770063106E-03
    0.104935102784960E-02   -0.127370562105910E-02
    0.105744329139415E-02   -0.292910598784784E-02
    0.100852015820145E-02   -0.500355611504662E-02
    0.933522991373529E-03   -0.681926740423706E-02
    0.892542242482343E-03   -0.853788141776919E-02
    0.841903563227870E-03   -0.101638002218202E-01
    0.774628592321119E-03   -0.116653564506863E-01
    0.691965821563828E-03   -0.130182460098500E-01
    0.607901719349768E-03   -0.142253403976739E-01
    0.513868007349981E-03   -0.152517656417925E-01
    0.415367332111070E-03   -0.161036058731719E-01
    0.305050377788801E-03   -0.167459674249233E-01
    0.188569098621909E-03   -0.171833614110333E-01
    0.612588340476271E-04   -0.173777513672638E-01
   -0.710158625915084E-04   -0.173375593633156E-01
   -0.209289052426790E-03   -0.170297216848349E-01
   -0.348704669711914E-03   -0.164703817388107E-01
   -0.484912640958715E-03   -0.156402372521888E-01
   -0.614904501445308E-03   -0.145679515926869E-01
   -0.727966472751041E-03   -0.132588257938756E-01
   -0.824438521153255E-03   -0.117559270508927E-01
   -0.887501088241705E-03   -0.101013347887316E-01
   -0.922789517176143E-03   -0.834764896931698E-02
   -0.909506740478287E-03   -0.658314386485565E-02
   -0.859518440785494E-03   -0.485708541245988E-02
   -0.755015667357897E-03   -0.329948127108215E-02
   -0.614768606406257E-03   -0.193856668639742E-02
   -0.436031999635142E-03   -0.919217570951023E-03
   -0.240849843351262E-03   -0.221680385085808E-03
   -0.675997223724285E-04    0.877328969104810E-04
    0.738490864172660E-04    0.738490864178493E-04
    0.000000000000000E+00    0.000000000000000E+00
    0.000000000000000E+00    0.000000000000000E+00
    0.714275075397496E-03   -0.442364392165105E-03
    0.779960325551873E-03   -0.163216480192062E-02
    0.442827531309789E-03   -0.280194830790921E-02
   -0.132262112941870E-03   -0.357170448116421E-02
   -0.675648823161515E-03   -0.425319651280345E-02
   -0.242135772096652E-03   -0.482859486573423E-02
    0.845724988490523E-03   -0.571872008195037E-02
    0.192279634084722E-02   -0.755845319132592E-02
    0.311217238924344E-02   -0.945959001960662E-02
    0.346264730609039E-02   -0.120027358091085E-01
    0.344725414153764E-02   -0.150447105912820E-01
    0.327912264225384E-02   -0.178653590162972E-01
    0.311074973687502E-02   -0.205369094179781E-01
    0.287934505942282E-02   -0.230426623073984E-01
    0.263094285968677E-02   -0.253782739590162E-01
    0.233160799571842E-02   -0.274206358239933E-01
    0.202704162413152E-02   -0.292332085698412E-01
    0.168059682476626E-02   -0.307097775644322E-01
    0.132146219246826E-02   -0.319091041721956E-01
    0.918402434334562E-03   -0.327243018941310E-01
    0.497502293891539E-03   -0.332085396475539E-01
    0.386727718094011E-04   -0.332608968278333E-01
   -0.433902634272217E-03   -0.329325682861152E-01
   -0.926986987541347E-03   -0.321425826985428E-01
   -0.141836341999344E-02   -0.309463056648112E-01
   -0.189981517511887E-02   -0.292940933254240E-01
   -0.235040715136244E-02   -0.272562017956802E-01
   -0.274867235890697E-02   -0.248242149303475E-01
   -0.307423957883786E-02   -0.220950068366056E-01
   -0.329952924641368E-02   -0.191065084983310E-01
   -0.340423879063909E-02   -0.159899994795779E-01
   -0.336854948222138E-02   -0.128259482409989E-01
   -0.317290471171146E-02   -0.977636067788782E-02
   -0.282613301093769E-02   -0.694506105841717E-02
   -0.231446404428519E-02   -0.450240457454507E-02
   -0.170281767423567E-02   -0.253278663338938E-02
   -0.996154320145033E-03   -0.115758559090698E-02
   -0.365832037509668E-03   -0.337438819362641E-03
    0.944036270869709E-04   -0.562082638308470E-04
    0.000000000000000E+00    0.000000000000000E+00
    0.000000000000000E+00    0.000000000000000E+00
    0.183325316332986E-02   -0.886657581415870E-03
    0.261855665036478E-02   -0.314468410227415E-02
    0.244200295349891E-02   -0.585437801247630E-02
    0.158687161631665E-02   -0.836640287361940E-02
    0.986244599098365E-03   -0.113353879143571E-01
    0.103524345557207E-02   -0.137933487030144E-01
    0.246670464764440E-02   -0.161063254190380E-01
    0.408954261565251E-02   -0.191670265909957E-01
    0.572313749115308E-02   -0.215263642272460E-01
    0.646862153922098E-02   -0.243848666796037E-01
    0.650714243061618E-02   -0.277943712720070E-01
    0.628762271262716E-02   -0.310305133720522E-01
    0.596024539973158E-02   -0.340421140647760E-01
    0.550362722677551E-02   -0.368701281469919E-01
    0.498366554685889E-02   -0.394676555592687E-01
    0.439397045540471E-02   -0.417299635593007E-01
    0.376248534495872E-02   -0.436612090887571E-01
    0.307488445923070E-02   -0.452129115382506E-01
    0.233052165692961E-02   -0.463700640864673E-01
    0.152493574011859E-02   -0.470803372216955E-01
    0.661033738471409E-03   -0.473322454597541E-01
   -0.254988348754859E-03   -0.470771858182642E-01
   -0.121300048976992E-02   -0.463115116642107E-01
   -0.219589093816512E-02   -0.450004690928549E-01
   -0.318025501662065E-02   -0.431613095783030E-01
   -0.413939724847495E-02   -0.407807675338657E-01
   -0.503301509462960E-02   -0.379121024547805E-01
   -0.582832201693446E-02   -0.345736060038131E-01
   -0.646962477103179E-02   -0.308653821650647E-01
   -0.692444279953213E-02   -0.268485354021339E-01
   -0.713164411351027E-02   -0.226697692527828E-01
   -0.706993046053209E-02   -0.184412083571972E-01
   -0.669370137401550E-02   -0.143376249691861E-01
   -0.601168516554105E-02   -0.105146167520274E-01
   -0.502538877698531E-02   -0.713544416244532E-02
   -0.380773914907288E-02   -0.435092756963888E-02
   -0.244471860916735E-02   -0.225790812135747E-02
   -0.115030168690110E-02   -0.872240308221282E-03
   -0.168500584610385E-03   -0.197111499607269E-03
    0.000000000000000E+00    0.000000000000000E+00
    0.000000000000000E+00    0.000000000000000E+00
    0.392771262857819E-02   -0.129067855536840E-02
    0.594111611511569E-02   -0.470993467531458E-02
    0.623916957065983E-02   -0.919297877553560E-02
    0.549363077351346E-02   -0.139904606841814E-01
    0.467993518588160E-02   -0.190417036618053E-01
    0.464717329286966E-02   -0.235848564160173E-01
    0.587937033602542E-02   -0.276510624785286E-01
    0.730054687559348E-02   -0.314322568797118E-01
    0.880950455880258E-02   -0.345852781331444E-01
    0.958827878939863E-02   -0.378164511964372E-01
    0.968724811325460E-02   -0.411500653138879E-01
    0.942513425709380E-02   -0.442958968301243E-01
    0.888521266337940E-02   -0.472634462586163E-01
    0.818602219521587E-02   -0.499985044541540E-01
    0.736011952330759E-02   -0.525182833641992E-01
    0.643644521033675E-02   -0.546386986322817E-01
    0.542926938172119E-02   -0.564249323122527E-01
    0.433185280547406E-02   -0.577656911970084E-01
    0.314250670745208E-02   -0.587001572620857E-01
    0.185570360847742E-02   -0.591134967436340E-01
    0.480508653659825E-03   -0.590395020938002E-01
   -0.976008128857990E-03   -0.583865339501147E-01
   -0.249280192443786E-02   -0.571837008611566E-01
   -0.404479792562487E-02   -0.553702763786945E-01
   -0.559535823459631E-02   -0.529820843281675E-01
   -0.709888039528266E-02   -0.499981314522054E-01
   -0.850190454684899E-02   -0.464764654199612E-01
   -0.974032815112688E-02   -0.424433807319715E-01
   -0.107474413056976E-01   -0.379957222500416E-01
   -0.114501162309117E-01   -0.332112408768764E-01
   -0.117807987010033E-01   -0.282369394270840E-01
   -0.116780667694358E-01   -0.231999010693396E-01
   -0.110995489242790E-01   -0.182917212631535E-01
   -0.100313150678738E-01   -0.136719855267757E-01
   -0.849938074805066E-02   -0.954146999666381E-02
   -0.659178091327768E-02   -0.604460174571502E-02
   -0.446679831181479E-02   -0.332102017721665E-02
   -0.238580628497629E-02   -0.141115259845439E-02
   -0.736091210355728E-03   -0.336097821218375E-03
    0.000000000000000E+00    0.000000000000000E+00
    0.000000000000000E+00    0.000000000000000E+00
    0.683821397086820E-02   -0.172957274285106E-02
    0.107909728617502E-01   -0.619648627280012E-02
    0.120619390763975E-01   -0.123858170586576E-01
    0.114469540933012E-01   -0.190507481234622E-01
    0.104157985247238E-01   -0.262961050426277E-01
    0.965761155124603E-02   -0.327466806922428E-01
    0.102031036818754E-01   -0.382864171397116E-01
    0.111268681491357E-01   -0.432437994613021E-01
    0.121591927607132E-01   -0.469262271061032E-01
    0.128641043588935E-01   -0.504243460320601E-01
    0.128559927080304E-01   -0.535676583604073E-01
    0.124406387108597E-01   -0.564584271761534E-01
    0.116854336027365E-01   -0.591279375940960E-01
    0.106864016657082E-01   -0.615291598208921E-01
    0.954112962449540E-02   -0.637179328563382E-01
    0.826250243013308E-02   -0.655302400135430E-01
    0.686209451043013E-02   -0.669776717114783E-01
    0.533005637567083E-02   -0.680001268327198E-01
    0.366259888357223E-02   -0.685864442731982E-01
    0.186542455321998E-02   -0.686618887120806E-01
   -0.593545704611583E-04   -0.682162971540320E-01
   -0.208849817915521E-02   -0.671953163972552E-01
   -0.420228671635932E-02   -0.655947060068405E-01
   -0.635963932246588E-02   -0.633768288039055E-01
   -0.851078193952492E-02   -0.605605491500768E-01
   -0.105995899099830E-01   -0.571302739332638E-01
   -0.125403801335064E-01   -0.531433479770159E-01
   -0.142669343566447E-01   -0.486149002268778E-01
   -0.156605850476481E-01   -0.436546246077925E-01
   -0.166553449546154E-01   -0.383197444361792E-01
   -0.171196386041053E-01   -0.327781574917452E-01
   -0.170079988535039E-01   -0.271395094072486E-01
   -0.162209811116747E-01   -0.216169868596818E-01
   -0.147709347629183E-01   -0.163681540090999E-01
   -0.126612744400467E-01   -0.116124896069415E-01
   -0.100253971016680E-01   -0.751197997926301E-02
   -0.705176848059551E-02   -0.423452625982472E-02
   -0.407774441096056E-02   -0.185989256317622E-02
   -0.153928734799738E-02   -0.459734150564163E-03
    0.000000000000000E+00    0.000000000000000E+00
    0.000000000000000E+00    0.000000000000000E+00
    0.103168255288439E-01   -0.194241654815908E-02
    0.167386623649625E-01   -0.715746923403623E-02
    0.194835138044096E-01   -0.145135808336974E-01
    0.194321252874331E-01   -0.228553099550162E-01
    0.181203371425547E-01   -0.316338093006822E-01
    0.166905207234539E-01   -0.396615927205295E-01
    0.160171290094433E-01   -0.466241897702842E-01
    0.158563317082283E-01   -0.524418232955608E-01
    0.160112583830806E-01   -0.569093253493266E-01
    0.160702403691255E-01   -0.606499207585929E-01
    0.157049786506293E-01   -0.637260072736316E-01
    0.150478540884893E-01   -0.663787318544588E-01
    0.140163114678801E-01   -0.687306952234714E-01
    0.127682534472398E-01   -0.707647591431449E-01
    0.113033613737873E-01   -0.725457274268603E-01
    0.969662164181621E-02   -0.739644619346469E-01
    0.790226803775740E-02   -0.750384940486478E-01
    0.595188838703050E-02   -0.757022444767878E-01
    0.381103604227442E-02   -0.759429205577737E-01
    0.151081220512176E-02   -0.756890531937869E-01
   -0.961625119067598E-03   -0.749217467166930E-01
   -0.356060010311846E-02   -0.735997433303664E-01
   -0.627468049268620E-02   -0.716981695856830E-01
   -0.903531105947985E-02   -0.692017676991413E-01
   -0.118000126310361E-01   -0.660941477054525E-01
   -0.144734937643500E-01   -0.623930369984774E-01
   -0.169793538258201E-01   -0.581056614482296E-01
   -0.191968021058797E-01   -0.532886195596874E-01
   -0.210196412348274E-01   -0.479921714222743E-01
   -0.223127921054771E-01   -0.423190852395954E-01
   -0.229617892016195E-01   -0.363800869181556E-01
   -0.228463257430364E-01   -0.303295263420068E-01
   -0.218940116863236E-01   -0.243401650964739E-01
   -0.200544368950181E-01   -0.186104578889981E-01
   -0.173810181674754E-01   -0.133453791347906E-01
   -0.139759512560072E-01   -0.875044518392957E-02
   -0.101158057939439E-01   -0.500001560345162E-02
   -0.613645410962620E-02   -0.224113173280002E-02
   -0.257673840335301E-02   -0.558355031215659E-03
    0.000000000000000E+00    0.000000000000000E+00
    0.000000000000000E+00    0.000000000000000E+00
    0.142881897935181E-01   -0.207638023503963E-02
    0.235542132600869E-01   -0.753002929598570E-02
    0.280299874538427E-01   -0.156120134299338E-01
    0.286227549594507E-01   -0.247451676162233E-01
    0.271649885314407E-01   -0.347380911090111E-01
    0.247787547827458E-01   -0.439270196292778E-01
    0.228564686751352E-01   -0.519850831697061E-01
    0.213652501171327E-01   -0.588250783810866E-01
    0.203663424971189E-01   -0.638546672730455E-01
    0.195751054460851E-01   -0.680116419758394E-01
    0.185919320970378E-01   -0.711003032879452E-01
    0.174723890983852E-01   -0.736215320179293E-01
    0.160798916393572E-01   -0.757245476632629E-01
    0.145128257064025E-01   -0.774361149115839E-01
    0.127473031681432E-01   -0.788519903629677E-01
    0.107956426287601E-01   -0.799092099228265E-01
    0.863528131811720E-02   -0.806406987032711E-01
    0.626606189889900E-02   -0.809769401742160E-01
    0.367811879888782E-02   -0.809208115520154E-01
    0.886577867805284E-03   -0.803964415233526E-01
   -0.210679792568910E-02   -0.793929628572115E-01
   -0.526339567850594E-02   -0.778585627234410E-01
   -0.855309585235698E-02   -0.757817103867457E-01
   -0.119123571207357E-01   -0.731232756364044E-01
   -0.152709702129561E-01   -0.698869571218062E-01
   -0.185409734139095E-01   -0.660525990751224E-01
   -0.216026898278383E-01   -0.616534493649964E-01
   -0.243470530000874E-01   -0.566951523459570E-01
   -0.266044006297715E-01   -0.512597730736364E-01
   -0.282570699701263E-01   -0.453912927975222E-01
   -0.291087950063591E-01   -0.392391313481660E-01
   -0.290643207376888E-01   -0.329006882021607E-01
   -0.279652636067850E-01   -0.265959536776312E-01
   -0.257992377547215E-01   -0.204811345507017E-01
   -0.225553657436551E-01   -0.148179842001148E-01
   -0.183967105834130E-01   -0.979660434666761E-02
   -0.135781033975478E-01   -0.565487880228018E-02
   -0.852246258925756E-02   -0.255585223826842E-02
   -0.378011270625024E-02   -0.645135775078462E-03
    0.000000000000000E+00    0.000000000000000E+00
    0.000000000000000E+00    0.000000000000000E+00
    0.180876650763884E-01   -0.195237182464172E-02
    0.303449120382642E-01   -0.727517636380353E-02
    0.368957265821899E-01   -0.152329376958165E-01
    0.385859226877409E-01   -0.246999813973190E-01
    0.371200892530784E-01   -0.350041113892345E-01
    0.340734509739815E-01   -0.449056952570010E-01
    0.307439420073670E-01   -0.538259116596304E-01
    0.277447341682579E-01   -0.613639219424346E-01
    0.252995686356306E-01   -0.672535912885179E-01
    0.232864383391333E-01   -0.718492270738596E-01
    0.214490012572170E-01   -0.752808802315739E-01
    0.196993945756866E-01   -0.778912877793755E-01
    0.178472462762599E-01   -0.799142742165784E-01
    0.159260615627142E-01   -0.814479815702312E-01
    0.138101129323359E-01   -0.826113406957262E-01
    0.115390511353501E-01   -0.834154401795332E-01
    0.901617632174785E-02   -0.838858241779935E-01
    0.627574212162875E-02   -0.839877864065338E-01
    0.326444621380864E-02   -0.837075042994561E-01
    0.289150230772226E-04   -0.830078671633694E-01
   -0.345699805983067E-02   -0.818526706159062E-01
   -0.712508965702213E-02   -0.802209068848485E-01
   -0.109663565115707E-01   -0.780678305848854E-01
   -0.148841337608433E-01   -0.753854178285483E-01
   -0.188278190936152E-01   -0.721343871650370E-01
   -0.226668003901516E-01   -0.683257659555108E-01
   -0.263011174978875E-01   -0.639397365562885E-01
   -0.295636903780086E-01   -0.590126040870614E-01
   -0.323044423598303E-01   -0.535657929525083E-01
   -0.343286320992017E-01   -0.476747726428106E-01
   -0.354602054929063E-01   -0.414279080217444E-01
   -0.355112772301750E-01   -0.349580381941420E-01
   -0.343509191463252E-01   -0.284359988600592E-01
   -0.318739746786205E-01   -0.220618794435759E-01
   -0.281194998789117E-01   -0.160721460217789E-01
   -0.231816395959942E-01   -0.107143826820232E-01
   -0.173998371363338E-01   -0.622663606142315E-02
   -0.111717979335630E-01   -0.284128316846308E-02
   -0.514693022471415E-02   -0.720350442793939E-03
    0.000000000000000E+00    0.000000000000000E+00
    0.000000000000000E+00    0.000000000000000E+00
    0.217753589116590E-01   -0.170500939586347E-02
    0.369299992582885E-01   -0.633980789262220E-02
    0.456304152014683E-01   -0.137556878858417E-01
    0.485251405701207E-01   -0.226622873488365E-01
    0.473910003584589E-01   -0.328793911073414E-01
    0.437444562105117E-01   -0.429306712677065E-01
    0.392545056926524E-01   -0.523069427281615E-01
    0.347570603692516E-01   -0.605294033936807E-01
    0.308079908242629E-01   -0.670413142825527E-01
    0.274978615487161E-01   -0.722978825072138E-01
    0.246026668732882E-01   -0.761502149055876E-01
    0.220829841413262E-01   -0.790847180642514E-01
    0.196466498268977E-01   -0.812248681135608E-01
    0.172655508386711E-01   -0.827810356543502E-01
    0.147681071670638E-01   -0.838763223765516E-01
    0.121243855253991E-01   -0.845616975712309E-01
    0.925166246584000E-02   -0.849068224253529E-01
    0.613580108245843E-02   -0.848745995168847E-01
    0.274161259548707E-02   -0.844884599620031E-01
   -0.918992114543952E-03   -0.837012434072334E-01
   -0.484798148727013E-02   -0.825092689235508E-01
   -0.900179267787347E-02   -0.808658829415145E-01
   -0.133447851805758E-01   -0.787587738650284E-01
   -0.178007220369202E-01   -0.761445362406353E-01
   -0.222884309094772E-01   -0.730138286916407E-01
   -0.266953674944708E-01   -0.693326536594095E-01
   -0.308802062222361E-01   -0.651084329205929E-01
   -0.346923735630078E-01   -0.603226453591941E-01
   -0.379212465899200E-01   -0.550228731998699E-01
   -0.403877880566066E-01   -0.492210098817960E-01
   -0.418300627993471E-01   -0.430369913766106E-01
   -0.420785625161711E-01   -0.365364728695814E-01
   -0.408973061081269E-01   -0.299368731229273E-01
   -0.382117652432359E-01   -0.233804142364829E-01
   -0.339622077897435E-01   -0.171699657887240E-01
   -0.283005795569363E-01   -0.115226875943463E-01
   -0.215076790057057E-01   -0.675295247603528E-02
   -0.140727371047604E-01   -0.309695074495104E-02
   -0.664428692581890E-02   -0.792677141995391E-03
    0.000000000000000E+00    0.000000000000000E+00
    0.000000000000000E+00    0.000000000000000E+00
    0.246264371310563E-01   -0.131080518589674E-02
    0.424068871959421E-01   -0.506101983926676E-02
    0.532856703518979E-01   -0.112103274995400E-01
    0.577732849067909E-01   -0.191420578567941E-01
    0.573523162058340E-01   -0.284347875165529E-01
    0.536463797475822E-01   -0.381570166391021E-01
    0.482874665581117E-01   -0.476149581319525E-01
    0.425102534770899E-01   -0.561721299560260E-01
    0.370753025696559E-01   -0.634095929692930E-01
    0.323345183679260E-01   -0.692801286458636E-01
    0.282453093718474E-01   -0.738197924224443E-01
    0.247533941941767E-01   -0.772342242702762E-01
    0.215764338054877E-01   -0.797448515496333E-01
    0.186235051038314E-01   -0.815237959681267E-01
    0.156544404044847E-01   -0.827457162821391E-01
    0.126182306826114E-01   -0.834867774052973E-01
    0.936892613381345E-02   -0.838358230441583E-01
    0.590118206265340E-02   -0.838004839761051E-01
    0.213066938843546E-02   -0.834048236341880E-01
   -0.190830931769808E-02   -0.826392869381933E-01
   -0.625414471862259E-02   -0.814894157033665E-01
   -0.108372769859755E-01   -0.799358765225238E-01
   -0.156519697740934E-01   -0.779487563484869E-01
   -0.205922128145946E-01   -0.755066640257678E-01
   -0.256040181639085E-01   -0.725759784186588E-01
   -0.305381874145089E-01   -0.691372554432124E-01
   -0.352784353901195E-01   -0.651662908724493E-01
   -0.396234265519177E-01   -0.606529016530456E-01
   -0.433838806335824E-01   -0.556038084077017E-01
   -0.463066786137980E-01   -0.500370153797561E-01
   -0.481465444127135E-01   -0.440236756540073E-01
   -0.486317722894074E-01   -0.376416350560861E-01
   -0.475444864797925E-01   -0.310612600134486E-01
   -0.446906382281428E-01   -0.244533425880177E-01
   -0.400485156763268E-01   -0.180922180247521E-01
   -0.336651096022590E-01   -0.122460961166173E-01
   -0.258986055082685E-01   -0.723038559368068E-02
   -0.171881993118868E-01   -0.334824551336567E-02
   -0.828889247544241E-02   -0.862552460982275E-03
    0.000000000000000E+00    0.000000000000000E+00
    0.000000000000000E+00    0.000000000000000E+00
    0.268731262400394E-01   -0.833128319905837E-03
    0.467917453789703E-01   -0.334466070732233E-02
    0.597314586564477E-01   -0.803612760404740E-02
    0.658600456623580E-01   -0.143671541548845E-01
    0.664945275108060E-01   -0.224181344980493E-01
    0.630642446091952E-01   -0.312538518655801E-01
    0.572867418757406E-01   -0.403637289605333E-01
    0.505575867264258E-01   -0.490299055035191E-01
    0.438722816524531E-01   -0.566739768368011E-01
    0.378304140985204E-01   -0.632092181243184E-01
    0.325129894648139E-01   -0.683948735567854E-01
    0.279817385407965E-01   -0.724751222720100E-01
    0.239394050719670E-01   -0.755033830081005E-01
    0.202920803932489E-01   -0.777142404645313E-01
    0.167612194321145E-01   -0.792445673527396E-01
    0.132530300750939E-01   -0.802134567925941E-01
    0.960098365496280E-02   -0.807242553605647E-01
    0.575012017749498E-02   -0.808139345699097E-01
    0.162121254838612E-02   -0.805337137505066E-01
   -0.279452977701643E-02   -0.798808249464611E-01
   -0.751477242261002E-02   -0.788719152250809E-01
   -0.125061235412118E-01   -0.774785695210150E-01
   -0.177388613093231E-01   -0.756989801286883E-01
   -0.231378490798982E-01   -0.734935595660345E-01
   -0.286225486944424E-01   -0.708514898279108E-01
   -0.340697824352978E-01   -0.677265223094790E-01
   -0.393304545351522E-01   -0.641104218743763E-01
   -0.442236140748768E-01   -0.599566180140201E-01
   -0.485106039894921E-01   -0.552814253855246E-01
   -0.519515238526877E-01   -0.500536778515942E-01
   -0.542208408478902E-01   -0.443549232975600E-01
   -0.550545976353728E-01   -0.382011099497533E-01
   -0.541186003218118E-01   -0.317881783223848E-01
   -0.512322017187724E-01   -0.252238623819439E-01
   -0.462439664322490E-01   -0.188355795359375E-01
   -0.392420858569626E-01   -0.128514047226546E-01
   -0.304906364584640E-01   -0.766263961022481E-02
   -0.205144702072865E-01   -0.357121197003799E-02
   -0.100477545942083E-01   -0.930697110206738E-03
    0.000000000000000E+00    0.000000000000000E+00
    0.000000000000000E+00    0.000000000000000E+00
    0.280330785975610E-01   -0.363717198326563E-03
    0.495345651844914E-01   -0.167293284972656E-02
    0.642396190140973E-01   -0.455264852408476E-02
    0.721740826480882E-01   -0.907551392203828E-02
    0.742517989607627E-01   -0.152948664389721E-01
    0.716803880057607E-01   -0.228329923881220E-01
    0.660578243434657E-01   -0.311059319078986E-01
    0.588609908849330E-01   -0.394688132940688E-01
    0.512461321453978E-01   -0.473431744115894E-01
    0.440312439294452E-01   -0.543288190425534E-01
    0.375144364290446E-01   -0.602338122681406E-01
    0.318477150602671E-01   -0.649920335966746E-01
    0.268387737185470E-01   -0.687146532810548E-01
    0.223742740820916E-01   -0.714888409392900E-01
    0.181762282467841E-01   -0.735027310842421E-01
    0.141206220619926E-01   -0.748457257731559E-01
    0.999641738296236E-02   -0.756589828686836E-01
    0.574221889042677E-02   -0.759970645972753E-01
    0.122924967313178E-02   -0.759337737429145E-01
   -0.354109717436891E-02   -0.754895598446796E-01
   -0.862951854648217E-02   -0.746910218650707E-01
   -0.139831872261847E-01   -0.735331219384356E-01
   -0.196104136099113E-01   -0.720142012116204E-01
   -0.254120842828174E-01   -0.701128041917661E-01
   -0.313423321929731E-01   -0.678111512417583E-01
   -0.372497252044161E-01   -0.650733840871133E-01
   -0.430166660339772E-01   -0.618764386236258E-01
   -0.484235396170201E-01   -0.581757558668824E-01
   -0.532569456068352E-01   -0.539605974837443E-01
   -0.572149735162585E-01   -0.491951932713823E-01
   -0.599863518965355E-01   -0.439181499401994E-01
   -0.612069026311923E-01   -0.381420571122149E-01
   -0.605474841493541E-01   -0.320100815147691E-01
   -0.576893611645098E-01   -0.256412969540181E-01
   -0.524971289260276E-01   -0.193217308121655E-01
   -0.449173540308453E-01   -0.133176595589198E-01
   -0.352733985108346E-01   -0.801377105252872E-02
   -0.240035219045681E-01   -0.377807763313977E-02
   -0.119450656961957E-01   -0.992234269580423E-03
    0.000000000000000E+00    0.000000000000000E+00
    0.000000000000000E+00    0.000000000000000E+00
    0.284006231970423E-01    0.126695156812241E-03
    0.508166866205619E-01    0.100592519557442E-03
    0.669976937994289E-01   -0.102396586267345E-02
    0.766328157001463E-01   -0.349563773254805E-02
    0.803353899838879E-01   -0.774838251003913E-02
    0.789890458971365E-01   -0.135741442958886E-01
    0.740046920267368E-01   -0.206398848539299E-01
    0.668464008810762E-01   -0.283141708116824E-01
    0.587336351044394E-01   -0.360161050085197E-01
    0.506809927574744E-01   -0.432568486477065E-01
    0.431279781196302E-01   -0.496612185241408E-01
    0.364124769338828E-01   -0.551014027029912E-01
    0.304001181052979E-01   -0.595052790337653E-01
    0.250641578704469E-01   -0.629608329388685E-01
    0.201118423171246E-01   -0.655563776893208E-01
    0.154249866817178E-01   -0.674185255646976E-01
    0.107690452480551E-01   -0.686573647104769E-01
    0.605077434379413E-02   -0.693662141359175E-01
    0.113724590141206E-02   -0.696240500063766E-01
   -0.401198813746910E-02   -0.694761864974843E-01
   -0.944743046194044E-02   -0.689669332798639E-01
   -0.151581554516635E-01   -0.681042457947914E-01
   -0.211341220460843E-01   -0.669063478760190E-01
   -0.273152587844305E-01   -0.653537923912763E-01
   -0.336341403055372E-01   -0.634468373306985E-01
   -0.399747208052172E-01   -0.611423301708231E-01
   -0.461953877357298E-01   -0.584292190035194E-01
   -0.521057520732544E-01   -0.552448559761604E-01
   -0.574572174745032E-01   -0.515816790230091E-01
   -0.619657554368374E-01   -0.473693889449168E-01
   -0.652541812632187E-01   -0.426432888071885E-01
   -0.669603477779432E-01   -0.373603152690147E-01
   -0.666389489799917E-01   -0.316669072124737E-01
   -0.639641069565978E-01   -0.256131989490999E-01
   -0.586453512796771E-01   -0.195146793196738E-01
   -0.506404822382527E-01   -0.135838891719644E-01
   -0.401381036380791E-01   -0.826973132908052E-02
   -0.276383032813874E-01   -0.393189460875250E-02
   -0.139248828129349E-01   -0.104692382007455E-02
    0.000000000000000E+00    0.000000000000000E+00
    0.000000000000000E+00    0.000000000000000E+00
    0.278388566807474E-01    0.508476990208782E-03
    0.505287663868361E-01    0.156999231731886E-02
    0.676617768789973E-01    0.217634130261058E-02
    0.788598874753544E-01    0.171292275714460E-02
    0.843370719889696E-01   -0.344645739823745E-03
    0.846055458925090E-01   -0.421792552068554E-02
    0.808358783592932E-01   -0.963607099434359E-02
    0.742780003539721E-01   -0.162130296232308E-01
    0.661985269599632E-01   -0.233495276936470E-01
    0.576697502552805E-01   -0.304854097597722E-01
    0.493372600533831E-01   -0.372012127769511E-01
    0.416582095601649E-01   -0.431436746845712E-01
    0.346720545573673E-01   -0.482227066486905E-01
    0.284018297049185E-01   -0.523421844653499E-01
    0.226236468859079E-01   -0.556069844157759E-01
    0.172204611471916E-01   -0.580533930211367E-01
    0.119521153464595E-01   -0.598265161124180E-01
    0.671891267413614E-02   -0.609910765084556E-01
    0.135253071845205E-02   -0.616605683744156E-01
   -0.418470340546178E-02   -0.618830365976624E-01
   -0.998602675773606E-02   -0.617271196861556E-01
   -0.160281394396955E-01   -0.612164497497926E-01
   -0.223429278211560E-01   -0.603824514126429E-01
   -0.288532780298470E-01   -0.592239972902478E-01
   -0.355317895614905E-01   -0.577451346785451E-01
   -0.422434921025213E-01   -0.559193448355239E-01
   -0.488845734215982E-01   -0.537295080030103E-01
   -0.552413104789402E-01   -0.511234909760728E-01
   -0.610964823564610E-01   -0.480733563645986E-01
   -0.661255041144721E-01   -0.445101092663777E-01
   -0.699666710838471E-01   -0.404272620717733E-01
   -0.721761872923390E-01   -0.357758160668811E-01
   -0.723014349493887E-01   -0.306395232663729E-01
   -0.698764581387107E-01   -0.250668719245425E-01
   -0.645966727046065E-01   -0.193110175724643E-01
   -0.562461410868293E-01   -0.136057976264402E-01
   -0.450374001295914E-01   -0.837386463957235E-02
   -0.313371345852669E-01   -0.403361093363554E-02
   -0.160079220833761E-01   -0.108221268696371E-02
    0.000000000000000E+00    0.000000000000000E+00
    0.000000000000000E+00    0.000000000000000E+00
    0.265812620966590E-01    0.866737137346290E-03
    0.489139689496974E-01    0.289615762012606E-02
    0.666130457609399E-01    0.501081975245147E-02
    0.790925861353958E-01    0.645239701338923E-02
    0.862757970554937E-01    0.651495858476626E-02
    0.883393664035551E-01    0.474850598549752E-02
    0.861057167705046E-01    0.118824004315495E-02
    0.806333555424098E-01   -0.391314220266298E-02
    0.730652986442690E-01   -0.100896385531825E-01
    0.645329721247751E-01   -0.167421582723451E-01
    0.557638428239396E-01   -0.234064549334298E-01
    0.473865191145835E-01   -0.296342692985418E-01
    0.395478677432340E-01   -0.351904315981519E-01
    0.324069796260786E-01   -0.399271487064478E-01
    0.257862094419388E-01   -0.438182419478937E-01
    0.196266114959774E-01   -0.469014680933250E-01
    0.136919950642953E-01   -0.492483656007699E-01
    0.788386021329417E-02   -0.509512076661417E-01
    0.202908770535851E-02   -0.520960137076320E-01
   -0.393734245923568E-02   -0.527630792700044E-01
   -0.101058408776355E-01   -0.530194218354779E-01
   -0.164913804724080E-01   -0.529137774408495E-01
   -0.231139033089118E-01   -0.524892361360878E-01
   -0.299379637545833E-01   -0.517593232074008E-01
   -0.369205081722224E-01   -0.507452401252639E-01
   -0.439688764264019E-01   -0.494251975119898E-01
   -0.509636245548482E-01   -0.477987866108880E-01
   -0.577306124329982E-01   -0.458070031333472E-01
   -0.640333138113650E-01   -0.434320076756234E-01
   -0.695757740363364E-01   -0.405804462280287E-01
   -0.739538517538012E-01   -0.372441198651833E-01
   -0.767283729133959E-01   -0.333239116555585E-01
   -0.773474987118960E-01   -0.288944969278802E-01
   -0.753208545687230E-01   -0.239302856188085E-01
   -0.701766429349459E-01   -0.186874054561000E-01
   -0.616706754308446E-01   -0.133300990559565E-01
   -0.498381782496887E-01   -0.831905925733835E-02
   -0.350623130871365E-01   -0.405235141329855E-02
   -0.181099817150208E-01   -0.110471148651153E-02
    0.000000000000000E+00    0.000000000000000E+00
    0.000000000000000E+00    0.000000000000000E+00
    0.247516738864286E-01    0.109044957663792E-02
    0.461855072181361E-01    0.384637601476690E-02
    0.638794611431686E-01    0.720744742198196E-02
    0.772699581823460E-01    0.103221934141817E-01
    0.860019874003703E-01    0.123797832746111E-01
    0.899206240506207E-01    0.127227853242014E-01
    0.895497586489184E-01    0.112305784639621E-01
    0.855843556905814E-01    0.787685724395198E-02
    0.790639300728819E-01    0.308415300918945E-02
    0.709945506754327E-01   -0.268854909497617E-02
    0.622134671847753E-01   -0.891783856324087E-02
    0.534154328944222E-01   -0.150946416720478E-01
    0.449259906103982E-01   -0.209134810682851E-01
    0.369924545107337E-01   -0.260785686099342E-01
    0.295638199352965E-01   -0.305347305991934E-01
    0.226225434329030E-01   -0.341942737442632E-01
    0.159817364037246E-01   -0.371393929739409E-01
    0.955219376621023E-02   -0.393916128380296E-01
    0.315786749760827E-02   -0.410653589525474E-01
   -0.326454173848668E-02   -0.422142900373632E-01
   -0.983196599054985E-02   -0.429340211937092E-01
   -0.165551200740141E-01   -0.432728245139008E-01
   -0.234882804762924E-01   -0.432942318471423E-01
   -0.305887075034416E-01   -0.430262404994039E-01
   -0.378504354036936E-01   -0.425000011276658E-01
   -0.451736219153715E-01   -0.417156710777523E-01
   -0.524771819166280E-01   -0.406717263317186E-01
   -0.595814195559511E-01   -0.393317922268088E-01
   -0.662851743859518E-01   -0.376623888782363E-01
   -0.722802109927254E-01   -0.355860029264010E-01
   -0.771817985234043E-01   -0.330558266698954E-01
   -0.805041945058557E-01   -0.299752179451691E-01
   -0.816810271241563E-01   -0.263514294558983E-01
   -0.801030895090565E-01   -0.221507278851333E-01
   -0.752530189283127E-01   -0.175481553969776E-01
   -0.666962822164055E-01   -0.127077678254509E-01
   -0.544407611738823E-01   -0.803849225356325E-02
   -0.386884763113667E-01   -0.397408693114175E-02
   -0.202355325009862E-01   -0.109209516663837E-02
    0.000000000000000E+00    0.000000000000000E+00
    0.000000000000000E+00    0.000000000000000E+00
    0.224730669612240E-01    0.127387059629381E-02
    0.425547691093500E-01    0.455498293133871E-02
    0.598674095653618E-01    0.888593726377699E-02
    0.737946341593163E-01    0.133582341244077E-01
    0.837942463773643E-01    0.171744988362839E-01
    0.894859356978187E-01    0.194924040854947E-01
    0.910295666381934E-01    0.200582568437086E-01
    0.888492875626119E-01    0.186435562180440E-01
    0.837307959214666E-01    0.154861554149524E-01
    0.765749961514632E-01    0.109840026904709E-01
    0.681963967720837E-01    0.557113399444183E-02
    0.593594844981435E-01   -0.186333988875107E-03
    0.504953658760473E-01   -0.593274415717820E-02
    0.419754469197880E-01   -0.113008255053477E-01
    0.338474083560503E-01   -0.161200635200934E-01
    0.261841787265999E-01   -0.202715891206083E-01
    0.188458520648831E-01   -0.237343751652223E-01
    0.117808266494585E-01   -0.265379033493870E-01
    0.482601993175842E-02   -0.287330110364904E-01
   -0.208294103493916E-02   -0.303995549189497E-01
   -0.905949467467855E-02   -0.316055131909130E-01
   -0.161366515120873E-01   -0.324264276359922E-01
   -0.233637236511984E-01   -0.329227305048423E-01
   -0.307311697283036E-01   -0.331428287373734E-01
   -0.382258511532198E-01   -0.331300373113429E-01
   -0.457877500170585E-01   -0.328952574776739E-01
   -0.533303327523022E-01   -0.324576307147545E-01
   -0.607173051635001E-01   -0.317802290778152E-01
   -0.677457337204843E-01   -0.308508995607372E-01
   -0.741456703776355E-01   -0.295756073303857E-01
   -0.795207494067440E-01   -0.279183656979573E-01
   -0.833986401029173E-01   -0.257403828949114E-01
   -0.851497139276982E-01   -0.230406683753365E-01
   -0.841320316610939E-01   -0.197130081256053E-01
   -0.796718301398724E-01   -0.159123481084761E-01
   -0.712666126972028E-01   -0.117225273890749E-01
   -0.587134495581101E-01   -0.754960568908120E-02
   -0.421680131603460E-01   -0.379328028768466E-02
   -0.222860488543566E-01   -0.106242432385894E-02
    0.000000000000000E+00    0.000000000000000E+00
    0.000000000000000E+00    0.000000000000000E+00
    0.199833792036089E-01    0.134571296317993E-02
    0.383746811677633E-01    0.494745229163538E-02
    0.548493211627231E-01    0.991855261361154E-02
    0.688691584207391E-01    0.154430422712658E-01
    0.797796124976350E-01    0.206644810610583E-01
    0.870008442297627E-01    0.247505382103970E-01
    0.904435145102575E-01    0.272764326988139E-01
    0.901798839402860E-01    0.278370884207120E-01
    0.867928712483371E-01    0.265560453985374E-01
    0.809373151901038E-01    0.235984187838792E-01
    0.734011384877853E-01    0.194062712358776E-01
    0.649114361522032E-01    0.144388007782839E-01
    0.560095430000281E-01    0.912260677532517E-02
    0.471396882051981E-01    0.386917968377500E-02
    0.384855240455619E-01   -0.109108406672120E-02
    0.301897556274203E-01   -0.553386374801114E-02
    0.222057666415478E-01   -0.941685779096852E-02
    0.145139234932678E-01   -0.126764574216304E-01
    0.699313141874922E-02   -0.153729088987065E-01
   -0.415397373361217E-03   -0.175291029428914E-01
   -0.781740496215882E-02   -0.192350287758449E-01
   -0.152502842355573E-01   -0.205429580174035E-01
   -0.227737728311585E-01   -0.215339648595260E-01
   -0.303848873909587E-01   -0.222581608035819E-01
   -0.380906836142574E-01   -0.227714432801376E-01
   -0.458398929087555E-01   -0.231032993014291E-01
   -0.535733015127890E-01   -0.232752031918419E-01
   -0.611689175378640E-01   -0.232787179825378E-01
   -0.684550534456637E-01   -0.230912189535165E-01
   -0.751800192043279E-01   -0.226479218710166E-01
   -0.809693236799477E-01   -0.218819239834592E-01
   -0.853495327911049E-01   -0.206710404846097E-01
   -0.876762764665052E-01   -0.189524018404745E-01
   -0.872337201594926E-01   -0.166129220723967E-01
   -0.832797367778363E-01   -0.137196269997062E-01
   -0.751311794168504E-01   -0.103332700341639E-01
   -0.625019304733393E-01   -0.678672857551487E-02
   -0.453313471513327E-01   -0.347445455195217E-02
   -0.242347841027604E-01   -0.983511378917089E-03
    0.000000000000000E+00    0.000000000000000E+00
    0.000000000000000E+00    0.000000000000000E+00
    0.173098627810304E-01    0.138139075384676E-02
    0.337767849075821E-01    0.511449571590420E-02
    0.491361701506474E-01    0.104820452397681E-01
    0.629019282060554E-01    0.166848214502364E-01
    0.743492766992278E-01    0.230074339606735E-01
    0.828255537488203E-01    0.285199306706632E-01
    0.879637701092334E-01    0.328010676211530E-01
    0.896162968366589E-01    0.352582395818540E-01
    0.880718431959148E-01    0.358745455999434E-01
    0.837900339903454E-01    0.346812191220425E-01
    0.774281841135094E-01    0.319570772807989E-01
    0.696589628621392E-01    0.281436514869632E-01
    0.610673691372748E-01    0.236054437719065E-01
    0.521514746706213E-01    0.188001445469776E-01
    0.432052561210487E-01    0.140074331994238E-01
    0.344515651814229E-01    0.949270592971745E-02
    0.259314512218950E-01    0.539469198857393E-02
    0.176836987006038E-01    0.178665830612920E-02
    0.963028447553417E-02   -0.130400882279047E-02
    0.173991886201059E-02   -0.391532985009122E-02
   -0.608031567331178E-02   -0.607974618200811E-02
   -0.138640628618886E-01   -0.787429389981579E-02
   -0.216709681515337E-01   -0.935262570027611E-02
   -0.295101035862447E-01   -0.105875896558723E-01
   -0.373923866809287E-01   -0.116317809394897E-01
   -0.452904820822037E-01   -0.125295394594311E-01
   -0.531532558480660E-01   -0.133169926097908E-01
   -0.608929312153957E-01   -0.139904905287907E-01
   -0.683548885648690E-01   -0.145530015136375E-01
   -0.753259039359817E-01   -0.149312952545228E-01
   -0.814535464062549E-01   -0.150824635345248E-01
   -0.862861077811939E-01   -0.148539828307860E-01
   -0.891670942887423E-01   -0.141857073273217E-01
   -0.893500951979994E-01   -0.129031252756575E-01
   -0.859764331601629E-01   -0.110403184330702E-01
   -0.782668831206423E-01   -0.857833847098778E-02
   -0.657141428356011E-01   -0.579962732577814E-02
   -0.481449739361663E-01   -0.305440063981487E-02
   -0.259963434871874E-01   -0.886818865226648E-03
    0.000000000000000E+00    0.000000000000000E+00
    0.000000000000000E+00    0.000000000000000E+00
    0.146854003913979E-01    0.134584439192015E-02
    0.291061778810224E-01    0.507613111048046E-02
    0.430843187240473E-01    0.105607382180901E-01
    0.562265994741777E-01    0.171676658258525E-01
    0.678272058756509E-01    0.241747655726282E-01
    0.771586686493276E-01    0.308036195231772E-01
    0.837236457023929E-01    0.365039691059821E-01
    0.871267582375813E-01    0.406662203022243E-01
    0.874551124711968E-01    0.431315263859335E-01
    0.849025064625557E-01    0.437417882771438E-01
    0.799984462463187E-01    0.427191633958913E-01
    0.732868452762184E-01    0.403062159021508E-01
    0.653558085673234E-01    0.368958640326347E-01
    0.567180497912647E-01    0.328668423752964E-01
    0.477547068812631E-01    0.285553693440499E-01
    0.387549157201166E-01    0.242606162639300E-01
    0.298612542429483E-01    0.201608850119245E-01
    0.211600597019554E-01    0.164080216567654E-01
    0.126512346609552E-01    0.130402906404082E-01
    0.431648809575661E-02    0.100916510167248E-01
   -0.388873733513750E-02    0.752088216251085E-02
   -0.120087530041520E-01    0.529672378450059E-02
   -0.200773081883199E-01    0.335033434225806E-02
   -0.281253857005967E-01    0.162712132958279E-02
   -0.361537737235875E-01    0.622432142583329E-04
   -0.441627271559734E-01   -0.139363215531675E-02
   -0.521044258416800E-01   -0.278154964448367E-02
   -0.599260232259919E-01   -0.412093781814892E-02
   -0.674885182065110E-01   -0.541006497316959E-02
   -0.746249139832856E-01   -0.660935824178922E-02
   -0.810006216128213E-01   -0.765591364943983E-02
   -0.862090647593224E-01   -0.842621849462603E-02
   -0.895832183992492E-01   -0.881297015224754E-02
   -0.903641167828161E-01   -0.864254569310575E-02
   -0.876177973969667E-01   -0.786979137930217E-02
   -0.804251497466455E-01   -0.643450088136751E-02
   -0.681530244219278E-01   -0.453732566673578E-02
   -0.504029851462365E-01   -0.247087193899399E-02
   -0.274987773015160E-01   -0.732652955796587E-03
    0.000000000000000E+00    0.000000000000000E+00
    0.000000000000000E+00    0.000000000000000E+00
    0.120824983678295E-01    0.128735642872408E-02
    0.244106424244126E-01    0.488272513012123E-02
    0.368702527625325E-01    0.103157503961811E-01
    0.491542190170098E-01    0.170064673795233E-01
    0.605684932293884E-01    0.244195170873069E-01
    0.704262615920842E-01    0.317533272607594E-01
    0.780714369916737E-01    0.385699683891178E-01
    0.830078134462748E-01    0.441384211705959E-01
    0.850694946610798E-01    0.482592174916397E-01
    0.842746500015340E-01    0.506328596117237E-01
    0.809576084694140E-01    0.513292561266050E-01
    0.755374431065119E-01    0.505159820498187E-01
    0.685536543157424E-01    0.484462150862376E-01
    0.604918027868799E-01    0.454990778423887E-01
    0.517988793173563E-01    0.419663787818457E-01
    0.428011756195060E-01    0.381757088142076E-01
    0.337354577898929E-01    0.343486273540297E-01
    0.247427541201009E-01    0.306534451933760E-01
    0.158886176055971E-01    0.272086760331481E-01
    0.720114845616124E-02    0.240422717519747E-01
   -0.133769710882160E-02    0.211890797284518E-01
   -0.974095714151142E-02    0.185971468549291E-01
   -0.180431395056083E-01    0.162512409936853E-01
   -0.262583148582680E-01    0.140726775939895E-01
   -0.344022725054994E-01    0.120243549741282E-01
   -0.424719684579184E-01    0.100371159122155E-01
   -0.504432023126665E-01    0.807381358850132E-02
   -0.582746103298066E-01    0.610303051573305E-02
   -0.658628878172237E-01    0.411017401840100E-02
   -0.730661220651668E-01    0.213320383885393E-02
   -0.796025138796916E-01    0.207340120217953E-03
   -0.850880417644079E-01   -0.152851876051455E-02
   -0.888999268888029E-01   -0.298279223326488E-02
   -0.902577029722781E-01   -0.393887033122501E-02
   -0.881769129680706E-01   -0.431925180455399E-02
   -0.816348426251496E-01   -0.399612156120680E-02
   -0.698008653850723E-01   -0.307912989695133E-02
   -0.521154373123506E-01   -0.181373718998506E-02
   -0.287035628697911E-01   -0.564687164724508E-03
    0.000000000000000E+00    0.000000000000000E+00
    0.000000000000000E+00    0.000000000000000E+00
    0.966960370806656E-02    0.119393910049886E-02
    0.199531705755500E-01    0.458652238088954E-02
    0.308107902328889E-01    0.978504606688668E-02
    0.420174886498324E-01    0.163723876667588E-01
    0.529599318136966E-01    0.238371656898981E-01
    0.629524419423431E-01    0.315801118235321E-01
    0.713250580659871E-01    0.390908899266379E-01
    0.774493159229502E-01    0.457514851297375E-01
    0.810360407186910E-01    0.512393868384338E-01
    0.818919745830077E-01    0.551867597483840E-01
    0.802059508659917E-01    0.575708489521388E-01
    0.762285074085253E-01    0.583766216046981E-01
    0.704215759039540E-01    0.578329054346066E-01
    0.632171249276429E-01    0.561637027107914E-01
    0.550735889288865E-01    0.536853793510389E-01
    0.463479539385216E-01    0.506702809483872E-01
    0.373443843077840E-01    0.473744965461503E-01
    0.282497231658280E-01    0.439930468671427E-01
    0.192123584627677E-01    0.406646567249435E-01
    0.102804921024354E-01    0.374770041201386E-01
    0.151101221277676E-02    0.344671049030579E-01
   -0.712004421720798E-02    0.316397780966189E-01
   -0.155873872623070E-01    0.289710989819881E-01
   -0.239370054674343E-01    0.264202751979390E-01
   -0.321406776911334E-01    0.239391633677772E-01
   -0.402385727145327E-01    0.214737817440332E-01
   -0.481791567182962E-01    0.189790237863586E-01
   -0.559731049845480E-01    0.164166636745875E-01
   -0.635086330542858E-01    0.137699183895238E-01
   -0.707105882928546E-01    0.110510969321494E-01
   -0.773032332711008E-01    0.830318026179326E-02
   -0.829846175616132E-01    0.563202478306569E-02
   -0.871257241275815E-01    0.315745437330064E-02
   -0.889979198067185E-01    0.108516121193035E-02
   -0.875512207016969E-01   -0.448255507604623E-03
   -0.816901119530966E-01   -0.126561007025612E-02
   -0.704447580523230E-01   -0.140156377140177E-02
   -0.530565332350261E-01   -0.993047108081241E-03
   -0.294870863042986E-01   -0.340646224639908E-03
    0.000000000000000E+00    0.000000000000000E+00
    0.000000000000000E+00    0.000000000000000E+00
    0.740165040113607E-02    0.109050948713854E-02
    0.157194016752532E-01    0.420912172326152E-02
    0.249701489534175E-01    0.908136778984210E-02
    0.349987390501646E-01    0.153450156895219E-01
    0.452419200627888E-01    0.226639138692883E-01
    0.551004681379136E-01    0.304532495462107E-01
    0.638456984453156E-01    0.383670356839453E-01
    0.708543025932056E-01    0.457319385652643E-01
    0.756687417657706E-01    0.522820390696274E-01
    0.780046078034451E-01    0.575474409296254E-01
    0.778547446244860E-01    0.614251552252432E-01
    0.753547896166959E-01    0.638125812741712E-01
    0.708430777058451E-01    0.647897632548036E-01
    0.646838593926316E-01    0.645468209627257E-01
    0.573205369436226E-01    0.632824662476146E-01
    0.491045115856614E-01    0.612765744328748E-01
    0.403930039017605E-01    0.587489135387688E-01
    0.314075986104359E-01    0.559098225710440E-01
    0.223567152322047E-01    0.529306568709295E-01
    0.133386640408380E-01    0.499009151843041E-01
    0.444263005481484E-02    0.469217242228000E-01
   -0.430471212465456E-02    0.439837351429399E-01
   -0.128781356380160E-01    0.411278642457065E-01
   -0.212792062073072E-01    0.382900815475201E-01
   -0.295029012004145E-01    0.354718547568934E-01
   -0.375553086375893E-01    0.325944700343435E-01
   -0.454222148246957E-01    0.296411178841928E-01
   -0.530955225486551E-01    0.265523143566491E-01
   -0.605146220212931E-01    0.233159736170970E-01
   -0.676053448886517E-01    0.199300822084935E-01
   -0.741671467491556E-01    0.164202028647023E-01
   -0.799116664570686E-01    0.128908392817582E-01
   -0.843029015325392E-01    0.943969738910503E-02
   -0.866019522768300E-01    0.629476353076707E-02
   -0.857870570688779E-01    0.361332060778907E-02
   -0.806753699629936E-01    0.162198918603984E-02
   -0.701582151990795E-01    0.398230167816513E-03
   -0.533054261905005E-01   -0.151653129132532E-03
   -0.298867687829041E-01   -0.111798111906782E-03
    0.000000000000000E+00    0.000000000000000E+00
    0.000000000000000E+00    0.000000000000000E+00
    0.537558583463820E-02    0.975416867294719E-03
    0.118800387250304E-01    0.379654073515939E-02
    0.195699348910289E-01    0.824801096336478E-02
    0.283526446649803E-01    0.140918272719409E-01
    0.377485690915739E-01    0.210240645656809E-01
    0.471921019084982E-01    0.286496954919655E-01
    0.560096602590032E-01    0.365921891127404E-01
    0.635298934583003E-01    0.443516325727369E-01
    0.692662989169084E-01    0.515787535972337E-01
    0.728009727685223E-01    0.578511333355004E-01
    0.740330659512481E-01    0.629753729074728E-01
    0.729410042834395E-01    0.667531332252373E-01
    0.697697766379602E-01    0.692086996633069E-01
    0.647832977793827E-01    0.703785569051616E-01
    0.583819635803808E-01    0.704497525913761E-01
    0.508974306915046E-01    0.695878993545758E-01
    0.427028172261669E-01    0.680263521433439E-01
    0.340431982715069E-01    0.659378150110529E-01
    0.251829543174924E-01    0.635091254213292E-01
    0.162406604165721E-01    0.608512688349727E-01
    0.737841853072948E-02    0.580706579170818E-01
   -0.138238028713775E-02    0.552050032696548E-01
   -0.994246882869890E-02    0.522897463292817E-01
   -0.183342758345126E-01    0.493081024195961E-01
   -0.264863435808375E-01    0.462498465793043E-01
   -0.344527358373999E-01    0.430704047571717E-01
   -0.421666564038300E-01    0.397397284682546E-01
   -0.496792465562197E-01    0.362132432399741E-01
   -0.568980188483698E-01    0.324675135350309E-01
   -0.638236370731186E-01    0.284930453930012E-01
   -0.702471551931703E-01    0.243102256400113E-01
   -0.759816788823818E-01    0.199974835791084E-01
   -0.804883676143555E-01    0.156622920302893E-01
   -0.831325163353975E-01    0.115145646980843E-01
   -0.828497155898635E-01    0.774767729712088E-02
   -0.784638191431030E-01    0.463390100389847E-02
   -0.687503075519720E-01    0.230883786074450E-02
   -0.526393355182440E-01    0.822646045588257E-03
   -0.297351062368650E-01    0.160087055764465E-03
    0.000000000000000E+00    0.000000000000000E+00
    0.000000000000000E+00    0.000000000000000E+00
    0.355088769133273E-02    0.858231377533780E-03
    0.838795228195097E-02    0.335311323210763E-02
    0.146088076345677E-01    0.734670423964793E-02
    0.221543476455903E-01    0.126438581288619E-01
    0.306026790756685E-01    0.190808999739794E-01
    0.394704333803553E-01    0.262853961968992E-01
    0.480879356448196E-01    0.340463898990069E-01
    0.558447525187414E-01    0.418488869212653E-01
    0.621721706070583E-01    0.494561509658823E-01
    0.666449750714192E-01    0.563915248025573E-01
    0.690141474416968E-01    0.624637050492412E-01
    0.691999828765743E-01    0.674074415725592E-01
    0.672991530845503E-01    0.711475789885999E-01
    0.635180663867409E-01    0.736770012717209E-01
    0.581701897369834E-01    0.750486737887262E-01
    0.515648689180356E-01    0.754202188686112E-01
    0.440599412765698E-01    0.749261312635164E-01
    0.359169640232901E-01    0.737511204920891E-01
    0.274222828288766E-01    0.720475815097844E-01
    0.187376245728665E-01    0.699367609145454E-01
    0.100446782914979E-01    0.675444458774026E-01
    0.142169768091185E-02    0.649055703448414E-01
   -0.703518839273610E-02    0.621030286255926E-01
   -0.152971607337421E-01    0.591038505144699E-01
   -0.233201696900718E-01    0.559511909664121E-01
   -0.310999769543891E-01    0.525751491423740E-01
   -0.386149919876875E-01    0.489911524214228E-01
   -0.458694505708197E-01    0.451249984905812E-01
   -0.528308134689971E-01    0.409814732301718E-01
   -0.594744262252976E-01    0.365228658452400E-01
   -0.656765778190977E-01    0.317723130768592E-01
   -0.712504325743993E-01    0.267904131547431E-01
   -0.757797475181145E-01    0.216657218875848E-01
   -0.786318183251470E-01    0.166128353548433E-01
   -0.788423782432857E-01    0.118292211320631E-01
   -0.751854075176956E-01    0.762025813932296E-02
   -0.663793988951666E-01    0.423027955449713E-02
   -0.512210824889241E-01    0.174667221359544E-02
   -0.291586785114137E-01    0.423347468434880E-03
    0.000000000000000E+00    0.000000000000000E+00
    0.000000000000000E+00    0.000000000000000E+00
    0.197366071307200E-02    0.739715995883825E-03
    0.534521879058920E-02    0.290581266937156E-02
    0.102145696027407E-01    0.640406861491180E-02
    0.165649974503072E-01    0.111232462325438E-01
    0.240325084958452E-01    0.169287939441647E-01
    0.321763205077823E-01    0.235996801143290E-01
    0.404015108690002E-01    0.309156504087691E-01
    0.480989450518602E-01    0.385351679559684E-01
    0.547359105101386E-01    0.461745555999475E-01
    0.598212454250674E-01    0.534672433751944E-01
    0.630839135647687E-01    0.601566160979341E-01
    0.643256309722088E-01    0.659724711218325E-01
    0.635869613127360E-01    0.707825857867288E-01
    0.609595307356761E-01    0.744816798039749E-01
    0.567062597515701E-01    0.770917707080433E-01
    0.510730269535126E-01    0.786501470253132E-01
    0.443993787782467E-01    0.792852306434805E-01
    0.369351431775562E-01    0.790996873218978E-01
    0.289856569068947E-01    0.782509011330228E-01
    0.207214107620351E-01    0.768347893285234E-01
    0.123713870240429E-01    0.749799980644078E-01
    0.401396411395293E-02    0.727396503495339E-01
   -0.419168996350816E-02    0.701911711353431E-01
   -0.122372857962187E-01    0.673411876223862E-01
   -0.200110301017350E-01    0.642187000779129E-01
   -0.275482171525169E-01    0.607967924074416E-01
   -0.347648344231184E-01    0.570703996429529E-01
   -0.417181569169945E-01    0.529991866976129E-01
   -0.483301528599815E-01    0.485648572220240E-01
   -0.546446220130781E-01    0.437443804478556E-01
   -0.605197926737494E-01    0.385413200440857E-01
   -0.658695697972642E-01    0.330056426037552E-01
   -0.702808517911566E-01    0.272200868661495E-01
   -0.732538013678106E-01    0.213789506801343E-01
   -0.738144128767867E-01    0.156988698588748E-01
   -0.708154089661253E-01    0.105166372127136E-01
   -0.629171615231608E-01    0.611763331643908E-02
   -0.488553112759903E-01    0.274316956101140E-02
   -0.279703742112588E-01    0.705750825493234E-03
    0.000000000000000E+00    0.000000000000000E+00
    0.000000000000000E+00    0.000000000000000E+00
    0.616141959719350E-03    0.621443902674857E-03
    0.269746920810400E-02    0.244976669920441E-02
    0.636279953033641E-02    0.544325751995729E-02
    0.115948852758839E-01    0.952094785237501E-02
    0.180807996562522E-01    0.146534928495950E-01
    0.254383249468413E-01    0.206388647435803E-01
    0.331073161644740E-01    0.273946904485119E-01
    0.405527402706514E-01    0.345818509115247E-01
    0.472231534861620E-01    0.420380252488869E-01
    0.526704641667946E-01    0.493775490795934E-01
    0.565384352554747E-01    0.563980220365477E-01
    0.586283462812944E-01    0.627927927690068E-01
    0.588543685684637E-01    0.683955623088101E-01
    0.572864296979323E-01    0.730659872940321E-01
    0.540699832072947E-01    0.767271601390674E-01
    0.494372462824410E-01    0.794014997572230E-01
    0.436552753121621E-01    0.811047400087151E-01
    0.369832431851060E-01    0.819465901580826E-01
    0.296984794763506E-01    0.820024407078902E-01
    0.220042606878610E-01    0.813841810778176E-01
    0.141215853180484E-01    0.801862685835148E-01
    0.617955394175728E-02    0.784725475118609E-01
   -0.167495044178634E-02    0.763276165525686E-01
   -0.937095791579466E-02    0.737555822981259E-01
   -0.168252653757024E-01    0.708186998761899E-01
   -0.240048458935179E-01    0.674721775900790E-01
   -0.308710964554931E-01    0.637555132305273E-01
   -0.374171432655742E-01    0.595966039003864E-01
   -0.436246440622983E-01    0.550194646728338E-01
   -0.494924356822059E-01    0.499618462007693E-01
   -0.549612985765026E-01    0.444504049911426E-01
   -0.599338858774913E-01    0.385020808172151E-01
   -0.641272541792956E-01    0.321917903904688E-01
   -0.670576190830223E-01    0.257057495007639E-01
   -0.679003953415313E-01    0.192489787455750E-01
   -0.655129548199789E-01    0.131846249600754E-01
   -0.585811134876504E-01    0.787901694063968E-02
   -0.457903025209527E-01    0.361081255024965E-02
   -0.263787252172887E-01    0.963163986714284E-03
    0.000000000000000E+00    0.000000000000000E+00
    0.000000000000000E+00    0.000000000000000E+00
   -0.500467526495409E-03    0.503707649365279E-03
    0.506945561062405E-03    0.199711916826866E-02
    0.311492860511470E-02    0.447538213914947E-02
    0.733109071320245E-02    0.791439931508673E-02
    0.128721425367595E-01    0.123095016959800E-01
    0.193992202641149E-01    0.175705501212280E-01
    0.264193625423840E-01    0.236143552246110E-01
    0.334248566606538E-01    0.302432038321448E-01
    0.399276258555217E-01    0.372726083564570E-01
    0.454605593590837E-01    0.444352894044951E-01
    0.496984996502073E-01    0.514926860387254E-01
    0.523674640308050E-01    0.581860350385173E-01
    0.533774187078461E-01    0.643096923424130E-01
    0.526945440627006E-01    0.696880475420941E-01
    0.504412048648210E-01    0.742144824803849E-01
    0.467625868742845E-01    0.778238491252250E-01
    0.419049351592808E-01    0.805180563645973E-01
    0.360816174564224E-01    0.823163704790367E-01
    0.295660218803759E-01    0.832921195257864E-01
    0.225490199141573E-01    0.834992863104898E-01
    0.152694155681155E-01    0.830327529121931E-01
    0.785448068670177E-02    0.819403638108408E-01
    0.488362968312020E-03    0.803016941961677E-01
   -0.676739643141709E-02    0.781384194582006E-01
   -0.137785358793019E-01    0.754981389418101E-01
   -0.205359651102256E-01    0.723734178468058E-01
   -0.269451087481666E-01    0.687779471435262E-01
   -0.330363557522257E-01    0.646827805571519E-01
   -0.387449334478651E-01    0.600775621485165E-01
   -0.441204018206238E-01    0.549331171798407E-01
   -0.490858961778392E-01    0.492420116527139E-01
   -0.536249118367447E-01    0.430270775766137E-01
   -0.574726241330390E-01    0.363460859519722E-01
   -0.602756967919362E-01    0.293659136463611E-01
   -0.612443546692546E-01    0.223026108641161E-01
   -0.593619075700801E-01    0.155298773012416E-01
   -0.533398718482226E-01    0.944626060080293E-02
   -0.418772031809328E-01    0.446615763267092E-02
   -0.242123703797980E-01    0.120754982767739E-02
    0.000000000000000E+00    0.000000000000000E+00
    0.000000000000000E+00    0.000000000000000E+00
   -0.139207683146312E-02    0.384915258007441E-03
   -0.127205179654030E-02    0.153866191835666E-02
    0.447971090010784E-03    0.350199719106370E-02
    0.375536580295541E-02    0.627482765602277E-02
    0.840873822492486E-02    0.993092722349770E-02
    0.141066864687574E-01    0.143961964376485E-01
    0.204035091908284E-01    0.196882196882243E-01
    0.268591031146762E-01    0.256190634495634E-01
    0.330039703159316E-01    0.321030653185823E-01
    0.384330324388465E-01    0.388751305285291E-01
    0.427881107199559E-01    0.457631400589307E-01
    0.458311121428262E-01    0.524980577317745E-01
    0.473875337305458E-01    0.588852017471475E-01
    0.474359113150018E-01    0.647294495591279E-01
    0.459903514068590E-01    0.698772366175264E-01
    0.432006535524734E-01    0.742478001562267E-01
    0.392171963308025E-01    0.777596992312798E-01
    0.342641993687385E-01    0.804310088592136E-01
    0.285513041615912E-01    0.822483201005205E-01
    0.222926971088833E-01    0.832779143117524E-01
    0.156917170007998E-01    0.835508114528797E-01
    0.891250056379464E-02    0.831312608055495E-01
    0.211537664850251E-02    0.820686187103323E-01
   -0.458783525450892E-02    0.803951163167930E-01
   -0.110902561348446E-01    0.781597450170297E-01
   -0.173212346462220E-01    0.753519584094531E-01
   -0.232246317289939E-01    0.720112259298989E-01
   -0.287637697622764E-01    0.680854483728690E-01
   -0.339252707358136E-01    0.636050869450453E-01
   -0.387035340458016E-01    0.584978251576332E-01
   -0.430923572435974E-01    0.527919870792976E-01
   -0.470592147938924E-01    0.464651572349234E-01
   -0.504565247542769E-01    0.395780368148354E-01
   -0.529715576381895E-01    0.322856113230321E-01
   -0.539779009913702E-01    0.247717037266046E-01
   -0.525335936826861E-01    0.174440626236079E-01
   -0.474390629813402E-01    0.107380132413116E-01
   -0.374451825746461E-01    0.511441004063337E-02
   -0.217402169578864E-01    0.140743589854413E-02
    0.000000000000000E+00    0.000000000000000E+00
    0.000000000000000E+00    0.000000000000000E+00
   -0.204468511308236E-02    0.266073586621669E-03
   -0.260014227580914E-02    0.108443162062101E-02
   -0.161703088129945E-02    0.253352670631521E-02
    0.905037048940740E-03    0.465893007102801E-02
    0.473775794136805E-02    0.755630315115469E-02
    0.962315492795252E-02    0.112317876909827E-01
    0.151698928385849E-01    0.157062239538020E-01
    0.209783225300285E-01    0.208920583011958E-01
    0.266462986966289E-01    0.266976634621394E-01
    0.317782100199492E-01    0.329519409134229E-01
    0.360723032026095E-01    0.394711295679004E-01
    0.392512043650419E-01    0.460446869970489E-01
    0.411742101881595E-01    0.524613208183249E-01
    0.417397479492325E-01    0.585303122309849E-01
    0.409734927752216E-01    0.640808423213251E-01
    0.389359284720154E-01    0.689866004845835E-01
    0.357749748697564E-01    0.731542521934823E-01
    0.316474389309386E-01    0.765318311246654E-01
    0.267573636840043E-01    0.791013182519392E-01
    0.212838331058957E-01    0.808649119659174E-01
    0.154306979702684E-01    0.818530259423711E-01
    0.934997633080493E-02    0.820912998547704E-01
    0.321472266738197E-02    0.816274639041132E-01
   -0.286833692842521E-02    0.804861242331477E-01
   -0.876514646536905E-02    0.787080405446614E-01
   -0.144153500099665E-01    0.763018817550109E-01
   -0.197242953585561E-01    0.732875042834877E-01
   -0.246730280209774E-01    0.696511578511094E-01
   -0.292110897449010E-01    0.653876688957060E-01
   -0.333564859653133E-01    0.604653358988219E-01
   -0.370965473607830E-01    0.548682777449415E-01
   -0.404418734782847E-01    0.485917382779772E-01
   -0.432918059920062E-01    0.416679580902271E-01
   -0.454356398161507E-01    0.342333612452137E-01
   -0.463439540675054E-01    0.264823975237108E-01
   -0.452119003006133E-01    0.188030000877648E-01
   -0.409660672462938E-01    0.116758805865509E-01
   -0.324072522772126E-01    0.564919362314966E-02
   -0.188483844196588E-01    0.155743077724328E-02
    0.000000000000000E+00    0.000000000000000E+00
    0.000000000000000E+00    0.000000000000000E+00
   -0.246857862387919E-02    0.144789320772274E-03
   -0.351133762434579E-02    0.625495595662216E-03
   -0.309859786226722E-02    0.156935282209350E-02
   -0.125071259705263E-02    0.304609955914540E-02
    0.184078204089463E-02    0.520900125299982E-02
    0.594570847556867E-02    0.808107286856547E-02
    0.107242405800488E-01    0.117478464796038E-01
    0.158353596254627E-01    0.161374853134361E-01
    0.209134200320622E-01    0.212225286400711E-01
    0.256271639037444E-01    0.268480289083471E-01
    0.296747212615175E-01    0.328814032018692E-01
    0.328303023306823E-01    0.391212121296965E-01
    0.349073427603569E-01    0.453816724796366E-01
    0.358377014867885E-01    0.514680853691478E-01
    0.355663162685478E-01    0.572013220287858E-01
    0.341741065867140E-01    0.624419642831594E-01
    0.317187751028730E-01    0.670570709386144E-01
    0.283728097688055E-01    0.709829802487773E-01
    0.242644409178822E-01    0.741446513477511E-01
    0.195895071210996E-01    0.765416368919645E-01
    0.145002049256825E-01    0.781482741497270E-01
    0.916988865151951E-02    0.789974917236916E-01
    0.373976326464014E-02    0.790955250021106E-01
   -0.165551910667665E-02    0.784814222647360E-01
   -0.690440949319271E-02    0.771748818046628E-01
   -0.119068195852975E-01    0.751966228922848E-01
   -0.165930716632997E-01    0.725707935048547E-01
   -0.208903377657649E-01    0.692815929215953E-01
   -0.247800249690281E-01    0.653493299368631E-01
   -0.282264586015687E-01    0.607110589512367E-01
   -0.312636885673229E-01    0.553831135372094E-01
   -0.338912009112147E-01    0.493152874112563E-01
   -0.360960263261089E-01    0.425355636261113E-01
   -0.377430934667336E-01    0.351696460195805E-01
   -0.384592323854607E-01    0.273601388523456E-01
   -0.375788476424401E-01    0.195397212775750E-01
   -0.341627505377398E-01    0.121819423937383E-01
   -0.271542832553306E-01    0.590670591478183E-02
   -0.158273792698455E-01    0.164011615451611E-02
    0.000000000000000E+00    0.000000000000000E+00
    0.000000000000000E+00    0.000000000000000E+00
   -0.265553066835179E-02    0.279178607269739E-04
   -0.399069696136547E-02    0.185802541074405E-03
   -0.400698845001222E-02    0.640078418260321E-03
   -0.271302688874908E-02    0.150524881152621E-02
   -0.288871035998241E-03    0.295064311824422E-02
    0.307974391860197E-02    0.505619485943874E-02
    0.709969769204216E-02    0.791181233046111E-02
    0.114765251325136E-01    0.115101126648627E-01
    0.159072568591781E-01    0.158283967204174E-01
    0.200865864737724E-01    0.207724842038503E-01
    0.237741753600303E-01    0.262161281360904E-01
    0.267318370766202E-01    0.320023488432738E-01
    0.288230927791422E-01    0.379479603035931E-01
    0.299266107701389E-01    0.438757104761577E-01
    0.300213488929413E-01    0.496022581559434E-01
    0.291119957180209E-01    0.549742375208960E-01
    0.272738394265015E-01    0.598502942103548E-01
    0.246067445596220E-01    0.641283817881254E-01
    0.212431889035673E-01    0.677256524014440E-01
    0.173286310903724E-01    0.705942207111744E-01
    0.130118216415693E-01    0.727051176792030E-01
    0.844154657802577E-02    0.740499712357482E-01
    0.375457848059787E-02    0.746386573803335E-01
   -0.922299385009349E-03    0.744830802554595E-01
   -0.547706424703170E-02    0.736143312959572E-01
   -0.980845404255195E-02    0.720432235283544E-01
   -0.138320538143681E-01    0.698083023849935E-01
   -0.174734425467599E-01    0.669049654703331E-01
   -0.206912556246629E-01    0.633464521530632E-01
   -0.234373841085714E-01    0.590992789032803E-01
   -0.257569630731265E-01    0.541422953742831E-01
   -0.276355568739609E-01    0.484400878690182E-01
   -0.291659008794854E-01    0.419833089847843E-01
   -0.302444962930952E-01    0.348614648715342E-01
   -0.306985179366010E-01    0.272525783020971E-01
   -0.299422472848982E-01    0.195198148229939E-01
   -0.272714560976076E-01    0.122058369707367E-01
   -0.216795391756194E-01    0.595822807860549E-02
   -0.126474760934985E-01    0.164588429420880E-02
    0.000000000000000E+00    0.000000000000000E+00
    0.000000000000000E+00    0.000000000000000E+00
   -0.262111376819856E-02   -0.866979442467223E-04
   -0.407460221094831E-02   -0.236867862830881E-03
   -0.437489946603011E-02   -0.236048865356885E-03
   -0.353471546848662E-02    0.541619357602724E-04
   -0.169595868087537E-02    0.838857468925127E-03
    0.982514896883432E-03    0.221443201762549E-02
    0.425890453670834E-02    0.430589211454579E-02
    0.789173819382703E-02    0.712645241373865E-02
    0.116210181533517E-01    0.106856688927933E-01
    0.152025152944062E-01    0.149163393277619E-01
    0.184135245457613E-01    0.197183697986507E-01
    0.210705139177152E-01    0.249591820975522E-01
    0.230187225578086E-01    0.304736389595531E-01
    0.241787343429947E-01    0.360951471831721E-01
    0.244774066984705E-01    0.416469962066893E-01
    0.239486848655239E-01    0.469689715750169E-01
    0.225968108709166E-01    0.519121618192597E-01
    0.205412096802139E-01    0.563564445273151E-01
    0.178441686264843E-01    0.601983598127915E-01
    0.146635929739268E-01    0.633717297344039E-01
    0.110934997457633E-01    0.658195033176315E-01
    0.728900020861935E-02    0.675264026771942E-01
    0.335393582067437E-02    0.684718037730188E-01
   -0.583983492653193E-03    0.686758116712771E-01
   -0.443020392798643E-02    0.681472834808780E-01
   -0.807539712115360E-02    0.669258510510565E-01
   -0.114376499815991E-01    0.650371192924687E-01
   -0.144281111994581E-01    0.625049856541864E-01
   -0.169966457740690E-01    0.593537878227593E-01
   -0.190515756550125E-01    0.555565099692858E-01
   -0.206441800778672E-01    0.510957522534930E-01
   -0.217554328708344E-01    0.459057531678305E-01
   -0.225294828337552E-01    0.399447476508324E-01
   -0.229828446653366E-01    0.333084139895624E-01
   -0.230595649133207E-01    0.260842642910372E-01
   -0.224056506869859E-01    0.187319315882197E-01
   -0.204452108064600E-01    0.116759562239224E-01
   -0.163786786602107E-01    0.568931814689704E-02
   -0.961027822215053E-02    0.157941871613936E-02
    0.000000000000000E+00    0.000000000000000E+00
    0.000000000000000E+00    0.000000000000000E+00
   -0.238005475918093E-02   -0.181168022655984E-03
   -0.379230311368930E-02   -0.592814877765687E-03
   -0.425683606298686E-02   -0.992533064998866E-03
   -0.376291154738762E-02   -0.119998108421456E-02
   -0.243442360939062E-02   -0.101078635689791E-02
   -0.387380080956372E-03   -0.289646141051433E-03
    0.217957858969779E-02    0.108714924558294E-02
    0.507325496947481E-02    0.317449776937490E-02
    0.808850571352198E-02    0.598912970598918E-02
    0.110188357550834E-01    0.950135950270363E-02
    0.136956883469212E-01    0.136247164466168E-01
    0.159458910218839E-01    0.182568628713864E-01
    0.176622632853154E-01    0.232430963933600E-01
    0.187406000219280E-01    0.284383797383789E-01
    0.191456302298895E-01    0.336648916794410E-01
    0.188586866686955E-01    0.387724098982786E-01
    0.179093620556645E-01    0.435987924214905E-01
    0.163551906615577E-01    0.480206147373236E-01
    0.142689650898065E-01    0.519156290863897E-01
    0.117567452326403E-01    0.552026333041763E-01
    0.890777573935694E-02    0.578111180661174E-01
    0.584628895674647E-02    0.597024221913042E-01
    0.265586978313979E-02    0.608579520037425E-01
   -0.545116449991739E-03    0.612646083864520E-01
   -0.368852367201646E-02    0.609681120333601E-01
   -0.665279861904508E-02    0.599718206761120E-01
   -0.938063312843454E-02    0.583610043365172E-01
   -0.117668568837979E-01    0.561120865286113E-01
   -0.137547500209721E-01    0.533506415465827E-01
   -0.151909171285920E-01    0.500235297139407E-01
   -0.161755944725974E-01    0.461205335966768E-01
   -0.165275545711632E-01    0.415530432716051E-01
   -0.166534352187065E-01    0.362883398237386E-01
   -0.164140283004734E-01    0.303249467884597E-01
   -0.160916383244559E-01    0.238053214034565E-01
   -0.153749862664336E-01    0.170598016406818E-01
   -0.140279679710689E-01    0.106031035692964E-01
   -0.113036067570472E-01    0.512323591708791E-02
   -0.674733460164824E-02    0.139823029217135E-02
    0.000000000000000E+00    0.000000000000000E+00
    0.000000000000000E+00    0.000000000000000E+00
   -0.196353859083955E-02   -0.262668250188221E-03
   -0.321228893200664E-02   -0.874295015752249E-03
   -0.373023265663373E-02   -0.158207200301635E-02
   -0.349771021126407E-02   -0.219015773703615E-02
   -0.259673269515716E-02   -0.248577684293292E-02
   -0.111859750312229E-02   -0.232759047746964E-02
    0.783549970070916E-03   -0.157405013479987E-02
    0.296544481851222E-02   -0.154431596624472E-03
    0.526561878054601E-02    0.196195698770923E-02
    0.753238237869459E-02    0.477450145654276E-02
    0.962565313543721E-02    0.820557825625392E-02
    0.114216006082323E-01    0.121850322969041E-01
    0.128157083663187E-01    0.165662584290932E-01
    0.137430477859270E-01    0.212249387289097E-01
    0.141430533745421E-01    0.259929399990415E-01
    0.140246227063081E-01    0.307208969987630E-01
    0.133719142855684E-01    0.352560929514879E-01
    0.122578674254349E-01    0.394588535807053E-01
    0.107038597559938E-01    0.432118038293776E-01
    0.881866923512594E-02    0.464122400769920E-01
    0.664834985671059E-02    0.489852829274297E-01
    0.430546561882446E-02    0.508801819523581E-01
    0.184766448371051E-02    0.520621994926698E-01
   -0.631013262170282E-03    0.525227313271552E-01
   -0.307253097222031E-02    0.522902383153869E-01
   -0.539541454895247E-02    0.514071280449707E-01
   -0.752128154208915E-02    0.499305397870461E-01
   -0.938321383568685E-02    0.478649709108224E-01
   -0.108519684808363E-01    0.454391198209580E-01
   -0.117896161438747E-01    0.425440106010206E-01
   -0.121623854123612E-01    0.391927823631700E-01
   -0.119196602702223E-01    0.353990890763591E-01
   -0.113473933259686E-01    0.309396801920812E-01
   -0.105218483110496E-01    0.259725641402537E-01
   -0.971387663198211E-02    0.203741982380892E-01
   -0.898944565417177E-02    0.145823892524723E-01
   -0.829853403356760E-02    0.894242052831903E-02
   -0.690066138175054E-02    0.419160492685353E-02
   -0.436572582550298E-02    0.107949644111814E-02
    0.000000000000000E+00    0.000000000000000E+00
    0.000000000000000E+00    0.000000000000000E+00
   -0.145163268104083E-02   -0.295542487332404E-03
   -0.243388198746729E-02   -0.101149878862351E-02
   -0.291496517405790E-02   -0.191173501430703E-02
   -0.284709275646629E-02   -0.278027567482517E-02
   -0.229077127470071E-02   -0.343147131587430E-02
   -0.130523687293921E-02   -0.370214013661847E-02
   -0.457697740492233E-05   -0.346543936975837E-02
    0.151402882189785E-02   -0.262260018426852E-02
    0.313126723509000E-02   -0.114287300982074E-02
    0.474460540804367E-02    0.998588870587412E-03
    0.625006269708851E-02    0.373551621402087E-02
    0.755829951649699E-02    0.702366639673981E-02
    0.859400409018042E-02    0.107252855641835E-01
    0.930031385265235E-02    0.147467558331618E-01
    0.963964760855090E-02    0.189136765618234E-01
    0.960117300369113E-02    0.231120599229037E-01
    0.918455392352205E-02    0.271650500507526E-01
    0.842515260482962E-02    0.309680766251392E-01
    0.734889077623525E-02    0.343693603553999E-01
    0.602495865250468E-02    0.372940105656942E-01
    0.448847814546050E-02    0.396356138539128E-01
    0.282380255813001E-02    0.413563395756212E-01
    0.105829887749369E-02    0.424060146738731E-01
   -0.720396127591431E-03    0.427658043818401E-01
   -0.250480135603607E-02    0.424853879189148E-01
   -0.420586307734575E-02    0.415666153068548E-01
   -0.582698437832314E-02    0.401340467497801E-01
   -0.726739183823489E-02    0.380810555887125E-01
   -0.841970844485227E-02    0.358977518153283E-01
   -0.906334406319126E-02    0.332400175834803E-01
   -0.920450492087390E-02    0.304790536533633E-01
   -0.844533417245836E-02    0.274297790277390E-01
   -0.742445713656584E-02    0.240135111511054E-01
   -0.588368934181988E-02    0.201248861827087E-01
   -0.467435826253238E-02    0.158898010160995E-01
   -0.389909300710910E-02    0.112053660370564E-01
   -0.374783453090640E-02    0.677124504534596E-02
   -0.352076393209329E-02    0.303216701653004E-02
   -0.273465993723732E-02    0.684210824092540E-03
    0.000000000000000E+00    0.000000000000000E+00
    0.000000000000000E+00    0.000000000000000E+00
   -0.882007314913905E-03   -0.292811062852413E-03
   -0.157630197397862E-02   -0.989077926281482E-03
   -0.195349522839161E-02   -0.192542171572920E-02
   -0.197607621311836E-02   -0.289926793263628E-02
   -0.167917825223625E-02   -0.372724529791999E-02
   -0.109733683132120E-02   -0.427609757937071E-02
   -0.314313190643515E-03   -0.440307191342998E-02
    0.617341490181485E-03   -0.402052137693687E-02
    0.161827957347980E-02   -0.308885638338300E-02
    0.262765510903054E-02   -0.156896713388807E-02
    0.357828380703846E-02    0.479742152509837E-03
    0.441397526387593E-02    0.304113353825364E-02
    0.508331527476222E-02    0.598867315958592E-02
    0.555138849638317E-02    0.925341302918627E-02
    0.578668097048103E-02    0.126802716757992E-01
    0.578704167183753E-02    0.161648987147499E-01
    0.554236299639953E-02    0.195567969004606E-01
    0.508234984491607E-02    0.227453028502469E-01
    0.441528580753521E-02    0.256057406552524E-01
    0.359045623774288E-02    0.280501554167941E-01
    0.262754568840826E-02    0.299895669978517E-01
    0.157819663437356E-02    0.313761684895297E-01
    0.462514693062658E-03    0.321611650762860E-01
   -0.674691726569698E-03    0.323279337646976E-01
   -0.182351873332621E-02    0.319001849370503E-01
   -0.294920687429594E-02    0.308901163406296E-01
   -0.407401845114842E-02    0.293434334775803E-01
   -0.514160324875736E-02    0.272250685634793E-01
   -0.600675162304757E-02    0.251821845670388E-01
   -0.644736185629354E-02    0.225786286337356E-01
   -0.622615973724259E-02    0.200934184297887E-01
   -0.550939637068451E-02    0.179917240210190E-01
   -0.410861111988460E-02    0.153849783367020E-01
   -0.248884463015276E-02    0.131513111374417E-01
   -0.979440638441516E-03    0.105143675464228E-01
    0.720784888384725E-04    0.731186213487208E-02
   -0.111891561763855E-04    0.433412061842832E-02
   -0.699272971163276E-03    0.180513592342984E-02
   -0.147144893904045E-02    0.267428534716731E-03
    0.000000000000000E+00    0.000000000000000E+00
    0.000000000000000E+00    0.000000000000000E+00
   -0.397521742979506E-03   -0.215715475884760E-03
   -0.774775324573753E-03   -0.771525758619614E-03
   -0.100474539066166E-02   -0.157729716220568E-02
   -0.105094800717432E-02   -0.245359989205687E-02
   -0.932508637824086E-03   -0.326432182957027E-02
   -0.661843855401376E-03   -0.388419133032546E-02
   -0.296549384758771E-03   -0.420177202380411E-02
    0.156936898161597E-03   -0.413280570468338E-02
    0.636763330309509E-03   -0.364280328794919E-02
    0.113904068961180E-02   -0.269278205480461E-02
    0.160343227288396E-02   -0.132365926719214E-02
    0.202816615696415E-02    0.461666117435217E-03
    0.236268263714639E-02    0.255965952966411E-02
    0.260851315022176E-02    0.493407948044740E-02
    0.273353667938019E-02    0.744062422635784E-02
    0.274523447040310E-02    0.100261278729318E-01
    0.263283474671554E-02    0.125326978037052E-01
    0.241149430472457E-02    0.149106626208268E-01
    0.208677491657741E-02    0.170143057079800E-01
    0.168077335260173E-02    0.188143025191281E-01
    0.120514456385931E-02    0.201946076827197E-01
    0.685274925389348E-03    0.211536038324017E-01
    0.129064965113197E-03    0.216123528371415E-01
   -0.436899368824320E-03    0.215910548875538E-01
   -0.101427309413134E-02    0.210552142583368E-01
   -0.159468511741009E-02    0.200486518882570E-01
   -0.219961398803635E-02    0.185471284188318E-01
   -0.284127354732565E-02    0.165959656741435E-01
   -0.343520250812622E-02    0.145042946883041E-01
   -0.378099356599755E-02    0.115832034816358E-01
   -0.392513276357686E-02    0.950936069654894E-02
   -0.341347674771028E-02    0.745821623672508E-02
   -0.251312069163783E-02    0.622778775630598E-02
   -0.107530577932266E-02    0.565002373384072E-02
    0.100692504686670E-02    0.491282944437714E-02
    0.221031579056638E-02    0.353994251056187E-02
    0.243609392871302E-02    0.220389573889698E-02
    0.112215166504541E-02    0.109418072638225E-02
   -0.299587099959769E-03    0.248314382605223E-03
    0.000000000000000E+00    0.000000000000000E+00
    0.000000000000000E+00    0.000000000000000E+00
   -0.782628308073276E-04   -0.782628308073555E-04
   -0.216964364761875E-03   -0.398761381656927E-03
   -0.299408912578407E-03   -0.888623665039237E-03
   -0.310441764029287E-03   -0.147891094270085E-02
   -0.286351322524092E-03   -0.201986325781793E-02
   -0.208948707788027E-03   -0.248251899157092E-02
   -0.113663792576194E-03   -0.276667637744840E-02
    0.110616727796121E-04   -0.283321381770955E-02
    0.143215843082995E-03   -0.266085554000251E-02
    0.281698472403713E-03   -0.221105415454959E-02
    0.414190025566145E-03   -0.152544905939636E-02
    0.530871636069042E-03   -0.575894492824291E-03
    0.629990293282793E-03    0.548747142749279E-03
    0.696360257760247E-03    0.185717911201620E-02
    0.737304525983567E-03    0.323837150984204E-02
    0.737585427935457E-03    0.467936338002710E-02
    0.710583435811265E-03    0.607278273887712E-02
    0.645313512923167E-03    0.739180825484827E-02
    0.556934171664927E-03    0.855131724409400E-02
    0.440376310280327E-03    0.952340800462149E-02
    0.308237028148207E-03    0.102524162312720E-01
    0.160337748298871E-03    0.107181067333901E-01
    0.295387880789916E-05    0.108947284699166E-01
   -0.158249830788364E-03    0.107696788281105E-01
   -0.322281372166106E-03    0.103363941853745E-01
   -0.491970394140672E-03    0.959190561411104E-02
   -0.687067948394054E-03    0.850660419640117E-02
   -0.908168527467493E-03    0.693963309146655E-02
   -0.125083852888311E-02    0.520501919879720E-02
   -0.136480715955273E-02    0.248087629990594E-02
   -0.235274990366656E-02   -0.104629269423377E-03
   -0.161818879667617E-02   -0.188472202894073E-03
   -0.227507005563242E-02   -0.139855231119912E-02
   -0.137228597051547E-02   -0.241806342116382E-03
    0.739810456635987E-03    0.508109523859751E-03
    0.277199601756324E-02    0.573400555102518E-03
    0.320648127679873E-02    0.890787791507783E-03
    0.199492548895401E-02    0.833116863227153E-03
   -0.704112325753565E-03    0.633216227207396E-03
    0.000000000000000E+00    0.000000000000000E+00
    0.000000000000000E+00    0.000000000000000E+00
    0.000000000000000E+00    0.000000000000000E+00
    0.000000000000000E+00    0.000000000000000E+00
    0.000000000000000E+00    0.000000000000000E+00
    0.000000000000000E+00    0.000000000000000E+00
    0.000000000000000E+00    0.000000000000000E+00
    0.000000000000000E+00    0.000000000000000E+00
    0.000000000000000E+00    0.000000000000000E+00
    0.000000000000000E+00    0.000000000000000E+00
    0.000000000000000E+00    0.000000000000000E+00
    0.000000000000000E+00    0.000000000000000E+00
    0.000000000000000E+00    0.000000000000000E+00
    0.000000000000000E+00    0.000000000000000E+00
    0.000000000000000E+00    0.000000000000000E+00
    0.000000000000000E+00    0.000000000000000E+00
    0.000000000000000E+00    0.000000000000000E+00
    0.000000000000000E+00    0.000000000000000E+00
    0.000000000000000E+00    0.000000000000000E+00
    0.000000000000000E+00    0.000000000000000E+00
    0.000000000000000E+00    0.000000000000000E+00
    0.000000000000000E+00    0.000000000000000E+00
    0.000000000000000E+00    0.000000000000000E+00
    0.000000000000000E+00    0.000000000000000E+00
    0.000000000000000E+00    0.000000000000000E+00
    0.000000000000000E+00    0.000000000000000E+00
    0.000000000000000E+00    0.000000000000000E+00
    0.000000000000000E+00    0.000000000000000E+00
    0.000000000000000E+00    0.000000000000000E+00
    0.000000000000000E+00    0.000000000000000E+00
    0.000000000000000E+00    0.000000000000000E+00
    0.000000000000000E+00    0.000000000000000E+00
    0.000000000000000E+00    0.000000000000000E+00
    0.000000000000000E+00    0.000000000000000E+00
   -0.407611112749255E-02   -0.374994764415967E-02
   -0.147878533092318E-02   -0.272284175205218E-02
   -0.712493112289348E-04   -0.121518534360061E-02
    0.247683156251615E-02   -0.420929131026887E-03
    0.321322279956403E-02    0.597510048222482E-04
    0.157326554715880E-02    0.659573388957193E-03
   -0.128165009081083E-02    0.694593516029386E-03
    0.000000000000000E+00    0.000000000000000E+00
