 -0.4093189517012739    
 -0.4218312778617198    
 -0.1471263486575053    
 -0.2063351446871694E-01
 -0.1074010143280746E-02
 -0.1586546434856420E-04
 -0.3170315478995580E-07
 -0.5056532687701309    
 -0.1980520134824029    
 -0.7387727676639115E-02
 -0.1980520134824029    
 -0.7757212791254664E-01
 -0.2893592174291271E-02
 -0.7387727676639115E-02
 -0.2893592174291271E-02
 -0.1079366506557498E-03
 -0.4093189517012739    
 -0.4218312778617198    
 -0.1471263486575053    
 -0.2063351446871694E-01
 -0.1074010143280746E-02
 -0.1586546434856420E-04
 -0.3170315478995580E-07
  0.2182348859400869    
  0.3422101779228833    
  0.2630275779416801    
  0.1264258181059305    
  0.4020686492100092E-01
  0.8563877803611838E-02
  0.1212436147214252E-02
  0.1116743923442519E-03
  0.6459926762022901E-05
  0.2226316907096273E-06
  0.4227430384979365E-08
  0.3921897267041090E-10
  0.1456515264073126E-12
  0.1483027051113301E-15
  0.1600594906211133E-19
  0.2910638453863126    
  0.2999612730569596    
  0.1046205181067544    
  0.1467234790897707E-01
  0.7637211054799677E-03
  0.1128182079754450E-04
  0.2254389176384015E-07
  0.1140025867347764    
  0.1174874914586629    
  0.4097729717640630E-01
  0.5746799685395181E-02
  0.2991308709369289E-03
  0.4418813172385694E-05
  0.8829890819093312E-08
  0.4252519580184881E-02
  0.4382513346097260E-02
  0.1528533374344615E-02
  0.2143668743446890E-03
  0.1115816686384894E-04
  0.1648303786340037E-06
  0.3293722070223399E-09
  0.2910638453863126    
  0.1140025867347764    
  0.4252519580184881E-02
  0.2999612730569596    
  0.1174874914586629    
  0.4382513346097260E-02
  0.1046205181067544    
  0.4097729717640630E-01
  0.1528533374344615E-02
  0.1467234790897707E-01
  0.5746799685395181E-02
  0.2143668743446890E-03
  0.7637211054799677E-03
  0.2991308709369289E-03
  0.1115816686384894E-04
  0.1128182079754450E-04
  0.4418813172385694E-05
  0.1648303786340037E-06
  0.2254389176384015E-07
  0.8829890819093312E-08
  0.3293722070223399E-09
  0.2182348859400869    
  0.3422101779228833    
  0.2630275779416801    
  0.1264258181059305    
  0.4020686492100092E-01
  0.8563877803611838E-02
  0.1212436147214252E-02
  0.1116743923442519E-03
  0.6459926762022901E-05
  0.2226316907096273E-06
  0.4227430384979365E-08
  0.3921897267041090E-10
  0.1456515264073126E-12
  0.1483027051113301E-15
  0.1600594906211133E-19
