    0.000000000000000D+00    0.000000000000000D+00
    0.000000000000000D+00    0.000000000000000D+00
    0.000000000000000D+00    0.000000000000000D+00
    0.000000000000000D+00    0.000000000000000D+00
    0.000000000000000D+00    0.000000000000000D+00
    0.000000000000000D+00    0.000000000000000D+00
    0.000000000000000D+00    0.000000000000000D+00
    0.000000000000000D+00    0.000000000000000D+00
    0.000000000000000D+00    0.000000000000000D+00
    0.000000000000000D+00    0.000000000000000D+00
    0.000000000000000D+00    0.000000000000000D+00
    0.000000000000000D+00    0.000000000000000D+00
    0.000000000000000D+00    0.000000000000000D+00
    0.000000000000000D+00    0.000000000000000D+00
    0.000000000000000D+00    0.000000000000000D+00
    0.000000000000000D+00    0.000000000000000D+00
    0.000000000000000D+00    0.000000000000000D+00
    0.000000000000000D+00    0.000000000000000D+00
    0.000000000000000D+00    0.000000000000000D+00
    0.000000000000000D+00    0.000000000000000D+00
    0.000000000000000D+00    0.000000000000000D+00
    0.000000000000000D+00    0.000000000000000D+00
    0.000000000000000D+00    0.000000000000000D+00
    0.000000000000000D+00    0.000000000000000D+00
    0.000000000000000D+00    0.000000000000000D+00
    0.000000000000000D+00    0.000000000000000D+00
    0.000000000000000D+00    0.000000000000000D+00
    0.000000000000000D+00    0.000000000000000D+00
    0.000000000000000D+00    0.000000000000000D+00
    0.000000000000000D+00    0.000000000000000D+00
    0.000000000000000D+00    0.000000000000000D+00
    0.000000000000000D+00    0.000000000000000D+00
    0.000000000000000D+00    0.000000000000000D+00
    0.000000000000000D+00    0.000000000000000D+00
    0.000000000000000D+00    0.000000000000000D+00
    0.000000000000000D+00    0.000000000000000D+00
    0.000000000000000D+00    0.000000000000000D+00
    0.000000000000000D+00    0.000000000000000D+00
    0.000000000000000D+00    0.000000000000000D+00
    0.000000000000000D+00    0.000000000000000D+00
    0.000000000000000D+00    0.000000000000000D+00
    0.000000000000000D+00    0.000000000000000D+00
   -0.209980792655707D-04    0.209098135611171D-04
   -0.114965068603744D-04    0.383892733732461D-04
    0.102777593844533D-04    0.359319365304324D-04
    0.399056137102575D-04   -0.239542228506478D-04
    0.704910257553612D-04   -0.134504746637756D-03
    0.100834765026524D-03   -0.307294280174245D-03
    0.130881296430490D-03   -0.536302676743984D-03
    0.158601217616345D-03   -0.822158781153526D-03
    0.185195528782802D-03   -0.115991921107172D-02
    0.208160141498239D-03   -0.154552500815070D-02
    0.229345503144326D-03   -0.197443896404291D-02
    0.245873586993918D-03   -0.243874734561469D-02
    0.260039458673421D-03   -0.293444900573042D-02
    0.268772062676777D-03   -0.345020902571294D-02
    0.274684876095913D-03   -0.398288850652770D-02
    0.274843638099913D-03   -0.451838015041606D-02
    0.272025823606728D-03   -0.505494379400114D-02
    0.263866127821024D-03   -0.557705914760898D-02
    0.253062269684586D-03   -0.608492399936551D-02
    0.238343239729640D-03   -0.656392248657413D-02
    0.222047655214444D-03   -0.701661060354702D-02
    0.204511570250710D-03   -0.743264242193510D-02
    0.187323422777990D-03   -0.781705245431327D-02
    0.173105374125216D-03   -0.816871543818222D-02
    0.162753884038336D-03   -0.849470216178572D-02
    0.161597740008975D-03   -0.880828979253087D-02
    0.171629244324934D-03   -0.912123255978481D-02
    0.195222408530183D-03   -0.946401244963591D-02
    0.226880952262828D-03   -0.984408531657480D-02
    0.281575979324172D-03   -0.103395438527957D-01
    0.386241246756338D-03   -0.109445386322401D-01
    0.513158686933348D-03   -0.116567252353061D-01
    0.738684046235954D-03   -0.126676667454200D-01
    0.771878132240535D-03   -0.138189564386358D-01
    0.208055859094866D-03   -0.145712136626357D-01
    0.163119440321941D-03   -0.159449259646557D-01
    0.151170431094689D-02   -0.167996559434128D-01
    0.147118583725212D-02   -0.125292351589931D-01
   -0.786138349403406D-02   -0.786138349402292D-02
    0.000000000000000D+00    0.000000000000000D+00
    0.000000000000000D+00    0.000000000000000D+00
   -0.383010076578942D-04    0.114363270199904D-04
   -0.143290360335143D-05    0.133387325668050D-05
    0.810347068567426D-04   -0.623449034416919D-04
    0.181471148865350D-03   -0.213513721114062D-03
    0.293196727931604D-03   -0.461714082884258D-03
    0.403224398073693D-03   -0.809253853064602D-03
    0.513620578846653D-03   -0.126041919015661D-02
    0.616174784849557D-03   -0.180713940627377D-02
    0.713703500878599D-03   -0.244934065711914D-02
    0.799805494509070D-03   -0.317376583193791D-02
    0.876880775512816D-03   -0.397728225671401D-02
    0.939830832651893D-03   -0.484265891818684D-02
    0.990339585980183D-03   -0.576450061926220D-02
    0.102484027084622D-02   -0.672240849228111D-02
    0.104434216537648D-02   -0.770947856931523D-02
    0.104731209665456D-02   -0.870328871613956D-02
    0.103433630876468D-02   -0.969658564469306D-02
    0.100635500314669D-02   -0.106668782239781D-01
    0.964023195396651D-03   -0.116082094046390D-01
    0.910903058590217D-03   -0.125007836979580D-01
    0.848610135185170D-03   -0.133421959182868D-01
    0.782986734490447D-03   -0.141187436498893D-01
    0.718120648518553D-03   -0.148346462899955D-01
    0.661002688275037D-03   -0.154858628678301D-01
    0.620936006758405D-03   -0.160872667197638D-01
    0.602728728766879D-03   -0.166458709672393D-01
    0.624674446725724D-03   -0.171940178293479D-01
    0.683306033867260D-03   -0.177494609177724D-01
    0.809429146303635D-03   -0.183661051117606D-01
    0.974561428403723D-03   -0.190567414323734D-01
    0.124136054050878D-02   -0.198850216843789D-01
    0.148178649446052D-02   -0.207467522742355D-01
    0.173411664964967D-02   -0.217859571804155D-01
    0.181296241354180D-02   -0.228592909628942D-01
    0.153902027343965D-02   -0.236230307733407D-01
    0.218921829224578D-03   -0.229692797928311D-01
   -0.323324757556823D-02   -0.200375670442109D-01
   -0.100495086746303D-01   -0.126612330084861D-01
   -0.180602000997981D-01   -0.382943030281074D-02
    0.000000000000000D+00    0.000000000000000D+00
    0.000000000000000D+00    0.000000000000000D+00
   -0.353486840169534D-04   -0.104085902948135D-04
    0.618660756475235D-04   -0.800408722937893D-04
    0.230784502201747D-03   -0.228257158672800D-03
    0.439807286086700D-03   -0.497518810495690D-03
    0.665852901085284D-03   -0.888476040440033D-03
    0.896368604333756D-03   -0.141443459979965D-02
    0.112311524134630D-02   -0.207076130491975D-02
    0.133912142826346D-02   -0.285776347948683D-02
    0.154090370518420D-02   -0.376645041986163D-02
    0.172269437122110D-02   -0.478812426548406D-02
    0.188294287012814D-02   -0.591103693925628D-02
    0.201605363698847D-02   -0.711963140910173D-02
    0.212164727752138D-02   -0.840017104946231D-02
    0.219465790939018D-02   -0.973149010576012D-02
    0.223612455722986D-02   -0.110990823601474D-01
    0.224232049602900D-02   -0.124774678267819D-01
    0.221621834615304D-02   -0.138532448336191D-01
    0.215641487322982D-02   -0.151987368389639D-01
    0.206835242132588D-02   -0.165040253947748D-01
    0.195395089760536D-02   -0.177424270278939D-01
    0.182164036628682D-02   -0.189101986837268D-01
    0.167749159425158D-02   -0.199858710053818D-01
    0.153357631789281D-02   -0.209746736810334D-01
    0.140026610993400D-02   -0.218648480511174D-01
    0.129444563152748D-02   -0.226734954896471D-01
    0.122804956742003D-02   -0.234009523544556D-01
    0.122331168427661D-02   -0.240777791933248D-01
    0.128573833747079D-02   -0.247145104092010D-01
    0.144444670085608D-02   -0.253503268818819D-01
    0.166892751269450D-02   -0.259736954375602D-01
    0.199032442279010D-02   -0.266246345303441D-01
    0.223916752922443D-02   -0.271741391222495D-01
    0.232530783302082D-02   -0.275387550153742D-01
    0.198846284900898D-02   -0.275178068507045D-01
    0.843942568571253D-03   -0.264626311783222D-01
   -0.184238003020380D-02   -0.233521450331040D-01
   -0.899190199568249D-02   -0.176999066782736D-01
   -0.166263326503566D-01   -0.876191462545084D-02
   -0.203470986852233D-01   -0.249643603235540D-02
    0.000000000000000D+00    0.000000000000000D+00
    0.000000000000000D+00    0.000000000000000D+00
    0.227165920784172D-04   -0.380743372431108D-04
    0.208136766318649D-03   -0.172733459335819D-03
    0.495931982592228D-03   -0.421573781944525D-03
    0.836332057485942D-03   -0.812043445513555D-03
    0.120514326752177D-02   -0.135076159091674D-02
    0.157974399395620D-02   -0.204374924789637D-02
    0.194992269820388D-02   -0.289185530512169D-02
    0.230305959164145D-02   -0.389003587137535D-02
    0.263347424959112D-02   -0.503280581464704D-02
    0.293208360483388D-02   -0.630610044215632D-02
    0.319466611397123D-02   -0.769959007097918D-02
    0.341397458472033D-02   -0.919256518030890D-02
    0.358655543575863D-02   -0.107706715070148D-01
    0.370722071423700D-02   -0.124078637385013D-01
    0.377392949870557D-02   -0.140872466568775D-01
    0.378442999923002D-02   -0.157788974548880D-01
    0.373928027242530D-02   -0.174656481573520D-01
    0.364008682784701D-02   -0.191157530417864D-01
    0.349148419417539D-02   -0.207148340704932D-01
    0.329953143093983D-02   -0.222319931002097D-01
    0.307462899821556D-02   -0.236593719570302D-01
    0.282718923207436D-02   -0.249698521779394D-01
    0.257521943174090D-02   -0.261661291353086D-01
    0.233196483479017D-02   -0.272269369651481D-01
    0.212443893920746D-02   -0.281691228079951D-01
    0.196397757630891D-02   -0.289763313919224D-01
    0.188490932763571D-02   -0.296798028456879D-01
    0.188329479254217D-02   -0.302584397869024D-01
    0.198895734879349D-02   -0.307456336484400D-01
    0.214534304614717D-02   -0.310803539654982D-01
    0.232414860006431D-02   -0.312619493484024D-01
    0.234225184979349D-02   -0.311303132033089D-01
    0.195000016297761D-02   -0.305055604887526D-01
    0.677654331168453D-03   -0.289554813505933D-01
   -0.235263665428042D-02   -0.258814090873114D-01
   -0.788446725765494D-02   -0.206787937758969D-01
   -0.170630198699687D-01   -0.133575164112140D-01
   -0.254191956875480D-01   -0.572851263119660D-02
   -0.243782160604078D-01   -0.550855116759731D-03
    0.000000000000000D+00    0.000000000000000D+00
    0.000000000000000D+00    0.000000000000000D+00
    0.126982658754669D-03   -0.652438124831229D-04
    0.440774862249766D-03   -0.269405250244348D-03
    0.868295771671078D-03   -0.614624446838199D-03
    0.136428142666314D-02   -0.112565792078346D-02
    0.189327554136591D-02   -0.180046787818888D-02
    0.243254330081595D-02   -0.264854218943277D-02
    0.296355295662721D-02   -0.366397958187012D-02
    0.347246938595584D-02   -0.484651176794150D-02
    0.394801923547500D-02   -0.618456117408898D-02
    0.437914061179669D-02   -0.766795093570069D-02
    0.475799487088618D-02   -0.928052559425869D-02
    0.507456990753886D-02   -0.110039525684351D-01
    0.532379263057925D-02   -0.128184804737614D-01
    0.549705254408567D-02   -0.146985281921311D-01
    0.559290966869678D-02   -0.166226298159699D-01
    0.560541367407691D-02   -0.185592024846509D-01
    0.553808415423942D-02   -0.204876200935905D-01
    0.538924944119011D-02   -0.223722743840028D-01
    0.516866851262538D-02   -0.241964044407744D-01
    0.488049652502018D-02   -0.259231627628937D-01
    0.454165671251028D-02   -0.275427250708924D-01
    0.416302766168301D-02   -0.290201289315197D-01
    0.376904389079081D-02   -0.303550122711827D-01
    0.337616188267304D-02   -0.315162402682020D-01
    0.301527272973267D-02   -0.325137613874744D-01
    0.270178310965028D-02   -0.333179549440513D-01
    0.246778248726029D-02   -0.339452466814679D-01
    0.230618241105107D-02   -0.343534335442979D-01
    0.223042730015948D-02   -0.345496414892867D-01
    0.215397889374254D-02   -0.344421218907410D-01
    0.199874511401156D-02   -0.339755064396830D-01
    0.150350968830553D-02   -0.329558504578257D-01
    0.310544891122691D-03   -0.311536448589076D-01
   -0.210760844473757D-02   -0.281985828416823D-01
   -0.696289297713922D-02   -0.236164697763212D-01
   -0.139329295633909D-01   -0.173852084071143D-01
   -0.244218543813009D-01   -0.100033206947008D-01
   -0.316459045914029D-01   -0.344613329067991D-02
   -0.266491928527980D-01   -0.260049236867935D-03
    0.000000000000000D+00    0.000000000000000D+00
    0.000000000000000D+00    0.000000000000000D+00
    0.281591576817769D-03   -0.883659749180243D-04
    0.752617700565824D-03   -0.352865882614621D-03
    0.134777583238970D-02   -0.789633111564453D-03
    0.201531925248559D-02   -0.140753064205406D-02
    0.272116393879829D-02   -0.220565126204669D-02
    0.343636750882598D-02   -0.318605059637443D-02
    0.414063617446874D-02   -0.434535648413819D-02
    0.481523356471837D-02   -0.567832591595618D-02
    0.544586274292025D-02   -0.717600828607788D-02
    0.601805845744318D-02   -0.882431215774505D-02
    0.652031722401455D-02   -0.106089179802586D-01
    0.694055020865758D-02   -0.125079769595693D-01
    0.726987483147932D-02   -0.145024789898698D-01
    0.749888812612584D-02   -0.165635098576425D-01
    0.762273785681245D-02   -0.186691305276754D-01
    0.763599613545204D-02   -0.207845855475687D-01
    0.753986103585851D-02   -0.228875443792828D-01
    0.733435675660278D-02   -0.249391685227326D-01
    0.702878332089672D-02   -0.269198479169314D-01
    0.662968617027232D-02   -0.287888771530444D-01
    0.615597035678936D-02   -0.305324589963003D-01
    0.562071695844833D-02   -0.321101042664389D-01
    0.505247638304307D-02   -0.335158725384793D-01
    0.446859794008610D-02   -0.347100710310244D-01
    0.390350393126347D-02   -0.356936545025240D-01
    0.337100450384992D-02   -0.364241073864009D-01
    0.289735338617192D-02   -0.369010213082294D-01
    0.247098553297195D-02   -0.370660980724861D-01
    0.206823342149662D-02   -0.368940144526797D-01
    0.159982479666831D-02   -0.362838592920116D-01
    0.885833939189684D-03   -0.351300490645104D-01
   -0.344502147011368D-03   -0.332436516388909D-01
   -0.263247271056896D-02   -0.303744021821192D-01
   -0.648972732782399D-02   -0.262792629245850D-01
   -0.128860875211384D-01   -0.207459918719666D-01
   -0.216276378523614D-01   -0.141063166695930D-01
   -0.312818718124422D-01   -0.734145857054573D-02
   -0.358895685056861D-01   -0.238349941768197D-02
   -0.273736817217104D-01   -0.255925102457939D-03
    0.000000000000000D+00    0.000000000000000D+00
    0.000000000000000D+00    0.000000000000000D+00
    0.478323880342298D-03   -0.109075854786006D-03
    0.113849994031431D-02   -0.426351167300092D-03
    0.191811556678296D-02   -0.937991052810434D-03
    0.277277384140087D-02   -0.164675130872364D-02
    0.366428528235715D-02   -0.254494364721531D-02
    0.456445419872057D-02   -0.363415056849905D-02
    0.544795359569350D-02   -0.490563639579339D-02
    0.629432268787923D-02   -0.635621903979983D-02
    0.708496927029895D-02   -0.797250272180012D-02
    0.780233607534929D-02   -0.974318171809450D-02
    0.843184358141532D-02   -0.116499723400046D-01
    0.895746809603270D-02   -0.136732054417445D-01
    0.936884566990142D-02   -0.157905331019075D-01
    0.965217140388306D-02   -0.179737831188955D-01
    0.980294591396181D-02   -0.201985464710657D-01
    0.981139685189968D-02   -0.224288735594183D-01
    0.968095224342493D-02   -0.246409355122535D-01
    0.940805469100436D-02   -0.267925512115517D-01
    0.900570431707249D-02   -0.288632440750646D-01
    0.847834723228948D-02   -0.308069141330765D-01
    0.784904877980283D-02   -0.326084711418743D-01
    0.713053685912941D-02   -0.342201939171168D-01
    0.635438830175971D-02   -0.356325979084689D-01
    0.553814113586387D-02   -0.367967930757560D-01
    0.471615644676454D-02   -0.377057563517094D-01
    0.389840187715675D-02   -0.383048426118980D-01
    0.310576339916787D-02   -0.385799283249333D-01
    0.230839050542095D-02   -0.384571031092015D-01
    0.146921394539167D-02   -0.378925888341031D-01
    0.452628894503161D-03   -0.367716804724270D-01
   -0.944993548563806D-03   -0.349798305954647D-01
   -0.304780517630109D-02   -0.323533190782978D-01
   -0.644760943190027D-02   -0.286790379920897D-01
   -0.114590453492665D-01   -0.239089186979130D-01
   -0.190916879552721D-01   -0.179527883621194D-01
   -0.280008383052774D-01   -0.114885066695121D-01
   -0.370412834097189D-01   -0.543976420477726D-02
   -0.394798563667762D-01   -0.128232292280823D-02
   -0.279202321147696D-01   -0.484721908153344D-04
    0.000000000000000D+00    0.000000000000000D+00
    0.000000000000000D+00    0.000000000000000D+00
    0.707653139640526D-03   -0.123542116815738D-03
    0.157970042149138D-02   -0.480367323343819D-03
    0.256292517216435D-02   -0.105185007611596D-02
    0.361483186030580D-02   -0.182944678332465D-02
    0.469998998044307D-02   -0.280452998183164D-02
    0.578848353414429D-02   -0.397258905406730D-02
    0.685395096373942D-02   -0.532559357660065D-02
    0.787287563036581D-02   -0.685607269486009D-02
    0.882377576781579D-02   -0.855236035857044D-02
    0.968605774879574D-02   -0.104000864699023D-01
    0.104414553763639D-01   -0.123827591603583D-01
    0.110713965640768D-01   -0.144781092107040D-01
    0.115617425651288D-01   -0.166650681920424D-01
    0.118969219731871D-01   -0.189131387769395D-01
    0.120692233080986D-01   -0.211982695641031D-01
    0.120680091672040D-01   -0.234824013980238D-01
    0.118947409543342D-01   -0.257409143405314D-01
    0.115457437429989D-01   -0.279296335518862D-01
    0.110338229703603D-01   -0.300259876643478D-01
    0.103635505507164D-01   -0.319817435108919D-01
    0.955947996239836D-02   -0.337780666663164D-01
    0.863396819876543D-02   -0.353645659743878D-01
    0.762018652981961D-02   -0.367253895278300D-01
    0.653427175325407D-02   -0.378082405495689D-01
    0.540769270601981D-02   -0.385950834773544D-01
    0.424855412140259D-02   -0.390281043345665D-01
    0.306055228193769D-02   -0.390748959524271D-01
    0.181468840783563D-02   -0.386627063224847D-01
    0.427703186448193D-03   -0.377230545240195D-01
   -0.122702339640324D-02   -0.361550483404192D-01
   -0.343028722994911D-02   -0.338322954352288D-01
   -0.648206059199999D-02   -0.306372280444185D-01
   -0.109542550971146D-01   -0.264350098330989D-01
   -0.171696425007492D-01   -0.212549776206251D-01
   -0.254117165147976D-01   -0.152940593109236D-01
   -0.346114914894913D-01   -0.922730592327495D-02
   -0.418191774783330D-01   -0.403380175931046D-02
   -0.414036023611841D-01   -0.866537232993797D-03
   -0.281234863853184D-01    0.116551314105272D-03
    0.000000000000000D+00    0.000000000000000D+00
    0.000000000000000D+00    0.000000000000000D+00
    0.963745710429617D-03   -0.134969747551031D-03
    0.206600507328436D-02   -0.519701684015481D-03
    0.326283760461700D-02   -0.113063182184596D-02
    0.451881179037820D-02   -0.195440290855824D-02
    0.579975864006756D-02   -0.297784247725042D-02
    0.707713117347734D-02   -0.419487237467975D-02
    0.832288530253109D-02   -0.559367978518540D-02
    0.951192054632686D-02   -0.716740438705758D-02
    0.106200468341325D-01   -0.890131513192016D-02
    0.116233845053871D-01   -0.107828024098865D-01
    0.125010597226723D-01   -0.127928146169088D-01
    0.132303245359286D-01   -0.149106615204080D-01
    0.137952406424079D-01   -0.171134486116766D-01
    0.141757708724809D-01   -0.193710851825328D-01
    0.143636385574893D-01   -0.216587418396964D-01
    0.143441324028527D-01   -0.239369756570118D-01
    0.141194325009626D-01   -0.261815983053729D-01
    0.136829188416261D-01   -0.283452093264386D-01
    0.130488702830342D-01   -0.304064693284016D-01
    0.122205298481780D-01   -0.323126795969996D-01
    0.112235587195790D-01   -0.340457511493426D-01
    0.100701772554407D-01   -0.355506502724022D-01
    0.879293481615546D-02   -0.368097387358515D-01
    0.740666443879097D-02   -0.377669548707181D-01
    0.593964288008138D-02   -0.383980457520537D-01
    0.439213408618193D-02   -0.386431962260806D-01
    0.276279844297348D-02   -0.384593774808610D-01
    0.100084052289434D-02   -0.377760414448904D-01
   -0.980565055976528D-03   -0.365146852991974D-01
   -0.334056330179839D-02   -0.345924662395626D-01
   -0.635797279300168D-02   -0.318854758838520D-01
   -0.103050704869331D-01   -0.283481812081046D-01
   -0.157446029339947D-01   -0.238711334012455D-01
   -0.226453359708556D-01   -0.186536624426937D-01
   -0.313455782555857D-01   -0.128923221028177D-01
   -0.398774789932463D-01   -0.736088148821640D-02
   -0.458077719273973D-01   -0.292925335745276D-02
   -0.434905439911631D-01   -0.340757021129910D-03
   -0.280913077708151D-01    0.176812165760586D-03
    0.000000000000000D+00    0.000000000000000D+00
    0.000000000000000D+00    0.000000000000000D+00
    0.123306282954065D-02   -0.139886361329379D-03
    0.257647868284781D-02   -0.539059630926814D-03
    0.399395505824922D-02   -0.117099495554795D-02
    0.545651760575839D-02   -0.201628868155889D-02
    0.693296201595607D-02   -0.306069312880476D-02
    0.839622785628941D-02   -0.429394728307630D-02
    0.981795442624059D-02   -0.570458196491889D-02
    0.111715974510002D-01   -0.728243566987097D-02
    0.124307577217902D-01   -0.901421862692512D-02
    0.135687832622318D-01   -0.108848828855045D-01
    0.145617402818810D-01   -0.128771218219192D-01
    0.153836735942470D-01   -0.149682645233531D-01
    0.160155406250307D-01   -0.171368083593898D-01
    0.164342750627201D-01   -0.193511384406525D-01
    0.166292465141661D-01   -0.215869910893888D-01
    0.165832022106510D-01   -0.238039578315786D-01
    0.162974706697341D-01   -0.259774274331510D-01
    0.157633084387932D-01   -0.280597341171983D-01
    0.149960426833131D-01   -0.300282040705293D-01
    0.139967153322639D-01   -0.318305934329379D-01
    0.127933996640322D-01   -0.334466261924425D-01
    0.113953647795506D-01   -0.348223215151085D-01
    0.983668413589526D-02   -0.359366633896154D-01
    0.812835794267654D-02   -0.367352558718305D-01
    0.629459687816482D-02   -0.371885279271185D-01
    0.433250968341520D-02   -0.372397667977845D-01
    0.222440101915076D-02   -0.368390333185749D-01
   -0.788311652001162D-04   -0.359226535048659D-01
   -0.269468102402399D-02   -0.344103281541163D-01
   -0.577024565885592D-02   -0.322336129410067D-01
   -0.959380785629839D-02   -0.292971665376993D-01
   -0.144237768130306D-01   -0.255748080859660D-01
   -0.206362170099677D-01   -0.210665288174602D-01
   -0.282624223098227D-01   -0.159630727987365D-01
   -0.368906123902759D-01   -0.106354159699374D-01
   -0.448980645784219D-01   -0.575349430933301D-02
   -0.489570327921726D-01   -0.205936954305927D-02
   -0.443079685569783D-01   -0.152069419691308D-03
   -0.279722457487685D-01    0.204545660774670D-03
    0.000000000000000D+00    0.000000000000000D+00
    0.000000000000000D+00    0.000000000000000D+00
    0.151149780259078D-02   -0.141786785942326D-03
    0.309887593174852D-02   -0.542887252759414D-03
    0.473737176755544D-02   -0.117580179881634D-02
    0.640350089896597D-02   -0.201830836743739D-02
    0.807061659410341D-02   -0.305418556665845D-02
    0.971302005808821D-02   -0.427193329347615D-02
    0.113029551159640D-01   -0.565801972854668D-02
    0.128126374338405D-01   -0.720261196360942D-02
    0.142139941277417D-01   -0.889056805862848D-02
    0.154775106685762D-01   -0.107080897743882D-01
    0.165766302980962D-01   -0.126364290468413D-01
    0.174817339379141D-01   -0.146539224118797D-01
    0.181711608093867D-01   -0.167385049835883D-01
    0.186181676766031D-01   -0.188583362910241D-01
    0.188101626300148D-01   -0.209900318889541D-01
    0.187271279197665D-01   -0.230912118409834D-01
    0.183692297212970D-01   -0.251399308509922D-01
    0.177267898423349D-01   -0.270852219389859D-01
    0.168141725538312D-01   -0.289084131519202D-01
    0.156337478985497D-01   -0.305542029249561D-01
    0.142115471022796D-01   -0.320059423828007D-01
    0.125595881686677D-01   -0.332093140156774D-01
    0.107075388730984D-01   -0.341437746831877D-01
    0.866769857118035D-02   -0.347598696999716D-01
    0.645751520698795D-02   -0.350228419233019D-01
    0.406935724954291D-02   -0.348881206419841D-01
    0.147908426940905D-02   -0.342950175124869D-01
   -0.137487386294226D-02   -0.332017525688790D-01
   -0.461077853553605D-02   -0.315161887370412D-01
   -0.837604182035212D-02   -0.292101441910519D-01
   -0.129503921661050D-01   -0.261816979708219D-01
   -0.184898763707437D-01   -0.224815337697618D-01
   -0.253737011718818D-01   -0.181019308071349D-01
   -0.332380708761073D-01   -0.133378001746065D-01
   -0.418074896375782D-01   -0.851085571291622D-02
   -0.488449130724610D-01   -0.426879845985655D-02
   -0.515567667959116D-01   -0.127212831404302D-02
   -0.454822086424959D-01    0.174662021943748D-03
   -0.277511544322903D-01    0.246247508896482D-03
    0.000000000000000D+00    0.000000000000000D+00
    0.000000000000000D+00    0.000000000000000D+00
    0.178472724629297D-02   -0.137697128494895D-03
    0.361363334986345D-02   -0.528509438583259D-03
    0.546753447062404D-02   -0.114389944893494D-02
    0.733116938565683D-02   -0.195967956535793D-02
    0.918047871605875D-02   -0.295944815297252D-02
    0.109929378286760D-01   -0.412964224510352D-02
    0.127408741323652D-01   -0.545748877885323D-02
    0.143960243519036D-01   -0.693113686815163D-02
    0.159287702011903D-01   -0.853697484757532D-02
    0.173068447697116D-01   -0.102595492432935D-01
    0.185013856560142D-01   -0.120817664990741D-01
    0.194788195030237D-01   -0.139807516372886D-01
    0.202153021692428D-01   -0.159355530138280D-01
    0.206798042224005D-01   -0.179138612696412D-01
    0.208586954119869D-01   -0.198924745417217D-01
    0.207278908295495D-01   -0.218296561473238D-01
    0.202886638246953D-01   -0.237028821108587D-01
    0.195275255966022D-01   -0.254632568536372D-01
    0.184625927294914D-01   -0.270915510188475D-01
    0.170920726200632D-01   -0.285359308012586D-01
    0.154476898537745D-01   -0.297803353957603D-01
    0.135359780678314D-01   -0.307747420200912D-01
    0.113917708091205D-01   -0.315012935069013D-01
    0.902013456778958D-02   -0.319146642252673D-01
    0.643921349511563D-02   -0.319855124973868D-01
    0.363375983230174D-02   -0.316722971703543D-01
    0.573283750104580D-03   -0.309241441105916D-01
   -0.280823182967672D-02   -0.297006938261722D-01
   -0.663286778148500D-02   -0.279308543954539D-01
   -0.110477967289867D-01   -0.255845552663891D-01
   -0.162800427970965D-01   -0.226095521948916D-01
   -0.224998365787226D-01   -0.190420305163535D-01
   -0.298249707183873D-01   -0.149687574099454D-01
   -0.380003933787493D-01   -0.106334760180321D-01
   -0.461278036148959D-01   -0.643413533235979D-02
   -0.523214916952680D-01   -0.291348199057940D-02
   -0.534224929420375D-01   -0.562606844527482D-03
   -0.456108350750445D-01    0.361189052739798D-03
   -0.274399538012377D-01    0.270082294364509D-03
    0.000000000000000D+00    0.000000000000000D+00
    0.000000000000000D+00    0.000000000000000D+00
    0.204995860748410D-02   -0.130859683026470D-03
    0.410816427632755D-02   -0.499470693697417D-03
    0.616720858965420D-02   -0.107936669265218D-02
    0.821553588246592D-02   -0.184544478623476D-02
    0.102350224613729D-01   -0.278166326919718D-02
    0.122041798360351D-01   -0.387425965597602D-02
    0.140970013974464D-01   -0.511001812142660D-02
    0.158842821736003D-01   -0.647777152790200D-02
    0.175350739674438D-01   -0.796325641488692D-02
    0.190148340239153D-01   -0.955206269712573D-02
    0.202916127534341D-01   -0.112268033094833D-01
    0.213290058065701D-01   -0.129649716086627D-01
    0.220994462460805D-01   -0.147464841915153D-01
    0.225695255832265D-01   -0.165377513357434D-01
    0.227221649356195D-01   -0.183185397979827D-01
    0.225326464558186D-01   -0.200438503270635D-01
    0.219993827332238D-01   -0.216968506732053D-01
    0.211112879401911D-01   -0.232244421431820D-01
    0.198835018765381D-01   -0.246152696037170D-01
    0.183202438365013D-01   -0.258151986331869D-01
    0.164484267282811D-01   -0.268157540163383D-01
    0.142831211988119D-01   -0.275707135075394D-01
    0.118507293135596D-01   -0.280653443896988D-01
    0.916422307897327D-02   -0.282681465600996D-01
    0.622964498521737D-02   -0.281445397887141D-01
    0.303552886139596D-02   -0.276785674198483D-01
   -0.461267036486142D-03   -0.268051356853448D-01
   -0.432362939886234D-02   -0.255208831048776D-01
   -0.868187024195247D-02   -0.237354340372470D-01
   -0.136509869931223D-01   -0.214681693147611D-01
   -0.194637793591095D-01   -0.186462498075649D-01
   -0.261431634041147D-01   -0.153694369737284D-01
   -0.338453803630068D-01   -0.116943884130403D-01
   -0.419459436396240D-01   -0.791481090223527D-02
   -0.497335622255011D-01   -0.436621206426893D-02
   -0.549328563692471D-01   -0.152726127130511D-02
   -0.548415452230543D-01    0.171028732422231D-03
   -0.460336325215949D-01    0.665877253164269D-03
   -0.269923366366827D-01    0.330035623570612D-03
    0.000000000000000D+00    0.000000000000000D+00
    0.000000000000000D+00    0.000000000000000D+00
    0.229377786106280D-02   -0.118871350078158D-03
    0.456595943310569D-02   -0.454965636261353D-03
    0.681278374639254D-02   -0.982590620522586D-03
    0.903107846028323D-02   -0.167780787277713D-02
    0.112046003841788D-01   -0.252555249704482D-02
    0.133155354322291D-01   -0.351204886728162D-02
    0.153379927914458D-01   -0.462549190690582D-02
    0.172425834917563D-01   -0.585411889567448D-02
    0.189971634947299D-01   -0.718534432138267D-02
    0.205642378450817D-01   -0.860421296218821D-02
    0.219100420790056D-01   -0.100946433071228D-01
    0.229935536563153D-01   -0.116341594500302D-01
    0.237857873786252D-01   -0.132029172268257D-01
    0.242481273001433D-01   -0.147685792683097D-01
    0.243638687503130D-01   -0.163098062520906D-01
    0.241033124648172D-01   -0.177847255597651D-01
    0.234685148788402D-01   -0.191746964935362D-01
    0.224437582992173D-01   -0.204319855380665D-01
    0.210519266796024D-01   -0.215445417103584D-01
    0.192920068358102D-01   -0.224653899692337D-01
    0.172020172406357D-01   -0.231891200003809D-01
    0.147893713401171D-01   -0.236768049207842D-01
    0.120922275319547D-01   -0.239230417239282D-01
    0.911191316127432D-02   -0.239010232919617D-01
    0.586343475173846D-02   -0.235931830610497D-01
    0.232000301549195D-02   -0.229826877857710D-01
   -0.155485322362508D-02   -0.220299078250098D-01
   -0.584069915473212D-02   -0.207227048635312D-01
   -0.106469881452849D-01   -0.190073195526224D-01
   -0.161078827531284D-01   -0.168838799044366D-01
   -0.223641069105560D-01   -0.143335199564420D-01
   -0.294822072959318D-01   -0.114199158266788D-01
   -0.373435499476568D-01   -0.826580847669344D-02
   -0.454586842672486D-01   -0.510171775452978D-02
   -0.526453314245911D-01   -0.227566438695775D-02
   -0.569450706191343D-01   -0.183642470620422D-03
   -0.555797295192170D-01    0.901646826015734D-03
   -0.455536704766718D-01    0.923341677174513D-03
   -0.264660294821415D-01    0.383369787138258D-03
    0.000000000000000D+00    0.000000000000000D+00
    0.000000000000000D+00    0.000000000000000D+00
    0.251434473221687D-02   -0.104498987796242D-03
    0.497507958748537D-02   -0.397630620045187D-03
    0.738940090927516D-02   -0.858159672942180D-03
    0.975611816027407D-02   -0.146291168347756D-02
    0.120650054836790D-01   -0.219914066615021D-02
    0.142987243411629D-01   -0.305402997757028D-02
    0.164331751682094D-01   -0.401679901301795D-02
    0.184380907050691D-01   -0.507686577783505D-02
    0.202797726474814D-01   -0.622223187841072D-02
    0.219188641791462D-01   -0.743879116225912D-02
    0.233177869243800D-01   -0.871153755113368D-02
    0.244334340003638D-01   -0.100174342880253D-01
    0.252319978403920D-01   -0.113394161582507D-01
    0.256738366874283D-01   -0.126420838633913D-01
    0.257376370974433D-01   -0.139099960319525D-01
    0.253955222317388D-01   -0.150954164672910D-01
    0.246457496575069D-01   -0.161897406219562D-01
    0.234790976313005D-01   -0.171381460463012D-01
    0.219146236347429D-01   -0.179421530698789D-01
    0.199633203024541D-01   -0.185506747623424D-01
    0.176567895400711D-01   -0.189719343716104D-01
    0.150186152709269D-01   -0.191720570036204D-01
    0.120748126199995D-01   -0.191531758001163D-01
    0.884337024917103D-02   -0.189081440264887D-01
    0.532023226955054D-02   -0.184147984558815D-01
    0.149276780346353D-02   -0.176916830020269D-01
   -0.269883461493258D-02   -0.166808045060433D-01
   -0.731582982672309D-02   -0.154168319377428D-01
   -0.124911353562700D-01   -0.138180749049877D-01
   -0.183032906178297D-01   -0.119365294816319D-01
   -0.249216990677958D-01   -0.972020407453596D-02
   -0.322483934690392D-01   -0.728163384139524D-02
   -0.402360050264601D-01   -0.469965442423851D-02
   -0.480787977463360D-01   -0.222258245103374D-02
   -0.547976609360623D-01   -0.132849437591501D-03
   -0.582059427762292D-01    0.124331604249869D-02
   -0.558816985886059D-01    0.168306211880443D-02
   -0.452509233873947D-01    0.126093264628383D-02
   -0.257412990935722D-01    0.462309411200275D-03
    0.000000000000000D+00    0.000000000000000D+00
    0.000000000000000D+00    0.000000000000000D+00
    0.270012372735549D-02   -0.860609146997694D-04
    0.532299687765656D-02   -0.328348190882595D-03
    0.787768205774301D-02   -0.708042123844771D-03
    0.103705469188602D-01   -0.120560980689372D-02
    0.127923049202903D-01   -0.181032477564689D-02
    0.151289644438271D-01   -0.251118072905167D-02
    0.173561680088380D-01   -0.329931938836618D-02
    0.194433171290802D-01   -0.416506869038525D-02
    0.213553685660578D-01   -0.509800545526494D-02
    0.230497790484262D-01   -0.608498281630844D-02
    0.244871004578167D-01   -0.711148263063431D-02
    0.256192485342215D-01   -0.815640845439834D-02
    0.264112146182473D-01   -0.920124156747036D-02
    0.268178756531192D-01   -0.102145372130507D-01
    0.268192634380852D-01   -0.111771099823455D-01
    0.263826832601233D-01   -0.120481504890462D-01
    0.255124154210017D-01   -0.128140029662670D-01
    0.241953640319024D-01   -0.134301067340770D-01
    0.224626099049928D-01   -0.138945409764001D-01
    0.203207479476485D-01   -0.141687395341568D-01
    0.178186068143221D-01   -0.142636104448987D-01
    0.149715708229953D-01   -0.141569146111756D-01
    0.118247430288303D-01   -0.138639861106927D-01
    0.838055558866620D-02   -0.133836250509028D-01
    0.465208585484481D-02   -0.127192974884953D-01
    0.602502747148541D-03   -0.118850864766331D-01
   -0.381095080014945D-02   -0.108596150439720D-01
   -0.868070095389021D-02   -0.966004980224849D-02
   -0.141032121880481D-01   -0.824935151400288D-02
   -0.201961944499895D-01   -0.664841841198941D-02
   -0.270204581571661D-01   -0.485467951403336D-02
   -0.345439637751814D-01   -0.293497889757355D-02
   -0.424660990679221D-01   -0.100702856099649D-02
   -0.501226085320370D-01    0.742182502017996D-03
   -0.562021146878283D-01    0.205384423235713D-02
   -0.587807464883467D-01    0.266371655638967D-02
   -0.555247178331741D-01    0.248523462973430D-02
   -0.441213082271372D-01    0.158965934219437D-02
   -0.249190013348813D-01    0.539536030301172D-03
    0.000000000000000D+00    0.000000000000000D+00
    0.000000000000000D+00    0.000000000000000D+00
    0.285016246692176D-02   -0.657410192716585D-04
    0.559937293837076D-02   -0.249001877077895D-03
    0.826605704168107D-02   -0.537245840140464D-03
    0.108568254360540D-01   -0.913141634467676D-03
    0.133676093674345D-01   -0.136978209971034D-02
    0.157840840753113D-01   -0.189809820960343D-02
    0.180831993373893D-01   -0.249149650071067D-02
    0.202331949744470D-01   -0.314182716462070D-02
    0.221969831352859D-01   -0.384054382847923D-02
    0.239301740299617D-01   -0.457494438231983D-02
    0.253888200475553D-01   -0.533329626534380D-02
    0.265230583616368D-01   -0.609258893090108D-02
    0.272922728454129D-01   -0.683965400584215D-02
    0.276511860811709D-01   -0.753730367732454D-02
    0.275747664959391D-01   -0.817624450040098D-02
    0.270341031887264D-01   -0.870540617156664D-02
    0.260301020335541D-01   -0.912717116700145D-02
    0.245598019956226D-01   -0.938384527585093D-02
    0.226518187481714D-01   -0.949527412861274D-02
    0.203303629030848D-01   -0.941223631017687D-02
    0.176390041020457D-01   -0.916873224220017D-02
    0.146165499141632D-01   -0.874290683685980D-02
    0.112945218456326D-01   -0.816592505809028D-02
    0.770012989623055D-02   -0.745593679620715D-02
    0.382084812549012D-02   -0.661589360668521D-02
   -0.357234804729748D-03   -0.569966056662926D-02
   -0.491295898092544D-02   -0.466563875790965D-02
   -0.990973420020158D-02   -0.358364445230745D-02
   -0.154860276984911D-01   -0.238146407132787D-02
   -0.216918173936442D-01   -0.113303824703697D-02
   -0.286399075359388D-01    0.207931889020488D-03
   -0.361369753462185D-01    0.153464270277849D-02
   -0.439761672531489D-01    0.278387861059978D-02
   -0.512391499841223D-01    0.376537446372762D-02
   -0.568096131377988D-01    0.428878075544308D-02
   -0.586535977563428D-01    0.415279975656711D-02
   -0.546976094635523D-01    0.331998091350405D-02
   -0.430580515485072D-01    0.196243420626524D-02
   -0.238566043924557D-01    0.629408730291510D-03
    0.000000000000000D+00    0.000000000000000D+00
    0.000000000000000D+00    0.000000000000000D+00
    0.295566970619415D-02   -0.427628723835259D-04
    0.579656435997191D-02   -0.162188408922112D-03
    0.854117392430962D-02   -0.349522877321233D-03
    0.112021194893519D-01   -0.593026394311921D-03
    0.137750522361667D-01   -0.888501425528671D-03
    0.162481525763109D-01   -0.123019329156521D-02
    0.185973251739141D-01   -0.161360229770402D-02
    0.207901564846758D-01   -0.203296441869197D-02
    0.227875554978482D-01   -0.248088030166881D-02
    0.245418768424332D-01   -0.294741061923820D-02
    0.260066144672016D-01   -0.342009154336665D-02
    0.271270389837385D-01   -0.388040873595430D-02
    0.278607114821769D-01   -0.431132771787896D-02
    0.281574363678118D-01   -0.468337159376323D-02
    0.279933922750767D-01   -0.497937974449636D-02
    0.273364658468841D-01   -0.516056697443678D-02
    0.261946059773350D-01   -0.521822530142034D-02
    0.245641419218456D-01   -0.511198468908379D-02
    0.224884651878465D-01   -0.485107900004519D-02
    0.199916826369235D-01   -0.440696425090078D-02
    0.171390063073077D-01   -0.381016047599518D-02
    0.139645353605883D-01   -0.305809674433422D-02
    0.105239581576734D-01   -0.219269069909198D-02
    0.682866232089772D-02   -0.124293269693273D-02
    0.288775073555427D-02   -0.239958875228309D-03
   -0.134321840233015D-02    0.766375954020371D-03
   -0.592217900327198D-02    0.177558406070192D-02
   -0.109561057562409D-01    0.273903558704301D-02
   -0.165431777734854D-01    0.368161981061174D-02
   -0.227882325446855D-01    0.456553452131188D-02
   -0.296986739490608D-01    0.539514456488104D-02
   -0.371591285812511D-01    0.611110165294880D-02
   -0.447516390512309D-01    0.663279444210192D-02
   -0.516899490296077D-01    0.682522080771532D-02
   -0.566466760649927D-01    0.654125231935267D-02
   -0.577875469758430D-01    0.562798059436401D-02
   -0.532301869854874D-01    0.416627101994729D-02
   -0.412206607251672D-01    0.232957971044246D-02
   -0.226810008327310D-01    0.721223856569593D-03
    0.000000000000000D+00    0.000000000000000D+00
    0.000000000000000D+00    0.000000000000000D+00
    0.301670397961346D-02   -0.186038454863906D-04
    0.590686698290894D-02   -0.691593839677422D-04
    0.869591943414069D-02   -0.150299726359483D-03
    0.113948660732116D-01   -0.253635222816303D-03
    0.140031446750197D-01   -0.379691717749694D-03
    0.165075371403691D-01   -0.525284965124368D-03
    0.188844964205801D-01   -0.689111313380204D-03
    0.210998160661026D-01   -0.866989808569525D-03
    0.231119421178928D-01   -0.105468927223521D-02
    0.248709551994969D-01   -0.124212507511983D-02
    0.263254949148857D-01   -0.142162732387123D-02
    0.274187314167901D-01   -0.157122304908994D-02
    0.281023666313337D-01   -0.168236784001332D-02
    0.283259446107611D-01   -0.171662649662952D-02
    0.280610307657561D-01   -0.167158703628334D-02
    0.272797261817603D-01   -0.149223293575248D-02
    0.259888405640886D-01   -0.119328585836574D-02
    0.241962234445804D-01   -0.711626202533153D-03
    0.219475768259094D-01   -0.888782862192084D-04
    0.192872535915202D-01    0.726953494068501D-03
    0.162815263884579D-01    0.166879720179187D-02
    0.129916610544089D-01    0.275203443625372D-02
    0.946412526295802D-02    0.390507967892466D-02
    0.573930494841570D-02    0.508888529506360D-02
    0.179861173379126D-02    0.626261506429820D-02
   -0.237536973256365D-02    0.733916503468400D-02
   -0.688749067651668D-02    0.833496342488949D-02
   -0.118117526171200D-01    0.914588506773164D-02
   -0.173061862180176D-01    0.983607455075537D-02
   -0.234070995365371D-01    0.103117188876880D-01
   -0.301935378230014D-01    0.106300570556663D-01
   -0.374073412781574D-01    0.106933603312717D-01
   -0.447355481159085D-01    0.104859196867683D-01
   -0.512036326809755D-01    0.987299671380837D-02
   -0.556562115524767D-01    0.878071525807824D-02
   -0.562426773988484D-01    0.711297472677665D-02
   -0.512549077669220D-01    0.499768802078913D-02
   -0.393740579182291D-01    0.270744602432119D-02
   -0.212557833381820D-01    0.804530906725167D-03
    0.000000000000000D+00    0.000000000000000D+00
    0.000000000000000D+00    0.000000000000000D+00
    0.302815818700032D-02    0.644514435371432D-05
    0.592844552046324D-02    0.258474492621397D-04
    0.872443437878471D-02    0.548940006763961D-04
    0.114309729516047D-01    0.951035985895252D-04
    0.140457562423210D-01    0.143027309872596D-03
    0.165569231694569D-01    0.197543448997505D-03
    0.189388364967175D-01    0.258026972889278D-03
    0.211563424853069D-01    0.325047335242277D-03
    0.231649455997733D-01    0.402250179745664D-03
    0.249117001519917D-01    0.495118191914127D-03
    0.263415595099571D-01    0.613233204235717D-03
    0.273934333618880D-01    0.771170533907386D-03
    0.280157013110229D-01    0.983816776027242D-03
    0.281543208992634D-01    0.127742150328462D-02
    0.277802552258344D-01    0.166721226576735D-02
    0.268654587791987D-01    0.218933385219153D-02
    0.254220407174545D-01    0.284880650109790D-02
    0.234631708436858D-01    0.368235110902309D-02
    0.210481973197179D-01    0.467152119144735D-02
    0.182307350858698D-01    0.583630280979126D-02
    0.150983449530672D-01    0.712752619876801D-02
    0.117183616263306D-01    0.852907818824746D-02
    0.816100113328247D-02    0.997066170067686D-02
    0.445875455380181D-02    0.113917339025565D-01
    0.612538211957729D-03    0.127292034079449D-01
   -0.342456970388858D-02    0.138929907523903D-01
   -0.774149128486923D-02    0.148577759128727D-01
   -0.124619534005212D-01    0.155374902293590D-01
   -0.177124297679614D-01    0.159491054060436D-01
   -0.235928552872005D-01    0.160336469808307D-01
   -0.300970308938533D-01    0.158131867153061D-01
   -0.370468301741860D-01    0.152347718972858D-01
   -0.439741066851495D-01    0.142808526256846D-01
   -0.500157186808503D-01    0.128657573140353D-01
   -0.539135146551357D-01    0.109704950847365D-01
   -0.539506328694519D-01    0.853890708366770D-02
   -0.486836765176086D-01    0.580890465822858D-02
   -0.368164052348462D-01    0.305690396654826D-02
   -0.197154064932305D-01    0.895736561523286D-03
    0.000000000000000D+00    0.000000000000000D+00
    0.000000000000000D+00    0.000000000000000D+00
    0.299124105391274D-02    0.317583084030398D-04
    0.585723324234934D-02    0.122159080741880D-03
    0.862518750664265D-02    0.260433833701396D-03
    0.113064019146947D-01    0.444029811080770D-03
    0.139004800224908D-01    0.664654151399623D-03
    0.163929755368947D-01    0.918411718128129D-03
    0.187580326761083D-01    0.120100126319089D-02
    0.209579329457646D-01    0.151157316053426D-02
    0.229456488895669D-01    0.184948517560282D-02
    0.246653122204014D-01    0.222084707505758D-02
    0.260572206665631D-01    0.262839751559868D-02
    0.270573386293704D-01    0.309124564239361D-02
    0.276085357360167D-01    0.361252081955079D-02
    0.276551774942989D-01    0.423007593206146D-02
    0.271648173953292D-01    0.493942550512018D-02
    0.261115848520285D-01    0.579904809328429D-02
    0.245103117335609D-01    0.678298035882017D-02
    0.223829299878810D-01    0.796251604292849D-02
    0.197997486720046D-01    0.927548780488550D-02
    0.168314098411934D-01    0.107838523167046D-01
    0.135802822639413D-01    0.123860505742972D-01
    0.101374979163486D-01    0.141014919078329D-01
    0.657902891859342D-02    0.158111584070457D-01
    0.296292466089118D-02    0.174648923655994D-01
   -0.728775953243286D-03    0.189719812593227D-01
   -0.451956515374379D-02    0.202162282289685D-01
   -0.854844750448654D-02    0.211782220383179D-01
   -0.129107335132222D-01    0.217164449708749D-01
   -0.178062148409506D-01    0.218859134664041D-01
   -0.232768926950767D-01    0.215658674909110D-01
   -0.294028345026084D-01    0.208383642809979D-01
   -0.358944863234234D-01    0.196073068919071D-01
   -0.423909230228144D-01    0.179308860467506D-01
   -0.479098922209981D-01    0.157223332806333D-01
   -0.513337862925653D-01    0.130405645319596D-01
   -0.510103819683585D-01    0.988813520844998D-02
   -0.455926918486578D-01    0.653752679783910D-02
   -0.342241057473144D-01    0.338838852897575D-02
   -0.179667241941233D-01    0.951203429479128D-03
    0.000000000000000D+00    0.000000000000000D+00
    0.000000000000000D+00    0.000000000000000D+00
    0.290541728033247D-02    0.559166594645106D-04
    0.569788760703786D-02    0.214270786404717D-03
    0.840081952885079D-02    0.459417202067274D-03
    0.110266708375203D-01    0.781655908233323D-03
    0.135718196720022D-01    0.117007094818751D-02
    0.160218756184993D-01    0.161624511282785D-02
    0.183479455522255D-01    0.211432738787673D-02
    0.205112348036293D-01    0.265917677327101D-02
    0.224610360520999D-01    0.324991877316588D-02
    0.241390356049873D-01    0.388659598279778D-02
    0.254808192047498D-01    0.457431204790873D-02
    0.264190630909085D-01    0.532211292813614D-02
    0.268913647396552D-01    0.614081061467509D-02
    0.268401352676143D-01    0.705172307715545D-02
    0.262287987131894D-01    0.806717401928864D-02
    0.250349649680998D-01    0.922012383341851D-02
    0.232732966143207D-01    0.105136563781731D-01
    0.209791799674000D-01    0.119830048505912D-01
    0.182294190715280D-01    0.136059233325924D-01
    0.151187866846068D-01    0.153993140400919D-01
    0.117629050404726D-01    0.173026072979598D-01
    0.827965571220795D-02    0.192879787471438D-01
    0.476018651888014D-02    0.212613528807287D-01
    0.127556692922840D-02    0.231346280027566D-01
   -0.218288853154620D-02    0.248114269733399D-01
   -0.565429814115696D-02    0.261580012232587D-01
   -0.927577403488701D-02    0.271193619360175D-01
   -0.131886571791045D-01    0.275612893575231D-01
   -0.175817743366202D-01    0.274918347075447D-01
   -0.225625320079134D-01    0.268179535818705D-01
   -0.281607364387469D-01    0.255899207039199D-01
   -0.341621960827880D-01    0.237510575414310D-01
   -0.401171721132158D-01    0.213683384833032D-01
   -0.451285487255875D-01    0.183987232623640D-01
   -0.480747755791694D-01    0.149656341020994D-01
   -0.473737368348582D-01    0.111045118338077D-01
   -0.419970554756776D-01    0.720164641888957D-02
   -0.310208302927673D-01    0.365056869950846D-02
   -0.161133624579902D-01    0.102262350478968D-02
    0.000000000000000D+00    0.000000000000000D+00
    0.000000000000000D+00    0.000000000000000D+00
    0.277303144942471D-02    0.792700066899127D-04
    0.545069490022509D-02    0.302074618010066D-03
    0.805599243480574D-02    0.646564891866880D-03
    0.105960798534186D-01    0.109886441290846D-02
    0.130671112915617D-01    0.164405012494149D-02
    0.154511285249808D-01    0.227119073562974D-02
    0.177184435642875D-01    0.297091102614590D-02
    0.198271976055296D-01    0.373690768073449D-02
    0.217246327041878D-01    0.456334723185317D-02
    0.233491243945958D-01    0.545089968965512D-02
    0.246325180871926D-01    0.639618230049898D-02
    0.255036530205720D-01    0.741255319082733D-02
    0.258955211161583D-01    0.849638151560368D-02
    0.257466695879393D-01    0.968103456513995D-02
    0.250184685558029D-01    0.109552271267552D-01
    0.236860171665042D-01    0.123776602756436D-01
    0.217707263295237D-01    0.139149525198006D-01
    0.193088760816574D-01    0.156469870932921D-01
    0.163990523600216D-01    0.174994190166574D-01
    0.131418739219214D-01    0.195514028214126D-01
    0.968898221520240D-02    0.216764800684942D-01
    0.616867515591821D-02    0.239121894415199D-01
    0.270719471203998D-02    0.260959775790747D-01
   -0.612509205481960D-03    0.281815053086753D-01
   -0.379107718707296D-02    0.300216797604762D-01
   -0.685718417981485D-02    0.314773541960124D-01
   -0.998577964810750D-02    0.324796764624740D-01
   -0.133045212818369D-01    0.328426131680172D-01
   -0.170799696575066D-01    0.326023863375319D-01
   -0.213845365112251D-01    0.315953114590348D-01
   -0.263447665459017D-01    0.299346182176425D-01
   -0.316783627100044D-01    0.275106712033168D-01
   -0.370410520136629D-01    0.244759473470473D-01
   -0.414892007045136D-01    0.207848954270491D-01
   -0.440082604687439D-01    0.166402451906926D-01
   -0.431520719584213D-01    0.121501144717491D-01
   -0.379175167674915D-01    0.770726396607580D-02
   -0.278115289584271D-01    0.387434914314512D-02
   -0.141561382261432D-01    0.102779103517953D-02
    0.000000000000000D+00    0.000000000000000D+00
    0.000000000000000D+00    0.000000000000000D+00
    0.259869063278373D-02    0.993702868353023D-04
    0.512689216459221D-02    0.379517446782344D-03
    0.760212142476781D-02    0.814397871220526D-03
    0.100296976484804D-01    0.138403910035205D-02
    0.124014323511811D-01    0.207169355024958D-02
    0.146981409118171D-01    0.286268567485475D-02
    0.168867142446038D-01    0.374657258765315D-02
    0.189243772701259D-01    0.471289829912595D-02
    0.207547466342347D-01    0.575550733618275D-02
    0.223147421810139D-01    0.686835065625433D-02
    0.235313617949722D-01    0.804959737594862D-02
    0.243313410519995D-01    0.930084125172403D-02
    0.246409938674394D-01    0.106250611253444D-01
    0.243980699706921D-01    0.120360453339567D-01
    0.235555814505415D-01    0.135397841957932D-01
    0.220944357527500D-01    0.151646072845976D-01
    0.200272787981819D-01    0.169119933504811D-01
    0.174110049163608D-01    0.188184841983125D-01
    0.143371611736031D-01    0.208653387075746D-01
    0.109474205197012D-01    0.230760881860490D-01
    0.738963684205443D-02    0.253930944631170D-01
    0.384847473981417D-02    0.277918009153441D-01
    0.447354240457040D-03    0.301696759861726D-01
   -0.268006150462010D-02    0.324234602073376D-01
   -0.554299330803765D-02    0.344301278488970D-01
   -0.815240995231397D-02    0.360125625455754D-01
   -0.107021781035040D-01    0.370788643783245D-01
   -0.133485429674277D-01    0.374321018050516D-01
   -0.163770909682582D-01    0.370591026370357D-01
   -0.199216672826283D-01    0.358103005834145D-01
   -0.241060543297605D-01    0.337634225726223D-01
   -0.287187664404153D-01    0.308408098910979D-01
   -0.334000028396959D-01    0.272077749491265D-01
   -0.372699261660486D-01    0.228587993346981D-01
   -0.393973030168864D-01    0.180718109707713D-01
   -0.383522860204148D-01    0.129797797535211D-01
   -0.334791577505699D-01    0.810594023244601D-02
   -0.241441049747445D-01    0.397979018874269D-02
   -0.121129601767724D-01    0.106087744850112D-02
    0.000000000000000D+00    0.000000000000000D+00
    0.000000000000000D+00    0.000000000000000D+00
    0.238560257242350D-02    0.117581791268127D-03
    0.473129983133124D-02    0.447026364363748D-03
    0.704978528673224D-02    0.958745316685172D-03
    0.933990909045761D-02    0.162926015737807D-02
    0.115911172022595D-01    0.243967172481609D-02
    0.137803076112612D-01    0.337351876112766D-02
    0.158733400563128D-01    0.441775555426763D-02
    0.178246234822853D-01    0.556105983626540D-02
    0.195768849560198D-01    0.679238707471645D-02
    0.210641842148157D-01    0.810571381044250D-02
    0.222115696226324D-01    0.948999570498348D-02
    0.229417684704941D-01    0.109492003217434D-01
    0.231779790237411D-01    0.124705070105821D-01
    0.228518982036046D-01    0.140766211882654D-01
    0.219152202577202D-01    0.157483355182847D-01
    0.203402534425034D-01    0.175370504262140D-01
    0.181479139837907D-01    0.194066741137550D-01
    0.153841110999486D-01    0.214406330041124D-01
    0.121700123590780D-01    0.235667461841832D-01
    0.863483279852759D-02    0.258843202955050D-01
    0.498463111637144D-02    0.282665489373953D-01
    0.139206765830666D-02    0.307827089715459D-01
   -0.194356496037926D-02    0.332521122630655D-01
   -0.490032533643244D-02    0.356513948071805D-01
   -0.742821156828036D-02    0.377876138160586D-01
   -0.955147043534803D-02    0.395097017622604D-01
   -0.114609346654741D-01    0.406856737545770D-01
   -0.133263958754150D-01    0.410751719620777D-01
   -0.154975238813901D-01    0.406732401778700D-01
   -0.181094525752126D-01    0.392453394109843D-01
   -0.213908270134789D-01    0.369266739376819D-01
   -0.251180605843499D-01    0.335707106619480D-01
   -0.290400351867291D-01    0.294320762804287D-01
   -0.323040375453935D-01    0.245025405618610D-01
   -0.340615533390939D-01    0.191373181453946D-01
   -0.330744806347114D-01    0.135690095145448D-01
   -0.286490495639801D-01    0.828330615857612D-02
   -0.205440352695128D-01    0.404277436446849D-02
   -0.101343750745100D-01    0.998270357535961D-03
    0.000000000000000D+00    0.000000000000000D+00
    0.000000000000000D+00    0.000000000000000D+00
    0.214350077380091D-02    0.130702724558792D-03
    0.428093592580853D-02    0.498957313577586D-03
    0.641845224478984D-02    0.107259873410033D-02
    0.855009518360459D-02    0.182453573293316D-02
    0.106606218206419D-01    0.273530255614810D-02
    0.127246894491965D-01    0.378649192807802D-02
    0.147052707868166D-01    0.496459572378278D-02
    0.165564827286417D-01    0.625519706945103D-02
    0.182186693020005D-01    0.764653890049461D-02
    0.196260080551941D-01    0.912632944021847D-02
    0.207001254864566D-01    0.106831408593376D-01
    0.213631407473013D-01    0.123090441164199D-01
    0.215319985471585D-01    0.139939482972523D-01
    0.211378207174282D-01    0.157402886772142D-01
    0.201212546099275D-01    0.175410233511029D-01
    0.184592545427642D-01    0.194160122116711D-01
    0.161553935663400D-01    0.213608791158803D-01
    0.132766133773834D-01    0.234142979208493D-01
    0.992031790932054D-02    0.255649488437806D-01
    0.626670636722784D-02    0.278539677641008D-01
    0.249418836625212D-02    0.302456267951810D-01
   -0.113777601811130D-02    0.327415373247601D-01
   -0.445874813276634D-02    0.352601456226566D-01
   -0.724478809926126D-02    0.377103018519695D-01
   -0.947636499616745D-02    0.399659419323271D-01
   -0.111034820658486D-01    0.418198789594292D-01
   -0.123560602038876D-01    0.431409438725188D-01
   -0.133954948928937D-01    0.436536344346924D-01
   -0.146204077079213D-01    0.433000075892003D-01
   -0.162186887305396D-01    0.418382320396994D-01
   -0.184696659318121D-01    0.393465002487073D-01
   -0.212309350387876D-01    0.357004413953397D-01
   -0.243128714286581D-01    0.311565176621534D-01
   -0.269234612469641D-01    0.257431827118763D-01
   -0.283708274936287D-01    0.199039413255005D-01
   -0.273968532217252D-01    0.138870423585463D-01
   -0.236472365000345D-01    0.833935395193188D-02
   -0.166883526110040D-01    0.394793403629984D-02
   -0.808290164196371D-02    0.982514136172888D-03
    0.000000000000000D+00    0.000000000000000D+00
    0.000000000000000D+00    0.000000000000000D+00
    0.187593370145724D-02    0.141010822236366D-03
    0.378469875964844D-02    0.536171679122817D-03
    0.572336940325044D-02    0.115364426313559D-02
    0.767935657605319D-02    0.196430914786522D-02
    0.963321523508490D-02    0.294927854686041D-02
    0.115563166804517D-01    0.408953274330134D-02
    0.134108243611765D-01    0.537062734284504D-02
    0.151493126551333D-01    0.677773568850753D-02
    0.167131230573496D-01    0.829518132764995D-02
    0.180352102483143D-01    0.990989735438535D-02
    0.190380804444130D-01    0.116018107162422D-01
    0.196411114859242D-01    0.133623114290030D-01
    0.197605369375528D-01    0.151660543080305D-01
    0.193208478607308D-01    0.170178325918306D-01
    0.182614058581026D-01    0.188868774169789D-01
    0.165457937053764D-01    0.208056406732884D-01
    0.141825920670399D-01    0.227361616336745D-01
    0.112159933029063D-01    0.247523234179725D-01
    0.777010246811512D-02    0.267974169281227D-01
    0.399273451476783D-02    0.289829191144147D-01
    0.129081884636446D-03    0.312180490535873D-01
   -0.359989902155137D-02    0.336108364865159D-01
   -0.691064408454756D-02    0.360129471229715D-01
   -0.961999287735039D-02    0.384488941087338D-01
   -0.115801622971747D-01    0.407247491095927D-01
   -0.127802174338093D-01    0.427002000277154D-01
   -0.133712997040543D-01    0.441886382650617D-01
   -0.135568296952748D-01    0.448856263253362D-01
   -0.137562337771147D-01    0.447204522020580D-01
   -0.142048628216167D-01    0.433423626448122D-01
   -0.152867388140729D-01    0.408631566957393D-01
   -0.169203485466846D-01    0.370547323795049D-01
   -0.190469544828300D-01    0.322588614588276D-01
   -0.209744469248292D-01    0.264907959386588D-01
   -0.220960471773736D-01    0.202647090194690D-01
   -0.213820086710162D-01    0.139721384208462D-01
   -0.183864598187655D-01    0.816161322910475D-02
   -0.129853416250946D-01    0.383791136483647D-02
   -0.630891222496586D-02    0.849448390013951D-03
    0.000000000000000D+00    0.000000000000000D+00
    0.000000000000000D+00    0.000000000000000D+00
    0.159699990302502D-02    0.144976169204981D-03
    0.326358798038629D-02    0.554457065935656D-03
    0.499017618307812D-02    0.119647342478264D-02
    0.675689370102965D-02    0.204196524476145D-02
    0.854028815568619D-02    0.307310785355326D-02
    0.103090753822687D-01    0.427147752326520D-02
    0.120240003316155D-01    0.562303347735659D-02
    0.136386373867260D-01    0.711163609536835D-02
    0.150942374081952D-01    0.872076843010545D-02
    0.163262946870616D-01    0.104326185738949D-01
    0.172568918432378D-01    0.122247918914034D-01
    0.178071571678975D-01    0.140784148631472D-01
    0.178901026418789D-01    0.159656547031850D-01
    0.174296830158001D-01    0.178731359251885D-01
    0.163555764294249D-01    0.197721813960972D-01
    0.146308569358601D-01    0.216670338432296D-01
    0.122433298732278D-01    0.235363504039795D-01
    0.924693715911166D-02    0.254150983027102D-01
    0.573002544795246D-02    0.272926178051788D-01
    0.188156006975867D-02    0.292317235946583D-01
   -0.210270812421244D-02    0.312301509839922D-01
   -0.590664530946947D-02    0.333427530750602D-01
   -0.930268328960605D-02    0.355417974361503D-01
   -0.119629485911499D-01    0.377970071684332D-01
   -0.137907856016051D-01    0.400325310022084D-01
   -0.146219745421905D-01    0.420521040339021D-01
   -0.146585649784544D-01    0.437179210413827D-01
   -0.140221214514468D-01    0.446731729760392D-01
   -0.131962973464330D-01    0.448000058382171D-01
   -0.124451941654585D-01    0.437136786849694D-01
   -0.122525677591082D-01    0.414192944437641D-01
   -0.126516490826466D-01    0.376863224225004D-01
   -0.137244295481365D-01    0.328153022895517D-01
   -0.148694841798846D-01    0.268507063215801D-01
   -0.156948361457909D-01    0.203813157415620D-01
   -0.151718746584774D-01    0.138223680470358D-01
   -0.131327112299877D-01    0.792185731195363D-02
   -0.923687061791044D-02    0.356817428675002D-02
   -0.444523598955907D-02    0.796243825346745D-03
    0.000000000000000D+00    0.000000000000000D+00
    0.000000000000000D+00    0.000000000000000D+00
    0.130992560048773D-02    0.145516046030658D-03
    0.272954788783109D-02    0.554902731568449D-03
    0.423676826027339D-02    0.120112952072473D-02
    0.580623590101565D-02    0.205521908638918D-02
    0.740914087396828D-02    0.310312127624483D-02
    0.901261965796157D-02    0.432729630096591D-02
    0.105773680130431D-01    0.571487812300273D-02
    0.120575636550283D-01    0.725014797506232D-02
    0.133979467904777D-01    0.891439688396226D-02
    0.145353922575344D-01    0.106888853123810D-01
    0.153967033595741D-01    0.125444975418759D-01
    0.159030994805424D-01    0.144592737112835D-01
    0.159707320469378D-01    0.163928128310949D-01
    0.155191250300038D-01    0.183268202473263D-01
    0.144773839178862D-01    0.202133573338323D-01
    0.127948951987347D-01    0.220535445130602D-01
    0.104574268224117D-01    0.238003869694961D-01
    0.749062538111190D-02    0.254974175904018D-01
    0.399177961669330D-02    0.271043784879205D-01
    0.104454667372018D-03    0.287211407153795D-01
   -0.392985999990885D-02    0.303182862728281D-01
   -0.785388731374601D-02    0.320349120880577D-01
   -0.113270745280427D-01    0.338119896516927D-01
   -0.140809381032848D-01    0.357445453256712D-01
   -0.158442153605286D-01    0.377373911360523D-01
   -0.165015115722688D-01    0.397036241430087D-01
   -0.160749673532094D-01    0.414732162566290D-01
   -0.147456085706302D-01    0.427012552408985D-01
   -0.129115080859064D-01    0.432588641759558D-01
   -0.109326995178514D-01    0.426235513010504D-01
   -0.935170139769229D-02    0.408019426816361D-01
   -0.835324490958083D-02    0.373691325186257D-01
   -0.819438063025886D-02    0.327060559954570D-01
   -0.846861616832358D-02    0.267848672848585D-01
   -0.891294058576062D-02    0.202128980072921D-01
   -0.875447828383933D-02    0.135960867169210D-01
   -0.772935986187242D-02    0.754136017031713D-02
   -0.566899502528304D-02    0.335985643436424D-02
   -0.305826628512808D-02    0.608464186705856D-03
    0.000000000000000D+00    0.000000000000000D+00
    0.000000000000000D+00    0.000000000000000D+00
    0.103162606574516D-02    0.139321085425616D-03
    0.220480554285793D-02    0.535688669147578D-03
    0.349185858075787D-02    0.116492775185278D-02
    0.485874430471813D-02    0.200238479108949D-02
    0.627437149146628D-02    0.303685168935176D-02
    0.770377417868283D-02    0.425405795331854D-02
    0.910822659091791D-02    0.564273682330130D-02
    0.104449547612065D-01    0.718781597309690D-02
    0.116611555448322D-01    0.887053711073192D-02
    0.126995881745760D-01    0.106695686676289D-01
    0.134901860364346D-01    0.125532262293647D-01
    0.139598173414021D-01    0.144923499662284D-01
    0.140262971560834D-01    0.164407624328023D-01
    0.136105768373682D-01    0.183665872679033D-01
    0.126380784009160D-01    0.202137628788198D-01
    0.110522228790582D-01    0.219622153873793D-01
    0.882365922495361D-02    0.235592876610287D-01
    0.596761972845886D-02    0.250206018788697D-01
    0.254812559578034D-02    0.263155505085384D-01
   -0.128769303045419D-02    0.275148121980915D-01
   -0.535256456921200D-02    0.286322226906231D-01
   -0.933780274332017D-02    0.297874829902876D-01
   -0.129718828489829D-01    0.310152005058777D-01
   -0.158488084426526D-01    0.324018265089267D-01
   -0.177602835286897D-01    0.339925928500695D-01
   -0.183720717298129D-01    0.357017973465400D-01
   -0.177532667548320D-01    0.374642398145408D-01
   -0.159010813452596D-01    0.389217409173139D-01
   -0.132466466709790D-01    0.399508057972772D-01
   -0.101109205299076D-01    0.399789852535029D-01
   -0.712744558319698D-02    0.388667419965661D-01
   -0.463696067813388D-02    0.361331510538804D-01
   -0.308328453345514D-02    0.319925641209024D-01
   -0.226852000161047D-02    0.264287759781585D-01
   -0.222261945123278D-02    0.199883688282321D-01
   -0.229043340128318D-02    0.133112532338211D-01
   -0.245553161375981D-02    0.729385644857011D-02
   -0.222646079528832D-02    0.307508222166811D-02
   -0.150982906966613D-02    0.570001684993144D-03
    0.000000000000000D+00    0.000000000000000D+00
    0.000000000000000D+00    0.000000000000000D+00
    0.764362526752804D-03    0.129528913470092D-03
    0.170292477034584D-02    0.497835353980819D-03
    0.277355904648193D-02    0.109043610285384D-02
    0.393946132658927D-02    0.188506465937176D-02
    0.516415870969862D-02    0.287725137861174D-02
    0.641365269749070D-02    0.405511523428622D-02
    0.765050081517199D-02    0.541046017419870D-02
    0.883489945990564D-02    0.692990661845181D-02
    0.992025285337819D-02    0.859442307299036D-02
    0.108533506592170D-01    0.103830206910470D-01
    0.115731612216203D-01    0.122601307980599D-01
    0.120101229195220D-01    0.141939096315962D-01
    0.120905420699517D-01    0.161301059116521D-01
    0.117355661648396D-01    0.180285795353122D-01
    0.108735825482592D-01    0.198208369194935D-01
    0.943980346405368D-02    0.214706353697323D-01
    0.739765321283260D-02    0.229099827255906D-01
    0.473918298975392D-02    0.241314053776724D-01
    0.151255664210154D-02    0.250924506940994D-01
   -0.217814326991720D-02    0.258448087109935D-01
   -0.615125783245202D-02    0.264031778036858D-01
   -0.101579578178683D-01    0.268990460415322D-01
   -0.138812237758941D-01    0.273870250787745D-01
   -0.169726581639411D-01    0.280244757934831D-01
   -0.190863111247841D-01    0.289210977193266D-01
   -0.199250793925594D-01    0.301212299330258D-01
   -0.193239280993633D-01    0.315898328582554D-01
   -0.172971960569767D-01    0.330771027785272D-01
   -0.140704383934525D-01    0.345376948846252D-01
   -0.100048998286193D-01    0.352853304325903D-01
   -0.568322339443471D-02    0.352016853342362D-01
   -0.163934171396873D-02    0.334796163168891D-01
    0.150660687303115D-02    0.304247828874210D-01
    0.360518265116865D-02    0.256713641005781D-01
    0.441044212447875D-02    0.197050016965698D-01
    0.421957681915510D-02    0.132403984051606D-01
    0.302646231115831D-02    0.708508873940581D-02
    0.121332392049430D-02    0.301837466312641D-02
   -0.507736951708159D-03    0.377612262279147D-03
    0.000000000000000D+00    0.000000000000000D+00
    0.000000000000000D+00    0.000000000000000D+00
    0.525666655146399D-03    0.113696740167493D-03
    0.124383041931894D-02    0.442841804515814D-03
    0.210938490664274D-02    0.978893737277925D-03
    0.307730412012920D-02    0.170792338755880D-02
    0.411140778468508D-02    0.262973586861783D-02
    0.517741715896090D-02    0.373762646434578D-02
    0.624032202923836D-02    0.502627156228431D-02
    0.726592412826910D-02    0.648425971671336D-02
    0.821177082943437D-02    0.809438455639301D-02
    0.903421310749537D-02    0.983506884933079D-02
    0.967777427336046D-02    0.116706929184932D-01
    0.100836920936597D-01    0.135659176267676D-01
    0.101842670875785D-01    0.154625095952727D-01
    0.990762172269675D-02    0.173129518834056D-01
    0.918611419058022D-02    0.190375680881328D-01
    0.795001710424263D-02    0.205881140520115D-01
    0.616019642217674D-02    0.218748928981984D-01
    0.378346901717900D-02    0.228752961159464D-01
    0.853416018327673D-03    0.235153075308310D-01
   -0.257157099335234D-02    0.238373356612273D-01
   -0.634078774949460D-02    0.238225867890833D-01
   -0.102483904968141D-01    0.236163376388385D-01
   -0.140210457244023D-01    0.232699383690530D-01
   -0.172845262034811D-01    0.229990522880236D-01
   -0.197320450263389D-01    0.229611614860868D-01
   -0.209238399055432D-01    0.233295073439559D-01
   -0.207083825280623D-01    0.241695179065563D-01
   -0.188527823593878D-01    0.253587679411256D-01
   -0.155533795313052D-01    0.269774350173246D-01
   -0.109324838548376D-01    0.283893244117355D-01
   -0.559776663115287D-02    0.294086247219925D-01
   -0.138649209023886D-03    0.291403235112002D-01
    0.467813727595647D-02    0.276130420232326D-01
    0.834176827126353D-02    0.243082349911076D-01
    0.102008283751098D-01    0.193622597831929D-01
    0.102998461520693D-01    0.134135765428224D-01
    0.813621646583871D-02    0.744045227759254D-02
    0.456070640979318D-02    0.318794274362724D-02
    0.108468884967375D-02    0.529249634416180D-03
    0.000000000000000D+00    0.000000000000000D+00
    0.000000000000000D+00    0.000000000000000D+00
    0.316168360256906D-03    0.946373191712387D-04
    0.840790489831847D-03    0.371336309661762D-03
    0.151489943190763D-02    0.835408173634639D-03
    0.229521425721635D-02    0.147713021261858D-02
    0.314185194456851D-02    0.230466850442986D-02
    0.402432832774640D-02    0.331470933776047D-02
    0.491075893881706D-02    0.450571057407103D-02
    0.577157393809939D-02    0.586937912054967D-02
    0.657280675754784D-02    0.738942525439673D-02
    0.727627963982633D-02    0.904731991265808D-02
    0.783907860331556D-02    0.108063177588256D-01
    0.820844038166018D-02    0.126325440352765D-01
    0.833061104754827D-02    0.144648850957023D-01
    0.813877065058025D-02    0.162517410125441D-01
    0.757484976679761D-02    0.179091368432264D-01
    0.656983064240402D-02    0.193718800345384D-01
    0.508015510787062D-02    0.205464634477424D-01
    0.306375541638880D-02    0.213703435448722D-01
    0.524657487035579D-03    0.217728528624745D-01
   -0.250226053152740D-02    0.217266469837430D-01
   -0.592357285767550D-02    0.212337456488887D-01
   -0.957004781614592D-02    0.203484921925624D-01
   -0.132333421727362D-01    0.191851515862422D-01
   -0.165721257924422D-01    0.178913503910480D-01
   -0.192948257831019D-01    0.167449773522925D-01
   -0.209552069660810D-01    0.159541065905584D-01
   -0.213027605414413D-01    0.157081065877835D-01
   -0.200117603050506D-01    0.160474423421878D-01
   -0.170824364197147D-01    0.173271965776499D-01
   -0.125088653821645D-01    0.189948658087280D-01
   -0.666905135939766D-02    0.209635615101332D-01
   -0.178803100095299D-03    0.221442916401425D-01
    0.620068239650441D-02    0.228234011703660D-01
    0.116116424064882D-01    0.215803374146409D-01
    0.152592412199865D-01    0.185219414683356D-01
    0.161893993481088D-01    0.137809490235991D-01
    0.138813456105687D-01    0.806443980438522D-02
    0.841449637789354D-02    0.394140257206819D-02
    0.201632105159037D-02    0.664089728403562D-03
    0.000000000000000D+00    0.000000000000000D+00
    0.000000000000000D+00    0.000000000000000D+00
    0.150964798999680D-03    0.715843762705794D-04
    0.506992593050249D-03    0.289334853455122D-03
    0.101076536433166D-02    0.666836578171029D-03
    0.161423177598612D-02    0.120536420088699D-02
    0.228077367748362D-02    0.191765781317982D-02
    0.298283502202929D-02    0.280556938205493D-02
    0.369194050672863D-02    0.387125041321259D-02
    0.438659045982264D-02    0.510813954337940D-02
    0.503687866330667D-02    0.650416577017865D-02
    0.561693992090567D-02    0.804110011128359D-02
    0.608927459275098D-02    0.968687631329757D-02
    0.641646135297309D-02    0.114072425023812D-01
    0.655179584523402D-02    0.131443485775347D-01
    0.644312566668512D-02    0.148455513774965D-01
    0.604049042466282D-02    0.164238421100797D-01
    0.528026000701129D-02    0.178120735515348D-01
    0.412669578673771D-02    0.188982778667328D-01
    0.251850934109132D-02    0.196181924228349D-01
    0.466371132542678D-03    0.198537305426196D-01
   -0.205963570013380D-02    0.195829261710028D-01
   -0.495905642318002D-02    0.187177313539648D-01
   -0.818477052973025D-02    0.173403309633245D-01
   -0.115112610269029D-01    0.154380510186404D-01
   -0.147561455417111D-01    0.132514052106831D-01
   -0.175878444308683D-01    0.109018396327280D-01
   -0.196873964929637D-01    0.881035796174396D-02
   -0.207276858895055D-01    0.710091353271956D-02
   -0.202920802672980D-01    0.614020421187025D-02
   -0.182643873433900D-01    0.629656218580943D-02
   -0.143674871366039D-01    0.751505427587579D-02
   -0.880566494941763D-02    0.970763034849169D-02
   -0.205962990705039D-02    0.120677062179049D-01
    0.539703006295911D-02    0.148021602465025D-01
    0.123892666382992D-01    0.162265173610997D-01
    0.180140584163740D-01    0.160576547243740D-01
    0.207738889282478D-01    0.135258884757546D-01
    0.192609829659336D-01    0.926952998814790D-02
    0.125930401812917D-01    0.497394490079308D-02
    0.480531270614091D-02    0.134896489419120D-02
    0.000000000000000D+00    0.000000000000000D+00
    0.000000000000000D+00    0.000000000000000D+00
    0.286936642638094D-04    0.462975137714595D-04
    0.252916561482576D-03    0.197176166449825D-03
    0.607077449553358D-03    0.481443217945188D-03
    0.105098379577897D-02    0.905112668261835D-03
    0.154817312149400D-02    0.148807328678115D-02
    0.207706482295478D-02    0.223549570966986D-02
    0.261445255454061D-02    0.315182709552712D-02
    0.314348361416299D-02    0.423470294966539D-02
    0.364391950019732D-02    0.547246967948793D-02
    0.409454990021317D-02    0.685320327264579D-02
    0.447180622208881D-02    0.834508097342543D-02
    0.474396502948038D-02    0.992186748833479D-02
    0.488136531106919D-02    0.115268127662162D-01
    0.483888257539283D-02    0.131140814629319D-01
    0.458259334236388D-02    0.145995115512910D-01
    0.405637229015558D-02    0.159138461434025D-01
    0.323006766029847D-02    0.169516976483979D-01
    0.204847444949518D-02    0.176224262268096D-01
    0.500972416079543D-03    0.178232162731220D-01
   -0.143951068113357D-02    0.174572829371696D-01
   -0.374184676622633D-02    0.164715111963032D-01
   -0.635754070095716D-02    0.147980277929576D-01
   -0.919413328596109D-02    0.125060184349913D-01
   -0.120584729417423D-01    0.961071722070308D-02
   -0.147985658199288D-01    0.636929215636404D-02
   -0.170450514851035D-01    0.296811463632843D-02
   -0.186453988916431D-01   -0.239716282809039D-03
   -0.190402995789842D-01   -0.297715758013247D-02
   -0.182038182418331D-01   -0.451476324840907D-02
   -0.155315021869912D-01   -0.468669755924067D-02
   -0.112169236500342D-01   -0.350942261203659D-02
   -0.514993630593261D-02   -0.119125659879234D-02
    0.219575984073056D-02    0.292596420635406D-02
    0.100899084558756D-01    0.680529046473701D-02
    0.177146906902546D-01    0.102555551844742D-01
    0.225733854769571D-01    0.110710167946792D-01
    0.231036724161752D-01    0.993836363489980D-02
    0.168351163888044D-01    0.661056988488474D-02
    0.709765635551726D-02    0.149853707153681D-02
    0.000000000000000D+00    0.000000000000000D+00
    0.000000000000000D+00    0.000000000000000D+00
   -0.428402569408885D-04    0.215508020872562D-04
    0.797755466736370D-04    0.107509475350184D-03
    0.310817981608041D-03    0.294782678304963D-03
    0.613035332201855D-03    0.599751055213242D-03
    0.955645134087155D-03    0.104525503555963D-02
    0.132416968053370D-02    0.163849030202008D-02
    0.169831938728774D-02    0.238752423639299D-02
    0.207072230011375D-02    0.328938928382157D-02
    0.242327639132589D-02    0.433854090963733D-02
    0.274738721323050D-02    0.552260884462737D-02
    0.302225598427740D-02    0.681916446660173D-02
    0.323260947957114D-02    0.820306651365015D-02
    0.335308259254427D-02    0.962983804451843D-02
    0.335790690057940D-02    0.110571681850833D-01
    0.321934072286570D-02    0.124129511549709D-01
    0.289878437968642D-02    0.136346441482534D-01
    0.237447680883634D-02    0.146202900340156D-01
    0.159498172350953D-02    0.152905078116345D-01
    0.562072608372515D-03    0.155199239661436D-01
   -0.784365429601315D-03    0.152305941705661D-01
   -0.238978988561647D-02    0.142933081024675D-01
   -0.431020577332207D-02    0.126745688520836D-01
   -0.640002870377892D-02    0.102791298788893D-01
   -0.868837704111392D-02    0.720122931118828D-02
   -0.109113360094238D-01    0.341264540413507D-02
   -0.130423314561129D-01   -0.745514738107314D-03
   -0.147155716392529D-01   -0.525889012553618D-02
   -0.157639032711939D-01   -0.949558879886296D-02
   -0.158431213647249D-01   -0.132525195067082D-01
   -0.147476397794247D-01   -0.155284430168856D-01
   -0.122868357361418D-01   -0.166435024294802D-01
   -0.811706857801396D-02   -0.158430672176378D-01
   -0.253026953027449D-02   -0.124782733295426D-01
    0.472333041474175D-02   -0.763826661694397D-02
    0.126472142798316D-01   -0.123274715485192D-02
    0.195824847188614D-01    0.379190160942746D-02
    0.236127823779152D-01    0.760483233354164D-02
    0.208125562415642D-01    0.828069932826356D-02
    0.106670672383694D-01    0.378513866171132D-02
    0.000000000000000D+00    0.000000000000000D+00
    0.000000000000000D+00    0.000000000000000D+00
   -0.687701712280628D-04   -0.156138519587008D-05
   -0.104221512808318D-04    0.224977916212924D-04
    0.121398079101041D-03    0.121161467462174D-03
    0.304114663049996D-03    0.312679925152784D-03
    0.512676889526043D-03    0.621496620260546D-03
    0.738555595129633D-03    0.105655724185995D-02
    0.968525615176217D-03    0.162402404119445D-02
    0.119767313922686D-02    0.232571597986244D-02
    0.141713724205484D-02    0.315402640343147D-02
    0.161992186257905D-02    0.410543682365014D-02
    0.179749832190311D-02    0.515714323004363D-02
    0.193718790750660D-02    0.629767014367272D-02
    0.202922241727835D-02    0.748498782911757D-02
    0.205265419090714D-02    0.869508685216688D-02
    0.199707917059959D-02    0.986221307081678D-02
    0.183180635968346D-02    0.109434675337180D-01
    0.154872862133672D-02    0.118489538433186D-01
    0.110835478941355D-02    0.125098671968604D-01
    0.510484853567479D-03    0.128223037161756D-01
   -0.287114129724879D-03    0.126860911309834D-01
   -0.126879283508979D-02    0.120127091529883D-01
   -0.246230290753284D-02    0.106712884188655D-01
   -0.382777279258499D-02    0.864526486396297D-02
   -0.534685856592413D-02    0.579802806679746D-02
   -0.695686224948452D-02    0.224438740209581D-02
   -0.854703566749415D-02   -0.209407425987047D-02
   -0.100605778962526D-01   -0.689886383264618D-02
   -0.111817653174905D-01   -0.121230401976944D-01
   -0.119333664713785D-01   -0.172017480540525D-01
   -0.118559125731498D-01   -0.216201250949991D-01
   -0.111234287386311D-01   -0.253588591879966D-01
   -0.896414512218022D-02   -0.275418191516111D-01
   -0.584327569814503D-02   -0.266693800096042D-01
   -0.604602560385016D-03   -0.232436908284018D-01
    0.503938492173768D-02   -0.172109853786568D-01
    0.126992305926531D-01   -0.911115431729174D-02
    0.207874906501078D-01    0.117690254621583D-02
    0.221024196677570D-01    0.677280145025892D-02
    0.194377423455921D-01    0.252245624246058D-02
    0.000000000000000D+00    0.000000000000000D+00
    0.000000000000000D+00    0.000000000000000D+00
   -0.557119458209727D-04   -0.148731593452423D-04
   -0.354459458635067D-04   -0.351698590168026D-04
    0.227530597736040D-04   -0.951437098979628D-05
    0.111645308482932D-03    0.829445882997796D-04
    0.210782630015834D-03    0.265869344708919D-03
    0.321710937085093D-03    0.542735548600515D-03
    0.431528146905845D-03    0.923103860151267D-03
    0.544195173064070D-03    0.140402620634674D-02
    0.649621281678988D-03    0.198529859475357D-02
    0.751098294221065D-03    0.266051984585719D-02
    0.838495612373141D-03    0.341941324239441D-02
    0.912896833594822D-03    0.425034287661615D-02
    0.963101767066625D-03    0.513013887729809D-02
    0.986437993948034D-03    0.603854979795147D-02
    0.971422906254272D-03    0.693520030688717D-02
    0.909423538822812D-03    0.778674013713454D-02
    0.791842610987171D-03    0.853208821987129D-02
    0.600805651182102D-03    0.912050521404905D-02
    0.337417128545038D-03    0.947031979219356D-02
   -0.301234472521677D-04    0.951129166554166D-02
   -0.478373463773338D-03    0.914935162260290D-02
   -0.105866651123163D-02    0.830003610263681D-02
   -0.170537625893169D-02    0.687673740989317D-02
   -0.249757761896028D-02    0.480687122318469D-02
   -0.330387555908550D-02    0.203160162462985D-02
   -0.422832492646915D-02   -0.145863899655862D-02
   -0.504773700628242D-02   -0.565384315370980D-02
   -0.587414084464966D-02   -0.103656105108202D-01
   -0.642002984069175D-02   -0.155873419401505D-01
   -0.684935110512572D-02   -0.206464604184586D-01
   -0.685825724551165D-02   -0.259096242702285D-01
   -0.623598457021827D-02   -0.302035960101179D-01
   -0.472403396389572D-02   -0.333510028541268D-01
   -0.212564517585437D-02   -0.331138357418069D-01
    0.126975567988602D-02   -0.322711794294717D-01
    0.483085869854145D-02   -0.263433498758966D-01
    0.782388636806539D-02   -0.166652706701147D-01
    0.109433428924543D-01   -0.904086912779655D-02
    0.117236656153075D-01    0.233957642475390D-02
    0.000000000000000D+00    0.000000000000000D+00
    0.000000000000000D+00    0.000000000000000D+00
   -0.185840453706182D-04   -0.185840453702063D-04
   -0.151015864724866D-04   -0.560063224242588D-04
   -0.194209082050965D-05   -0.690189779062182D-04
    0.221106534651811D-04   -0.433719477724342D-04
    0.488882952451961D-04    0.322672185757112D-04
    0.792689797235211D-04    0.164041473248545D-03
    0.109264489223412D-03    0.352327171485191D-03
    0.139645834236338D-03    0.601121353843137D-03
    0.168888250886838D-03    0.904219846380808D-03
    0.196375931003786D-03    0.126565535867132D-02
    0.221755247822143D-03    0.167270248394827D-02
    0.242441655773222D-03    0.212934040584835D-02
    0.259448034489135D-03    0.261359964300066D-02
    0.267191935864555D-03    0.312878615721107D-02
    0.268913040063094D-03    0.364000060499069D-02
    0.254705745747872D-03    0.414788914099110D-02
    0.231414238741338D-03    0.460205929776473D-02
    0.183372878370265D-03    0.499637533680016D-02
    0.122782153743842D-03    0.526635786216792D-02
    0.271435507849574D-04    0.539089632265830D-02
   -0.839996895383328D-04    0.530232357062787D-02
   -0.239423613340879D-03    0.495091379175236D-02
   -0.410196656221643D-03    0.429088906531871D-02
   -0.630464592644331D-03    0.322490317255065D-02
   -0.865142795466652D-03    0.177525478860884D-02
   -0.113983902647675D-02   -0.235664707160490D-03
   -0.141520142791214D-02   -0.262807516709835D-02
   -0.168328519518103D-02   -0.563277829437531D-02
   -0.190920032423735D-02   -0.896967072867640D-02
   -0.212829495459626D-02   -0.128467023344529D-01
   -0.242552095128200D-02   -0.167670877140038D-01
   -0.243453359381601D-02   -0.212091825988617D-01
   -0.226746359521098D-02   -0.248249164292326D-01
   -0.148850354740302D-02   -0.265219372391631D-01
   -0.257158048414308D-03   -0.297378244912576D-01
   -0.200250936116025D-03   -0.305731460258568D-01
   -0.189948682773876D-02   -0.269740067730640D-01
   -0.240908923874049D-02   -0.240853772251961D-01
    0.223586330603364D-01   -0.999692145054342D-02
    0.000000000000000D+00    0.000000000000000D+00
    0.000000000000000D+00    0.000000000000000D+00
    0.000000000000000D+00    0.000000000000000D+00
    0.000000000000000D+00    0.000000000000000D+00
    0.000000000000000D+00    0.000000000000000D+00
    0.000000000000000D+00    0.000000000000000D+00
    0.000000000000000D+00    0.000000000000000D+00
    0.000000000000000D+00    0.000000000000000D+00
    0.000000000000000D+00    0.000000000000000D+00
    0.000000000000000D+00    0.000000000000000D+00
    0.000000000000000D+00    0.000000000000000D+00
    0.000000000000000D+00    0.000000000000000D+00
    0.000000000000000D+00    0.000000000000000D+00
    0.000000000000000D+00    0.000000000000000D+00
    0.000000000000000D+00    0.000000000000000D+00
    0.000000000000000D+00    0.000000000000000D+00
    0.000000000000000D+00    0.000000000000000D+00
    0.000000000000000D+00    0.000000000000000D+00
    0.000000000000000D+00    0.000000000000000D+00
    0.000000000000000D+00    0.000000000000000D+00
    0.000000000000000D+00    0.000000000000000D+00
    0.000000000000000D+00    0.000000000000000D+00
    0.000000000000000D+00    0.000000000000000D+00
    0.000000000000000D+00    0.000000000000000D+00
    0.000000000000000D+00    0.000000000000000D+00
    0.000000000000000D+00    0.000000000000000D+00
    0.000000000000000D+00    0.000000000000000D+00
    0.000000000000000D+00    0.000000000000000D+00
    0.000000000000000D+00    0.000000000000000D+00
    0.000000000000000D+00    0.000000000000000D+00
    0.000000000000000D+00    0.000000000000000D+00
    0.000000000000000D+00    0.000000000000000D+00
    0.000000000000000D+00    0.000000000000000D+00
    0.000000000000000D+00    0.000000000000000D+00
    0.000000000000000D+00    0.000000000000000D+00
    0.000000000000000D+00    0.000000000000000D+00
    0.000000000000000D+00    0.000000000000000D+00
    0.000000000000000D+00    0.000000000000000D+00
    0.000000000000000D+00    0.000000000000000D+00
    0.000000000000000D+00    0.000000000000000D+00
    0.000000000000000D+00    0.000000000000000D+00
    0.000000000000000D+00    0.000000000000000D+00
