    0.000000000000000D+00    0.000000000000000D+00
    0.000000000000000D+00    0.000000000000000D+00
    0.000000000000000D+00    0.000000000000000D+00
    0.000000000000000D+00    0.000000000000000D+00
    0.000000000000000D+00    0.000000000000000D+00
    0.000000000000000D+00    0.000000000000000D+00
    0.000000000000000D+00    0.000000000000000D+00
    0.000000000000000D+00    0.000000000000000D+00
    0.000000000000000D+00    0.000000000000000D+00
    0.000000000000000D+00    0.000000000000000D+00
    0.000000000000000D+00    0.000000000000000D+00
    0.000000000000000D+00    0.000000000000000D+00
    0.000000000000000D+00    0.000000000000000D+00
    0.000000000000000D+00    0.000000000000000D+00
    0.000000000000000D+00    0.000000000000000D+00
    0.000000000000000D+00    0.000000000000000D+00
    0.000000000000000D+00    0.000000000000000D+00
    0.000000000000000D+00    0.000000000000000D+00
    0.000000000000000D+00    0.000000000000000D+00
    0.000000000000000D+00    0.000000000000000D+00
    0.000000000000000D+00    0.000000000000000D+00
    0.000000000000000D+00    0.000000000000000D+00
    0.000000000000000D+00    0.000000000000000D+00
    0.000000000000000D+00    0.000000000000000D+00
    0.000000000000000D+00    0.000000000000000D+00
    0.000000000000000D+00    0.000000000000000D+00
    0.000000000000000D+00    0.000000000000000D+00
    0.000000000000000D+00    0.000000000000000D+00
    0.000000000000000D+00    0.000000000000000D+00
    0.000000000000000D+00    0.000000000000000D+00
    0.000000000000000D+00    0.000000000000000D+00
    0.000000000000000D+00    0.000000000000000D+00
    0.000000000000000D+00    0.000000000000000D+00
    0.000000000000000D+00    0.000000000000000D+00
    0.000000000000000D+00    0.000000000000000D+00
    0.000000000000000D+00    0.000000000000000D+00
    0.000000000000000D+00    0.000000000000000D+00
    0.000000000000000D+00    0.000000000000000D+00
    0.000000000000000D+00    0.000000000000000D+00
    0.000000000000000D+00    0.000000000000000D+00
    0.000000000000000D+00    0.000000000000000D+00
    0.000000000000000D+00    0.000000000000000D+00
   -0.196271335576073D-05    0.138780166453223D-05
   -0.883083528096982D-05    0.138886292326768D-04
   -0.161434572221212D-04    0.355421253136005D-04
   -0.243601028109925D-04    0.735947097664768D-04
   -0.335968347942351D-04    0.126160136438807D-03
   -0.431759130490606D-04    0.197732355775675D-03
   -0.532809164373630D-04    0.285356531840868D-03
   -0.618936873654745D-04    0.391636064646498D-03
   -0.696784004538660D-04    0.511178295342855D-03
   -0.735506404667994D-04    0.641681141682926D-03
   -0.749646544344274D-04    0.776256827938622D-03
   -0.700423512110469D-04    0.905718848348751D-03
   -0.609338233167722D-04    0.102316970484662D-02
   -0.434887721870220D-04    0.111130798276728D-02
   -0.202838911323589D-04    0.116522490384143D-02
    0.123845456010978D-04    0.115914130448376D-02
    0.519897445368249D-04    0.109237575442069D-02
    0.100954631736633D-03    0.931474638291581D-03
    0.157483748014390D-03    0.681917794758765D-03
    0.221950314206488D-03    0.304639208234346D-03
    0.294160465698961D-03   -0.187886112407996D-03
    0.371804280748334D-03   -0.837246618518364D-03
    0.457011989608185D-03   -0.162470008847100D-02
    0.544716836281292D-03   -0.259158470227200D-02
    0.640613238352129D-03   -0.371489336532495D-02
    0.736337947659027D-03   -0.503132799163830D-02
    0.844305227643691D-03   -0.652161754843327D-02
    0.943316196935417D-03   -0.820796471386988D-02
    0.104006895942531D-02   -0.100651464609754D-01
    0.112272618560969D-02   -0.121262231833874D-01
    0.124794173140995D-02   -0.143515924981987D-01
    0.133770824484228D-02   -0.165862204976370D-01
    0.151389639777398D-02   -0.190835682936218D-01
    0.136402998018513D-02   -0.214073214243023D-01
    0.337719647377702D-03   -0.228570349761519D-01
    0.754378055807736D-04   -0.246286405604165D-01
    0.183926539663408D-02   -0.254279068479598D-01
    0.179765238314295D-02   -0.187370384913187D-01
   -0.114758961431525D-01   -0.114758961431385D-01
    0.000000000000000D+00    0.000000000000000D+00
    0.000000000000000D+00    0.000000000000000D+00
   -0.133137175203476D-04    0.644569693960186D-05
   -0.332992600787850D-04    0.280867525790771D-04
   -0.580925630432331D-04    0.678898646202066D-04
   -0.850984673126590D-04    0.128204255051888D-03
   -0.116295159495365D-03    0.213988658288468D-03
   -0.147523320760451D-03    0.323923881677826D-03
   -0.179870526942587D-03    0.461429363208252D-03
   -0.207005245033197D-03    0.620897826525314D-03
   -0.229120148916641D-03    0.801604175406041D-03
   -0.239676034315017D-03    0.991602177019756D-03
   -0.237371903438439D-03    0.118482783450056D-02
   -0.217623618810937D-03    0.136296162501817D-02
   -0.176518831153519D-03    0.151392517510302D-02
   -0.113774622388672D-03    0.161403289285089D-02
   -0.216932618904751D-04    0.164548982036911D-02
    0.934027443599047D-04    0.158123621210992D-02
    0.244040871006933D-03    0.139911594147761D-02
    0.415511939137565D-03    0.107150793355231D-02
    0.625910633695114D-03    0.574111087604874D-03
    0.851471363538045D-03   -0.117903556587334D-03
    0.111614489179381D-02   -0.102861903971278D-02
    0.138794138485734D-02   -0.217656114947520D-02
    0.169637104301095D-02   -0.358411079338329D-02
    0.200319953837842D-02   -0.525987272361253D-02
    0.234287766570314D-02   -0.722432355735877D-02
    0.267137324772854D-02   -0.946954700418920D-02
    0.302576654403000D-02   -0.120165963526061D-01
    0.335454436312489D-02   -0.148331577670640D-01
    0.369078080112309D-02   -0.179338201821768D-01
    0.396216725042077D-02   -0.212338367079436D-01
    0.421298028941946D-02   -0.247104389169539D-01
    0.427042385393911D-02   -0.280769751270503D-01
    0.411582210321829D-02   -0.313703426479900D-01
    0.359771000139190D-02   -0.342374855608741D-01
    0.241510981314423D-02   -0.360722799827888D-01
   -0.156692325744639D-03   -0.352050593470592D-01
   -0.564859085245900D-02   -0.305754966825467D-01
   -0.154730526175144D-01   -0.192622915363564D-01
   -0.266477232159056D-01   -0.581064644265340D-02
    0.000000000000000D+00    0.000000000000000D+00
    0.000000000000000D+00    0.000000000000000D+00
   -0.290561906282297D-04    0.945078169087364D-05
   -0.665507052008913D-04    0.366204428135812D-04
   -0.111516507530793D-03    0.831315006674433D-04
   -0.163117520914552D-03    0.153919864802630D-03
   -0.220874252066817D-03    0.250318737678878D-03
   -0.280662096503209D-03    0.376281660048705D-03
   -0.339293506905753D-03    0.527851799167460D-03
   -0.389806052353343D-03    0.705975336404392D-03
   -0.427465526740673D-03    0.899522387806951D-03
   -0.443795092321175D-03    0.110351213057266D-02
   -0.433593622633715D-03    0.129967244812785D-02
   -0.388135331130531D-03    0.147531492545962D-02
   -0.302741588693615D-03    0.160643647095239D-02
   -0.169707654551655D-03    0.167123655940577D-02
    0.141384816251461D-04    0.164307958000918D-02
    0.254090487822524D-03    0.149044827208678D-02
    0.551116464932602D-03    0.118858033459331D-02
    0.906653998933054D-03    0.696806670126953D-03
    0.131956932772705D-02   -0.255973271822914D-05
    0.178609000630251D-02   -0.957138175053666D-03
    0.230444315851911D-02   -0.217292604988506D-02
    0.286431095740910D-02   -0.370025191618118D-02
    0.346639206444670D-02   -0.553066287027358D-02
    0.409147315398033D-02   -0.771013568875597D-02
    0.474717572662827D-02   -0.102153817017763D-01
    0.539793259618109D-02   -0.130758068375603D-01
    0.606066130079256D-02   -0.162514415531461D-01
    0.666784259456994D-02   -0.197370472982726D-01
    0.724732290150688D-02   -0.234617793548452D-01
    0.765689072985954D-02   -0.273269618725271D-01
    0.792948347927690D-02   -0.312184064030204D-01
    0.772989619665895D-02   -0.348011086026782D-01
    0.694955120827908D-02   -0.377719281878408D-01
    0.522358097425252D-02   -0.396114592423043D-01
    0.213097606007000D-02   -0.393677390453520D-01
   -0.313470926762778D-02   -0.353448048849133D-01
   -0.144430994113484D-01   -0.271083692356554D-01
   -0.256911241314372D-01   -0.137317974161234D-01
   -0.305770174180729D-01   -0.391461697107050D-02
    0.000000000000000D+00    0.000000000000000D+00
    0.000000000000000D+00    0.000000000000000D+00
   -0.465706602994258D-04    0.866806731497582D-05
   -0.102461695924468D-03    0.341332484224560D-04
   -0.168784007314054D-03    0.793271109222471D-04
   -0.245457196466133D-03    0.147110695029593D-03
   -0.330108003915852D-03    0.240473113468978D-03
   -0.417631222488023D-03    0.361539487572585D-03
   -0.500755181882034D-03    0.507384029082537D-03
   -0.571499366840022D-03    0.676279781661029D-03
   -0.618907654823689D-03    0.857247496361749D-03
   -0.634609864945938D-03    0.104341555286750D-02
   -0.604870539356639D-03    0.121438757124054D-02
   -0.523339585304043D-03    0.135797256356008D-02
   -0.374355155844957D-03    0.144398159312937D-02
   -0.156117736010045D-03    0.145524559924252D-02
    0.148020280937617D-03    0.135308807184348D-02
    0.532720321088442D-03    0.111640598195147D-02
    0.101467758814922D-02    0.701339858596072D-03
    0.157922316394357D-02    0.846054918526107D-04
    0.224247797429975D-02   -0.777617950397865D-03
    0.297927369752870D-02   -0.190813178073623D-02
    0.380516625154080D-02   -0.334427821985289D-02
    0.468455717164554D-02   -0.510440339728368D-02
    0.563285393336595D-02   -0.721247799343163D-02
    0.660404570278070D-02   -0.967603813006749D-02
    0.761239829302345D-02   -0.124981073104351D-01
    0.859743614004869D-02   -0.156646244157137D-01
    0.956509439489875D-02   -0.191447317288266D-01
    0.104227516909835D-01   -0.228804372708055D-01
    0.111472171164673D-01   -0.267761974206470D-01
    0.115625368019267D-01   -0.306736032307495D-01
    0.115537904644857D-01   -0.343571935777015D-01
    0.107806638374741D-01   -0.374774188676201D-01
    0.887692234797379D-02   -0.395292629153021D-01
    0.518791993830426D-02   -0.397137519849501D-01
   -0.132112672251613D-02   -0.370589585248214D-01
   -0.114153594803987D-01   -0.305243991807253D-01
   -0.262280509949427D-01   -0.202835731983126D-01
   -0.389258195307227D-01   -0.906735834723048D-02
   -0.369369561857849D-01   -0.107331597701190D-02
    0.000000000000000D+00    0.000000000000000D+00
    0.000000000000000D+00    0.000000000000000D+00
   -0.624583562505751D-04    0.577375801246180D-05
   -0.133812163660787D-03    0.241998693865973D-04
   -0.220286640173701D-03    0.600941590551794D-04
   -0.320712615818098D-03    0.117350188057884D-03
   -0.431587227992105D-03    0.196541022440522D-03
   -0.545142028359618D-03    0.303159298333307D-03
   -0.651541913961427D-03    0.429144440374330D-03
   -0.739009966653094D-03    0.577379566000086D-03
   -0.794279211164931D-03    0.730878962739838D-03
   -0.803224784880229D-03    0.887731305259083D-03
   -0.751515316661047D-03    0.102206969830437D-02
   -0.624250905789475D-03    0.112530368745660D-02
   -0.408686907311214D-03    0.116416345442163D-02
   -0.909120881852217D-04    0.112136709447621D-02
    0.337377496922160D-03    0.959804544076941D-03
    0.886917172186814D-03    0.651951317454324D-03
    0.155903330634662D-02    0.162743437656654D-03
    0.235870129698933D-02   -0.546026283716025D-03
    0.327909301891510D-02   -0.149964130600478D-02
    0.431653358985801D-02   -0.274517641447398D-02
    0.545725556933554D-02   -0.428979306547577D-02
    0.668530728073908D-02   -0.618399833964100D-02
    0.798360305249889D-02   -0.840902953017041D-02
    0.931728751690723D-02   -0.110080934830649D-01
    0.106694102056860D-01   -0.139284733479356D-01
    0.119708033011789D-01   -0.171875123573925D-01
    0.132014508612201D-01   -0.206852649896041D-01
    0.142207836425977D-01   -0.243776193105062D-01
    0.149806295913969D-01   -0.280906069251732D-01
    0.151910763426573D-01   -0.316481016671616D-01
    0.146851074862219D-01   -0.347389505641136D-01
    0.129401053220235D-01   -0.369483383926228D-01
    0.945876431890850D-02   -0.377424164469427D-01
    0.352364834222879D-02   -0.363201888656005D-01
   -0.638505354446706D-02   -0.320049093320950D-01
   -0.192960429575311D-01   -0.244606599067598D-01
   -0.367215084511616D-01   -0.145967745294341D-01
   -0.481878002366610D-01   -0.538182163089089D-02
   -0.405971773704884D-01   -0.516346581095947D-03
    0.000000000000000D+00    0.000000000000000D+00
    0.000000000000000D+00    0.000000000000000D+00
   -0.699290383942946D-04    0.145425841788962D-05
   -0.154573338260363D-03    0.104655330740551D-04
   -0.257921818054155D-03    0.331598800112913D-04
   -0.380210848528856D-03    0.750757776035233D-04
   -0.513777899023812D-03    0.136702231757960D-03
   -0.650614688720639D-03    0.223404194493637D-03
   -0.775561464335227D-03    0.327295869051188D-03
   -0.876676688302830D-03    0.450735464498885D-03
   -0.933730541002396D-03    0.576952708539832D-03
   -0.933358919716812D-03    0.704672857086997D-03
   -0.852218391891627D-03    0.807118671710384D-03
   -0.678021485077506D-03    0.878657569297781D-03
   -0.386670382590050D-03    0.882259469678104D-03
    0.299882481574122D-04    0.807334646144416D-03
    0.593968763157808D-03    0.608241845027200D-03
    0.130567009103509D-02    0.269350993296965D-03
    0.218197748669549D-02   -0.259161338861763D-03
    0.321185950840925D-02   -0.997038858557554D-03
    0.440453829011433D-02   -0.199081247916882D-02
    0.573453521852617D-02   -0.326156020826118D-02
    0.720198102772360D-02   -0.484252091540893D-02
    0.876460684730221D-02   -0.675045404874096D-02
    0.104123982448717D-01   -0.899340432919895D-02
    0.120823103056740D-01   -0.115738998053316D-01
    0.137495651398769D-01   -0.144600437351726D-01
    0.153175100190556D-01   -0.176231175432304D-01
    0.167286867498258D-01   -0.209687964098781D-01
    0.178162133972289D-01   -0.244057503698188D-01
    0.184382448574924D-01   -0.277387714958139D-01
    0.182798742118724D-01   -0.307588865367865D-01
    0.169971665276643D-01   -0.331023714517600D-01
    0.140140106807063D-01   -0.343502571990335D-01
    0.859798035057371D-02   -0.339401630351287D-01
   -0.595385035717187D-05   -0.312751507634938D-01
   -0.128070285668256D-01   -0.259895456160634D-01
   -0.290408140875229D-01   -0.183130262112845D-01
   -0.459384763337546D-01   -0.978071533469120D-02
   -0.541774797287197D-01   -0.328704200551603D-02
   -0.417550985958251D-01   -0.358186092322151D-03
    0.000000000000000D+00    0.000000000000000D+00
    0.000000000000000D+00    0.000000000000000D+00
   -0.706505768418554D-04   -0.293275280904910D-05
   -0.163226130792517D-03   -0.353448453010151D-05
   -0.282495851878798D-03    0.598682540950053D-05
   -0.424389807984655D-03    0.338594043345269D-04
   -0.580250647158085D-03    0.783489733852034D-04
   -0.738201225312633D-03    0.148340726425989D-03
   -0.881810442817426D-03    0.232407353547743D-03
   -0.994439783606798D-03    0.337475533590213D-03
   -0.105499646666594D-02    0.443265229653431D-03
   -0.104356741742111D-02    0.553418344255346D-03
   -0.937394696005395D-03    0.638740565699954D-03
   -0.714836602583335D-03    0.697157785753553D-03
   -0.355354151749048D-03    0.691747653192853D-03
    0.162070482461074D-03    0.611663708386449D-03
    0.850955740219815D-03    0.415999799577731D-03
    0.172819967148473D-02    0.820951465753820D-04
    0.279531610897978D-02   -0.427588402883196D-03
    0.406048290093627D-02   -0.114927283858018D-02
    0.550961654462033D-02   -0.210644020452992D-02
    0.713662797460834D-02   -0.334724001618449D-02
    0.891105806774629D-02   -0.486868962133941D-02
    0.108054955186315D-01   -0.672351374744145D-02
    0.127746656497224D-01   -0.887008681377905D-02
    0.147582262831769D-01   -0.113503067157464D-01
    0.166952079335189D-01   -0.140722963647505D-01
    0.184678757975671D-01   -0.170404809679127D-01
    0.199837410659619D-01   -0.200987558331179D-01
    0.210155819998933D-01   -0.231703279253795D-01
    0.213827512972623D-01   -0.260130008543679D-01
    0.206638611756574D-01   -0.284036046341002D-01
    0.184545952379062D-01   -0.299894920850380D-01
    0.141008411589566D-01   -0.303391853992161D-01
    0.673187352242032D-02   -0.290353763413891D-01
   -0.399956257649062D-02   -0.256595188497484D-01
   -0.192827996550583D-01   -0.201372462250636D-01
   -0.364335028989403D-01   -0.131193402074121D-01
   -0.531625534327826D-01   -0.605760123801572D-02
   -0.587880300073208D-01   -0.119673898398681D-02
   -0.422765447527272D-01    0.117030604348516D-03
    0.000000000000000D+00    0.000000000000000D+00
    0.000000000000000D+00    0.000000000000000D+00
   -0.639518553051862D-04   -0.593523297943798D-05
   -0.162004000030219D-03   -0.136773297748043D-04
   -0.293579054096032D-03   -0.144128550663358D-04
   -0.454033157724922D-03    0.239706280311923D-05
   -0.629938428717502D-03    0.356155629935638D-04
   -0.808835444155285D-03    0.937914386751880D-04
   -0.969634217388695D-03    0.167504805383582D-03
   -0.109537378747802D-02    0.263232301497407D-03
   -0.115914799608166D-02    0.363363086754148D-03
   -0.114134946585332D-02    0.472001247353261D-03
   -0.101120278450734D-02    0.562011794508411D-03
   -0.748937053631545D-03    0.633487560030017D-03
   -0.323065257036435D-03    0.649064610349957D-03
    0.282437251541353D-03    0.602858554700820D-03
    0.109505501779311D-02    0.448842163075593D-03
    0.212164320401863D-02    0.173594191677804D-03
    0.337984239878833D-02   -0.272080067521315D-03
    0.486105732453330D-02   -0.909021735507635D-03
    0.656735246001630D-02   -0.177959576840592D-02
    0.846856085365138D-02   -0.290865211377146D-02
    0.105466478290857D-01   -0.431806522396915D-02
    0.127440434243895D-01   -0.602843733099062D-02
    0.150183572754499D-01   -0.802545820806403D-02
    0.172760225021080D-01   -0.103109856667192D-01
    0.194404845470439D-01   -0.128175332189182D-01
    0.213616438821740D-01   -0.155056487717941D-01
    0.228993092688554D-01   -0.182347429059050D-01
    0.237984923105746D-01   -0.208906147776596D-01
    0.237835646678976D-01   -0.232350840708001D-01
    0.224101441915484D-01   -0.250351477542999D-01
    0.191470575663796D-01   -0.259463491486373D-01
    0.133216610694081D-01   -0.256056905586103D-01
    0.413603914024189D-02   -0.236908868076576D-01
   -0.882952012925010D-02   -0.199588209089676D-01
   -0.255622280635871D-01   -0.146679920430861D-01
   -0.438116409184524D-01   -0.855813777455746D-02
   -0.585264340491332D-01   -0.309623225408771D-02
   -0.605812303313620D-01   -0.449595428557976D-04
   -0.420994968871369D-01    0.523221886220810D-03
    0.000000000000000D+00    0.000000000000000D+00
    0.000000000000000D+00    0.000000000000000D+00
   -0.527358726512437D-04   -0.761304054797216D-05
   -0.153686384746313D-03   -0.179340434332791D-04
   -0.298099043126518D-03   -0.235444606237799D-04
   -0.476521721851749D-03   -0.100870363151316D-04
   -0.673906527955715D-03    0.183868287666703D-04
   -0.874436867969095D-03    0.751843418774035D-04
   -0.105605459357880D-02    0.147774901676142D-03
   -0.119795842465033D-02    0.248994761520860D-03
   -0.127248971422220D-02    0.358082360725134D-03
   -0.125435639049674D-02    0.486387719927374D-03
   -0.111288137037720D-02    0.604008860764262D-03
   -0.819425292512103D-03    0.717423425113840D-03
   -0.345006729911293D-03    0.787850907011936D-03
    0.339363566837305D-03    0.812074632626896D-03
    0.125379717463749D-02    0.746197834672993D-03
    0.242221829007718D-02    0.571972304255031D-03
    0.384729891039572D-02    0.249556081447785D-03
    0.554013619616069D-02   -0.257918952246661D-03
    0.747840602236779D-02   -0.971853902988355D-03
    0.965077421060976D-02   -0.194622339729268D-02
    0.120057352838971D-01   -0.316714366211626D-02
    0.144979534912174D-01   -0.469555466080793D-02
    0.170455514008764D-01   -0.646730194163957D-02
    0.195526066290080D-01   -0.852891365047507D-02
    0.219020121038829D-01   -0.107561532361129D-01
    0.239169952548075D-01   -0.131474331046140D-01
    0.254202676748514D-01   -0.155140591747851D-01
    0.260988516016524D-01   -0.177617049656800D-01
    0.256441393126759D-01   -0.196389144651380D-01
    0.235434123434638D-01   -0.209172663575477D-01
    0.192259708735408D-01   -0.213085170302242D-01
    0.120852907743596D-01   -0.204916328852563D-01
    0.125250295502874D-02   -0.182803015807716D-01
   -0.130494831516645D-01   -0.146044372362971D-01
   -0.310094290310428D-01   -0.981071225344531D-02
   -0.488681472760676D-01   -0.475374408524186D-02
   -0.623689698233507D-01   -0.722544469936576D-03
   -0.622627577010997D-01    0.111919502025348D-02
   -0.412227023402336D-01    0.742708728380334D-03
    0.000000000000000D+00    0.000000000000000D+00
    0.000000000000000D+00    0.000000000000000D+00
   -0.415162567418714D-04   -0.686291811806109D-05
   -0.145119203409606D-03   -0.160011026201221D-04
   -0.301292678765329D-03   -0.196953679289777D-04
   -0.498267865181445D-03   -0.405433635796308D-05
   -0.717773833438276D-03    0.294189852013249D-04
   -0.942795993768944D-03    0.920509238271804D-04
   -0.114861905040537D-02    0.176667023580163D-03
   -0.131337463885755D-02    0.294036980493230D-03
   -0.140571022609117D-02    0.430477169763658D-03
   -0.139923500295723D-02    0.595316094924671D-03
   -0.125690522880268D-02    0.765921730914894D-03
   -0.949941403600617D-03    0.947262371190560D-03
   -0.439109646470525D-03    0.110567004543430D-02
    0.301753823189357D-03    0.123786140349146D-02
    0.130711709349754D-02    0.129999171714780D-02
    0.259237839723383D-02    0.127700007291497D-02
    0.417742890630871D-02    0.112120739219878D-02
    0.605650436313201D-02    0.804887099721665D-03
    0.822437429636892D-02    0.289273482444955D-03
    0.106432436860035D-01   -0.461652983387998D-03
    0.132738510214616D-01   -0.146023032477363D-02
    0.160361051618048D-01   -0.273902756000966D-02
    0.188491857226786D-01   -0.426553449203309D-02
    0.215784313011852D-01   -0.604903326407114D-02
    0.240885981928778D-01   -0.799690765838170D-02
    0.261669080552717D-01   -0.100682575402586D-01
    0.275900510622224D-01   -0.121008984480329D-01
    0.280193209553398D-01   -0.139735152432321D-01
    0.270736793117924D-01   -0.154569614474168D-01
    0.242298251231487D-01   -0.163322519196874D-01
    0.188861389571574D-01   -0.163510400269972D-01
    0.104223469838447D-01   -0.152597043974470D-01
   -0.171962695643606D-02   -0.129867164642119D-01
   -0.174507633555859D-01   -0.954650974288260D-02
   -0.357383144328454D-01   -0.546343423150226D-02
   -0.533699935813412D-01   -0.153477440150548D-02
   -0.646933501279607D-01    0.118858839284284D-02
   -0.617429899552479D-01    0.178247696794235D-02
   -0.400917093305934D-01    0.892892653628985D-03
    0.000000000000000D+00    0.000000000000000D+00
    0.000000000000000D+00    0.000000000000000D+00
   -0.319959705702801D-04   -0.442381987987306D-05
   -0.140335900474235D-03   -0.641241811131689D-05
   -0.310003215874635D-03   -0.312887619886141D-05
   -0.526963494187333D-03    0.232314046211885D-04
   -0.771134720288775D-03    0.669831641914849D-04
   -0.102440166642381D-02    0.146072371836837D-03
   -0.126083934421904D-02    0.249332122700125D-03
   -0.145695043807600D-02    0.397227540752939D-03
   -0.157973585919808D-02    0.571241794960496D-03
   -0.159898176202891D-02    0.792725654763423D-03
   -0.147585608736709D-02    0.103293346151176D-02
   -0.117376248787846D-02    0.130938254776319D-02
   -0.653311806340857D-03    0.158148329521307D-02
    0.124733278933023D-03    0.185556754001983D-02
    0.119011487283724D-02    0.208242418715640D-02
    0.257655226990815D-02    0.224866457977099D-02
    0.429039336476560D-02    0.230742653371564D-02
    0.634737810028489D-02    0.221936731009640D-02
    0.871694471127237D-02    0.195864753848395D-02
    0.113814259641212D-01    0.146111959452985D-02
    0.142644716007911D-01    0.743878299974366D-03
    0.172979602791308D-01   -0.268461532899266D-03
    0.203564670270143D-01   -0.149859783564185D-02
    0.233012708204330D-01   -0.300492534040968D-02
    0.259527676442099D-01   -0.464463058762075D-02
    0.280716764554536D-01   -0.641934885411079D-02
    0.293992023996041D-01   -0.813052078680559D-02
    0.295513434385365D-01   -0.968325103694913D-02
    0.281251818367798D-01   -0.108501373555311D-01
    0.245789226110911D-01   -0.114319967325059D-01
    0.182933210808149D-01   -0.112357555398381D-01
    0.882374528809792D-02   -0.100634229616636D-01
   -0.445652254312271D-02   -0.792305998367481D-02
   -0.207755038943724D-01   -0.493954246715611D-02
   -0.393947814603670D-01   -0.163262838555504D-02
   -0.560703753837955D-01    0.124051351691143D-02
   -0.659663696677356D-01    0.276937627647597D-02
   -0.615736464038274D-01    0.248663129184815D-02
   -0.385634962881923D-01    0.101930455269732D-02
    0.000000000000000D+00    0.000000000000000D+00
    0.000000000000000D+00    0.000000000000000D+00
   -0.300810440444500D-04   -0.414282253257973D-06
   -0.145622576790108D-03    0.612590720940051D-05
   -0.330673378483480D-03    0.223816493822788D-04
   -0.569044175885817D-03    0.616770946005410D-04
   -0.841004309396010D-03    0.123344807965927D-03
   -0.112689579952045D-02    0.220985721248381D-03
   -0.140150076105656D-02    0.352774569017220D-03
   -0.163905210639614D-02    0.534422896302671D-03
   -0.180585642795809D-02    0.759977598935571D-03
   -0.186832888588208D-02    0.104495536334758D-02
   -0.178342853405019D-02    0.137466566474516D-02
   -0.151109554605076D-02    0.175977748417116D-02
   -0.100256222447868D-02    0.217235865778345D-02
   -0.217502952251187D-03    0.261175790020955D-02
    0.888730026678135D-03    0.303602963942330D-02
    0.234482408202110D-02    0.342700040361689D-02
    0.417589437297742D-02    0.373529032002956D-02
    0.638253823114125D-02    0.392274637929301D-02
    0.895286660859433D-02    0.394805003645335D-02
    0.118416073596133D-01    0.375838579434773D-02
    0.149852028568437D-01    0.334232887579870D-02
    0.182768217047206D-01    0.264833025651225D-02
    0.215913548321565D-01    0.171615845417376D-02
    0.247464341265863D-01    0.521545370641695D-03
    0.275441830788569D-01   -0.832113365384941D-03
    0.297069910594871D-01   -0.231106449835431D-02
    0.309370841041543D-01   -0.375145916541683D-02
    0.308286247037435D-01   -0.503795643591798D-02
    0.289375920102645D-01   -0.597418156851956D-02
    0.247188992854998D-01   -0.637366782664167D-02
    0.176069765761760D-01   -0.608941438214846D-02
    0.713330560961203D-02   -0.497034436197521D-02
   -0.691301418179134D-02   -0.311054493271743D-02
   -0.239453867474919D-01   -0.665104974161849D-03
   -0.422100659471672D-01    0.179476592046352D-02
   -0.580354316772945D-01    0.358715773960268D-02
   -0.660210838897699D-01    0.409057449664713D-02
   -0.596187508782349D-01    0.293923976334753D-02
   -0.368749198637240D-01    0.110310783837805D-02
    0.000000000000000D+00    0.000000000000000D+00
    0.000000000000000D+00    0.000000000000000D+00
   -0.349230767718782D-04    0.461790288991556D-05
   -0.162631061657794D-03    0.236641835041248D-04
   -0.364449652503971D-03    0.529641738600277D-04
   -0.626514900999668D-03    0.109617071895664D-03
   -0.928144940744206D-03    0.187550806056419D-03
   -0.125231021204445D-02    0.309158408443059D-03
   -0.157222136842983D-02    0.466890841974294D-03
   -0.186384552091669D-02    0.690307118287894D-03
   -0.209023796889986D-02    0.965567350659033D-03
   -0.221670726104271D-02    0.132651800384952D-02
   -0.219538412429600D-02    0.174719349635676D-02
   -0.198001341977340D-02    0.225930650620880D-02
   -0.151735887290527D-02    0.282025441969539D-02
   -0.754150044294009D-03    0.344913578497296D-02
    0.354333823813016D-03    0.408834294480109D-02
    0.185649903448784D-02    0.473174296553470D-02
    0.376768452255879D-02    0.531881733781408D-02
    0.611234173652999D-02    0.580824212512418D-02
    0.885423171220705D-02    0.615974452675445D-02
    0.119704017104841D-01    0.629685622775044D-02
    0.153575142219117D-01    0.622756997270195D-02
    0.189217494359201D-01    0.585739074890037D-02
    0.224881251569110D-01    0.526325096699056D-02
    0.258706032621894D-01    0.436843495691137D-02
    0.288223735594842D-01    0.332002091444666D-02
    0.310431241298456D-01    0.210478031442420D-02
    0.321998143486083D-01    0.916556407733277D-03
    0.318587004666759D-01   -0.161154672897844D-03
    0.295606611850549D-01   -0.935663406082134D-03
    0.247878164393244D-01   -0.124665437545953D-02
    0.169622107143287D-01   -0.986574589103250D-03
    0.585222573953631D-02   -0.521101694895920D-04
   -0.884299963642555D-02    0.142553508243150D-02
   -0.259169935918792D-01    0.323940245823295D-02
   -0.439622399704960D-01    0.485643478175933D-02
   -0.586685760713773D-01    0.569446013923539D-02
   -0.653437041102132D-01    0.522795634386245D-02
   -0.581255182859448D-01    0.342231090547103D-02
   -0.348772126598259D-01    0.119092157393277D-02
    0.000000000000000D+00    0.000000000000000D+00
    0.000000000000000D+00    0.000000000000000D+00
   -0.501836398414828D-04    0.917979865470724D-05
   -0.193251237863879D-03    0.376896515960805D-04
   -0.414918274188606D-03    0.818272117070513D-04
   -0.701307980137403D-03    0.151117308154298D-03
   -0.103687428802939D-02    0.247049126327075D-03
   -0.140322592538483D-02    0.385421059343743D-03
   -0.177859914280158D-02    0.571812766875387D-03
   -0.213538799101201D-02    0.828094487249640D-03
   -0.243965871293572D-02    0.115838364438813D-02
   -0.265056665433551D-02    0.158656685360327D-02
   -0.271878174777969D-02    0.210792210972837D-02
   -0.259014687038865D-02    0.274154806119520D-02
   -0.220344486682861D-02    0.346624041755074D-02
   -0.149844278478446D-02    0.428663239500271D-02
   -0.415386186419593D-03    0.516156637351285D-02
    0.109540015582247D-02    0.607140082321495D-02
    0.306928350172571D-02    0.696072635665142D-02
    0.552052869508280D-02    0.778056931761449D-02
    0.843291125119126D-02    0.847898691551151D-02
    0.117576966229447D-01    0.898336575354024D-02
    0.154045287381234D-01    0.927189937520857D-02
    0.192390625115520D-01    0.926879950076933D-02
    0.230853968362016D-01    0.900789749882566D-02
    0.267101943901154D-01    0.844344187936334D-02
    0.298480099343053D-01    0.767595807177310D-02
    0.321584114738017D-01    0.672487830382839D-02
    0.332767908120916D-01    0.574356656386998D-02
    0.327501723332788D-01    0.483353902411318D-02
    0.301064366889839D-01    0.415394256281009D-02
    0.248266836849212D-01    0.385557840274200D-02
    0.164421037236238D-01    0.400639425097897D-02
    0.468420685087731D-02    0.468063975787859D-02
   -0.103158557690950D-01    0.569850447318471D-02
   -0.275647800676622D-01    0.684727997049411D-02
   -0.448906549026151D-01    0.762084594507352D-02
   -0.585210938338375D-01    0.749600303011359D-02
   -0.636811881744723D-01    0.621453872700305D-02
   -0.551772416016913D-01    0.376998626166346D-02
   -0.328141585827788D-01    0.125687962919589D-02
    0.000000000000000D+00    0.000000000000000D+00
    0.000000000000000D+00    0.000000000000000D+00
   -0.723302975848704D-04    0.135460835668456D-04
   -0.234476371963847D-03    0.516195760854905D-04
   -0.474826775721795D-03    0.103955042417355D-03
   -0.786825020248257D-03    0.184071853370835D-03
   -0.115574836733000D-02    0.287513144125755D-03
   -0.157019197715985D-02    0.440863884795223D-03
   -0.200664618969861D-02    0.642132275536299D-03
   -0.244323658833028D-02    0.930777491310694D-03
   -0.284102252696602D-02    0.129972468609098D-02
   -0.316143839804251D-02    0.179721410012948D-02
   -0.334672563316165D-02    0.240200731509647D-02
   -0.333896887651483D-02    0.316303267963999D-02
   -0.306673503256062D-02    0.403669332783584D-02
   -0.245799652670962D-02    0.505891846726682D-02
   -0.144536966417885D-02    0.616231570127655D-02
    0.407558397109995D-04    0.735245067681457D-02
    0.203377247093593D-02    0.854975976844268D-02
    0.457296288835553D-02    0.971438634230099D-02
    0.762321028465814D-02    0.107815701528797D-01
    0.111593128547877D-01    0.116634037162292D-01
    0.150519903908807D-01    0.123451182201377D-01
    0.191804207249301D-01    0.127105708929772D-01
    0.233150402171119D-01    0.128215685163447D-01
    0.272194471872327D-01    0.125774695759531D-01
    0.305737438961550D-01    0.121166690070321D-01
    0.330196130331566D-01    0.114067154015294D-01
    0.341540640597178D-01    0.106285128941737D-01
    0.335131942712764D-01    0.984670980876217D-02
    0.306100857417360D-01    0.922062681363721D-02
    0.249868493125981D-01    0.887324781596727D-02
    0.161589661896832D-01    0.884925050026368D-02
    0.411470145835027D-02    0.918873969352697D-02
   -0.111228963503454D-01    0.970156861529986D-02
   -0.280480972931578D-01    0.101632747544710D-01
   -0.448417976697493D-01    0.101152750331481D-01
   -0.573896544691322D-01    0.915135722635352D-02
   -0.614816118680227D-01    0.707163660735767D-02
   -0.527003075514163D-01    0.412192097734828D-02
   -0.304962591319515D-01    0.131472307102888D-02
    0.000000000000000D+00    0.000000000000000D+00
    0.000000000000000D+00    0.000000000000000D+00
   -0.100919578878952D-03    0.152905750765960D-04
   -0.282891979315177D-03    0.556440452808788D-04
   -0.543507230464355D-03    0.112875659748664D-03
   -0.879312833072717D-03    0.192065549808439D-03
   -0.128536208699097D-02    0.298340735375020D-03
   -0.174959960485204D-02    0.450286516988276D-03
   -0.225787877755261D-02    0.661592127632054D-03
   -0.278385928169111D-02    0.961579427206155D-03
   -0.329556480997140D-02    0.136507291432485D-02
   -0.374568087989198D-02    0.190675127734583D-02
   -0.407840629231472D-02    0.259283218389508D-02
   -0.422296821375933D-02    0.345445338538997D-02
   -0.410252091279871D-02    0.447841281847370D-02
   -0.363034741277580D-02    0.567914864856034D-02
   -0.272545523035868D-02    0.701688236999691D-02
   -0.130710310417226D-02    0.847493349523752D-02
    0.677720371466631D-03    0.999000509750106D-02
    0.326801816031152D-02    0.115050221909322D-01
    0.644843807335546D-02    0.129514789315190D-01
    0.101750601767533D-01    0.142364412835889D-01
    0.143302273535486D-01    0.153174707899536D-01
    0.187549200842947D-01    0.160903021650036D-01
    0.232157764059029D-01    0.165700516692728D-01
    0.274275880864028D-01    0.166825146862521D-01
    0.310497130656553D-01    0.165132866974971D-01
    0.336818561691017D-01    0.160596253553338D-01
    0.348944299727904D-01    0.154571125739403D-01
    0.342047010942896D-01    0.147872884901758D-01
    0.311328189806897D-01    0.141758899710938D-01
    0.252193419693988D-01    0.137402692289360D-01
    0.161164052114052D-01    0.134961116170761D-01
    0.376700917227003D-02    0.134659218869959D-01
   -0.114105206134998D-01    0.134441419230414D-01
   -0.281267716845949D-01    0.132092130641032D-01
   -0.440350356601803D-01    0.123732274087959D-01
   -0.554897151177011D-01    0.105683478175434D-01
   -0.584818670985928D-01    0.782736304500425D-02
   -0.490179464460674D-01    0.438752302265126D-02
   -0.281441848241952D-01    0.136343294564432D-02
    0.000000000000000D+00    0.000000000000000D+00
    0.000000000000000D+00    0.000000000000000D+00
   -0.130580950556899D-03    0.156736860306103D-04
   -0.330680565593703D-03    0.546959677297844D-04
   -0.606108669315668D-03    0.105042157736453D-03
   -0.964372576635169D-03    0.176465402032827D-03
   -0.140335656163098D-02    0.268509826637978D-03
   -0.192171424917686D-02    0.411560483302409D-03
   -0.250384041006676D-02    0.610457337333596D-03
   -0.313285601991943D-02    0.913845226933361D-03
   -0.377069783769620D-02    0.132298236380163D-02
   -0.437599327570466D-02    0.190045977924851D-02
   -0.488138050005416D-02    0.263235644838713D-02
   -0.521585986380076D-02    0.358638102602209D-02
   -0.528597168344464D-02    0.472137127996230D-02
   -0.499641948033630D-02    0.609407503994844D-02
   -0.424819978095600D-02    0.762995793581665D-02
   -0.294331801649863D-02    0.935254105506024D-02
   -0.101743339464810D-02    0.111623625891628D-01
    0.159136843838956D-02    0.130279048022270D-01
    0.486166642806413D-02    0.148532139225691D-01
    0.877126608361336D-02    0.165435823380997D-01
    0.131714674575006D-01    0.180488825347793D-01
    0.179150459158394D-01    0.192311190397283D-01
    0.227153604415216D-01    0.201216239831482D-01
    0.272834907496139D-01    0.205901573827697D-01
    0.312188954660795D-01    0.207533102278103D-01
    0.341072988854194D-01    0.205504102326602D-01
    0.354742116540495D-01    0.201432159087786D-01
    0.348393074258583D-01    0.195701103362445D-01
    0.317034270869734D-01    0.189623289925727D-01
    0.256876246969904D-01    0.184085461191970D-01
    0.164234462211985D-01    0.179147953063823D-01
    0.409931615742112D-02    0.174819729948919D-01
   -0.109803719977056D-01    0.169114566532855D-01
   -0.271366449286975D-01    0.159955592468487D-01
   -0.423491570988447D-01    0.143950338326706D-01
   -0.528537274697825D-01    0.118616729426202D-01
   -0.550651025012928D-01    0.845967478898525D-02
   -0.457854944652316D-01    0.463721203624413D-02
   -0.256109113040068D-01    0.139181164686059D-02
    0.000000000000000D+00    0.000000000000000D+00
    0.000000000000000D+00    0.000000000000000D+00
   -0.157165813391040D-03    0.121502831405691D-04
   -0.371067164888194D-03    0.404433697900818D-04
   -0.659166967888629D-03    0.771264980754597D-04
   -0.103471409618333D-02    0.125180133984547D-03
   -0.150829121046525D-02    0.194391881439450D-03
   -0.207899506515283D-02    0.306924684202935D-03
   -0.274369022155974D-02    0.483465762629808D-03
   -0.348116492704418D-02    0.761065632743674D-03
   -0.426378395018348D-02    0.116394692754395D-02
   -0.504004639564194D-02    0.173870091604437D-02
   -0.574859337066883D-02    0.250258734073507D-02
   -0.630123005355087D-02    0.350174622034387D-02
   -0.660359758281440D-02    0.473347643510402D-02
   -0.653688554478316D-02    0.622735172439177D-02
   -0.599296644455709D-02    0.794935798071555D-02
   -0.484902179601758D-02    0.989274319192858D-02
   -0.302501702205982D-02    0.119902011323735D-01
   -0.442744605142125D-03    0.141828903065638D-01
    0.289271723848622D-02    0.163856371027279D-01
    0.695562047262556D-02    0.184877575906676D-01
    0.116051063918147D-01    0.204197682103212D-01
    0.166651298146287D-01    0.220454681170756D-01
    0.218404710946302D-01    0.233495760724092D-01
    0.267956819532806D-01    0.242203156672426D-01
    0.311053662522214D-01    0.247158913583327D-01
    0.343112451443782D-01    0.247999138782397D-01
    0.359137087224861D-01    0.245830896130230D-01
    0.354112189991934D-01    0.241183952696816D-01
    0.323222525835052D-01    0.235032730260991D-01
    0.262642952224571D-01    0.228231625661913D-01
    0.170091525988779D-01    0.220662973719523D-01
    0.469872165178230D-02    0.212226802192815D-01
   -0.100351740869305D-01    0.201056768219920D-01
   -0.257124477538997D-01    0.185127068883547D-01
   -0.399945437937376D-01    0.162001389879303D-01
   -0.494987454138571D-01    0.129415695637116D-01
   -0.510113856458302D-01    0.900512070918282D-02
   -0.415651016855447D-01    0.481110566594360D-02
   -0.230557041047308D-01    0.142100880609293D-02
    0.000000000000000D+00    0.000000000000000D+00
    0.000000000000000D+00    0.000000000000000D+00
   -0.174970871809891D-03    0.670377671680698D-05
   -0.393434069794503D-03    0.189462628092116D-04
   -0.684196983723453D-03    0.291614531601876D-04
   -0.107223224138434D-02    0.457246311943193D-04
   -0.157237463548710D-02    0.738612756470710D-04
   -0.219614776081921D-02    0.146623818358672D-03
   -0.293994338824581D-02    0.275537347080288D-03
   -0.379441393386081D-02    0.515268094251390D-03
   -0.472633369717529D-02    0.875817941618674D-03
   -0.569355258295341D-02    0.143090395519883D-02
   -0.662185089841788D-02    0.217675157975755D-02
   -0.742760617720895D-02    0.319861247124105D-02
   -0.799435848772813D-02    0.446392510778045D-02
   -0.820095079875896D-02    0.605300382798406D-02
   -0.790915667477907D-02    0.789259912456561D-02
   -0.698610612780560D-02    0.100317320116054D-01
   -0.532128107184701D-02    0.123580701598374D-01
   -0.282087244790487D-02    0.148591624048543D-01
    0.526710058883352D-03    0.174084919116384D-01
    0.471093292262814D-02    0.199140327434181D-01
    0.957905141950893D-02    0.222815427469493D-01
    0.149618002211788D-01    0.243539917860136D-01
    0.205194063367670D-01    0.261161950115588D-01
    0.259100993339204D-01    0.274018283707607D-01
    0.306456331298494D-01    0.282890735035753D-01
    0.342554925850011D-01    0.286761298603487D-01
    0.361859344128163D-01    0.286963290469158D-01
    0.359453816912289D-01    0.283502898863287D-01
    0.330245698656666D-01    0.277455357730029D-01
    0.271260476229277D-01    0.269363111661160D-01
    0.179973277089705D-01    0.259129669897108D-01
    0.599101068827077D-02    0.246539370205275D-01
   -0.836782929564443D-02    0.229929765823650D-01
   -0.233357279395500D-01    0.207589453556925D-01
   -0.368532919088216D-01    0.177567509313949D-01
   -0.455906906026623D-01    0.138816922036390D-01
   -0.466287893317772D-01    0.940758262874863D-02
   -0.377748666992811D-01    0.495441882420905D-02
   -0.204178892261309D-01    0.141046150204650D-02
    0.000000000000000D+00    0.000000000000000D+00
    0.000000000000000D+00    0.000000000000000D+00
   -0.178400183968215D-03   -0.242543963140660D-05
   -0.391377612512965D-03   -0.144685697210105D-04
   -0.678188403451290D-03   -0.376190158478935D-04
   -0.107030776817516D-02   -0.667615606457488D-04
   -0.159517263485061D-02   -0.879331160407261D-04
   -0.226595435817343D-02   -0.754607112277274D-04
   -0.309228372442471D-02   -0.506136892810332D-05
   -0.406209663508748D-02    0.166111425059911D-03
   -0.515480639606192D-02    0.468039123960947D-03
   -0.631906010985504D-02    0.957617887941845D-03
   -0.749106097559682D-02    0.166184750076904D-02
   -0.856796718118406D-02    0.264276842245930D-02
   -0.943933982684615D-02    0.391143853828830D-02
   -0.995251142611779D-02    0.551779438147674D-02
   -0.996892940100553D-02    0.744207843521679D-02
   -0.931463563738293D-02    0.969723488968409D-02
   -0.787258341455438D-02    0.122233354420367D-01
   -0.550889674756233D-02    0.149714151164397D-01
   -0.220363866067294D-02    0.178484954269374D-01
    0.205519948841878D-02    0.207341907830317D-01
    0.711624771467752D-02    0.235323913020278D-01
    0.128019142080977D-01    0.260738276060705D-01
    0.187580708649027D-01    0.283028023788956D-01
    0.246055632367722D-01    0.300581280486137D-01
    0.298261356947437D-01    0.313547767507360D-01
    0.339037669263970D-01    0.321047814263223D-01
    0.362572371046715D-01    0.323820192677299D-01
    0.363677322408654D-01    0.321959432760057D-01
    0.337435517461924D-01    0.316176834464536D-01
    0.280794847193482D-01    0.306984152212633D-01
    0.192458410182008D-01    0.294210832934182D-01
    0.755370496833897D-02    0.277575828645236D-01
   -0.623159977648647D-02    0.255773541481071D-01
   -0.205321945021797D-01    0.227153361424836D-01
   -0.331527411509155D-01    0.190889384964044D-01
   -0.410491805246273D-01    0.146035042371188D-01
   -0.417744060185618D-01    0.971882981022662D-02
   -0.332118915738530D-01    0.500868092523432D-02
   -0.177646885312041D-01    0.141303072915112D-02
    0.000000000000000D+00    0.000000000000000D+00
    0.000000000000000D+00    0.000000000000000D+00
   -0.163212110856677D-03   -0.130726774176730D-04
   -0.355100979736477D-03   -0.533218056048906D-04
   -0.625000907784405D-03   -0.118459685950074D-03
   -0.101322781035963D-02   -0.197891389124118D-03
   -0.155159144319027D-02   -0.281123277145274D-03
   -0.226450634683576D-02   -0.335001917063464D-03
   -0.316280179756907D-02   -0.343732952714672D-03
   -0.424657641251485D-02   -0.252623197350848D-03
   -0.549225722771793D-02   -0.446811889119750D-04
   -0.686045325350781D-02    0.357941589505677D-03
   -0.827634870728518D-02    0.963295415015707D-03
   -0.964752022120068D-02    0.186900851670849D-02
   -0.108392290176101D-01    0.305876479837749D-02
   -0.117059237158621D-01    0.463634595337918D-02
   -0.120682744750270D-01    0.654401295568385D-02
   -0.117546745230992D-01    0.886371179631449D-02
   -0.105950654587615D-01    0.114876894851639D-01
   -0.845331490169782D-02    0.144368413802513D-01
   -0.526002273480927D-02    0.175672247295557D-01
   -0.999688220479915D-03    0.208050598095299D-01
    0.419877616233204D-02    0.240124672473333D-01
    0.101561683612332D-01    0.270212607898436D-01
    0.164972076293038D-01    0.297549026963156D-01
    0.228316170809867D-01    0.320045158649452D-01
    0.285832088012353D-01    0.337868065417169D-01
    0.332221377597666D-01    0.349398818183222D-01
    0.361030777295307D-01    0.355509202883907D-01
    0.367165376643060D-01    0.355630084348996D-01
    0.345302865964812D-01    0.350590594731294D-01
    0.293125856806758D-01    0.340525806889284D-01
    0.209056586516663D-01    0.325396719927650D-01
    0.977796186601562D-02    0.304881603051478D-01
   -0.339540573323982D-02    0.278014985191959D-01
   -0.168972838302133D-01    0.243613664830917D-01
   -0.287520817900088D-01    0.201334277442307D-01
   -0.361008738038978D-01    0.151540011618852D-01
   -0.366731691971543D-01    0.985569495542136D-02
   -0.290739727673369D-01    0.502555908281747D-02
   -0.151648867549454D-01    0.135307626017244D-02
    0.000000000000000D+00    0.000000000000000D+00
    0.000000000000000D+00    0.000000000000000D+00
   -0.125617359356230D-03   -0.255220840074632D-04
   -0.282588264582884D-03   -0.977389655903492D-04
   -0.525635244656898D-03   -0.207965503020866D-03
   -0.899545075212133D-03   -0.344987684558134D-03
   -0.144521520093029D-02   -0.493480251842462D-03
   -0.218959010123246D-02   -0.626236348576388D-03
   -0.315469770793987D-02   -0.721054435872503D-03
   -0.434098285132086D-02   -0.734069302443990D-03
   -0.573784840288338D-02   -0.635755201759728D-03
   -0.730066130230505D-02   -0.364066741124643D-03
   -0.896904563303023D-02    0.113766025343911D-03
   -0.106337010396842D-01    0.873248548758129D-03
   -0.121745467343249D-01    0.194082782291292D-02
   -0.134109494931207D-01    0.339057940521840D-02
   -0.141762121602714D-01    0.522691438385428D-02
   -0.142431162475567D-01    0.749465937463934D-02
   -0.134501008262957D-01    0.101591775818885D-01
   -0.115926959744522D-01    0.132000412397703D-01
   -0.860659596850184D-02    0.165366812135518D-01
   -0.441561676959172D-02    0.200566274180990D-01
    0.843697528770511D-03    0.236492127175490D-01
    0.702028561098597D-02    0.271180668055579D-01
    0.137195432415554D-01    0.303624148023093D-01
    0.205355699691750D-01    0.331592321783517D-01
    0.268581898472255D-01    0.354604877434339D-01
    0.321142688379618D-01    0.370998684698194D-01
    0.356251758943329D-01    0.380928029142657D-01
    0.368435752902737D-01    0.383790929123191D-01
    0.352424448220592D-01    0.379967849954208D-01
    0.305725552081485D-01    0.369529630177866D-01
    0.227609737402193D-01    0.352440905832383D-01
    0.122423836950023D-01    0.328347131114869D-01
   -0.168154917191133D-03    0.296861852128831D-01
   -0.128751534523171D-01    0.256885902333886D-01
   -0.239233526458858D-01    0.209360387043913D-01
   -0.306418485187515D-01    0.154662092117672D-01
   -0.312798588174001D-01    0.989261474792614D-02
   -0.243947549691414D-01    0.492857277974616D-02
   -0.125479081818093D-01    0.132022454830759D-02
    0.000000000000000D+00    0.000000000000000D+00
    0.000000000000000D+00    0.000000000000000D+00
   -0.643677849486058D-04   -0.380759730827000D-04
   -0.169002710350938D-03   -0.141636228717303D-03
   -0.372380796305982D-03   -0.296953694762980D-03
   -0.722178423694646D-03   -0.488437978090984D-03
   -0.126204865791159D-02   -0.703704057568716D-03
   -0.202622163803916D-02   -0.913640619814520D-03
   -0.303978906303163D-02   -0.110316026140727D-02
   -0.431337729745763D-02   -0.122564108133206D-02
   -0.583780532385565D-02   -0.126187735793414D-02
   -0.758161995441951D-02   -0.114016497289494D-02
   -0.947905916893078D-02   -0.842227103338349D-03
   -0.114370638654129D-01   -0.267858162180966D-03
   -0.133150425639353D-01    0.588572418476301D-03
   -0.149508001129177D-01    0.184908017780896D-02
   -0.161330175849177D-01    0.348797227140027D-02
   -0.166530082481031D-01    0.562409462162626D-02
   -0.162775311379482D-01    0.818171561537858D-02
   -0.148179939547166D-01    0.112304768983415D-01
   -0.121231598896608D-01    0.146394160617633D-01
   -0.812943996252294D-02    0.183757198654144D-01
   -0.290052474552352D-02    0.222764507632359D-01
    0.340008765049374D-02    0.261798184116243D-01
    0.104024200333177D-01    0.299425696069084D-01
    0.176835052007538D-01    0.333110324468153D-01
    0.245978649999311D-01    0.362134657362528D-01
    0.305531861184480D-01    0.384023942890716D-01
    0.348020524260231D-01    0.398876311773258D-01
    0.367942855355933D-01    0.405214024853907D-01
    0.359448249784645D-01    0.403486617111679D-01
    0.320475681979772D-01    0.393231861029177D-01
    0.249918947782381D-01    0.374651677395693D-01
    0.153002231222256D-01    0.347381997989160D-01
    0.371616114087943D-02    0.311525571180445D-01
   -0.814415560207663D-02    0.266629521496238D-01
   -0.184802941946432D-01    0.214098106691339D-01
   -0.249034530574546D-01    0.155837324777124D-01
   -0.257299140753159D-01    0.972633511608654D-02
   -0.201493360683267D-01    0.479878892022190D-02
   -0.101603831579728D-01    0.120219950675128D-02
    0.000000000000000D+00    0.000000000000000D+00
    0.000000000000000D+00    0.000000000000000D+00
    0.193673619624291D-04   -0.493487055119140D-04
   -0.194433136836485D-04   -0.181458644039562D-03
   -0.172803922216515D-03   -0.378050241463704D-03
   -0.487999682029296D-03   -0.620511398806133D-03
   -0.101181435292336D-02   -0.897138196858302D-03
   -0.178100007548161D-02   -0.118335501722224D-02
   -0.282745484233349D-02   -0.146598635444335D-02
   -0.416585702871750D-02   -0.170727237129071D-02
   -0.579808525153852D-02   -0.188642688838593D-02
   -0.769418934683797D-02   -0.194484647998083D-02
   -0.980495257688765D-02   -0.185178740085057D-02
   -0.120287153630540D-01   -0.152528686051341D-02
   -0.142473485480184D-01   -0.927246902974674D-03
   -0.162692082626908D-01    0.400181843268539D-04
   -0.179098688150631D-01    0.141039910785388D-02
   -0.189003069554562D-01    0.327182550438836D-02
   -0.190346362171345D-01    0.563384065141283D-02
   -0.180320411467027D-01    0.852951150970559D-02
   -0.157647331218002D-01    0.119206411457020D-01
   -0.120634943807913D-01    0.157348665786346D-01
   -0.701106081935211D-02    0.198764245818143D-01
   -0.687307611305967D-03    0.241443380160900D-01
    0.651596987507429D-02    0.284044267426500D-01
    0.142044641662679D-01    0.323669539658079D-01
    0.216995098539483D-01    0.359054038832205D-01
    0.283806202377134D-01    0.387407389055430D-01
    0.334601104502066D-01    0.407962905864736D-01
    0.363363158948942D-01    0.418981056084654D-01
    0.364034530964389D-01    0.420268972812761D-01
    0.334181835613090D-01    0.411187920235195D-01
    0.272950254474288D-01    0.391926235838415D-01
    0.185243041808847D-01    0.362108501472016D-01
    0.788064971652084D-02    0.322591370407502D-01
   -0.309828722774323D-02    0.273068289335571D-01
   -0.127592846960661D-01    0.216420783363234D-01
   -0.188088821274672D-01    0.154503705762021D-01
   -0.200787663990429D-01    0.946427194913106D-02
   -0.156135036172171D-01    0.453098570313751D-02
   -0.774072179669498D-02    0.112929539545278D-02
    0.000000000000000D+00    0.000000000000000D+00
    0.000000000000000D+00    0.000000000000000D+00
    0.123292294222529D-03   -0.586828746833448D-04
    0.162822843065968D-03   -0.212266751714007D-03
    0.685904088505212D-04   -0.439724839637939D-03
   -0.202745303805460D-03   -0.720417332227026D-03
   -0.697390137534732D-03   -0.104596956764899D-02
   -0.145397092360823D-02   -0.139618196128406D-02
   -0.250854354392101D-02   -0.176334488449140D-02
   -0.388219826747980D-02   -0.211709721199772D-02
   -0.558305404838250D-02   -0.244367109075462D-02
   -0.759349934770251D-02   -0.268921778930107D-02
   -0.986755883050981D-02   -0.283192136776218D-02
   -0.123235542100777D-01   -0.278312874595084D-02
   -0.148341219714014D-01   -0.251653197718182D-02
   -0.172358630808829D-01   -0.190480098800651D-02
   -0.193088012173762D-01   -0.930588317701192D-03
   -0.208182997393634D-01    0.556767491753810D-03
   -0.214836460960802D-01    0.254342740561777D-02
   -0.210591943945874D-01    0.515858265438740D-02
   -0.193022810329178D-01    0.832962114566708D-02
   -0.160735827289039D-01    0.120932960576681D-01
   -0.113264185418836D-01    0.163086530360842D-01
   -0.516253246130215D-02    0.208535819620048D-01
    0.212169589788365D-02    0.255413940277524D-01
    0.101111191399925D-01    0.300872708936486D-01
    0.181477100226291D-01    0.343156739124160D-01
    0.255834424430702D-01    0.378688988577638D-01
    0.315796872420840D-01    0.406353557644276D-01
    0.355054125910445D-01    0.423223464604447D-01
    0.366795236858346D-01    0.429035248287189D-01
    0.348482972518242D-01    0.422247570839311D-01
    0.298657275773990D-01    0.403335325217686D-01
    0.222209725111546D-01    0.371821844457914D-01
    0.126253522914398D-01    0.329171178092573D-01
    0.252835641650793D-02    0.275926945890517D-01
   -0.651411311380908D-02    0.215414391482605D-01
   -0.125475139644084D-01    0.151405802938943D-01
   -0.143671313888915D-01    0.899420750205751D-02
   -0.115190591885281D-01    0.425420486602372D-02
   -0.575544860456828D-02    0.952541720656156D-03
    0.000000000000000D+00    0.000000000000000D+00
    0.000000000000000D+00    0.000000000000000D+00
    0.239430293306120D-03   -0.635020967692523D-04
    0.365442000662686D-03   -0.229453616751027D-03
    0.337038533074034D-03   -0.476065023078665D-03
    0.117816638166796D-03   -0.780236863064422D-03
   -0.335404260650723D-03   -0.113957658812945D-02
   -0.106239930985817D-02   -0.153750820426027D-02
   -0.210061543040180D-02   -0.197601355083562D-02
   -0.347800601698780D-02   -0.243106688950224D-02
   -0.520963756217213D-02   -0.289911323439420D-02
   -0.728712266605944D-02   -0.333560447302896D-02
   -0.967945266001092D-02   -0.372298873728086D-02
   -0.123099937957270D-01   -0.398506277477199D-02
   -0.150767863225961D-01   -0.408396955005036D-02
   -0.178050512636097D-01   -0.390761068228882D-02
   -0.203112203793074D-01   -0.339931944647465D-02
   -0.223152029562422D-01   -0.242568763074128D-02
   -0.235799697501185D-01   -0.925046277114391D-03
   -0.237652396818214D-01    0.121329396011012D-02
   -0.226711516048411D-01    0.402194678013478D-02
   -0.200183684332250D-01    0.751545071488523D-02
   -0.157927855291916D-01    0.116609454006953D-01
   -0.994370708113325D-02    0.163050632492909D-01
   -0.279006525629985D-02    0.213231755273504D-01
    0.535796368828740D-02    0.263847791756523D-01
    0.138187621602302D-01    0.312958948461277D-01
    0.219625037110032D-01    0.356381555555168D-01
    0.289103678109693D-01    0.392090277480452D-01
    0.339748768650825D-01    0.416518561113814D-01
    0.364220990986856D-01    0.428421335261401D-01
    0.359259979550251D-01    0.425824331521574D-01
    0.322868502527878D-01    0.408844560045871D-01
    0.259335529901440D-01    0.376980436422195D-01
    0.174925498627539D-01    0.332424900343505D-01
    0.836144147135361D-02    0.275956903035261D-01
   -0.148581135246506D-03    0.212632516853643D-01
   -0.609584757456506D-02    0.146141814653617D-01
   -0.873176122889056D-02    0.847542496152122D-02
   -0.738585330714534D-02    0.383547272971875D-02
   -0.369518229288682D-02    0.847358648081932D-03
    0.000000000000000D+00    0.000000000000000D+00
    0.000000000000000D+00    0.000000000000000D+00
    0.362963243970992D-03   -0.644826113731745D-04
    0.576475122432184D-03   -0.229740529910442D-03
    0.616489837798406D-03   -0.476854129458215D-03
    0.455088149500557D-03   -0.783713326155407D-03
    0.540243302893345D-04   -0.115238870342725D-02
   -0.623544569413949D-03   -0.157547501017171D-02
   -0.161853725111698D-02   -0.205884243048549D-02
   -0.296076298920105D-02   -0.259382845290792D-02
   -0.467465350374847D-02   -0.318073008572251D-02
   -0.676082033781583D-02   -0.379345118203385D-02
   -0.920039617853839D-02   -0.441810942268469D-02
   -0.119360409976377D-01   -0.499369638086602D-02
   -0.148734312107346D-01   -0.548512079691127D-02
   -0.178698049345379D-01   -0.578112528056463D-02
   -0.207302622170054D-01   -0.582586517343439D-02
   -0.232185414788722D-01   -0.545686559444858D-02
   -0.250460848687280D-01   -0.461124442846725D-02
   -0.259218073637594D-01   -0.310479382655083D-02
   -0.255351056959409D-01   -0.907709096779420D-03
   -0.236491860564971D-01    0.211029250745605D-02
   -0.200851291216730D-01    0.590577416629750D-02
   -0.148186043547443D-01    0.104493091152589D-01
   -0.799100111334154D-02    0.155803858744942D-01
    0.701566883800953D-04    0.210376403982213D-01
    0.880230213152617D-02    0.265747569565436D-01
    0.175495124151337D-01    0.317259704688418D-01
    0.254469110767998D-01    0.362299703535998D-01
    0.317485850804659D-01    0.395768338735828D-01
    0.356477224056701D-01    0.416169460315970D-01
    0.367301867144148D-01    0.419841087287676D-01
    0.346995782710496D-01    0.407053206581656D-01
    0.298686476681826D-01    0.376624949234189D-01
    0.227699651179014D-01    0.331477783044630D-01
    0.146136132338277D-01    0.273261155739894D-01
    0.664334898270262D-02    0.207427701954925D-01
    0.440680341330008D-03    0.140269030545009D-01
   -0.310815964822871D-02    0.780543382606682D-02
   -0.366021469034176D-02    0.346620279174053D-02
   -0.227093905776863D-02    0.628585167777851D-03
    0.000000000000000D+00    0.000000000000000D+00
    0.000000000000000D+00    0.000000000000000D+00
    0.479669553065977D-03   -0.589801585462988D-04
    0.779389835083321D-03   -0.211158697774041D-03
    0.886879547916455D-03   -0.441339175308854D-03
    0.787065805696961D-03   -0.728773501771013D-03
    0.448487177288550D-03   -0.108443216776019D-02
   -0.164159563691580D-03   -0.150423122076977D-02
   -0.108847795059799D-02   -0.200808287205497D-02
   -0.236140578853023D-02   -0.259102207793245D-02
   -0.400880315965756D-02   -0.327224573957081D-02
   -0.604597847854003D-02   -0.403085395143495D-02
   -0.846307516988537D-02   -0.487362246738121D-02
   -0.112225219198405D-01   -0.574587834350119D-02
   -0.142502426114546D-01   -0.662821662058605D-02
   -0.174196786913044D-01   -0.741480065173045D-02
   -0.205702155926329D-01   -0.804846132082429D-02
   -0.234590920148484D-01   -0.836711251844780D-02
   -0.258450579892347D-01   -0.827408032736377D-02
   -0.273800037351935D-01   -0.757604479173974D-02
   -0.278059453807044D-01   -0.616452764144084D-02
   -0.267539613352955D-01   -0.389270938283994D-02
   -0.240878675538405D-01   -0.685256135959875D-03
   -0.195837530762915D-01    0.344272112311569D-02
   -0.134052193090296D-01    0.844569609087282D-02
   -0.567893412637184D-02    0.140484037829525D-01
    0.302871849064156D-02    0.200644993552932D-01
    0.121848339944999D-01    0.259639268243397D-01
    0.209035071951573D-01    0.314336602099085D-01
    0.284225183827591D-01    0.358603987801291D-01
    0.338679954482206D-01    0.389637189410859D-01
    0.367111443940223D-01    0.402839317706831D-01
    0.365185518172545D-01    0.397197922018843D-01
    0.334617016905254D-01    0.371210043230668D-01
    0.278637522174089D-01    0.327927652808798D-01
    0.208670376673272D-01    0.269308698475500D-01
    0.133947960051115D-01    0.202408650735805D-01
    0.703476090917869D-02    0.133729287873265D-01
    0.233774878284661D-02    0.723014600451219D-02
   -0.852787250725181D-04    0.300192514434326D-02
   -0.676132460730624D-03    0.526729978595169D-03
    0.000000000000000D+00    0.000000000000000D+00
    0.000000000000000D+00    0.000000000000000D+00
    0.584751697417333D-03   -0.488101204861740D-04
    0.956550177551796D-03   -0.172202914475066D-03
    0.112646392446070D-02   -0.364735551894730D-03
    0.108753257495873D-02   -0.609323708986543D-03
    0.817139624292492D-03   -0.922521249791423D-03
    0.285315215694032D-03   -0.131080000053125D-02
   -0.546249971191916D-03   -0.179654808126468D-02
   -0.171221127563746D-02   -0.239292342969643D-02
   -0.324738980051123D-02   -0.312032856775831D-02
   -0.517062037758467D-02   -0.398448524748713D-02
   -0.748943972528899D-02   -0.499174085560244D-02
   -0.101794076658418D-01   -0.612151534189910D-02
   -0.131902746561264D-01   -0.735020792226699D-02
   -0.164220257547244D-01   -0.860799285542776D-02
   -0.197353645772835D-01   -0.982557957692150D-02
   -0.229286274499540D-01   -0.108646773050384D-01
   -0.257584204029603D-01   -0.116046970669625D-01
   -0.279269019873231D-01   -0.118399393094695D-01
   -0.291186422276596D-01   -0.114261710438892D-01
   -0.290093292849443D-01   -0.101435619301682D-01
   -0.273230466830720D-01   -0.787305448588301D-02
   -0.238578488054373D-01   -0.449212403211027D-02
   -0.185600316358059D-01   -0.307972683429353D-04
   -0.115488328610527D-01    0.538465005913947D-02
   -0.316807680340057D-02    0.115720111103691D-01
    0.606066913491211D-02    0.180448975958710D-01
    0.153945906669994D-01    0.244435917626166D-01
    0.240138522207850D-01    0.300186904131685D-01
    0.310456363572418D-01    0.344731352521520D-01
    0.358002126278683D-01    0.370461459157019D-01
    0.377311678920449D-01    0.376358452211515D-01
    0.367442365664447D-01    0.358376067448854D-01
    0.329893756272304D-01    0.320448010415298D-01
    0.272758209615152D-01    0.264605376373795D-01
    0.204449348618885D-01    0.197620458761893D-01
    0.137125114026953D-01    0.129446107979160D-01
    0.781120078145201D-02    0.667786390540244D-02
    0.323838333607029D-02    0.269748274425715D-02
    0.156873052757036D-03    0.298614025988315D-03
    0.000000000000000D+00    0.000000000000000D+00
    0.000000000000000D+00    0.000000000000000D+00
    0.661337063040642D-03   -0.327270439890379D-04
    0.109311177650684D-02   -0.116919621153027D-03
    0.131460394526813D-02   -0.254133874387990D-03
    0.133411322073600D-02   -0.434324709984073D-03
    0.113562327543303D-02   -0.682049025300549D-03
    0.693773548872893D-03   -0.100708176887125D-02
   -0.238244523809072D-04   -0.144487727913265D-02
   -0.105600797879169D-02   -0.200990498002315D-02
   -0.243368591245097D-02   -0.274339752480407D-02
   -0.419048406285438D-02   -0.365246623420892D-02
   -0.633433174537963D-02   -0.477347570844151D-02
   -0.886915177561788D-02   -0.608694574297979D-02
   -0.117526103133673D-01   -0.760808361118396D-02
   -0.149263460794433D-01   -0.926497494460851D-02
   -0.182696530767718D-01   -0.110306378432739D-01
   -0.216257804818540D-01   -0.127544548951116D-01
   -0.247817158627394D-01   -0.143485249398314D-01
   -0.274605130297883D-01   -0.155742989772461D-01
   -0.293844117023037D-01   -0.162862807003848D-01
   -0.301796518356877D-01   -0.162018272526300D-01
   -0.296030002920860D-01   -0.151458578425645D-01
   -0.272965206338977D-01   -0.129029109745507D-01
   -0.232192643775720D-01   -0.938734113281415D-02
   -0.172325430542594D-01   -0.464232890442675D-02
   -0.966210370965380D-02    0.129253061838959D-02
   -0.754466958002609D-03    0.796203050899165D-02
    0.876669812349661D-02    0.150529757447758D-01
    0.181946839318096D-01    0.217471136830452D-01
    0.266437727044516D-01    0.276615386016782D-01
    0.333238356744470D-01    0.318840456462073D-01
    0.375411332667491D-01    0.340682684733389D-01
    0.389285977393871D-01    0.336857394670030D-01
    0.373311960142149D-01    0.309313073641853D-01
    0.333295735924774D-01    0.260210726788095D-01
    0.273220516843505D-01    0.196098259430404D-01
    0.204399038501029D-01    0.127479778168593D-01
    0.131190602623881D-01    0.653093391821391D-02
    0.633357697021726D-02    0.245074282725540D-02
    0.133110253106723D-02    0.284370432312101D-03
    0.000000000000000D+00    0.000000000000000D+00
    0.000000000000000D+00    0.000000000000000D+00
    0.707714626280010D-03   -0.128782200263767D-04
    0.117198136839476D-02   -0.451992771001582D-04
    0.143342232541202D-02   -0.112933612446319D-03
    0.150288434072223D-02   -0.211008627440466D-03
    0.137478400963917D-02   -0.369617738692045D-03
    0.102857151800171D-02   -0.606461638741842D-03
    0.435041667540042D-03   -0.958112391737670D-03
   -0.439646008228710D-03   -0.145349495809618D-02
   -0.163121283945347D-02   -0.213293464316796D-02
   -0.317074571316398D-02   -0.302913248017500D-02
   -0.508232120732008D-02   -0.417507845970219D-02
   -0.737308146827256D-02   -0.559294096348963D-02
   -0.100320629071263D-01   -0.728935208057215D-02
   -0.130136842834073D-01   -0.925358590081043D-02
   -0.162444447428776D-01   -0.114392639562197D-01
   -0.195923352606177D-01   -0.137730800086636D-01
   -0.228977567965699D-01   -0.161294550626962D-01
   -0.259175583046387D-01   -0.183451388627760D-01
   -0.284065186508104D-01   -0.202093930073112D-01
   -0.300211086178428D-01   -0.214729222402306D-01
   -0.304839196842959D-01   -0.218691012432073D-01
   -0.294407828846147D-01   -0.211216727875601D-01
   -0.267087934586996D-01   -0.190503450700540D-01
   -0.221016953357712D-01   -0.155290175304603D-01
   -0.157060198519753D-01   -0.104828667186224D-01
   -0.768375523979040D-02   -0.417113421430553D-02
    0.151237352919079D-02    0.310217062425925D-02
    0.112295245063410D-01    0.105735233984024D-01
    0.207197669586962D-01    0.179516891303754D-01
    0.291109861455901D-01    0.239747413338365D-01
    0.356695658047149D-01    0.283213796598343D-01
    0.396454239052454D-01    0.298967134389170D-01
    0.406627917566564D-01    0.290292733850402D-01
    0.387245577282696D-01    0.254649124683472D-01
    0.340367417542378D-01    0.197634969926706D-01
    0.272213433461395D-01    0.131652348090627D-01
    0.187855475218559D-01    0.663554701340556D-02
    0.963437587475246D-02    0.257431880321944D-02
    0.182625637780928D-02    0.111780682015545D-03
    0.000000000000000D+00    0.000000000000000D+00
    0.000000000000000D+00    0.000000000000000D+00
    0.710715839766515D-03    0.920229423035213D-05
    0.118704584311822D-02    0.314664217870308D-04
    0.146895947323494D-02    0.434613995403359D-04
    0.157926676562084D-02    0.386104671399039D-04
    0.151546649202911D-02   -0.167439706470754D-04
    0.126351396226739D-02   -0.143309637594149D-03
    0.800278423870854D-03   -0.384706027501832D-03
    0.927414532145125D-04   -0.769342925623736D-03
   -0.887534364773989D-03   -0.135235922812405D-02
   -0.218058800710665D-02   -0.216466435868822D-02
   -0.380341102770543D-02   -0.326668851901037D-02
   -0.578855140189729D-02   -0.467739406198151D-02
   -0.811970487520339D-02   -0.644949157927141D-02
   -0.108011298109811D-01   -0.856530021766192D-02
   -0.137567362850300D-01   -0.110482683111854D-01
   -0.169340096940096D-01   -0.138078352055845D-01
   -0.201726201047159D-01   -0.168113982807813D-01
   -0.233307590178220D-01   -0.198556205834137D-01
   -0.261592595528693D-01   -0.228308551725882D-01
   -0.284045825614713D-01   -0.254026444871926D-01
   -0.297741067500225D-01   -0.273854154651381D-01
   -0.299293898658236D-01   -0.283516164516415D-01
   -0.286507686221570D-01   -0.281227924363070D-01
   -0.256071467668144D-01   -0.263562884072565D-01
   -0.208203164601538D-01   -0.228985572133918D-01
   -0.141673381401638D-01   -0.177359987319380D-01
   -0.601588413778798D-02   -0.110510046906721D-01
    0.328729593938076D-02   -0.344492649977141D-02
    0.130861252792012D-01    0.489909278109815D-02
    0.226639648200618D-01    0.126774446230009D-01
    0.312359926115486D-01    0.193960166741983D-01
    0.377896751805378D-01    0.236805878331753D-01
    0.416918386591855D-01    0.254807644608865D-01
    0.424240831868648D-01    0.242488743746925D-01
    0.395601524990439D-01    0.200948824083996D-01
    0.335231091091842D-01    0.141819437772338D-01
    0.240847459084924D-01    0.774327050545433D-02
    0.129341392494750D-01    0.318960670374294D-02
    0.333166594818837D-02    0.430601928110528D-03
    0.000000000000000D+00    0.000000000000000D+00
    0.000000000000000D+00    0.000000000000000D+00
    0.673835026507787D-03    0.320937113955579D-04
    0.112941791166020D-02    0.112433576284924D-03
    0.141673315680031D-02    0.203721523336050D-03
    0.155310982014597D-02    0.295191285649584D-03
    0.154426847958610D-02    0.349564733231862D-03
    0.137885272919007D-02    0.343650351184496D-03
    0.103999465813263D-02    0.234036784046809D-03
    0.500558966946362D-03   -0.135623049224459D-04
   -0.266835241954041D-03   -0.451838292626757D-03
   -0.129524498509171D-02   -0.112699065812691D-02
   -0.261078059486480D-02   -0.209398683918159D-02
   -0.423979227164157D-02   -0.340491945547300D-02
   -0.619245455621392D-02   -0.510143413439671D-02
   -0.846986888602237D-02   -0.722794490619692D-02
   -0.110482577684779D-01   -0.978594271980804D-02
   -0.138765758578775D-01   -0.127871297010496D-01
   -0.168782478360169D-01   -0.161569762850083D-01
   -0.199159807417806D-01   -0.198377457482464D-01
   -0.228496987569260D-01   -0.236440254399075D-01
   -0.254249475346767D-01   -0.274085250083504D-01
   -0.274530574892874D-01   -0.308294851628498D-01
   -0.285689004952730D-01   -0.336069308523438D-01
   -0.285991838704402D-01   -0.353954491254972D-01
   -0.271289832162671D-01   -0.358436352607578D-01
   -0.241113745687783D-01   -0.345991276263462D-01
   -0.192509373066958D-01   -0.314265762874571D-01
   -0.127287019866889D-01   -0.263956957765549D-01
   -0.462518191375412D-02   -0.197469364790098D-01
    0.459884880615815D-02   -0.113651509102368D-01
    0.144569725794554D-01   -0.251765213720015D-02
    0.243023021149407D-01    0.637313417057348D-02
    0.330357705176694D-01    0.134368762169261D-01
    0.398914049371057D-01    0.190381184140742D-01
    0.437545660073136D-01    0.211254849794429D-01
    0.440691249670988D-01    0.198138533793261D-01
    0.396753820316991D-01    0.155923403347888D-01
    0.305753864023005D-01    0.929264228582797D-02
    0.173173688774869D-01    0.461279558301148D-02
    0.413407756043444D-02    0.761081258294272D-03
    0.000000000000000D+00    0.000000000000000D+00
    0.000000000000000D+00    0.000000000000000D+00
    0.594541783417565D-03    0.511540201069330D-04
    0.100736971267511D-02    0.180304064389353D-03
    0.127762731595566D-02    0.346412572358487D-03
    0.142580629095816D-02    0.526442668520577D-03
    0.145646664540795D-02    0.686249121748386D-03
    0.136472733744880D-02    0.800484735659373D-03
    0.113804770770607D-02    0.827250009487088D-03
    0.754812656319958D-03    0.733504009210070D-03
    0.195087622444322D-03    0.463381068478666D-03
   -0.574394266120492D-03   -0.255080156757593D-04
   -0.156996497720935D-02   -0.801677086621813D-03
   -0.283047215482127D-02   -0.191052300586574D-02
   -0.435419197887178D-02   -0.342661392269329D-02
   -0.617751241152594D-02   -0.538335596574073D-02
   -0.826126418622952D-02   -0.784695577980889D-02
   -0.106272843941949D-01   -0.108101070435219D-01
   -0.131751568709693D-01   -0.143082911461656D-01
   -0.158934613168839D-01   -0.182483265865729D-01
   -0.185991002937086D-01   -0.226082750955636D-01
   -0.212228983646649D-01   -0.271500734112289D-01
   -0.234987853892984D-01   -0.317805213960711D-01
   -0.252773066562154D-01   -0.360660048766978D-01
   -0.262564820385930D-01   -0.398655271967319D-01
   -0.261920222753694D-01   -0.425706047885811D-01
   -0.248604758528198D-01   -0.440144843963199D-01
   -0.220011971103060D-01   -0.435179204420224D-01
   -0.175979743835111D-01   -0.411642949574151D-01
   -0.114405269482954D-01   -0.366507415375789D-01
   -0.381408622138185D-02   -0.298148008890593D-01
    0.519192182806532D-02   -0.212402478479036D-01
    0.151322793253534D-01   -0.113890929429643D-01
    0.249433548618242D-01   -0.193762929908371D-02
    0.342019821891821D-01    0.734347882214330D-02
    0.411931034506808D-01    0.137940804827663D-01
    0.451052480499654D-01    0.170146175232433D-01
    0.440910595448527D-01    0.160131280087191D-01
    0.367479529190873D-01    0.117203858924757D-01
    0.224062693625648D-01    0.653598022977582D-02
    0.778671033603021D-02    0.187434903727088D-02
    0.000000000000000D+00    0.000000000000000D+00
    0.000000000000000D+00    0.000000000000000D+00
    0.481506241579139D-03    0.673785206298050D-04
    0.827352086877973D-03    0.234333645056189D-03
    0.106661708305345D-02    0.455755864055031D-03
    0.121018589424935D-02    0.706721928791673D-03
    0.126549666347070D-02    0.953542656922725D-03
    0.122878139498368D-02    0.117430999115483D-02
    0.109471305253587D-02    0.132781245275428D-02
    0.846413674138713D-03    0.138528289739484D-02
    0.469622684815234D-03    0.129375265731243D-02
   -0.610778764373980D-04    0.101101758018057D-02
   -0.762410307692531D-03    0.474866410588730D-03
   -0.166266176187826D-02   -0.371857995640620D-03
   -0.277324375666101D-02   -0.159200619513158D-02
   -0.411756798065168D-02   -0.325532387918884D-02
   -0.569263032151167D-02   -0.540666266046565D-02
   -0.750419188382396D-02   -0.811872954114104D-02
   -0.952477644473078D-02   -0.113875674493475D-01
   -0.117209127259672D-01   -0.152674854395375D-01
   -0.140324375309437D-01   -0.196651037450290D-01
   -0.163553360007663D-01   -0.245761269223648D-01
   -0.185992155055929D-01   -0.297854224572607D-01
   -0.205537021717257D-01   -0.351716311082527D-01
   -0.221260145026108D-01   -0.403914046546256D-01
   -0.229630524723241D-01   -0.451527883713674D-01
   -0.230289020237590D-01   -0.490409703583924D-01
   -0.218714640953704D-01   -0.515352824933202D-01
   -0.195947418661781D-01   -0.524275380034975D-01
   -0.156653229828719D-01   -0.512200145615341D-01
   -0.104142443872991D-01   -0.473733340387505D-01
   -0.335802959876562D-02   -0.408903288013294D-01
    0.499851471060187D-02   -0.323422146292553D-01
    0.144506302615252D-01   -0.224711621191965D-01
    0.244205426286930D-01   -0.105587495023512D-01
    0.336886261585999D-01   -0.451502947171734D-06
    0.415356110595592D-01    0.888928181710481D-02
    0.444316789607632D-01    0.128811479922050D-01
    0.409052174534484D-01    0.130661635715583D-01
    0.278734249795375D-01    0.912059636535080D-02
    0.109706601730011D-01    0.216905208455922D-02
    0.000000000000000D+00    0.000000000000000D+00
    0.000000000000000D+00    0.000000000000000D+00
    0.350756651050646D-03    0.727754059390551D-04
    0.614467705465860D-03    0.255777392248897D-03
    0.805033760650425D-03    0.509452926913105D-03
    0.928519395795476D-03    0.801588344757935D-03
    0.988885671073369D-03    0.110738200588323D-02
    0.987732950221474D-03    0.140338402625106D-02
    0.921068050573565D-03    0.165762398399075D-02
    0.779605484557600D-03    0.184172477687313D-02
    0.553583330500985D-03    0.191215836573957D-02
    0.224177833879039D-03    0.183070315909735D-02
   -0.218294363177098D-03    0.154036783485543D-02
   -0.800320021010843D-03    0.992260272068725D-03
   -0.152389188165498D-02    0.117040256430382D-03
   -0.242253682878946D-02   -0.114115209561269D-02
   -0.347993726217195D-02   -0.285767685310805D-02
   -0.473635904284190D-02   -0.508362239249944D-02
   -0.614194597607337D-02   -0.788775467859281D-02
   -0.774212495040636D-02   -0.112914696410130D-01
   -0.943362129694989D-02   -0.153389573809357D-01
   -0.112625459632587D-01   -0.199759368041932D-01
   -0.130527164437698D-01   -0.252078227853819D-01
   -0.148394899991184D-01   -0.308340890417717D-01
   -0.163676905294945D-01   -0.368202807290970D-01
   -0.176460564822473D-01   -0.427182697117607D-01
   -0.183719087029556D-01   -0.485083827614066D-01
   -0.185091538660801D-01   -0.533901621756918D-01
   -0.177827640666079D-01   -0.575082798004405D-01
   -0.160019592836769D-01   -0.597721943074437D-01
   -0.130656433009047D-01   -0.602733153754199D-01
   -0.880131033173538D-02   -0.576535986937318D-01
   -0.328989562627342D-02   -0.528930308682892D-01
    0.378769037374438D-02   -0.453024689713702D-01
    0.119117938294291D-01   -0.342345940540473D-01
    0.212259506185403D-01   -0.219208195899890D-01
    0.305951084887779D-01   -0.819244545474786D-02
    0.376258513854007D-01    0.216442637644324D-02
    0.401204352385263D-01    0.973881589337618D-02
    0.330013973034844D-01    0.116780100426564D-01
    0.160658647996936D-01    0.552875707528719D-02
    0.000000000000000D+00    0.000000000000000D+00
    0.000000000000000D+00    0.000000000000000D+00
    0.211396628244542D-03    0.703338579827015D-04
    0.391838036337841D-03    0.242822413355359D-03
    0.526525188273820D-03    0.492678505223124D-03
    0.617844420854243D-03    0.789682464449173D-03
    0.669767323268963D-03    0.111007043355653D-02
    0.683200223467879D-03    0.143982920361385D-02
    0.660299551003555D-03    0.174607456348270D-02
    0.593290954333076D-03    0.201342594762857D-02
    0.479266448081620D-03    0.220056778698414D-02
    0.304490288342370D-03    0.228373719506630D-02
    0.646143857629897D-04    0.221127700494259D-02
   -0.258476453140493D-03    0.194641632208884D-02
   -0.667029528040754D-03    0.142939783122142D-02
   -0.118222007540561D-02    0.606367989469644D-03
   -0.180060416873730D-02   -0.581295542249122D-03
   -0.254393770446284D-02   -0.220786548763207D-02
   -0.339918909534916D-02   -0.431204282415112D-02
   -0.438296089748499D-02   -0.698949587733123D-02
   -0.546890236393382D-02   -0.102291482014584D-01
   -0.665711188714640D-02   -0.141413052811007D-01
   -0.790735255325234D-02   -0.186271038729797D-01
   -0.918146992083754D-02   -0.237886052474977D-01
   -0.104332605805033D-01   -0.294040472015523D-01
   -0.115578618155994D-01   -0.355027218413329D-01
   -0.125313922475701D-01   -0.417673199379529D-01
   -0.131509013034652D-01   -0.480421414858411D-01
   -0.134704184562591D-01   -0.539556920601001D-01
   -0.130596668952255D-01   -0.591124203855868D-01
   -0.121412581858228D-01   -0.631152457202712D-01
   -0.101935639855138D-01   -0.649138693381758D-01
   -0.761782362088954D-02   -0.652470583435069D-01
   -0.353005961748342D-02   -0.626916982260076D-01
    0.135866162277158D-02   -0.557588900609933D-01
    0.854384752806231D-02   -0.455654369449681D-01
    0.156012913997137D-01   -0.321981835616192D-01
    0.249592037257932D-01   -0.171316077740203D-01
    0.346167250706454D-01    0.183698528641948D-03
    0.342697316907176D-01    0.938973770061716D-02
    0.286973060138346D-01    0.365863770401564D-02
    0.000000000000000D+00    0.000000000000000D+00
    0.000000000000000D+00    0.000000000000000D+00
    0.947806605384600D-04    0.515527201318555D-04
    0.190420565601408D-03    0.186316448921857D-03
    0.264777773446519D-03    0.395483307399002D-03
    0.317559291121338D-03    0.648293080031628D-03
    0.348411506094797D-03    0.932871117866597D-03
    0.362093739929992D-03    0.123217456626946D-02
    0.358011521319207D-03    0.152887023305934D-02
    0.335434783076581D-03    0.180567626197908D-02
    0.290791820280782D-03    0.204085855050709D-02
    0.219780312934197D-03    0.221220896093430D-02
    0.118749423207765D-03    0.228943535310283D-02
   -0.206264375468883D-04    0.224171434849113D-02
   -0.198841190498253D-03    0.202912759900711D-02
   -0.429835378679223D-03    0.161017328793503D-02
   -0.706690132745431D-03    0.937511032055878D-03
   -0.105179661864166D-02   -0.419087517551530D-04
   -0.144455098761470D-02   -0.137642513929226D-02
   -0.191989785803702D-02   -0.312925203016564D-02
   -0.243424598535927D-02   -0.533826430654530D-02
   -0.304007764124418D-02   -0.806997573480191D-02
   -0.365809514524967D-02   -0.113353137283093D-01
   -0.436252717216857D-02   -0.151840795870069D-01
   -0.502537865816092D-02   -0.195857034774034D-01
   -0.574871015395412D-02   -0.245226022656414D-01
   -0.635172581140148D-02   -0.299433025979036D-01
   -0.694909340439986D-02   -0.356860155945102D-01
   -0.730678311935422D-02   -0.416994919992870D-01
   -0.751908643220831D-02   -0.474952863956175D-01
   -0.736787353830787D-02   -0.532326353729664D-01
   -0.699045898314368D-02   -0.577240820813564D-01
   -0.623565031613562D-02   -0.619273292308066D-01
   -0.465040424477561D-02   -0.640202658309058D-01
   -0.216036712458040D-02   -0.642831514300500D-01
    0.163945138717092D-02   -0.595779146348257D-01
    0.617347997073913D-02   -0.543974877077565D-01
    0.105970815637627D-01   -0.425597923514566D-01
    0.139741058015420D-01   -0.260594283326565D-01
    0.172689384441178D-01   -0.137248989795718D-01
    0.174551948751422D-01    0.335290487010605D-02
    0.000000000000000D+00    0.000000000000000D+00
    0.000000000000000D+00    0.000000000000000D+00
    0.188147332915255D-04    0.188147332921288D-04
    0.528719756290875D-04    0.951085239494092D-04
    0.768901229634691D-04    0.219935677390134D-03
    0.919025983001053D-04    0.381862190368762D-03
    0.102388602034632D-03    0.561043706023265D-03
    0.106839725012061D-03    0.759291486334897D-03
    0.108787974683440D-03    0.956881942892778D-03
    0.104579937653491D-03    0.115540113076205D-02
    0.967069911250956D-04    0.133343866090251D-02
    0.800559518229608D-04    0.149211922651916D-02
    0.584057921610381D-04    0.160273707235850D-02
    0.240951361015995D-04    0.166382440150971D-02
   -0.170130322603776D-04    0.163936435267720D-02
   -0.754947086342030D-04    0.152217661855385D-02
   -0.142421481136661D-03    0.127174701447615D-02
   -0.231734100991283D-03    0.870378055921121D-03
   -0.330577698429347D-03    0.280388062814300D-03
   -0.456435506225735D-03   -0.534409299219676D-03
   -0.591813688872122D-03   -0.159463796941339D-02
   -0.757022654341732D-03   -0.296736099379142D-02
   -0.929575434511870D-03   -0.463136669227173D-02
   -0.112970724083721D-02   -0.669928306836221D-02
   -0.133024510033048D-02   -0.907677477946763D-02
   -0.155058344140631D-02   -0.119331701036033D-01
   -0.176777883772057D-02   -0.150674572232555D-01
   -0.198210759204029D-02   -0.187251234097356D-01
   -0.217744359413259D-02   -0.225366673444590D-01
   -0.230831366154171D-02   -0.267368844248394D-01
   -0.237088303239937D-02   -0.309966433983237D-01
   -0.241698936165249D-02   -0.353907000321828D-01
   -0.260708206351752D-02   -0.395226451485119D-01
   -0.241596498168477D-02   -0.438097350277386D-01
   -0.201739852630168D-02   -0.467956710222814D-01
   -0.845449228327891D-03   -0.466128872647942D-01
    0.935682708204324D-03   -0.489255001845580D-01
    0.818015497384485D-03   -0.478754500494257D-01
   -0.191811761331981D-02   -0.408358613395350D-01
   -0.299259731823627D-02   -0.355783567539820D-01
    0.325926614810015D-01   -0.144694996022281D-01
    0.000000000000000D+00    0.000000000000000D+00
    0.000000000000000D+00    0.000000000000000D+00
    0.000000000000000D+00    0.000000000000000D+00
    0.000000000000000D+00    0.000000000000000D+00
    0.000000000000000D+00    0.000000000000000D+00
    0.000000000000000D+00    0.000000000000000D+00
    0.000000000000000D+00    0.000000000000000D+00
    0.000000000000000D+00    0.000000000000000D+00
    0.000000000000000D+00    0.000000000000000D+00
    0.000000000000000D+00    0.000000000000000D+00
    0.000000000000000D+00    0.000000000000000D+00
    0.000000000000000D+00    0.000000000000000D+00
    0.000000000000000D+00    0.000000000000000D+00
    0.000000000000000D+00    0.000000000000000D+00
    0.000000000000000D+00    0.000000000000000D+00
    0.000000000000000D+00    0.000000000000000D+00
    0.000000000000000D+00    0.000000000000000D+00
    0.000000000000000D+00    0.000000000000000D+00
    0.000000000000000D+00    0.000000000000000D+00
    0.000000000000000D+00    0.000000000000000D+00
    0.000000000000000D+00    0.000000000000000D+00
    0.000000000000000D+00    0.000000000000000D+00
    0.000000000000000D+00    0.000000000000000D+00
    0.000000000000000D+00    0.000000000000000D+00
    0.000000000000000D+00    0.000000000000000D+00
    0.000000000000000D+00    0.000000000000000D+00
    0.000000000000000D+00    0.000000000000000D+00
    0.000000000000000D+00    0.000000000000000D+00
    0.000000000000000D+00    0.000000000000000D+00
    0.000000000000000D+00    0.000000000000000D+00
    0.000000000000000D+00    0.000000000000000D+00
    0.000000000000000D+00    0.000000000000000D+00
    0.000000000000000D+00    0.000000000000000D+00
    0.000000000000000D+00    0.000000000000000D+00
    0.000000000000000D+00    0.000000000000000D+00
    0.000000000000000D+00    0.000000000000000D+00
    0.000000000000000D+00    0.000000000000000D+00
    0.000000000000000D+00    0.000000000000000D+00
    0.000000000000000D+00    0.000000000000000D+00
    0.000000000000000D+00    0.000000000000000D+00
    0.000000000000000D+00    0.000000000000000D+00
    0.000000000000000D+00    0.000000000000000D+00
