 -0.1438721846320775    
 -0.3107837683214185    
 -0.4242556116723544    
  0.7174331491081408    
 -0.4242556116723544    
 -0.3107837683214185    
 -0.1438721846320775    
 -0.3086419753086420    
 -0.2616276140085664    
 -0.3086419753086420    
 -0.2616276140085664    
 -0.7901234567901234    
 -0.2616276140085664    
 -0.3086419753086420    
 -0.2616276140085664    
 -0.3086419753086420    
 -0.1438721846320775    
 -0.3107837683214185    
 -0.4242556116723544    
 -0.8359183673469388    
 -0.4242556116723544    
 -0.3107837683214185    
 -0.1438721846320775    
  0.6150648399223454E-01
  0.1407320949762162    
  0.2143184409343439    
  0.2791413558523086    
  0.3325384116339878    
  0.3723220000311244    
  0.3968629706542232    
  0.3968629706542232    
  0.3723220000311244    
  0.3325384116339878    
  0.2791413558523086    
  0.2143184409343439    
  0.1407320949762162    
  0.6150648399223454E-01
  0.7193609231603873E-01
  0.1553918841607093    
  0.2121278058361772    
  0.2121278058361772    
  0.1553918841607093    
  0.7193609231603873E-01
  0.7193609231603873E-01
  0.1553918841607093    
  0.2121278058361772    
  0.2121278058361772    
  0.1553918841607093    
  0.7193609231603873E-01
  0.7193609231603873E-01
  0.7193609231603873E-01
  0.1553918841607093    
  0.1553918841607093    
  0.2121278058361772    
  0.2121278058361772    
  0.2121278058361772    
  0.2121278058361772    
  0.1553918841607093    
  0.1553918841607093    
  0.7193609231603873E-01
  0.7193609231603873E-01
  0.6150648399223454E-01
  0.1407320949762162    
  0.2143184409343439    
  0.2791413558523086    
  0.3325384116339878    
  0.3723220000311244    
  0.3968629706542232    
  0.3968629706542232    
  0.3723220000311244    
  0.3325384116339878    
  0.2791413558523086    
  0.2143184409343439    
  0.1407320949762162    
  0.6150648399223454E-01
