 -0.9491079123427585       0.000000000000000    
 -0.7415311855993945       0.000000000000000    
 -0.4058451513773972       0.000000000000000    
   0.000000000000000       0.000000000000000    
  0.4058451513773972       0.000000000000000    
  0.7415311855993945       0.000000000000000    
  0.9491079123427585       0.000000000000000    
 -0.7745966692414834     -0.7745966692414834    
   0.000000000000000     -0.7745966692414834    
  0.7745966692414834     -0.7745966692414834    
 -0.7745966692414834       0.000000000000000    
   0.000000000000000       0.000000000000000    
  0.7745966692414834       0.000000000000000    
 -0.7745966692414834      0.7745966692414834    
   0.000000000000000      0.7745966692414834    
  0.7745966692414834      0.7745966692414834    
   0.000000000000000     -0.9491079123427585    
   0.000000000000000     -0.7415311855993945    
   0.000000000000000     -0.4058451513773972    
   0.000000000000000       0.000000000000000    
   0.000000000000000      0.4058451513773972    
   0.000000000000000      0.7415311855993945    
   0.000000000000000      0.9491079123427585    
 -0.9879925180204854       0.000000000000000    
 -0.9372733924007060       0.000000000000000    
 -0.8482065834104272       0.000000000000000    
 -0.7244177313601701       0.000000000000000    
 -0.5709721726085388       0.000000000000000    
 -0.3941513470775634       0.000000000000000    
 -0.2011940939974345       0.000000000000000    
  0.2011940939974345       0.000000000000000    
  0.3941513470775634       0.000000000000000    
  0.5709721726085388       0.000000000000000    
  0.7244177313601701       0.000000000000000    
  0.8482065834104272       0.000000000000000    
  0.9372733924007060       0.000000000000000    
  0.9879925180204854       0.000000000000000    
 -0.9491079123427585     -0.7745966692414834    
 -0.7415311855993945     -0.7745966692414834    
 -0.4058451513773972     -0.7745966692414834    
  0.4058451513773972     -0.7745966692414834    
  0.7415311855993945     -0.7745966692414834    
  0.9491079123427585     -0.7745966692414834    
 -0.9491079123427585      0.7745966692414834    
 -0.7415311855993945      0.7745966692414834    
 -0.4058451513773972      0.7745966692414834    
  0.4058451513773972      0.7745966692414834    
  0.7415311855993945      0.7745966692414834    
  0.9491079123427585      0.7745966692414834    
 -0.7745966692414834     -0.9491079123427585    
  0.7745966692414834     -0.9491079123427585    
 -0.7745966692414834     -0.7415311855993945    
  0.7745966692414834     -0.7415311855993945    
 -0.7745966692414834     -0.4058451513773972    
  0.7745966692414834     -0.4058451513773972    
 -0.7745966692414834      0.4058451513773972    
  0.7745966692414834      0.4058451513773972    
 -0.7745966692414834      0.7415311855993945    
  0.7745966692414834      0.7415311855993945    
 -0.7745966692414834      0.9491079123427585    
  0.7745966692414834      0.9491079123427585    
   0.000000000000000     -0.9879925180204854    
   0.000000000000000     -0.9372733924007060    
   0.000000000000000     -0.8482065834104272    
   0.000000000000000     -0.7244177313601701    
   0.000000000000000     -0.5709721726085388    
   0.000000000000000     -0.3941513470775634    
   0.000000000000000     -0.2011940939974345    
   0.000000000000000      0.2011940939974345    
   0.000000000000000      0.3941513470775634    
   0.000000000000000      0.5709721726085388    
   0.000000000000000      0.7244177313601701    
   0.000000000000000      0.8482065834104272    
   0.000000000000000      0.9372733924007060    
   0.000000000000000      0.9879925180204854    
