----------
T =    0.00000    
    -3.00000         0.00000         0.00000         0.00000         0.00000         0.00000         0.00000    
    -2.81250        0.312500E-01     0.00000         0.00000         0.00000         0.00000         0.00000    
    -2.62500        0.625000E-01     0.00000         0.00000         0.00000         0.00000         0.00000    
    -2.43750        0.937500E-01     0.00000         0.00000         0.00000         0.00000         0.00000    
    -2.25000        0.125000         0.00000         0.00000         0.00000         0.00000         0.00000    
    -2.06250        0.156250         0.00000         0.00000         0.00000         0.00000         0.00000    
    -1.87500        0.187500         0.00000         0.00000         0.00000         0.00000         0.00000    
    -1.68750        0.218750         0.00000         0.00000         0.00000         0.00000         0.00000    
    -1.50000        0.250000         0.00000         0.00000         0.00000         0.00000         0.00000    
    -1.31250        0.281250         0.00000         0.00000         0.00000         0.00000         0.00000    
    -1.12500        0.312500         0.00000         0.00000         0.00000         0.00000         0.00000    
   -0.937500        0.343750         0.00000         0.00000         0.00000         0.00000         0.00000    
   -0.750000        0.375000         0.00000         0.00000         0.00000         0.00000         0.00000    
   -0.562500        0.406250         0.00000         0.00000         0.00000         0.00000         0.00000    
   -0.375000        0.437500         0.00000         0.00000         0.00000         0.00000         0.00000    
   -0.187500        0.468750         0.00000         0.00000         0.00000         0.00000         0.00000    
     0.00000        0.500000         0.00000         0.00000         0.00000         0.00000         0.00000    
    0.187500        0.531250         0.00000         0.00000         0.00000         0.00000         0.00000    
    0.375000        0.562500         0.00000         0.00000         0.00000         0.00000         0.00000    
    0.562500        0.593750         0.00000         0.00000         0.00000         0.00000         0.00000    
    0.750000        0.625000         0.00000         0.00000         0.00000         0.00000         0.00000    
    0.937500        0.656250         0.00000         0.00000         0.00000         0.00000         0.00000    
     1.12500        0.687500         0.00000         0.00000         0.00000         0.00000         0.00000    
     1.31250        0.718750         0.00000         0.00000         0.00000         0.00000         0.00000    
     1.50000        0.750000         0.00000         0.00000         0.00000         0.00000         0.00000    
     1.68750        0.781250         0.00000         0.00000         0.00000         0.00000         0.00000    
     1.87500        0.812500         0.00000         0.00000         0.00000         0.00000         0.00000    
     2.06250        0.843750         0.00000         0.00000         0.00000         0.00000         0.00000    
     2.25000        0.875000         0.00000         0.00000         0.00000         0.00000         0.00000    
     2.43750        0.906250         0.00000         0.00000         0.00000         0.00000         0.00000    
     2.62500        0.937500         0.00000         0.00000         0.00000         0.00000         0.00000    
     2.81250        0.968750         0.00000         0.00000         0.00000         0.00000         0.00000    
----------
T =   0.100000    
    -3.00000         0.00000         0.00000         0.00000         0.00000         0.00000         0.00000    
    -2.81250        0.256447E-01    0.414821E-03   -0.441878E-04    0.489520E-05   -0.515571E-06    0.481964E-07
    -2.62500        0.556056E-01    0.188436E-03    0.330011E-05   -0.213964E-05    0.358563E-06   -0.422386E-07
    -2.43750        0.869622E-01    0.528085E-04    0.686314E-05   -0.496157E-06   -0.359005E-07    0.124006E-07
    -2.25000        0.118661        0.112257E-04    0.263082E-05    0.106539E-06   -0.279895E-07    0.119307E-08
    -2.06250        0.150427        0.195822E-05    0.650390E-06    0.813082E-07   -0.178279E-08   -0.817204E-09
    -1.87500        0.182205        0.292307E-06    0.124053E-06    0.246205E-07    0.158770E-08   -0.177379E-09
    -1.68750        0.213984        0.383295E-07    0.196252E-07    0.520417E-08    0.669205E-09    0.137531E-10
    -1.50000        0.245763        0.449549E-08    0.267763E-08    0.875852E-09    0.161222E-09    0.143487E-10
    -1.31250        0.277543        0.477857E-09    0.322899E-09    0.124465E-09    0.291911E-10    0.401533E-11
    -1.12500        0.309323        0.465009E-10    0.350039E-10    0.154383E-10    0.433674E-11    0.756273E-12
   -0.937500        0.341102        0.417555E-11    0.345379E-11    0.170688E-11    0.551691E-12    0.111910E-12
   -0.750000        0.372882        0.348191E-12    0.313116E-12    0.170610E-12    0.616268E-13    0.138626E-13
   -0.562500        0.404661        0.271331E-13    0.262637E-13    0.155727E-13    0.614563E-14    0.148802E-14
   -0.375000        0.436441        0.197691E-14    0.205534E-14    0.130596E-14    0.553833E-15    0.141406E-15
   -0.187500        0.468220        0.156464E-15    0.144176E-15    0.101991E-15    0.450350E-16    0.120412E-16
     0.00000        0.500000       -0.710028E-17    0.482666E-17   -0.135405E-17    0.258986E-18   -0.362087E-19
    0.187500        0.531780       -0.108770E-15   -0.158426E-15   -0.986680E-16   -0.456192E-16   -0.119629E-16
    0.375000        0.563559       -0.204229E-14   -0.203503E-14   -0.131023E-14   -0.553137E-15   -0.141494E-15
    0.562500        0.595339       -0.270751E-13   -0.262837E-13   -0.155684E-13   -0.614635E-14   -0.148793E-14
    0.750000        0.627118       -0.348232E-12   -0.313101E-12   -0.170613E-12   -0.616261E-13   -0.138627E-13
    0.937500        0.658898       -0.417552E-11   -0.345380E-11   -0.170687E-11   -0.551692E-12   -0.111910E-12
     1.12500        0.690677       -0.465010E-10   -0.350039E-10   -0.154383E-10   -0.433674E-11   -0.756273E-12
     1.31250        0.722457       -0.477857E-09   -0.322899E-09   -0.124465E-09   -0.291911E-10   -0.401533E-11
     1.50000        0.754237       -0.449549E-08   -0.267763E-08   -0.875852E-09   -0.161222E-09   -0.143487E-10
     1.68750        0.786016       -0.383295E-07   -0.196252E-07   -0.520417E-08   -0.669205E-09   -0.137531E-10
     1.87500        0.817795       -0.292307E-06   -0.124053E-06   -0.246205E-07   -0.158770E-08    0.177379E-09
     2.06250        0.849573       -0.195822E-05   -0.650390E-06   -0.813082E-07    0.178279E-08    0.817204E-09
     2.25000        0.881339       -0.112257E-04   -0.263082E-05   -0.106539E-06    0.279895E-07   -0.119307E-08
     2.43750        0.913038       -0.528085E-04   -0.686314E-05    0.496157E-06    0.359005E-07   -0.124006E-07
     2.62500        0.944394       -0.188436E-03   -0.330011E-05    0.213964E-05   -0.358563E-06    0.422386E-07
     2.81250        0.974355       -0.414821E-03    0.441878E-04   -0.489520E-05    0.515571E-06   -0.481964E-07
----------
T =   0.200000    
    -3.00000         0.00000         0.00000         0.00000         0.00000         0.00000         0.00000    
    -2.81250        0.222850E-01    0.928791E-03   -0.150099E-03    0.275792E-04   -0.507844E-05    0.795016E-06
    -2.62500        0.499988E-01    0.713161E-03   -0.395427E-04   -0.348049E-05    0.212086E-05   -0.482246E-06
    -2.43750        0.805548E-01    0.349627E-03    0.156860E-04   -0.575646E-05    0.688315E-06   -0.174511E-07
    -2.25000        0.112298        0.133160E-03    0.187785E-04   -0.162221E-05   -0.175187E-06    0.633880E-07
    -2.06250        0.144456        0.423982E-04    0.987977E-05    0.205953E-06   -0.149814E-06    0.117562E-07
    -1.87500        0.176739        0.117314E-04    0.376540E-05    0.384525E-06   -0.353341E-07   -0.500790E-08
    -1.68750        0.209056        0.288970E-05    0.117109E-05    0.202297E-06    0.376451E-08   -0.303151E-08
    -1.50000        0.241381        0.644265E-06    0.313328E-06    0.742169E-07    0.659615E-08   -0.575761E-09
    -1.31250        0.273708        0.131610E-06    0.742893E-07    0.220163E-07    0.322474E-08    0.915451E-10
    -1.12500        0.306036        0.248648E-07    0.159102E-07    0.560743E-08    0.111056E-08    0.105688E-09
   -0.937500        0.338363        0.437679E-08    0.311969E-08    0.126661E-08    0.311143E-09    0.443464E-10
   -0.750000        0.370690        0.722097E-09    0.565771E-09    0.258898E-09    0.750036E-10    0.133661E-10
   -0.562500        0.403018        0.112220E-09    0.956534E-10    0.485356E-10    0.160194E-10    0.329450E-11
   -0.375000        0.435345        0.164932E-10    0.151659E-10    0.842030E-11    0.308482E-11    0.700001E-12
   -0.187500        0.467673        0.226396E-11    0.222545E-11    0.133343E-11    0.529883E-12    0.128725E-12
     0.00000        0.500000        0.135199E-19    0.812097E-17   -0.360302E-17    0.123710E-17   -0.290428E-18
    0.187500        0.532327       -0.226387E-11   -0.222548E-11   -0.133342E-11   -0.529886E-12   -0.128724E-12
    0.375000        0.564655       -0.164933E-10   -0.151658E-10   -0.842031E-11   -0.308482E-11   -0.700001E-12
    0.562500        0.596982       -0.112220E-09   -0.956534E-10   -0.485356E-10   -0.160194E-10   -0.329450E-11
    0.750000        0.629310       -0.722097E-09   -0.565771E-09   -0.258898E-09   -0.750036E-10   -0.133661E-10
    0.937500        0.661637       -0.437679E-08   -0.311970E-08   -0.126661E-08   -0.311143E-09   -0.443464E-10
     1.12500        0.693964       -0.248648E-07   -0.159102E-07   -0.560743E-08   -0.111056E-08   -0.105688E-09
     1.31250        0.726292       -0.131610E-06   -0.742893E-07   -0.220163E-07   -0.322474E-08   -0.915451E-10
     1.50000        0.758619       -0.644265E-06   -0.313328E-06   -0.742169E-07   -0.659615E-08    0.575761E-09
     1.68750        0.790944       -0.288970E-05   -0.117109E-05   -0.202297E-06   -0.376451E-08    0.303151E-08
     1.87500        0.823261       -0.117314E-04   -0.376540E-05   -0.384525E-06    0.353341E-07    0.500790E-08
     2.06250        0.855544       -0.423982E-04   -0.987977E-05   -0.205953E-06    0.149814E-06   -0.117562E-07
     2.25000        0.887702       -0.133160E-03   -0.187785E-04    0.162221E-05    0.175187E-06   -0.633880E-07
     2.43750        0.919445       -0.349627E-03   -0.156860E-04    0.575646E-05   -0.688315E-06    0.174511E-07
     2.62500        0.950001       -0.713161E-03    0.395427E-04    0.348049E-05   -0.212086E-05    0.482246E-06
     2.81250        0.977715       -0.928791E-03    0.150099E-03   -0.275792E-04    0.507844E-05   -0.795016E-06
----------
T =   0.300000    
    -3.00000         0.00000         0.00000         0.00000         0.00000         0.00000         0.00000    
    -2.81250        0.198885E-01    0.133610E-02   -0.257065E-03    0.602543E-04   -0.145456E-04    0.283029E-05
    -2.62500        0.454693E-01    0.132355E-02   -0.134787E-03    0.752697E-05    0.258311E-05   -0.101484E-05
    -2.43750        0.747961E-01    0.856406E-03   -0.113566E-04   -0.116959E-04    0.326040E-05   -0.524754E-06
    -2.25000        0.106156        0.437335E-03    0.324093E-04   -0.815447E-05    0.516402E-06    0.109004E-06
    -2.06250        0.138460        0.188943E-03    0.301694E-04   -0.227810E-05   -0.407213E-06    0.124952E-06
    -1.87500        0.171148        0.716319E-04    0.173841E-04    0.343237E-06   -0.304091E-06    0.252229E-07
    -1.68750        0.203977        0.243749E-04    0.787227E-05    0.751471E-06   -0.962138E-07   -0.108170E-07
    -1.50000        0.236852        0.756054E-05    0.302955E-05    0.491263E-06   -0.332927E-08   -0.933963E-08
    -1.31250        0.269741        0.216206E-05    0.102944E-05    0.229646E-06    0.150974E-07   -0.310493E-08
    -1.12500        0.302634        0.575030E-06    0.315908E-06    0.883806E-07    0.109103E-07   -0.270136E-09
   -0.937500        0.335528        0.143229E-06    0.888700E-07    0.296194E-07    0.517129E-08    0.309496E-09
   -0.750000        0.368422        0.335980E-07    0.231668E-07    0.890757E-08    0.197626E-08    0.229479E-09
   -0.562500        0.401317        0.745641E-08    0.564237E-08    0.244873E-08    0.651374E-09    0.102615E-09
   -0.375000        0.434211        0.156995E-08    0.129057E-08    0.621854E-09    0.190763E-09    0.360533E-10
   -0.187500        0.467106        0.304653E-09    0.268732E-09    0.141131E-09    0.481944E-10    0.102054E-10
     0.00000        0.500000        0.299972E-17    0.616399E-17   -0.570135E-17    0.271539E-17   -0.736179E-18
    0.187500        0.532894       -0.304653E-09   -0.268732E-09   -0.141131E-09   -0.481944E-10   -0.102054E-10
    0.375000        0.565789       -0.156995E-08   -0.129057E-08   -0.621854E-09   -0.190763E-09   -0.360533E-10
    0.562500        0.598683       -0.745641E-08   -0.564237E-08   -0.244873E-08   -0.651374E-09   -0.102615E-09
    0.750000        0.631578       -0.335980E-07   -0.231668E-07   -0.890757E-08   -0.197626E-08   -0.229479E-09
    0.937500        0.664472       -0.143229E-06   -0.888700E-07   -0.296194E-07   -0.517129E-08   -0.309496E-09
     1.12500        0.697366       -0.575030E-06   -0.315908E-06   -0.883806E-07   -0.109103E-07    0.270136E-09
     1.31250        0.730259       -0.216206E-05   -0.102944E-05   -0.229646E-06   -0.150974E-07    0.310493E-08
     1.50000        0.763148       -0.756054E-05   -0.302955E-05   -0.491263E-06    0.332927E-08    0.933963E-08
     1.68750        0.796023       -0.243749E-04   -0.787227E-05   -0.751471E-06    0.962138E-07    0.108170E-07
     1.87500        0.828852       -0.716319E-04   -0.173841E-04   -0.343237E-06    0.304091E-06   -0.252229E-07
     2.06250        0.861540       -0.188943E-03   -0.301694E-04    0.227810E-05    0.407213E-06   -0.124952E-06
     2.25000        0.893844       -0.437335E-03   -0.324093E-04    0.815447E-05   -0.516402E-06   -0.109004E-06
     2.43750        0.925204       -0.856406E-03    0.113566E-04    0.116959E-04   -0.326040E-05    0.524754E-06
     2.62500        0.954531       -0.132355E-02    0.134787E-03   -0.752697E-05   -0.258311E-05    0.101484E-05
     2.81250        0.980111       -0.133610E-02    0.257065E-03   -0.602543E-04    0.145456E-04   -0.283029E-05
----------
T =   0.400000    
    -3.00000         0.00000         0.00000         0.00000         0.00000         0.00000         0.00000    
    -2.81250        0.180329E-01    0.164839E-02   -0.347144E-03    0.942372E-04   -0.266713E-04    0.581408E-05
    -2.62500        0.417188E-01    0.190939E-02   -0.254570E-03    0.316633E-04   -0.100638E-05   -0.751431E-06
    -2.43750        0.696781E-01    0.146837E-02   -0.807274E-04   -0.109011E-04    0.638155E-05   -0.152324E-05
    -2.25000        0.100365        0.901665E-03    0.216678E-04   -0.165498E-04    0.292525E-05   -0.236088E-06
    -2.06250        0.132564        0.472463E-03    0.487540E-04   -0.894374E-05    0.194111E-07    0.258786E-06
    -1.87500        0.165506        0.218769E-03    0.396637E-04   -0.223456E-05   -0.671656E-06    0.169234E-06
    -1.68750        0.198778        0.914686E-04    0.235622E-04    0.654106E-06   -0.441494E-06    0.302979E-07
    -1.50000        0.232184        0.350413E-04    0.116305E-04    0.113729E-05   -0.154095E-06   -0.186876E-07
    -1.31250        0.265640        0.124323E-04    0.502726E-05    0.806757E-06   -0.139584E-07   -0.173017E-07
    -1.12500        0.299113        0.411878E-05    0.195691E-05    0.426953E-06    0.230827E-07   -0.716560E-08
   -0.937500        0.332592        0.128259E-05    0.697963E-06    0.189912E-06    0.209927E-07   -0.137724E-08
   -0.750000        0.366073        0.377419E-06    0.230802E-06    0.745778E-07    0.119660E-07    0.397994E-09
   -0.562500        0.399555        0.105394E-06    0.713624E-07    0.265452E-07    0.548405E-08    0.526171E-09
   -0.375000        0.433037        0.279555E-07    0.206984E-07    0.866629E-08    0.216032E-08    0.303845E-09
   -0.187500        0.466518        0.672453E-08    0.535596E-08    0.246093E-08    0.700914E-09    0.119901E-09
     0.00000        0.500000       -0.371975E-16    0.126445E-16   -0.846464E-17    0.423300E-17   -0.122238E-17
    0.187500        0.533482       -0.672453E-08   -0.535596E-08   -0.246093E-08   -0.700914E-09   -0.119901E-09
    0.375000        0.566963       -0.279555E-07   -0.206984E-07   -0.866629E-08   -0.216032E-08   -0.303845E-09
    0.562500        0.600445       -0.105394E-06   -0.713624E-07   -0.265452E-07   -0.548405E-08   -0.526171E-09
    0.750000        0.633927       -0.377419E-06   -0.230802E-06   -0.745778E-07   -0.119660E-07   -0.397994E-09
    0.937500        0.667408       -0.128259E-05   -0.697963E-06   -0.189912E-06   -0.209927E-07    0.137724E-08
     1.12500        0.700887       -0.411878E-05   -0.195691E-05   -0.426953E-06   -0.230827E-07    0.716560E-08
     1.31250        0.734360       -0.124323E-04   -0.502726E-05   -0.806757E-06    0.139584E-07    0.173017E-07
     1.50000        0.767816       -0.350413E-04   -0.116305E-04   -0.113729E-05    0.154095E-06    0.186876E-07
     1.68750        0.801222       -0.914686E-04   -0.235622E-04   -0.654106E-06    0.441494E-06   -0.302979E-07
     1.87500        0.834494       -0.218769E-03   -0.396637E-04    0.223456E-05    0.671656E-06   -0.169234E-06
     2.06250        0.867436       -0.472463E-03   -0.487540E-04    0.894374E-05   -0.194111E-07   -0.258786E-06
     2.25000        0.899635       -0.901665E-03   -0.216678E-04    0.165498E-04   -0.292525E-05    0.236088E-06
     2.43750        0.930322       -0.146837E-02    0.807274E-04    0.109011E-04   -0.638155E-05    0.152324E-05
     2.62500        0.958281       -0.190939E-02    0.254570E-03   -0.316633E-04    0.100638E-05    0.751431E-06
     2.81250        0.981967       -0.164839E-02    0.347144E-03   -0.942372E-04    0.266713E-04   -0.581408E-05
----------
T =   0.500000    
    -3.00000         0.00000         0.00000         0.00000         0.00000         0.00000         0.00000    
    -2.81250        0.165271E-01    0.188775E-02   -0.417231E-03    0.124571E-03   -0.389852E-04    0.907812E-05
    -2.62500        0.385443E-01    0.243695E-02   -0.379516E-03    0.654168E-04   -0.938101E-05    0.809142E-06
    -2.43750        0.651245E-01    0.211350E-02   -0.181950E-03   -0.146216E-06    0.794718E-05   -0.248945E-05
    -2.25000        0.949647E-01    0.147720E-02   -0.216493E-04   -0.221481E-04    0.668162E-05   -0.114796E-05
    -2.06250        0.126850        0.886859E-03    0.517377E-04   -0.182074E-04    0.184803E-05    0.134653E-06
    -1.87500        0.159884        0.472962E-03    0.622821E-04   -0.839941E-05   -0.571190E-06    0.372363E-06
    -1.68750        0.193504        0.228780E-03    0.467169E-04   -0.161893E-05   -0.905432E-06    0.183826E-06
    -1.50000        0.227398        0.101804E-03    0.280256E-04    0.113354E-05   -0.537997E-06    0.229273E-07
    -1.31250        0.261411        0.421011E-04    0.145194E-04    0.152968E-05   -0.191533E-06   -0.292091E-07
    -1.12500        0.295473        0.163082E-04    0.673620E-05    0.110690E-05   -0.196158E-07   -0.255672E-07
   -0.937500        0.329553        0.595417E-05    0.285757E-05    0.625787E-06    0.314614E-07   -0.116337E-07
   -0.750000        0.363640        0.205947E-05    0.112333E-05    0.303624E-06    0.317733E-07   -0.290462E-08
   -0.562500        0.397729        0.677452E-06    0.412836E-06    0.131622E-06    0.200918E-07    0.302156E-09
   -0.375000        0.431819        0.211608E-06    0.141922E-06    0.517019E-07    0.101265E-07    0.803094E-09
   -0.187500        0.465910        0.589452E-07    0.426228E-07    0.171449E-07    0.395038E-08    0.470086E-09
     0.00000        0.500000       -0.653446E-16    0.302736E-16   -0.158660E-16    0.700577E-17   -0.193580E-17
    0.187500        0.534090       -0.589452E-07   -0.426228E-07   -0.171449E-07   -0.395038E-08   -0.470086E-09
    0.375000        0.568181       -0.211608E-06   -0.141922E-06   -0.517019E-07   -0.101265E-07   -0.803094E-09
    0.562500        0.602271       -0.677452E-06   -0.412836E-06   -0.131622E-06   -0.200918E-07   -0.302156E-09
    0.750000        0.636360       -0.205947E-05   -0.112333E-05   -0.303624E-06   -0.317733E-07    0.290462E-08
    0.937500        0.670447       -0.595417E-05   -0.285757E-05   -0.625787E-06   -0.314614E-07    0.116337E-07
     1.12500        0.704527       -0.163082E-04   -0.673620E-05   -0.110690E-05    0.196158E-07    0.255672E-07
     1.31250        0.738589       -0.421011E-04   -0.145194E-04   -0.152968E-05    0.191533E-06    0.292091E-07
     1.50000        0.772602       -0.101804E-03   -0.280256E-04   -0.113354E-05    0.537997E-06   -0.229273E-07
     1.68750        0.806496       -0.228780E-03   -0.467169E-04    0.161893E-05    0.905432E-06   -0.183826E-06
     1.87500        0.840116       -0.472962E-03   -0.622821E-04    0.839941E-05    0.571190E-06   -0.372363E-06
     2.06250        0.873150       -0.886859E-03   -0.517377E-04    0.182074E-04   -0.184803E-05   -0.134653E-06
     2.25000        0.905035       -0.147720E-02    0.216493E-04    0.221481E-04   -0.668162E-05    0.114796E-05
     2.43750        0.934875       -0.211350E-02    0.181950E-03    0.146216E-06   -0.794718E-05    0.248945E-05
     2.62500        0.961456       -0.243695E-02    0.379516E-03   -0.654168E-04    0.938101E-05   -0.809142E-06
     2.81250        0.983473       -0.188775E-02    0.417231E-03   -0.124571E-03    0.389852E-04   -0.907812E-05
----------
T =   0.600000    
    -3.00000         0.00000         0.00000         0.00000         0.00000         0.00000         0.00000    
    -2.81250        0.152675E-01    0.207085E-02   -0.467625E-03    0.148328E-03   -0.495183E-04    0.120057E-04
    -2.62500        0.358101E-01    0.289946E-02   -0.499068E-03    0.104877E-03   -0.219136E-04    0.367951E-05
    -2.43750        0.610546E-01    0.275053E-02   -0.302576E-03    0.207972E-04    0.632154E-05   -0.282225E-05
    -2.25000        0.899517E-01    0.211883E-02   -0.959150E-04   -0.216402E-04    0.106273E-04   -0.245076E-05
    -2.06250        0.121365        0.140962E-02    0.309006E-04   -0.271902E-04    0.518278E-05   -0.469665E-06
    -1.87500        0.154341        0.836398E-03    0.758082E-04   -0.174736E-04    0.576942E-06    0.442919E-06
    -1.68750        0.188200        0.451673E-03    0.720556E-04   -0.693415E-05   -0.110072E-05    0.425009E-06
    -1.50000        0.222522        0.225073E-03    0.512357E-04   -0.636598E-06   -0.106897E-05    0.168358E-06
    -1.31250        0.257068        0.104522E-03    0.307903E-04    0.171298E-05   -0.584601E-06    0.460148E-08
    -1.12500        0.291716        0.455773E-04    0.164233E-04    0.190717E-05   -0.202916E-06   -0.416015E-07
   -0.937500        0.326409        0.187731E-04    0.797885E-05    0.137026E-05   -0.160764E-07   -0.331934E-07
   -0.750000        0.361120        0.733974E-05    0.358627E-05    0.801807E-06    0.414727E-07   -0.156298E-07
   -0.562500        0.395837        0.273286E-05    0.150528E-05    0.409601E-06    0.421809E-07   -0.444972E-08
   -0.375000        0.430558        0.964789E-06    0.588496E-06    0.186297E-06    0.273021E-07   -0.612265E-10
   -0.187500        0.465279        0.298829E-06    0.196941E-06    0.693347E-07    0.124445E-07    0.638930E-09
     0.00000        0.500000       -0.112063E-15    0.436692E-16   -0.236407E-16    0.109094E-16   -0.306310E-17
    0.187500        0.534721       -0.298829E-06   -0.196941E-06   -0.693347E-07   -0.124445E-07   -0.638930E-09
    0.375000        0.569442       -0.964789E-06   -0.588496E-06   -0.186297E-06   -0.273021E-07    0.612265E-10
    0.562500        0.604163       -0.273286E-05   -0.150528E-05   -0.409601E-06   -0.421809E-07    0.444972E-08
    0.750000        0.638880       -0.733974E-05   -0.358627E-05   -0.801807E-06   -0.414727E-07    0.156298E-07
    0.937500        0.673591       -0.187731E-04   -0.797885E-05   -0.137026E-05    0.160764E-07    0.331934E-07
     1.12500        0.708284       -0.455773E-04   -0.164233E-04   -0.190717E-05    0.202916E-06    0.416015E-07
     1.31250        0.742932       -0.104522E-03   -0.307903E-04   -0.171298E-05    0.584601E-06   -0.460148E-08
     1.50000        0.777478       -0.225073E-03   -0.512357E-04    0.636598E-06    0.106897E-05   -0.168358E-06
     1.68750        0.811800       -0.451673E-03   -0.720556E-04    0.693415E-05    0.110072E-05   -0.425009E-06
     1.87500        0.845659       -0.836398E-03   -0.758082E-04    0.174736E-04   -0.576942E-06   -0.442919E-06
     2.06250        0.878635       -0.140962E-02   -0.309006E-04    0.271902E-04   -0.518278E-05    0.469665E-06
     2.25000        0.910048       -0.211883E-02    0.959150E-04    0.216402E-04   -0.106273E-04    0.245076E-05
     2.43750        0.938945       -0.275053E-02    0.302576E-03   -0.207972E-04   -0.632154E-05    0.282225E-05
     2.62500        0.964190       -0.289946E-02    0.499068E-03   -0.104877E-03    0.219136E-04   -0.367951E-05
     2.81250        0.984733       -0.207085E-02    0.467625E-03   -0.148328E-03    0.495183E-04   -0.120057E-04
----------
T =   0.700000    
    -3.00000         0.00000         0.00000         0.00000         0.00000         0.00000         0.00000    
    -2.81250        0.141915E-01    0.220936E-02   -0.499292E-03    0.163700E-03   -0.568536E-04    0.141268E-04
    -2.62500        0.334228E-01    0.329927E-02   -0.607569E-03    0.146459E-03   -0.372808E-04    0.756014E-05
    -2.43750        0.573977E-01    0.335736E-02   -0.432543E-03    0.508154E-04    0.616558E-06   -0.209155E-05
    -2.25000        0.853056E-01    0.279184E-02   -0.195311E-03   -0.133271E-04    0.134164E-04   -0.376352E-05
    -2.06250        0.116131        0.201437E-02   -0.163818E-04   -0.332013E-04    0.956196E-05   -0.158573E-05
    -1.87500        0.148916        0.130052E-02    0.729629E-04   -0.277716E-04    0.307368E-05    0.175401E-06
    -1.68750        0.182907        0.766191E-03    0.930704E-04   -0.151620E-04   -0.576660E-06    0.632303E-06
    -1.50000        0.217584        0.417512E-03    0.779795E-04   -0.493798E-05   -0.149099E-05    0.416440E-06
    -1.31250        0.252627        0.212491E-03    0.534003E-04    0.517725E-06   -0.114711E-05    0.129365E-06
    -1.12500        0.287851        0.101748E-03    0.320364E-04    0.231338E-05   -0.582338E-06   -0.205988E-07
   -0.937500        0.323162        0.461026E-04    0.174021E-04    0.224317E-05   -0.189757E-06   -0.542784E-07
   -0.750000        0.358511        0.198573E-04    0.871998E-05    0.158177E-05   -0.364393E-08   -0.395331E-07
   -0.562500        0.393877        0.815158E-05    0.407132E-05    0.936705E-06    0.518417E-07   -0.188588E-07
   -0.375000        0.429249        0.316508E-05    0.176086E-05    0.481973E-06    0.482987E-07   -0.611977E-08
   -0.187500        0.464624        0.106178E-05    0.639493E-06    0.196470E-06    0.259024E-07   -0.111684E-08
     0.00000        0.500000       -0.150959E-15    0.736685E-16   -0.373452E-16    0.163198E-16   -0.450436E-17
    0.187500        0.535376       -0.106178E-05   -0.639493E-06   -0.196470E-06   -0.259024E-07    0.111684E-08
    0.375000        0.570751       -0.316508E-05   -0.176086E-05   -0.481973E-06   -0.482987E-07    0.611977E-08
    0.562500        0.606123       -0.815158E-05   -0.407132E-05   -0.936705E-06   -0.518417E-07    0.188588E-07
    0.750000        0.641489       -0.198573E-04   -0.871998E-05   -0.158177E-05    0.364393E-08    0.395331E-07
    0.937500        0.676838       -0.461026E-04   -0.174021E-04   -0.224317E-05    0.189757E-06    0.542784E-07
     1.12500        0.712149       -0.101748E-03   -0.320364E-04   -0.231338E-05    0.582338E-06    0.205988E-07
     1.31250        0.747373       -0.212491E-03   -0.534003E-04   -0.517725E-06    0.114711E-05   -0.129365E-06
     1.50000        0.782416       -0.417512E-03   -0.779795E-04    0.493798E-05    0.149099E-05   -0.416440E-06
     1.68750        0.817093       -0.766191E-03   -0.930704E-04    0.151620E-04    0.576660E-06   -0.632303E-06
     1.87500        0.851084       -0.130052E-02   -0.729629E-04    0.277716E-04   -0.307368E-05   -0.175401E-06
     2.06250        0.883869       -0.201437E-02    0.163818E-04    0.332013E-04   -0.956196E-05    0.158573E-05
     2.25000        0.914694       -0.279184E-02    0.195311E-03    0.133271E-04   -0.134164E-04    0.376352E-05
     2.43750        0.942602       -0.335736E-02    0.432543E-03   -0.508154E-04   -0.616558E-06    0.209155E-05
     2.62500        0.966577       -0.329927E-02    0.607569E-03   -0.146459E-03    0.372808E-04   -0.756014E-05
     2.81250        0.985809       -0.220936E-02    0.499292E-03   -0.163700E-03    0.568536E-04   -0.141268E-04
----------
T =   0.800000    
    -3.00000         0.00000         0.00000         0.00000         0.00000         0.00000         0.00000    
    -2.81250        0.132578E-01    0.231165E-02   -0.513346E-03    0.169662E-03   -0.600737E-04    0.151261E-04
    -2.62500        0.313156E-01    0.364143E-02   -0.701724E-03    0.186887E-03   -0.538393E-04    0.119882E-04
    -2.43750        0.540948E-01    0.392294E-02   -0.564543E-03    0.882450E-04   -0.938054E-05   -0.929028E-07
    -2.25000        0.809997E-01    0.347123E-02   -0.313076E-03    0.336339E-05    0.138533E-04   -0.466063E-05
    -2.06250        0.111155        0.267625E-02   -0.889865E-04   -0.342409E-04    0.141834E-04   -0.306530E-05
    -1.87500        0.143639        0.185155E-02    0.494254E-04   -0.373462E-04    0.687215E-05   -0.553654E-06
    -1.68750        0.177657        0.117137E-02    0.103785E-03   -0.254201E-04    0.101447E-05    0.643099E-06
    -1.50000        0.212614        0.686672E-03    0.103813E-03   -0.119537E-04   -0.146885E-05    0.698632E-06
    -1.31250        0.248107        0.376604E-03    0.803991E-04   -0.273133E-05   -0.171762E-05    0.359296E-06
    -1.12500        0.283888        0.194638E-03    0.535348E-04    0.168606E-05   -0.114266E-05    0.760654E-07
   -0.937500        0.319816        0.953232E-04    0.320062E-04    0.286497E-05   -0.539270E-06   -0.481569E-07
   -0.750000        0.355815        0.444276E-04    0.175747E-04    0.250791E-05   -0.158928E-06   -0.658114E-07
   -0.562500        0.391847        0.197399E-04    0.896111E-05    0.171633E-05    0.115348E-07   -0.445233E-07
   -0.375000        0.427893        0.827029E-05    0.420509E-05    0.985904E-06    0.542259E-07   -0.215755E-07
   -0.187500        0.463945        0.295155E-05    0.162760E-05    0.433525E-06    0.374265E-07   -0.754385E-08
     0.00000        0.500000       -0.125537E-15    0.895568E-16   -0.534861E-16    0.241908E-16   -0.668039E-17
    0.187500        0.536055       -0.295155E-05   -0.162760E-05   -0.433525E-06   -0.374265E-07    0.754385E-08
    0.375000        0.572107       -0.827029E-05   -0.420509E-05   -0.985904E-06   -0.542259E-07    0.215755E-07
    0.562500        0.608153       -0.197399E-04   -0.896111E-05   -0.171633E-05   -0.115348E-07    0.445233E-07
    0.750000        0.644185       -0.444276E-04   -0.175747E-04   -0.250791E-05    0.158928E-06    0.658114E-07
    0.937500        0.680184       -0.953232E-04   -0.320062E-04   -0.286497E-05    0.539270E-06    0.481569E-07
     1.12500        0.716112       -0.194638E-03   -0.535348E-04   -0.168606E-05    0.114266E-05   -0.760654E-07
     1.31250        0.751893       -0.376604E-03   -0.803991E-04    0.273133E-05    0.171762E-05   -0.359296E-06
     1.50000        0.787386       -0.686672E-03   -0.103813E-03    0.119537E-04    0.146885E-05   -0.698632E-06
     1.68750        0.822343       -0.117137E-02   -0.103785E-03    0.254201E-04   -0.101447E-05   -0.643099E-06
     1.87500        0.856361       -0.185155E-02   -0.494254E-04    0.373462E-04   -0.687215E-05    0.553654E-06
     2.06250        0.888845       -0.267625E-02    0.889865E-04    0.342409E-04   -0.141834E-04    0.306530E-05
     2.25000        0.919000       -0.347123E-02    0.313076E-03   -0.336339E-05   -0.138533E-04    0.466063E-05
     2.43750        0.945905       -0.392294E-02    0.564543E-03   -0.882450E-04    0.938054E-05    0.929028E-07
     2.62500        0.968684       -0.364143E-02    0.701724E-03   -0.186887E-03    0.538393E-04   -0.119882E-04
     2.81250        0.986742       -0.231165E-02    0.513346E-03   -0.169662E-03    0.600737E-04   -0.151261E-04
----------
T =   0.900000    
    -3.00000         0.00000         0.00000         0.00000         0.00000         0.00000         0.00000    
    -2.81250        0.124379E-01    0.238396E-02   -0.511072E-03    0.165867E-03   -0.587151E-04    0.148333E-04
    -2.62500        0.294393E-01    0.393129E-02   -0.779310E-03    0.223124E-03   -0.698358E-04    0.164318E-04
    -2.43750        0.510976E-01    0.444249E-02   -0.693370E-03    0.131148E-03   -0.233373E-04    0.317175E-05
    -2.25000        0.770058E-01    0.413974E-02   -0.442950E-03    0.283173E-04    0.110334E-04   -0.476899E-05
    -2.06250        0.106434        0.337387E-02   -0.183753E-03   -0.290090E-04    0.181105E-04   -0.464527E-05
    -1.87500        0.138526        0.247386E-02    0.351131E-05   -0.444107E-04    0.116275E-04   -0.175231E-05
    -1.68750        0.172478        0.166163E-02    0.995802E-04   -0.364344E-04    0.383414E-05    0.313589E-06
    -1.50000        0.207636        0.103563E-02    0.124098E-03   -0.213314E-04   -0.682113E-06    0.900592E-06
    -1.31250        0.243527        0.604665E-03    0.108839E-03   -0.837821E-05   -0.205892E-05    0.663485E-06
    -1.12500        0.279838        0.333101E-03    0.798573E-04   -0.559172E-06   -0.178989E-05    0.270836E-06
   -0.937500        0.316376        0.174083E-03    0.520069E-04    0.274593E-05   -0.107092E-05    0.174017E-07
   -0.750000        0.353033        0.866514E-04    0.309198E-04    0.330058E-05   -0.470306E-06   -0.744911E-07
   -0.562500        0.389747        0.411113E-04    0.169904E-04    0.264498E-05   -0.124746E-06   -0.752954E-07
   -0.375000        0.426488        0.183280E-04    0.852907E-05    0.168783E-05    0.142108E-07   -0.475185E-07
   -0.187500        0.463242        0.687087E-05    0.347354E-05    0.793450E-06    0.326314E-07   -0.207552E-07
     0.00000        0.500000       -0.149399E-15    0.107487E-15   -0.697111E-16    0.332993E-16   -0.941648E-17
    0.187500        0.536758       -0.687087E-05   -0.347354E-05   -0.793450E-06   -0.326314E-07    0.207552E-07
    0.375000        0.573512       -0.183280E-04   -0.852907E-05   -0.168783E-05   -0.142108E-07    0.475185E-07
    0.562500        0.610253       -0.411113E-04   -0.169904E-04   -0.264498E-05    0.124746E-06    0.752954E-07
    0.750000        0.646967       -0.866514E-04   -0.309198E-04   -0.330058E-05    0.470306E-06    0.744911E-07
    0.937500        0.683624       -0.174083E-03   -0.520069E-04   -0.274593E-05    0.107092E-05   -0.174017E-07
     1.12500        0.720162       -0.333101E-03   -0.798573E-04    0.559172E-06    0.178989E-05   -0.270836E-06
     1.31250        0.756473       -0.604665E-03   -0.108839E-03    0.837821E-05    0.205892E-05   -0.663485E-06
     1.50000        0.792364       -0.103563E-02   -0.124098E-03    0.213314E-04    0.682113E-06   -0.900592E-06
     1.68750        0.827522       -0.166163E-02   -0.995802E-04    0.364344E-04   -0.383414E-05   -0.313589E-06
     1.87500        0.861474       -0.247386E-02   -0.351131E-05    0.444107E-04   -0.116275E-04    0.175231E-05
     2.06250        0.893566       -0.337387E-02    0.183753E-03    0.290090E-04   -0.181105E-04    0.464527E-05
     2.25000        0.922994       -0.413974E-02    0.442950E-03   -0.283173E-04   -0.110334E-04    0.476899E-05
     2.43750        0.948902       -0.444249E-02    0.693370E-03   -0.131148E-03    0.233373E-04   -0.317175E-05
     2.62500        0.970561       -0.393129E-02    0.779310E-03   -0.223124E-03    0.698358E-04   -0.164318E-04
     2.81250        0.987562       -0.238396E-02    0.511072E-03   -0.165867E-03    0.587151E-04   -0.148333E-04
----------
T =    1.00000    
    -3.00000         0.00000         0.00000         0.00000         0.00000         0.00000         0.00000    
    -2.81250        0.117110E-01    0.243130E-02   -0.494039E-03    0.152603E-03   -0.527327E-04    0.132123E-04
    -2.62500        0.277565E-01    0.417373E-02   -0.838624E-03    0.252377E-03   -0.835487E-04    0.203525E-04
    -2.43750        0.483660E-01    0.491465E-02   -0.815168E-03    0.177366E-03   -0.404835E-04    0.752867E-05
    -2.25000        0.732969E-01    0.478580E-02   -0.579640E-03    0.610013E-04    0.438244E-05   -0.381340E-05
    -2.06250        0.101962        0.408963E-02   -0.296670E-03   -0.167614E-04    0.204148E-04   -0.601301E-05
    -1.87500        0.133589        0.315189E-02   -0.644888E-04   -0.475033E-04    0.167848E-04   -0.332180E-05
    -1.68750        0.167389        0.222869E-02    0.774141E-04   -0.468223E-04    0.783885E-05   -0.443154E-06
    -1.50000        0.202673        0.146394E-02    0.134637E-03   -0.323396E-04    0.110835E-05    0.895220E-06
    -1.31250        0.238906        0.901713E-03    0.135298E-03   -0.164065E-04   -0.190878E-05    0.970872E-06
    -1.12500        0.275714        0.524534E-03    0.109139E-03   -0.483174E-05   -0.236609E-05    0.557651E-06
   -0.937500        0.312851        0.289716E-03    0.769235E-04    0.139041E-05   -0.173801E-05    0.167799E-06
   -0.750000        0.350168        0.152491E-03    0.491005E-04    0.358185E-05   -0.957776E-06   -0.393134E-07
   -0.562500        0.387578        0.764654E-04    0.287943E-04    0.351074E-05   -0.398680E-06   -0.962343E-07
   -0.375000        0.425035        0.358955E-04    0.153014E-04    0.250030E-05   -0.107926E-06   -0.790033E-07
   -0.187500        0.462513        0.140046E-04    0.649632E-05    0.125194E-05   -0.800644E-08   -0.402272E-07
     0.00000        0.500000       -0.157320E-15    0.133976E-15   -0.911935E-16    0.445067E-16   -0.127262E-16
    0.187500        0.537487       -0.140046E-04   -0.649632E-05   -0.125194E-05    0.800644E-08    0.402272E-07
    0.375000        0.574965       -0.358955E-04   -0.153014E-04   -0.250030E-05    0.107926E-06    0.790033E-07
    0.562500        0.612422       -0.764654E-04   -0.287943E-04   -0.351074E-05    0.398680E-06    0.962343E-07
    0.750000        0.649832       -0.152491E-03   -0.491005E-04   -0.358185E-05    0.957776E-06    0.393134E-07
    0.937500        0.687149       -0.289716E-03   -0.769235E-04   -0.139041E-05    0.173801E-05   -0.167799E-06
     1.12500        0.724286       -0.524534E-03   -0.109139E-03    0.483174E-05    0.236609E-05   -0.557651E-06
     1.31250        0.761094       -0.901713E-03   -0.135298E-03    0.164065E-04    0.190878E-05   -0.970872E-06
     1.50000        0.797327       -0.146394E-02   -0.134637E-03    0.323396E-04   -0.110835E-05   -0.895220E-06
     1.68750        0.832611       -0.222869E-02   -0.774141E-04    0.468223E-04   -0.783885E-05    0.443154E-06
     1.87500        0.866411       -0.315189E-02    0.644888E-04    0.475033E-04   -0.167848E-04    0.332180E-05
     2.06250        0.898038       -0.408963E-02    0.296670E-03    0.167614E-04   -0.204148E-04    0.601301E-05
     2.25000        0.926703       -0.478580E-02    0.579640E-03   -0.610013E-04   -0.438244E-05    0.381340E-05
     2.43750        0.951634       -0.491465E-02    0.815168E-03   -0.177366E-03    0.404835E-04   -0.752867E-05
     2.62500        0.972244       -0.417373E-02    0.838624E-03   -0.252377E-03    0.835487E-04   -0.203525E-04
     2.81250        0.988289       -0.243130E-02    0.494039E-03   -0.152603E-03    0.527327E-04   -0.132123E-04
----------
T =    1.10000    
    -3.00000         0.00000         0.00000         0.00000         0.00000         0.00000         0.00000    
    -2.81250        0.110614E-01    0.245791E-02   -0.464184E-03    0.130761E-03   -0.424644E-04    0.103475E-04
    -2.62500        0.262382E-01    0.437302E-02   -0.878324E-03    0.272185E-03   -0.934099E-04    0.232536E-04
    -2.43750        0.458671E-01    0.533979E-02   -0.926834E-03    0.224501E-03   -0.596905E-04    0.126649E-04
    -2.25000        0.698479E-01    0.540193E-02   -0.718828E-03    0.100586E-03   -0.634105E-05   -0.163347E-05
    -2.06250        0.977286E-01    0.480952E-02   -0.423591E-03    0.284195E-05    0.202625E-04   -0.685532E-05
    -1.87500        0.128833        0.387108E-02   -0.152969E-03   -0.455094E-04    0.216667E-04   -0.508303E-05
    -1.68750        0.162406        0.286283E-02    0.357112E-04   -0.552658E-04    0.127985E-04   -0.164212E-05
    -1.50000        0.197743        0.196862E-02    0.132001E-03   -0.440311E-04    0.402377E-05    0.571900E-06
    -1.31250        0.234262        0.127033E-02    0.156304E-03   -0.264897E-04   -0.102495E-05    0.118578E-05
    -1.12500        0.271530        0.774701E-03    0.138979E-03   -0.113149E-04   -0.267460E-05    0.899686E-06
   -0.937500        0.309248        0.448860E-03    0.105651E-03   -0.162003E-05   -0.244374E-05    0.412040E-06
   -0.750000        0.347225        0.247905E-03    0.719799E-04    0.293616E-05   -0.160601E-05    0.649555E-07
   -0.562500        0.385342        0.130336E-03    0.447244E-04    0.401723E-05   -0.835932E-06   -0.858854E-07
   -0.375000        0.423532        0.639059E-04    0.249616E-04    0.325839E-05   -0.345038E-06   -0.104155E-06
   -0.187500        0.461759        0.257679E-04    0.109724E-04    0.174154E-05   -0.104925E-06   -0.615191E-07
     0.00000        0.500000       -0.150148E-15    0.146681E-15   -0.112467E-15    0.575185E-16   -0.167314E-16
    0.187500        0.538241       -0.257679E-04   -0.109724E-04   -0.174154E-05    0.104925E-06    0.615191E-07
    0.375000        0.576468       -0.639059E-04   -0.249616E-04   -0.325839E-05    0.345038E-06    0.104155E-06
    0.562500        0.614658       -0.130336E-03   -0.447244E-04   -0.401723E-05    0.835932E-06    0.858854E-07
    0.750000        0.652775       -0.247905E-03   -0.719799E-04   -0.293616E-05    0.160601E-05   -0.649555E-07
    0.937500        0.690752       -0.448860E-03   -0.105651E-03    0.162003E-05    0.244374E-05   -0.412040E-06
     1.12500        0.728470       -0.774701E-03   -0.138979E-03    0.113149E-04    0.267460E-05   -0.899686E-06
     1.31250        0.765738       -0.127033E-02   -0.156304E-03    0.264897E-04    0.102495E-05   -0.118578E-05
     1.50000        0.802257       -0.196862E-02   -0.132001E-03    0.440311E-04   -0.402377E-05   -0.571900E-06
     1.68750        0.837594       -0.286283E-02   -0.357112E-04    0.552658E-04   -0.127985E-04    0.164212E-05
     1.87500        0.871167       -0.387108E-02    0.152969E-03    0.455094E-04   -0.216667E-04    0.508303E-05
     2.06250        0.902271       -0.480952E-02    0.423591E-03   -0.284195E-05   -0.202625E-04    0.685532E-05
     2.25000        0.930152       -0.540193E-02    0.718828E-03   -0.100586E-03    0.634105E-05    0.163347E-05
     2.43750        0.954133       -0.533979E-02    0.926834E-03   -0.224501E-03    0.596905E-04   -0.126649E-04
     2.62500        0.973762       -0.437302E-02    0.878324E-03   -0.272185E-03    0.934099E-04   -0.232536E-04
     2.81250        0.988939       -0.245791E-02    0.464184E-03   -0.130761E-03    0.424644E-04   -0.103475E-04
----------
T =    1.20000    
    -3.00000         0.00000         0.00000         0.00000         0.00000         0.00000         0.00000    
    -2.81250        0.104770E-01    0.246759E-02   -0.423832E-03    0.101778E-03   -0.285819E-04    0.642790E-05
    -2.62500        0.248614E-01    0.453287E-02   -0.897490E-03    0.280570E-03   -0.981237E-04    0.247218E-04
    -2.43750        0.435733E-01    0.571909E-02   -0.102561E-02    0.269906E-03   -0.795391E-04    0.181583E-04
    -2.25000        0.666361E-01    0.598351E-02   -0.856979E-03    0.145972E-03   -0.210501E-04    0.181157E-05
    -2.06250        0.937237E-01    0.552262E-02   -0.560619E-03    0.298511E-04    0.169637E-04   -0.689084E-05
    -1.87500        0.124260        0.461837E-02   -0.259551E-03   -0.376233E-04    0.255442E-04   -0.680649E-05
    -1.68750        0.157541        0.355380E-02   -0.258805E-04   -0.605969E-04    0.183318E-04   -0.322745E-05
    -1.50000        0.192863        0.254485E-02    0.113659E-03   -0.553736E-04    0.805447E-05   -0.143678E-06
    -1.31250        0.229610        0.171106E-02    0.168622E-03   -0.380708E-04    0.781197E-06    0.120617E-05
    -1.12500        0.267299        0.108776E-02    0.166693E-03   -0.199652E-04   -0.250698E-05    0.123466E-05
   -0.937500        0.305578        0.657251E-03    0.136582E-03   -0.657560E-05   -0.305173E-05    0.738083E-06
   -0.750000        0.344209        0.378570E-03    0.989453E-04    0.967147E-06   -0.236178E-05    0.255639E-06
   -0.562500        0.383041        0.207359E-03    0.647928E-04    0.382068E-05   -0.143793E-05   -0.206255E-07
   -0.375000        0.421983        0.105518E-03    0.377552E-04    0.373522E-05   -0.718711E-06   -0.105492E-06
   -0.187500        0.460980        0.437366E-04    0.170958E-04    0.215517E-05   -0.274954E-06   -0.762220E-07
     0.00000        0.500000       -0.200952E-15    0.183332E-15   -0.138758E-15    0.720418E-16   -0.211807E-16
    0.187500        0.539020       -0.437366E-04   -0.170958E-04   -0.215517E-05    0.274954E-06    0.762220E-07
    0.375000        0.578017       -0.105518E-03   -0.377552E-04   -0.373522E-05    0.718711E-06    0.105492E-06
    0.562500        0.616959       -0.207359E-03   -0.647928E-04   -0.382068E-05    0.143793E-05    0.206255E-07
    0.750000        0.655791       -0.378570E-03   -0.989453E-04   -0.967147E-06    0.236178E-05   -0.255639E-06
    0.937500        0.694422       -0.657251E-03   -0.136582E-03    0.657560E-05    0.305173E-05   -0.738083E-06
     1.12500        0.732701       -0.108776E-02   -0.166693E-03    0.199652E-04    0.250698E-05   -0.123466E-05
     1.31250        0.770390       -0.171106E-02   -0.168622E-03    0.380708E-04   -0.781197E-06   -0.120617E-05
     1.50000        0.807137       -0.254485E-02   -0.113659E-03    0.553736E-04   -0.805447E-05    0.143678E-06
     1.68750        0.842459       -0.355380E-02    0.258805E-04    0.605969E-04   -0.183318E-04    0.322745E-05
     1.87500        0.875740       -0.461837E-02    0.259551E-03    0.376233E-04   -0.255442E-04    0.680649E-05
     2.06250        0.906276       -0.552262E-02    0.560619E-03   -0.298511E-04   -0.169637E-04    0.689084E-05
     2.25000        0.933364       -0.598351E-02    0.856979E-03   -0.145972E-03    0.210501E-04   -0.181157E-05
     2.43750        0.956427       -0.571909E-02    0.102561E-02   -0.269906E-03    0.795391E-04   -0.181583E-04
     2.62500        0.975139       -0.453287E-02    0.897490E-03   -0.280570E-03    0.981237E-04   -0.247218E-04
     2.81250        0.989523       -0.246759E-02    0.423832E-03   -0.101778E-03    0.285819E-04   -0.642790E-05
----------
T =    1.30000    
    -3.00000         0.00000         0.00000         0.00000         0.00000         0.00000         0.00000    
    -2.81250        0.994790E-02    0.246389E-02   -0.375653E-03    0.675293E-04   -0.120255E-04    0.172526E-05
    -2.62500        0.236077E-01    0.465673E-02   -0.895782E-03    0.276209E-03   -0.967792E-04    0.244642E-04
    -2.43750        0.414617E-01    0.605398E-02   -0.110884E-02    0.310719E-03   -0.983966E-04    0.235087E-04
    -2.25000        0.636410E-01    0.652783E-02   -0.991076E-03    0.195763E-03   -0.393284E-04    0.644182E-05
    -2.06250        0.899350E-01    0.622064E-02   -0.704271E-03    0.640932E-04    0.100010E-04   -0.589062E-05
    -1.87500        0.119868        0.538232E-02   -0.381488E-03   -0.232912E-04    0.276915E-04   -0.823877E-05
    -1.68750        0.152801        0.429137E-02   -0.106771E-03   -0.618273E-04    0.239457E-04   -0.508239E-05
    -1.50000        0.188046        0.318666E-02    0.779693E-04   -0.653396E-04    0.130627E-04   -0.127919E-05
    -1.31250        0.224965        0.222279E-02    0.169440E-03   -0.504434E-04    0.362289E-05    0.939981E-06
    -1.12500        0.263033        0.146641E-02    0.189523E-03   -0.305400E-04   -0.166735E-05    0.148418E-05
   -0.937500        0.301848        0.919640E-03    0.167747E-03   -0.136161E-04   -0.340010E-05    0.111283E-05
   -0.750000        0.341126        0.549699E-03    0.128955E-03   -0.265855E-05   -0.313659E-05    0.537268E-06
   -0.562500        0.380679        0.312076E-03    0.886572E-04    0.256952E-05   -0.217760E-05    0.120413E-06
   -0.375000        0.420387        0.163974E-03    0.536965E-04    0.366641E-05   -0.123342E-05   -0.628266E-07
   -0.187500        0.460177        0.695745E-04    0.249512E-04    0.235656E-05   -0.527528E-06   -0.730414E-07
     0.00000        0.500000       -0.137505E-15    0.205280E-15   -0.170614E-15    0.900468E-16   -0.265811E-16
    0.187500        0.539823       -0.695745E-04   -0.249512E-04   -0.235656E-05    0.527528E-06    0.730414E-07
    0.375000        0.579613       -0.163974E-03   -0.536965E-04   -0.366641E-05    0.123342E-05    0.628266E-07
    0.562500        0.619321       -0.312076E-03   -0.886572E-04   -0.256952E-05    0.217760E-05   -0.120413E-06
    0.750000        0.658874       -0.549699E-03   -0.128955E-03    0.265855E-05    0.313659E-05   -0.537268E-06
    0.937500        0.698152       -0.919640E-03   -0.167747E-03    0.136161E-04    0.340010E-05   -0.111283E-05
     1.12500        0.736967       -0.146641E-02   -0.189523E-03    0.305400E-04    0.166735E-05   -0.148418E-05
     1.31250        0.775035       -0.222279E-02   -0.169440E-03    0.504434E-04   -0.362289E-05   -0.939981E-06
     1.50000        0.811954       -0.318666E-02   -0.779693E-04    0.653396E-04   -0.130627E-04    0.127919E-05
     1.68750        0.847199       -0.429137E-02    0.106771E-03    0.618273E-04   -0.239457E-04    0.508239E-05
     1.87500        0.880132       -0.538232E-02    0.381488E-03    0.232912E-04   -0.276915E-04    0.823877E-05
     2.06250        0.910065       -0.622064E-02    0.704271E-03   -0.640932E-04   -0.100010E-04    0.589062E-05
     2.25000        0.936359       -0.652783E-02    0.991076E-03   -0.195763E-03    0.393284E-04   -0.644182E-05
     2.43750        0.958538       -0.605398E-02    0.110884E-02   -0.310719E-03    0.983966E-04   -0.235087E-04
     2.62500        0.976392       -0.465673E-02    0.895782E-03   -0.276209E-03    0.967792E-04   -0.244642E-04
     2.81250        0.990052       -0.246389E-02    0.375653E-03   -0.675293E-04    0.120255E-04   -0.172526E-05
----------
T =    1.40000    
    -3.00000         0.00000         0.00000         0.00000         0.00000         0.00000         0.00000    
    -2.81250        0.946630E-02    0.245013E-02   -0.322546E-03    0.302029E-04    0.607820E-05   -0.343100E-05
    -2.62500        0.224618E-01    0.474795E-02   -0.873614E-03    0.258594E-03   -0.889406E-04    0.223358E-04
    -2.43750        0.395127E-01    0.634589E-02   -0.117396E-02    0.343969E-03   -0.114517E-03    0.281753E-04
    -2.25000        0.608440E-01    0.703342E-02   -0.111836E-02    0.248203E-03   -0.604232E-04    0.120567E-04
    -2.06250        0.863507E-01    0.689737E-02   -0.851495E-03    0.105194E-03   -0.947611E-06   -0.369211E-05
    -1.87500        0.115657        0.615318E-02   -0.515945E-03   -0.215725E-05    0.274238E-04   -0.912380E-05
    -1.68750        0.148193        0.506574E-02   -0.205696E-03   -0.581466E-04    0.290733E-04   -0.704298E-05
    -1.50000        0.183302        0.388730E-02    0.241006E-04   -0.729606E-04    0.187954E-04   -0.281288E-05
    -1.31250        0.220340        0.280310E-02    0.156463E-03   -0.628196E-04    0.752639E-05    0.317528E-06
    -1.12500        0.258743        0.191201E-02    0.204802E-03   -0.426378E-04    0.798475E-08    0.156434E-05
   -0.937500        0.298068        0.123978E-02    0.196946E-03   -0.227298E-04   -0.331639E-05    0.148549E-05
   -0.750000        0.337983        0.765923E-03    0.160607E-03   -0.818250E-05   -0.381276E-05    0.899134E-06
   -0.562500        0.378260        0.448794E-03    0.115634E-03   -0.604004E-07   -0.299874E-05    0.350949E-06
   -0.375000        0.418748        0.242476E-03    0.725556E-04    0.277729E-05   -0.187314E-05    0.431727E-07
   -0.187500        0.459350        0.104967E-03    0.344998E-04    0.219410E-05   -0.862094E-06   -0.395913E-07
     0.00000        0.500000       -0.173785E-15    0.229524E-15   -0.200982E-15    0.109346E-15   -0.326822E-16
    0.187500        0.540650       -0.104967E-03   -0.344998E-04   -0.219410E-05    0.862094E-06    0.395913E-07
    0.375000        0.581252       -0.242476E-03   -0.725556E-04   -0.277729E-05    0.187314E-05   -0.431727E-07
    0.562500        0.621740       -0.448794E-03   -0.115634E-03    0.604004E-07    0.299874E-05   -0.350949E-06
    0.750000        0.662017       -0.765923E-03   -0.160607E-03    0.818250E-05    0.381276E-05   -0.899134E-06
    0.937500        0.701932       -0.123978E-02   -0.196946E-03    0.227298E-04    0.331639E-05   -0.148549E-05
     1.12500        0.741257       -0.191201E-02   -0.204802E-03    0.426378E-04   -0.798475E-08   -0.156434E-05
     1.31250        0.779660       -0.280310E-02   -0.156463E-03    0.628196E-04   -0.752639E-05   -0.317528E-06
     1.50000        0.816698       -0.388730E-02   -0.241006E-04    0.729606E-04   -0.187954E-04    0.281288E-05
     1.68750        0.851807       -0.506574E-02    0.205696E-03    0.581466E-04   -0.290733E-04    0.704298E-05
     1.87500        0.884343       -0.615318E-02    0.515945E-03    0.215725E-05   -0.274238E-04    0.912380E-05
     2.06250        0.913649       -0.689737E-02    0.851495E-03   -0.105194E-03    0.947611E-06    0.369211E-05
     2.25000        0.939156       -0.703342E-02    0.111836E-02   -0.248203E-03    0.604232E-04   -0.120567E-04
     2.43750        0.960487       -0.634589E-02    0.117396E-02   -0.343969E-03    0.114517E-03   -0.281753E-04
     2.62500        0.977538       -0.474795E-02    0.873614E-03   -0.258594E-03    0.889406E-04   -0.223358E-04
     2.81250        0.990534       -0.245013E-02    0.322546E-03   -0.302029E-04   -0.607820E-05    0.343100E-05
----------
T =    1.50000    
    -3.00000         0.00000         0.00000         0.00000         0.00000         0.00000         0.00000    
    -2.81250        0.902556E-02    0.242944E-02   -0.267495E-03   -0.786767E-05    0.245083E-04   -0.868206E-05
    -2.62500        0.214108E-01    0.480999E-02   -0.832284E-03    0.228132E-03   -0.747012E-04    0.183544E-04
    -2.43750        0.377099E-01    0.659620E-02   -0.121856E-02    0.366761E-03   -0.126175E-03    0.316226E-04
    -2.25000        0.582288E-01    0.749949E-02   -0.123608E-02    0.301120E-03   -0.832420E-04    0.183373E-04
    -2.06250        0.829594E-01    0.754829E-02   -0.999601E-03    0.152558E-03   -0.159842E-04   -0.210645E-06
    -1.87500        0.111621        0.692273E-02   -0.660177E-03    0.259764E-04    0.241261E-04   -0.921940E-05
    -1.68750        0.143720        0.586774E-02   -0.320950E-03   -0.489040E-04    0.331068E-04   -0.891220E-05
    -1.50000        0.178642        0.463968E-02   -0.480861E-04   -0.773561E-04    0.249012E-04   -0.467579E-05
    -1.31250        0.215745        0.344856E-02    0.127946E-03   -0.743825E-04    0.124272E-04   -0.700347E-06
    -1.12500        0.254442        0.242478E-02    0.210065E-03   -0.557390E-04    0.263563E-05    0.139564E-05
   -0.937500        0.294247        0.162048E-02    0.221866E-03   -0.337646E-04   -0.263174E-05    0.179285E-05
   -0.750000        0.334785        0.103124E-02    0.192216E-03   -0.157391E-04   -0.425144E-05    0.131508E-05
   -0.562500        0.375787        0.621486E-03    0.144731E-03   -0.433819E-05   -0.381798E-05    0.674308E-06
   -0.375000        0.417067        0.344100E-03    0.938629E-04    0.808201E-06   -0.260028E-05    0.227503E-06
   -0.187500        0.458500        0.151569E-03    0.455761E-04    0.151511E-05   -0.126672E-05    0.355685E-07
     0.00000        0.500000       -0.230060E-15    0.280233E-15   -0.241688E-15    0.131734E-15   -0.394909E-16
    0.187500        0.541500       -0.151569E-03   -0.455761E-04   -0.151511E-05    0.126672E-05   -0.355685E-07
    0.375000        0.582933       -0.344100E-03   -0.938629E-04   -0.808201E-06    0.260028E-05   -0.227503E-06
    0.562500        0.624213       -0.621486E-03   -0.144731E-03    0.433819E-05    0.381798E-05   -0.674308E-06
    0.750000        0.665215       -0.103124E-02   -0.192216E-03    0.157391E-04    0.425144E-05   -0.131508E-05
    0.937500        0.705753       -0.162048E-02   -0.221866E-03    0.337646E-04    0.263174E-05   -0.179285E-05
     1.12500        0.745558       -0.242478E-02   -0.210065E-03    0.557390E-04   -0.263563E-05   -0.139564E-05
     1.31250        0.784255       -0.344856E-02   -0.127946E-03    0.743825E-04   -0.124272E-04    0.700347E-06
     1.50000        0.821358       -0.463968E-02    0.480861E-04    0.773561E-04   -0.249012E-04    0.467579E-05
     1.68750        0.856280       -0.586774E-02    0.320950E-03    0.489040E-04   -0.331068E-04    0.891220E-05
     1.87500        0.888379       -0.692273E-02    0.660177E-03   -0.259764E-04   -0.241261E-04    0.921940E-05
     2.06250        0.917041       -0.754829E-02    0.999601E-03   -0.152558E-03    0.159842E-04    0.210645E-06
     2.25000        0.941771       -0.749949E-02    0.123608E-02   -0.301120E-03    0.832420E-04   -0.183373E-04
     2.43750        0.962290       -0.659620E-02    0.121856E-02   -0.366761E-03    0.126175E-03   -0.316226E-04
     2.62500        0.978589       -0.480999E-02    0.832284E-03   -0.228132E-03    0.747012E-04   -0.183544E-04
     2.81250        0.990974       -0.242944E-02    0.267495E-03    0.786767E-05   -0.245083E-04    0.868206E-05
----------
T =    1.60000    
    -3.00000         0.00000         0.00000         0.00000         0.00000         0.00000         0.00000    
    -2.81250        0.862017E-02    0.240465E-02   -0.213393E-03   -0.443683E-04    0.420441E-04   -0.136679E-04
    -2.62500        0.204439E-01    0.484652E-02   -0.774016E-03    0.186159E-03   -0.546838E-04    0.126988E-04
    -2.43750        0.360391E-01    0.680633E-02   -0.124059E-02    0.376530E-03   -0.131826E-03    0.333725E-04
    -2.25000        0.557807E-01    0.792560E-02   -0.134135E-02    0.351897E-03   -0.106364E-03    0.248539E-04
    -2.06250        0.797499E-01    0.817011E-02   -0.114613E-02    0.205313E-03   -0.349582E-04    0.454894E-05
    -1.87500        0.107756        0.768419E-02   -0.811631E-03    0.611723E-04    0.172765E-04   -0.831032E-05
    -1.68750        0.139385        0.668894E-02   -0.450579E-03   -0.335839E-04    0.354243E-04   -0.104730E-04
    -1.50000        0.174072        0.543656E-02   -0.138167E-03   -0.777437E-04    0.309499E-04   -0.675717E-05
    -1.31250        0.211191        0.415499E-02    0.826808E-04   -0.843222E-04    0.181722E-04   -0.211792E-05
    -1.12500        0.250139        0.300397E-02    0.203128E-03   -0.692432E-04    0.627486E-05    0.911354E-06
   -0.937500        0.290394        0.206365E-02    0.240184E-03   -0.464463E-04   -0.119366E-05    0.196542E-05
   -0.750000        0.331541        0.134900E-02    0.221893E-03   -0.253504E-04   -0.430156E-05    0.174499E-05
   -0.562500        0.373266        0.833729E-03    0.174692E-03   -0.104586E-04   -0.452889E-05    0.108153E-05
   -0.375000        0.415347        0.471721E-03    0.116927E-03   -0.246452E-05   -0.335640E-05    0.497962E-06
   -0.187500        0.457629        0.210959E-03    0.578920E-04    0.178756E-06   -0.171779E-05    0.161028E-06
     0.00000        0.500000       -0.269210E-15    0.343940E-15   -0.294748E-15    0.160063E-15   -0.479192E-16
    0.187500        0.542371       -0.210959E-03   -0.578920E-04   -0.178756E-06    0.171779E-05   -0.161028E-06
    0.375000        0.584653       -0.471721E-03   -0.116927E-03    0.246452E-05    0.335640E-05   -0.497962E-06
    0.562500        0.626734       -0.833729E-03   -0.174692E-03    0.104586E-04    0.452889E-05   -0.108153E-05
    0.750000        0.668459       -0.134900E-02   -0.221893E-03    0.253504E-04    0.430156E-05   -0.174499E-05
    0.937500        0.709606       -0.206365E-02   -0.240184E-03    0.464463E-04    0.119366E-05   -0.196542E-05
     1.12500        0.749861       -0.300397E-02   -0.203128E-03    0.692432E-04   -0.627486E-05   -0.911354E-06
     1.31250        0.788809       -0.415499E-02   -0.826808E-04    0.843222E-04   -0.181722E-04    0.211792E-05
     1.50000        0.825928       -0.543656E-02    0.138167E-03    0.777437E-04   -0.309499E-04    0.675717E-05
     1.68750        0.860615       -0.668894E-02    0.450579E-03    0.335839E-04   -0.354243E-04    0.104730E-04
     1.87500        0.892244       -0.768419E-02    0.811631E-03   -0.611723E-04   -0.172765E-04    0.831032E-05
     2.06250        0.920250       -0.817011E-02    0.114613E-02   -0.205313E-03    0.349582E-04   -0.454894E-05
     2.25000        0.944219       -0.792560E-02    0.134135E-02   -0.351897E-03    0.106364E-03   -0.248539E-04
     2.43750        0.963961       -0.680633E-02    0.124059E-02   -0.376530E-03    0.131826E-03   -0.333725E-04
     2.62500        0.979556       -0.484652E-02    0.774016E-03   -0.186159E-03    0.546838E-04   -0.126988E-04
     2.81250        0.991380       -0.240465E-02    0.213393E-03    0.443683E-04   -0.420441E-04    0.136679E-04
----------
T =    1.70000    
    -3.00000         0.00000         0.00000         0.00000         0.00000         0.00000         0.00000    
    -2.81250        0.824551E-02    0.237828E-02   -0.162880E-03   -0.771611E-04    0.575515E-04   -0.180530E-04
    -2.62500        0.195515E-01    0.486147E-02   -0.701886E-03    0.134854E-03   -0.299850E-04    0.568936E-05
    -2.43750        0.344878E-01    0.697791E-02   -0.123867E-02    0.371333E-03   -0.130279E-03    0.330581E-04
    -2.25000        0.534868E-01    0.831143E-02   -0.143108E-02    0.397507E-03   -0.128084E-03    0.310839E-04
    -2.06250        0.767115E-01    0.876044E-02   -0.128869E-02    0.262229E-03   -0.574259E-04    0.104798E-04
    -1.87500        0.104057        0.843204E-02   -0.967971E-03    0.103356E-03    0.647041E-05   -0.622009E-05
    -1.68750        0.135188        0.752177E-02   -0.592528E-03   -0.117818E-04    0.354114E-04   -0.114998E-04
    -1.50000        0.169598        0.627077E-02   -0.245282E-03   -0.734386E-04    0.364515E-04   -0.891122E-05
    -1.31250        0.206686        0.491767E-02    0.199652E-04   -0.918599E-04    0.245251E-04   -0.390328E-05
    -1.12500        0.245843        0.364799E-02    0.182136E-03   -0.824999E-04    0.109213E-04    0.639934E-07
   -0.937500        0.286518        0.257036E-02    0.249642E-03   -0.603986E-04    0.112314E-05    0.193358E-05
   -0.750000        0.328255        0.172188E-02    0.247617E-03   -0.369284E-04   -0.380898E-05    0.213755E-05
   -0.562500        0.370700        0.108867E-02    0.204044E-03   -0.185305E-04   -0.500714E-05    0.155080E-05
   -0.375000        0.413591        0.627980E-03    0.140857E-03   -0.721296E-05   -0.406425E-05    0.853143E-06
   -0.187500        0.456737        0.284618E-03    0.710455E-04   -0.193355E-05   -0.218046E-05    0.340988E-06
     0.00000        0.500000       -0.282619E-15    0.407375E-15   -0.357235E-15    0.195074E-15   -0.584928E-16
    0.187500        0.543263       -0.284618E-03   -0.710455E-04    0.193355E-05    0.218046E-05   -0.340988E-06
    0.375000        0.586409       -0.627980E-03   -0.140857E-03    0.721296E-05    0.406425E-05   -0.853143E-06
    0.562500        0.629300       -0.108867E-02   -0.204044E-03    0.185305E-04    0.500714E-05   -0.155080E-05
    0.750000        0.671745       -0.172188E-02   -0.247617E-03    0.369284E-04    0.380898E-05   -0.213755E-05
    0.937500        0.713482       -0.257036E-02   -0.249642E-03    0.603986E-04   -0.112314E-05   -0.193358E-05
     1.12500        0.754157       -0.364799E-02   -0.182136E-03    0.824999E-04   -0.109213E-04   -0.639934E-07
     1.31250        0.793314       -0.491767E-02   -0.199652E-04    0.918599E-04   -0.245251E-04    0.390328E-05
     1.50000        0.830402       -0.627077E-02    0.245282E-03    0.734386E-04   -0.364515E-04    0.891122E-05
     1.68750        0.864812       -0.752177E-02    0.592528E-03    0.117818E-04   -0.354114E-04    0.114998E-04
     1.87500        0.895943       -0.843204E-02    0.967971E-03   -0.103356E-03   -0.647041E-05    0.622009E-05
     2.06250        0.923288       -0.876044E-02    0.128869E-02   -0.262229E-03    0.574259E-04   -0.104798E-04
     2.25000        0.946513       -0.831143E-02    0.143108E-02   -0.397507E-03    0.128084E-03   -0.310839E-04
     2.43750        0.965512       -0.697791E-02    0.123867E-02   -0.371333E-03    0.130279E-03   -0.330581E-04
     2.62500        0.980448       -0.486147E-02    0.701886E-03   -0.134854E-03    0.299850E-04   -0.568936E-05
     2.81250        0.991754       -0.237828E-02    0.162880E-03    0.771611E-04   -0.575515E-04    0.180530E-04
----------
T =    1.80000    
    -3.00000         0.00000         0.00000         0.00000         0.00000         0.00000         0.00000    
    -2.81250        0.789765E-02    0.235246E-02   -0.118204E-03   -0.104414E-03    0.700544E-04   -0.215478E-04
    -2.62500        0.187255E-01    0.485896E-02   -0.619638E-03    0.770537E-04   -0.206879E-05   -0.224505E-05
    -2.43750        0.330454E-01    0.711294E-02   -0.121236E-02    0.350122E-03   -0.120852E-03    0.304706E-04
    -2.25000        0.513355E-01    0.865667E-02   -0.150198E-02    0.434636E-03   -0.146506E-03    0.364443E-04
    -2.06250        0.738345E-01    0.931746E-02   -0.142475E-02    0.321615E-03   -0.826057E-04    0.173604E-04
    -1.87500        0.100518        0.916184E-02   -0.112706E-02    0.152291E-03   -0.854980E-05   -0.282320E-05
    -1.68750        0.131130        0.835951E-02   -0.744753E-03    0.168156E-04    0.324800E-04   -0.117684E-04
    -1.50000        0.165226        0.713537E-02   -0.368261E-03   -0.638442E-04    0.408728E-04   -0.109645E-04
    -1.31250        0.202239        0.573149E-02   -0.604563E-04   -0.962611E-04    0.311751E-04   -0.598923E-05
    -1.12500        0.241563        0.435455E-02    0.145579E-03   -0.948329E-04    0.165037E-04   -0.117019E-05
   -0.937500        0.282626        0.314096E-02    0.248117E-03   -0.751629E-04    0.440776E-05    0.163318E-05
   -0.750000        0.324935        0.215198E-02    0.267302E-03   -0.502822E-04   -0.262540E-05    0.243361E-05
   -0.562500        0.368095        0.138902E-02    0.231149E-03   -0.285717E-04   -0.511654E-05    0.204800E-05
   -0.375000        0.411801        0.815254E-03    0.164596E-03   -0.135473E-04   -0.463083E-05    0.128134E-05
   -0.187500        0.455827        0.373907E-03    0.845335E-04   -0.491056E-05   -0.260978E-05    0.574188E-06
     0.00000        0.500000       -0.382127E-15    0.493625E-15   -0.431986E-15    0.236853E-15   -0.711912E-16
    0.187500        0.544173       -0.373907E-03   -0.845335E-04    0.491056E-05    0.260978E-05   -0.574188E-06
    0.375000        0.588199       -0.815254E-03   -0.164596E-03    0.135473E-04    0.463083E-05   -0.128134E-05
    0.562500        0.631905       -0.138902E-02   -0.231149E-03    0.285717E-04    0.511654E-05   -0.204800E-05
    0.750000        0.675065       -0.215198E-02   -0.267302E-03    0.502822E-04    0.262540E-05   -0.243361E-05
    0.937500        0.717374       -0.314096E-02   -0.248117E-03    0.751629E-04   -0.440776E-05   -0.163318E-05
     1.12500        0.758437       -0.435455E-02   -0.145579E-03    0.948329E-04   -0.165037E-04    0.117019E-05
     1.31250        0.797761       -0.573149E-02    0.604563E-04    0.962611E-04   -0.311751E-04    0.598923E-05
     1.50000        0.834774       -0.713537E-02    0.368261E-03    0.638442E-04   -0.408728E-04    0.109645E-04
     1.68750        0.868870       -0.835951E-02    0.744753E-03   -0.168156E-04   -0.324800E-04    0.117684E-04
     1.87500        0.899482       -0.916184E-02    0.112706E-02   -0.152291E-03    0.854980E-05    0.282320E-05
     2.06250        0.926166       -0.931746E-02    0.142475E-02   -0.321615E-03    0.826057E-04   -0.173604E-04
     2.25000        0.948664       -0.865667E-02    0.150198E-02   -0.434636E-03    0.146506E-03   -0.364443E-04
     2.43750        0.966955       -0.711294E-02    0.121236E-02   -0.350122E-03    0.120852E-03   -0.304706E-04
     2.62500        0.981275       -0.485896E-02    0.619638E-03   -0.770537E-04    0.206879E-05    0.224505E-05
     2.81250        0.992102       -0.235246E-02    0.118204E-03    0.104414E-03   -0.700544E-04    0.215478E-04
----------
T =    1.90000    
    -3.00000         0.00000         0.00000         0.00000         0.00000         0.00000         0.00000    
    -2.81250        0.757332E-02    0.232888E-02   -0.811224E-04   -0.124695E-03    0.787862E-04   -0.239236E-04
    -2.62500        0.179585E-01    0.484312E-02   -0.531421E-03    0.160065E-04    0.273739E-04   -0.106101E-04
    -2.43750        0.317020E-01    0.721399E-02   -0.116239E-02    0.312955E-03   -0.103484E-03    0.255903E-04
    -2.25000        0.493164E-01    0.896108E-02   -0.155083E-02    0.459913E-03   -0.159687E-03    0.403402E-04
    -2.06250        0.711094E-01    0.983964E-02   -0.155151E-02    0.381234E-03   -0.109341E-03    0.248453E-04
    -1.87500        0.971336E-01    0.987004E-02   -0.128687E-02    0.207514E-03   -0.278539E-04    0.194041E-05
    -1.68750        0.127209        0.919628E-02   -0.905296E-03    0.524410E-04    0.260852E-04   -0.110647E-04
    -1.50000        0.160958        0.802373E-02   -0.505724E-03   -0.484403E-04    0.436531E-04   -0.127227E-04
    -1.31250        0.197855        0.659109E-02   -0.158453E-03   -0.968415E-04    0.377461E-04   -0.827569E-05
    -1.12500        0.237307        0.512076E-02    0.922986E-04   -0.105557E-03    0.228835E-04   -0.278838E-05
   -0.937500        0.278726        0.377512E-02    0.233660E-03   -0.902158E-04    0.870599E-05    0.101052E-05
   -0.750000        0.321587        0.264077E-02    0.278856E-03   -0.651271E-04   -0.616598E-06    0.257004E-05
   -0.562500        0.365454        0.173706E-02    0.254249E-03   -0.405085E-04   -0.471527E-05    0.252814E-05
   -0.375000        0.409980        0.103565E-02    0.186947E-03   -0.215100E-04   -0.495094E-05    0.176031E-05
   -0.187500        0.454899        0.480061E-03    0.977652E-04   -0.880627E-05   -0.295217E-05    0.853327E-06
     0.00000        0.500000       -0.444807E-15    0.597980E-15   -0.523345E-15    0.287315E-15   -0.864465E-16
    0.187500        0.545101       -0.480061E-03   -0.977652E-04    0.880627E-05    0.295217E-05   -0.853327E-06
    0.375000        0.590020       -0.103565E-02   -0.186947E-03    0.215100E-04    0.495094E-05   -0.176031E-05
    0.562500        0.634546       -0.173706E-02   -0.254249E-03    0.405085E-04    0.471527E-05   -0.252814E-05
    0.750000        0.678413       -0.264077E-02   -0.278856E-03    0.651271E-04    0.616598E-06   -0.257004E-05
    0.937500        0.721274       -0.377512E-02   -0.233660E-03    0.902158E-04   -0.870599E-05   -0.101052E-05
     1.12500        0.762693       -0.512076E-02   -0.922986E-04    0.105557E-03   -0.228835E-04    0.278838E-05
     1.31250        0.802145       -0.659109E-02    0.158453E-03    0.968415E-04   -0.377461E-04    0.827569E-05
     1.50000        0.839042       -0.802373E-02    0.505724E-03    0.484403E-04   -0.436531E-04    0.127227E-04
     1.68750        0.872791       -0.919628E-02    0.905296E-03   -0.524410E-04   -0.260852E-04    0.110647E-04
     1.87500        0.902866       -0.987004E-02    0.128687E-02   -0.207514E-03    0.278539E-04   -0.194041E-05
     2.06250        0.928891       -0.983964E-02    0.155151E-02   -0.381234E-03    0.109341E-03   -0.248453E-04
     2.25000        0.950684       -0.896108E-02    0.155083E-02   -0.459913E-03    0.159687E-03   -0.403402E-04
     2.43750        0.968298       -0.721399E-02    0.116239E-02   -0.312955E-03    0.103484E-03   -0.255903E-04
     2.62500        0.982042       -0.484312E-02    0.531421E-03   -0.160065E-04   -0.273739E-04    0.106101E-04
     2.81250        0.992427       -0.232888E-02    0.811224E-04    0.124695E-03   -0.787862E-04    0.239236E-04
----------
T =    2.00000    
    -3.00000         0.00000         0.00000         0.00000         0.00000         0.00000         0.00000    
    -2.81250        0.726974E-02    0.230878E-02   -0.528460E-04   -0.137026E-03    0.832212E-04   -0.250230E-04
    -2.62500        0.172440E-01    0.481802E-02   -0.441481E-03   -0.449086E-04    0.565770E-04   -0.188909E-04
    -2.43750        0.304489E-01    0.728425E-02   -0.109079E-02    0.261072E-03   -0.787734E-04    0.185947E-04
    -2.25000        0.474202E-01    0.922462E-02   -0.157469E-02    0.470236E-03   -0.165836E-03    0.422261E-04
    -2.06250        0.685278E-01    0.103255E-01   -0.166573E-02    0.438249E-03   -0.136088E-03    0.324641E-04
    -1.87500        0.938981E-01    0.105537E-01   -0.144537E-02    0.268251E-03   -0.512701E-04    0.804780E-05
    -1.68750        0.123425        0.100270E-01   -0.107232E-02    0.952440E-04    0.157457E-04   -0.919453E-05
    -1.50000        0.156799        0.892963E-02   -0.656181E-03   -0.267679E-04    0.442165E-04   -0.139780E-04
    -1.31250        0.193542        0.749102E-02   -0.273576E-03   -0.929663E-04    0.438056E-04   -0.106331E-04
    -1.12500        0.233082        0.594326E-02    0.214739E-04   -0.113992E-03    0.298564E-04   -0.475984E-05
   -0.937500        0.274825        0.447187E-02    0.204533E-03   -0.104985E-03    0.140149E-04    0.264466E-07
   -0.750000        0.318217        0.318918E-02    0.280230E-03   -0.810953E-04    0.232988E-05    0.248358E-05
   -0.562500        0.362782        0.213464E-02    0.271512E-03   -0.541791E-04   -0.366225E-05    0.293746E-05
   -0.375000        0.408132        0.129100E-02    0.206601E-03   -0.310742E-04   -0.491114E-05    0.225778E-05
   -0.187500        0.453955        0.604186E-03    0.110076E-03   -0.136373E-04   -0.314715E-05    0.116492E-05
     0.00000        0.500000       -0.527258E-15    0.720561E-15   -0.633545E-15    0.348169E-15   -0.104807E-15
    0.187500        0.546045       -0.604186E-03   -0.110076E-03    0.136373E-04    0.314715E-05   -0.116492E-05
    0.375000        0.591868       -0.129100E-02   -0.206601E-03    0.310742E-04    0.491114E-05   -0.225778E-05
    0.562500        0.637218       -0.213464E-02   -0.271512E-03    0.541791E-04    0.366225E-05   -0.293746E-05
    0.750000        0.681783       -0.318918E-02   -0.280230E-03    0.810953E-04   -0.232988E-05   -0.248358E-05
    0.937500        0.725175       -0.447187E-02   -0.204533E-03    0.104985E-03   -0.140149E-04   -0.264466E-07
     1.12500        0.766918       -0.594326E-02   -0.214739E-04    0.113992E-03   -0.298564E-04    0.475984E-05
     1.31250        0.806458       -0.749102E-02    0.273576E-03    0.929663E-04   -0.438056E-04    0.106331E-04
     1.50000        0.843201       -0.892963E-02    0.656181E-03    0.267679E-04   -0.442165E-04    0.139780E-04
     1.68750        0.876575       -0.100270E-01    0.107232E-02   -0.952440E-04   -0.157457E-04    0.919453E-05
     1.87500        0.906102       -0.105537E-01    0.144537E-02   -0.268251E-03    0.512701E-04   -0.804780E-05
     2.06250        0.931472       -0.103255E-01    0.166573E-02   -0.438249E-03    0.136088E-03   -0.324641E-04
     2.25000        0.952580       -0.922462E-02    0.157469E-02   -0.470236E-03    0.165836E-03   -0.422261E-04
     2.43750        0.969551       -0.728425E-02    0.109079E-02   -0.261072E-03    0.787734E-04   -0.185947E-04
     2.62500        0.982756       -0.481802E-02    0.441481E-03    0.449086E-04   -0.565770E-04    0.188909E-04
     2.81250        0.992730       -0.230878E-02    0.528460E-04    0.137026E-03   -0.832212E-04    0.250230E-04
