#  pod_007.txt
#  created by BASIS_WRITE.F90,
#  part of program POD_BASIS_FLOW.F90.
#
#  Created on August 10 2006   8:51:30.974 AM
#
#  Velocities ( U, V ).
#
#  Number of records =     1681
#  Singular value S =     1.24228    
#  Epsilon =             0.222045E-15
#
    0.369683143233844E-15   -0.624644821199459E-15
   -0.295635605384330E-02   -0.137734537425700E-17
   -0.506803894944583E-02   -0.344502182910778E-15
   -0.633504868680716E-02    0.214561713604707E-15
   -0.675738526592758E-02   -0.532764328954641E-16
   -0.633504868680710E-02    0.732741496890723E-19
   -0.506803894944569E-02   -0.167774824422765E-21
   -0.295635605384333E-02    0.560219160258274E-25
   -0.926315151984522E-28   -0.469091578162879E-31
   -0.876429502015958E-35    0.365275558415574E-37
   -0.291898869834491E-42   -0.575322674167878E-45
   -0.828775135084226E-50   -0.202652527386932E-54
   -0.139978087789748E-58    0.126813098539277E-65
   -0.420016625707130E-69    0.297238084253753E-75
    0.407252817992577E-82    0.449877160860893E-87
    0.604288867230098E-94   -0.398183038644780-101
   -0.463574862738004-107    0.104390471217684-114
    0.105984059832029-121   -0.100495170080031-129
   -0.168481033682682-137    0.327789018951179-146
    0.321994309257069-155    0.271639926957718-163
   -0.135807994598611-172    0.000000000000000E+00
    0.000000000000000E+00    0.000000000000000E+00
    0.000000000000000E+00    0.000000000000000E+00
    0.000000000000000E+00    0.000000000000000E+00
    0.000000000000000E+00    0.000000000000000E+00
    0.000000000000000E+00    0.000000000000000E+00
    0.000000000000000E+00    0.000000000000000E+00
    0.000000000000000E+00    0.000000000000000E+00
    0.000000000000000E+00    0.000000000000000E+00
    0.000000000000000E+00    0.000000000000000E+00
    0.000000000000000E+00    0.000000000000000E+00
    0.000000000000000E+00    0.000000000000000E+00
    0.000000000000000E+00    0.000000000000000E+00
    0.000000000000000E+00    0.000000000000000E+00
    0.000000000000000E+00    0.000000000000000E+00
    0.000000000000000E+00    0.000000000000000E+00
    0.000000000000000E+00    0.000000000000000E+00
    0.000000000000000E+00    0.000000000000000E+00
    0.000000000000000E+00    0.000000000000000E+00
    0.000000000000000E+00    0.000000000000000E+00
    0.000000000000000E+00    0.000000000000000E+00
    0.000000000000000E+00    0.000000000000000E+00
   -0.557436587621451E-02    0.214869114614845E-02
   -0.688451228408898E-02    0.286314404681547E-02
   -0.668755263401056E-02    0.450678732915410E-02
   -0.740929909564497E-02    0.901501860818120E-02
   -0.512190559773078E-02    0.727944991523514E-02
   -0.553469787360080E-02    0.131401268307120E-01
   -0.376315104331744E-02    0.144698085232779E-01
   -0.373874924678844E-04    0.637482652566911E-02
    0.344905991220921E-02    0.715086695876942E-02
    0.165866348608317E-02    0.525422513154041E-02
    0.204742451021558E-03    0.228069923193148E-02
   -0.301848639246703E-03    0.243290065065653E-02
   -0.158070117344131E-03    0.261656692153210E-02
    0.174456393317206E-03    0.250598772679115E-02
    0.424696142758015E-03    0.190568109950191E-02
    0.609053720011772E-03    0.960093941059011E-03
    0.704626332129672E-03   -0.306371414428644E-03
    0.724155068357565E-03   -0.159695944076482E-02
    0.687525962002618E-03   -0.293922875808066E-02
    0.621888526146867E-03   -0.412760738118459E-02
    0.532597839781709E-03   -0.521888813459232E-02
    0.448007832395687E-03   -0.611230790609194E-02
    0.361149386603605E-03   -0.688094751342576E-02
    0.290481415726164E-03   -0.748040662901799E-02
    0.222622287776076E-03   -0.797721297939248E-02
    0.163764486215618E-03   -0.833862796262458E-02
    0.102329402569968E-03   -0.861222150662280E-02
    0.344377437306060E-04   -0.874533721037245E-02
   -0.441670801872744E-04   -0.876869598988769E-02
   -0.140634106555340E-03   -0.860175666637452E-02
   -0.250771172973230E-03   -0.827164540627618E-02
   -0.373449215671759E-03   -0.769162246737086E-02
   -0.498584940310368E-03   -0.690413272484017E-02
   -0.607322767372467E-03   -0.586575730999208E-02
   -0.697798707864764E-03   -0.464412807852381E-02
   -0.717054870030687E-03   -0.332999548574285E-02
   -0.675961777204655E-03   -0.198760230948021E-02
   -0.492271926848640E-03   -0.882293987313733E-03
   -0.169672687104247E-03   -0.169672687104248E-03
    0.000000000000000E+00    0.000000000000000E+00
    0.000000000000000E+00    0.000000000000000E+00
   -0.535018142443578E-02    0.917298354613806E-03
   -0.792729397648501E-02    0.136450517007677E-02
   -0.824155899231972E-02    0.229959894800439E-02
   -0.102233047594884E-01    0.596859543801394E-02
   -0.127896309778582E-01    0.700235264794059E-02
   -0.899568242432981E-02    0.987551233615879E-02
   -0.285444460813567E-02    0.109349573939901E-01
    0.222728585772783E-02    0.932979810326322E-02
    0.587205302083824E-02    0.986532649056246E-02
    0.369753838410466E-02    0.918550315432948E-02
    0.720362872324551E-03    0.621281279859116E-02
   -0.145201784910881E-03    0.613888364047771E-02
    0.148070179080831E-03    0.572972605080089E-02
    0.897911168421655E-03    0.519376441098124E-02
    0.164124079571405E-02    0.355341813820240E-02
    0.214014888859184E-02    0.205475971060391E-02
    0.242167598084317E-02   -0.229633795841351E-03
    0.245239942424273E-02   -0.213177541197822E-02
    0.232304285322437E-02   -0.439530020709339E-02
    0.209055932691055E-02   -0.612316661720773E-02
    0.180045904734099E-02   -0.795997769161728E-02
    0.151806402624738E-02   -0.926520711904798E-02
    0.124039521058280E-02   -0.105985800841851E-01
    0.100934085471459E-02   -0.114945509766570E-01
    0.789752293741268E-03   -0.124108501235976E-01
    0.599239892674838E-03   -0.129788733865016E-01
    0.389237112200944E-03   -0.135441933959981E-01
    0.167136981965264E-03   -0.137845186357395E-01
   -0.114143870576895E-03   -0.139416493193682E-01
   -0.435576710811449E-03   -0.137237337984093E-01
   -0.830978316344064E-03   -0.133003627445123E-01
   -0.124788828946767E-02   -0.124276773268435E-01
   -0.169712329418762E-02   -0.112573835720884E-01
   -0.208151798069106E-02   -0.963957486407272E-02
   -0.238473728764553E-02   -0.777414930435781E-02
   -0.247565905253810E-02   -0.566452621186444E-02
   -0.229635704234192E-02   -0.360238780221029E-02
   -0.174698744186134E-02   -0.173233867754151E-02
   -0.870045291683522E-03   -0.479779465719727E-03
    0.000000000000000E+00    0.000000000000000E+00
    0.000000000000000E+00    0.000000000000000E+00
   -0.700946983807922E-02   -0.107318213444187E-02
   -0.896120324414573E-02   -0.148852014250816E-02
   -0.776897175603259E-02   -0.219280478161379E-02
   -0.110323916136690E-01    0.960608699799852E-03
   -0.132920995500121E-01   -0.910940061349532E-03
   -0.125232624605360E-01    0.125419424593758E-02
   -0.441246861472512E-02    0.680632761113163E-02
    0.205196693637397E-02    0.694524343058475E-02
    0.643224788347888E-02    0.120800708454506E-01
    0.396332313136526E-02    0.140966755016997E-01
    0.140117559566086E-02    0.124182167746014E-01
    0.453767706282182E-03    0.120240658781880E-01
    0.107057057382386E-02    0.112103871919465E-01
    0.232350408770552E-02    0.960505150389501E-02
    0.350958756399874E-02    0.752862278311629E-02
    0.440143102475730E-02    0.506119953377614E-02
    0.482524717453240E-02    0.240405886884849E-02
    0.489816797763739E-02   -0.329079562814254E-03
    0.461249710693896E-02   -0.292402365272549E-02
    0.417659411545986E-02   -0.531589409869950E-02
    0.361797277757536E-02   -0.744261283422498E-02
    0.307933114576506E-02   -0.927842651707926E-02
    0.255832343867963E-02   -0.108685205820425E-01
    0.211335090401527E-02   -0.122023583915000E-01
    0.170474783232972E-02   -0.133527403979077E-01
    0.133270749788416E-02   -0.142913523035772E-01
    0.937845997254537E-03   -0.150630911393728E-01
    0.497158331701638E-03   -0.156023727919549E-01
   -0.404479976556348E-04   -0.159091427788705E-01
   -0.685789793502915E-03   -0.158832357852338E-01
   -0.144870026946915E-02   -0.155031377162832E-01
   -0.229644379783542E-02   -0.146660471344102E-01
   -0.317141436554451E-02   -0.133819695447356E-01
   -0.397641628578865E-02   -0.116126856492172E-01
   -0.458413092393201E-02   -0.945788942994229E-02
   -0.483745386820003E-02   -0.702618988360077E-02
   -0.456577135533995E-02   -0.454533370532222E-02
   -0.363119189783351E-02   -0.228034138730699E-02
   -0.196725301595359E-02   -0.656100014675401E-03
    0.000000000000000E+00    0.000000000000000E+00
    0.000000000000000E+00    0.000000000000000E+00
   -0.533666304099748E-02   -0.171103630309209E-02
   -0.733095235320658E-02   -0.397657265123327E-02
   -0.849317622946376E-02   -0.610338492028325E-02
   -0.115315039373632E-01   -0.575284714670086E-02
   -0.142908173757114E-01   -0.616723382608851E-02
   -0.137958967373574E-01   -0.447801710086186E-02
   -0.619221479932555E-02    0.474964922608783E-03
   -0.130053482607355E-02    0.546282263357674E-02
    0.305589068855707E-02    0.118613873376158E-01
    0.240506536037184E-02    0.160214400938776E-01
    0.108962964428341E-02    0.173703730589933E-01
    0.122838034016437E-02    0.175521502619033E-01
    0.256987502370265E-02    0.169496290162246E-01
    0.437920469853389E-02    0.150579173959014E-01
    0.609757406548936E-02    0.125931035163108E-01
    0.726150882953669E-02    0.966120574253376E-02
    0.782906149060315E-02    0.659618797897791E-02
    0.780866621383887E-02    0.344581982428730E-02
    0.734388967192177E-02    0.463820043593579E-03
    0.663076279526647E-02   -0.232013557686076E-02
    0.577844281861937E-02   -0.478661111763256E-02
    0.495610444774421E-02   -0.699696577345525E-02
    0.416854485774795E-02   -0.889197511220997E-02
    0.350652512076996E-02   -0.105900886877702E-01
    0.288643650561082E-02   -0.120236636141048E-01
    0.233448901139296E-02   -0.133145448927753E-01
    0.172524429136494E-02   -0.143497983065753E-01
    0.105745030277578E-02   -0.152173800569909E-01
    0.216952374593532E-03   -0.157565745677031E-01
   -0.778512510682679E-03   -0.160110165184615E-01
   -0.197871104864006E-02   -0.158068518954162E-01
   -0.330022433104106E-02   -0.151662270889236E-01
   -0.468753217381421E-02   -0.139691992293072E-01
   -0.596063542967318E-02   -0.122728014350420E-01
   -0.695317953489017E-02   -0.100911331943226E-01
   -0.740599821986014E-02   -0.758466181966076E-02
   -0.708889478265686E-02   -0.495926464352139E-02
   -0.571995627995896E-02   -0.252662022784149E-02
   -0.328888127212726E-02   -0.713608231814331E-03
    0.000000000000000E+00    0.000000000000000E+00
    0.000000000000000E+00    0.000000000000000E+00
   -0.176140875247337E-02   -0.201265777768684E-02
   -0.408407698489622E-02   -0.490804887725778E-02
   -0.587836640638359E-02   -0.873566211378291E-02
   -0.107616286420768E-01   -0.943849265357605E-02
   -0.160478079094122E-01   -0.108458002950366E-01
   -0.188356702350270E-01   -0.990894619345356E-02
   -0.140762575004080E-01   -0.414629370877679E-02
   -0.924661587403508E-02    0.152925350329209E-02
   -0.439797481387918E-02    0.945552834788699E-02
   -0.198608503197321E-02    0.158189097662078E-01
   -0.736635365847702E-03    0.192208620565723E-01
    0.115978621356389E-02    0.207858689392661E-01
    0.379370977353490E-02    0.208934207148401E-01
    0.645006434864031E-02    0.195672270806496E-01
    0.876963915300972E-02    0.173137787835144E-01
    0.103342894096108E-01    0.143647257305038E-01
    0.110333838242639E-01    0.112699829634882E-01
    0.109970528032262E-01    0.792679793787106E-02
    0.103516019067424E-01    0.476501116744465E-02
    0.939237600821101E-02    0.171974045387489E-02
    0.825904831275024E-02   -0.101135829650343E-02
    0.715767605861717E-02   -0.350562522736549E-02
    0.612367252594000E-02   -0.571424077545776E-02
    0.523099284255952E-02   -0.769577248039737E-02
    0.441803926780860E-02   -0.946102595775283E-02
    0.366408135188776E-02   -0.110285834430139E-01
    0.285324193033112E-02   -0.123965192962408E-01
    0.193058940499636E-02   -0.135338165952271E-01
    0.790272104830953E-03   -0.143974827360117E-01
   -0.593360516828767E-03   -0.149109203465601E-01
   -0.224222097550190E-02   -0.150089685993328E-01
   -0.409404362920835E-02   -0.145991313965874E-01
   -0.602423283818308E-02   -0.136514821079654E-01
   -0.784403647121019E-02   -0.121218468750121E-01
   -0.926960561630994E-02   -0.100918094524233E-01
   -0.100046048416024E-01   -0.765030412339032E-02
   -0.968022412931296E-02   -0.505107153111481E-02
   -0.797918164463962E-02   -0.259310282691859E-02
   -0.464956662119264E-02   -0.737491720071649E-03
    0.000000000000000E+00    0.000000000000000E+00
    0.000000000000000E+00    0.000000000000000E+00
    0.831237268967219E-03   -0.147764572084002E-02
   -0.702518456853482E-04   -0.473674718114096E-02
   -0.275332543018094E-02   -0.881109454778376E-02
   -0.858385434527031E-02   -0.114738507261008E-01
   -0.147383271018318E-01   -0.135637336007669E-01
   -0.199893774463432E-01   -0.132373660166755E-01
   -0.190796726064277E-01   -0.923166944193300E-02
   -0.165539287615760E-01   -0.318369592279334E-02
   -0.121442774849528E-01    0.505910291101904E-02
   -0.799513449372688E-02    0.121316254817248E-01
   -0.446720036265623E-02    0.175489141191357E-01
   -0.287398004642205E-03    0.206757032975920E-01
    0.387125349103075E-02    0.220722141003944E-01
    0.782581338162630E-02    0.217579153020862E-01
    0.110354309746975E-01    0.203295934609690E-01
    0.131832982064355E-01    0.179679011970765E-01
    0.141827937840900E-01    0.152071279829231E-01
    0.142240221584457E-01    0.120717729453714E-01
    0.134866198304223E-01    0.892860201543720E-02
    0.123407269251517E-01    0.584016061325003E-02
    0.109538530644667E-01    0.296573591255723E-02
    0.960737420778368E-02    0.288468767993538E-03
    0.831964452566833E-02   -0.213955221660805E-02
    0.721906467664823E-02   -0.436795249671782E-02
    0.619548729760542E-02   -0.637641447564770E-02
    0.525679513405746E-02   -0.821270982451798E-02
    0.422946553211705E-02   -0.983291289249501E-02
    0.306726049463827E-02   -0.112516083149743E-01
    0.161665885451193E-02   -0.123807908275497E-01
   -0.143135070249250E-03   -0.131907912137903E-01
   -0.225675574414614E-02   -0.135679979308834E-01
   -0.463719439567598E-02   -0.134586982754529E-01
   -0.714669376763309E-02   -0.127810091038381E-01
   -0.952929217513719E-02   -0.115153787982754E-01
   -0.114540261965234E-01   -0.969705637846598E-02
   -0.125083027089029E-01   -0.742767766866274E-02
   -0.122469509318761E-01   -0.493905959601665E-02
   -0.101601373678028E-01   -0.254882512694469E-02
   -0.603667530730422E-02   -0.722464284807176E-03
    0.000000000000000E+00    0.000000000000000E+00
    0.000000000000000E+00    0.000000000000000E+00
    0.364773137606428E-02   -0.932351313140375E-03
    0.333454176886517E-02   -0.328103351897794E-02
    0.825099187751804E-03   -0.749255462620130E-02
   -0.593966800365921E-02   -0.104669174775799E-01
   -0.141937412507283E-01   -0.141704684354912E-01
   -0.221830852966676E-01   -0.153332899079272E-01
   -0.243291714389486E-01   -0.130403810829939E-01
   -0.235685522669033E-01   -0.880814170248075E-02
   -0.195710157123607E-01   -0.985978615174472E-03
   -0.142954622597154E-01    0.626319508164891E-02
   -0.894614299181423E-02    0.125269749180161E-01
   -0.302611604750984E-02    0.173221716183292E-01
    0.280057053093251E-02    0.200353435893034E-01
    0.815832773221990E-02    0.212244980151940E-01
    0.125082560287737E-01    0.210051503029894E-01
    0.154547220069538E-01    0.196594182522474E-01
    0.169742029700569E-01    0.176571284049909E-01
    0.172303066812670E-01    0.150697310755765E-01
    0.165577703032318E-01    0.122650233659179E-01
    0.153104356095894E-01    0.934669619620357E-02
    0.137811542642874E-01    0.652084135265993E-02
    0.122214178027917E-01    0.380587729820517E-02
    0.107452562036235E-01    0.126358882357619E-02
    0.943461276389774E-02   -0.109665547878941E-02
    0.823656814908615E-02   -0.328745143107321E-02
    0.710393533835932E-02   -0.529358679863977E-02
    0.588464476826726E-02   -0.712844054934582E-02
    0.448211487764887E-02   -0.874720453509335E-02
    0.274347433656796E-02   -0.101248813766672E-01
    0.613676794251944E-03   -0.111774917853720E-01
   -0.194789022884937E-02   -0.118440698146503E-01
   -0.486227435716087E-02   -0.120172348505907E-01
   -0.795263869549161E-02   -0.116495338995733E-01
   -0.109380587171711E-01   -0.106658742114293E-01
   -0.133872900384353E-01   -0.912139467006384E-02
   -0.148316104186069E-01   -0.707094842430418E-02
   -0.146765232979319E-01   -0.475578933072965E-02
   -0.123664111926901E-01   -0.247504938234031E-02
   -0.738667953539411E-02   -0.709383832773852E-03
    0.000000000000000E+00    0.000000000000000E+00
    0.000000000000000E+00    0.000000000000000E+00
    0.460343119191481E-02   -0.310368684026721E-03
    0.607133533772006E-02   -0.161990110841341E-02
    0.417296916856392E-02   -0.441890637150720E-02
   -0.217441133835421E-02   -0.770778406110047E-02
   -0.109894851275960E-01   -0.115206999114820E-01
   -0.205408117594921E-01   -0.141666006264613E-01
   -0.260869023991615E-01   -0.142619123757117E-01
   -0.282242810242227E-01   -0.119585499455166E-01
   -0.259342977663547E-01   -0.655177537927525E-02
   -0.211942252266221E-01   -0.332465737330958E-03
   -0.148722716669188E-01    0.598748791780291E-02
   -0.745938999464697E-02    0.113665444916832E-01
   -0.942779733091615E-04    0.154471199087256E-01
    0.687544070651610E-02    0.179776251132237E-01
    0.124508462251025E-01    0.192293048829783E-01
    0.165180218545718E-01    0.191377533516636E-01
    0.187535728595722E-01    0.181792426871496E-01
    0.195661351492512E-01    0.164138790681600E-01
    0.191344836806655E-01    0.142167890419691E-01
    0.180222557874357E-01    0.117210648167867E-01
    0.164408894201432E-01    0.915026955124698E-02
    0.148059792632269E-01    0.656887550815445E-02
    0.131716708868547E-01    0.407516595684778E-02
    0.117234791365396E-01    0.169618109913769E-02
    0.103556637559539E-01   -0.542623618030229E-03
    0.906952228851209E-02   -0.263936684050275E-02
    0.766668303749082E-02   -0.457664672880462E-02
    0.605707837485062E-02   -0.633871852647029E-02
    0.405346213847500E-02   -0.787686773228774E-02
    0.158694480586124E-02   -0.913798588708831E-02
   -0.139613450009196E-02   -0.100362583733236E-01
   -0.482008566805485E-02   -0.104847167211745E-01
   -0.848726215523501E-02   -0.104029132387011E-01
   -0.120736219742472E-01   -0.971942331651987E-02
   -0.150886574758450E-01   -0.845316544305618E-02
   -0.169537092847973E-01   -0.664847631987525E-02
   -0.169678881446166E-01   -0.452938909595165E-02
   -0.143669689035473E-01   -0.237850494049106E-02
   -0.869617458939366E-02   -0.689581946123813E-03
    0.000000000000000E+00    0.000000000000000E+00
    0.000000000000000E+00    0.000000000000000E+00
    0.502166854080785E-02    0.412535933233608E-03
    0.723351500222209E-02    0.720960826741543E-03
    0.705422980283035E-02   -0.695851307415232E-03
    0.153998260801234E-02   -0.291968856057744E-02
   -0.751601686322880E-02   -0.718117471690638E-02
   -0.184792051156903E-01   -0.108078901639794E-01
   -0.266402021136930E-01   -0.131385969244227E-01
   -0.313727407365226E-01   -0.135100574391134E-01
   -0.312575274986475E-01   -0.105130812438789E-01
   -0.272152638842553E-01   -0.621708417963867E-02
   -0.208305167900137E-01   -0.830674283621333E-03
   -0.123982507463466E-01    0.449378680045885E-02
   -0.376604522481579E-02    0.916880053992110E-02
    0.457818557017369E-02    0.128171214260185E-01
    0.114793488378473E-01    0.152663965844338E-01
    0.166038619495346E-01    0.165504144137868E-01
    0.197741200032771E-01    0.167232424542748E-01
    0.211995564317042E-01    0.160221759070917E-01
    0.212588304304561E-01    0.146181978083878E-01
    0.203618502474961E-01    0.127726017391486E-01
    0.189249610435779E-01    0.106319785820476E-01
    0.172578473197363E-01    0.838097773415795E-02
    0.155840454901174E-01    0.607056737409905E-02
    0.140120228072168E-01    0.383008099889841E-02
    0.125396814031334E-01    0.164198483428504E-02
    0.111080697203249E-01   -0.417821839585522E-03
    0.956409479478296E-02   -0.238133671891628E-02
    0.777108840838712E-02   -0.418287292838911E-02
    0.554306311632258E-02   -0.582156248296485E-02
    0.278118018976601E-02   -0.721242931802880E-02
   -0.584584480352681E-03   -0.830201042736121E-02
   -0.448236663716853E-02   -0.897701580698388E-02
   -0.870685827140932E-02   -0.916557408775634E-02
   -0.129004801612131E-01   -0.876428584850822E-02
   -0.164949701462459E-01   -0.778243409486205E-02
   -0.188365583290854E-01   -0.622960071986890E-02
   -0.190778781341025E-01   -0.431261458020368E-02
   -0.163922367621108E-01   -0.229373550673351E-02
   -0.996517663378574E-02   -0.674399273119247E-03
    0.000000000000000E+00    0.000000000000000E+00
    0.000000000000000E+00    0.000000000000000E+00
    0.364908594839005E-02    0.997147350710348E-03
    0.676646765766195E-02    0.272595355212098E-02
    0.780710983404696E-02    0.345943367383585E-02
    0.428146140857804E-02    0.244891190959437E-02
   -0.334102609152694E-02   -0.639669903538079E-03
   -0.140769008336337E-01   -0.479226189557358E-02
   -0.237318989591454E-01   -0.872618511461292E-02
   -0.308696346374054E-01   -0.113421859535413E-01
   -0.332394621795100E-01   -0.114609926629062E-01
   -0.312596740769142E-01   -0.962273741777007E-02
   -0.257278574037837E-01   -0.602710584227153E-02
   -0.174448032758290E-01   -0.171713159241853E-02
   -0.830336635634063E-02    0.285181378239524E-02
    0.982592497008682E-03    0.687846242754835E-02
    0.890479286887219E-02    0.101879781206953E-01
    0.152108758475857E-01    0.124610753462253E-01
    0.193534865711694E-01    0.137428190641198E-01
    0.217137570213731E-01    0.140546149154052E-01
    0.223855462637987E-01    0.135716469626682E-01
    0.220107250447135E-01    0.124697331232685E-01
    0.208234284929783E-01    0.109221169845434E-01
    0.193424414276217E-01    0.911694138005914E-02
    0.176897659905929E-01    0.714642927639863E-02
    0.161195649888348E-01    0.514814207512015E-02
    0.145725523272862E-01    0.314366164609065E-02
    0.130657873009259E-01    0.120493339764290E-02
    0.114100138363249E-01   -0.671856626714646E-03
    0.948472576078487E-02   -0.244078433809071E-02
    0.707954148978377E-02   -0.408416428692975E-02
    0.407154318271710E-02   -0.554213172955325E-02
    0.382452300350273E-03   -0.674722699226663E-02
   -0.394725101790549E-02   -0.760098094524111E-02
   -0.868743442903691E-02   -0.800966085610839E-02
   -0.134712832188959E-01   -0.786330332921483E-02
   -0.176581670979248E-01   -0.714123288635807E-02
   -0.205054524683474E-01   -0.582509296854668E-02
   -0.210280946488187E-01   -0.410597096364944E-02
   -0.181733692600795E-01   -0.221166299188436E-02
   -0.111976039566426E-01   -0.660063671460980E-03
    0.000000000000000E+00    0.000000000000000E+00
    0.000000000000000E+00    0.000000000000000E+00
    0.156878765034647E-02    0.156704641912686E-02
    0.432866710634790E-02    0.473764771641644E-02
    0.714620607126312E-02    0.736410708251827E-02
    0.570664170766805E-02    0.835486755499206E-02
   -0.196332782677437E-04    0.636476110469903E-02
   -0.982373385949232E-02    0.278342474423241E-02
   -0.199881292436618E-01   -0.225765198521357E-02
   -0.285815286625394E-01   -0.670047116902845E-02
   -0.330726620333669E-01   -0.935744513771938E-02
   -0.329157906777953E-01   -0.103057044485519E-01
   -0.288260140822911E-01   -0.888817283949573E-02
   -0.212472401152920E-01   -0.628898652437946E-02
   -0.122735583751413E-01   -0.261260615932948E-02
   -0.263639612529713E-02    0.121547115921116E-02
    0.596914999099975E-02    0.476928357227088E-02
    0.131481705386298E-01    0.773826171610342E-02
    0.182584762385857E-01    0.981497803379533E-02
    0.214592329826222E-01    0.110709279199705E-01
    0.229171079054617E-01    0.114137423406664E-01
    0.230605640867194E-01    0.111212533955572E-01
    0.223127852146670E-01    0.101932817459198E-01
    0.210410113787478E-01    0.894464447793302E-02
    0.195514160546512E-01    0.737411347034399E-02
    0.180027075917651E-01    0.572515517648210E-02
    0.164678534471494E-01    0.396442985099519E-02
    0.149046611220213E-01    0.224246618358907E-02
    0.131930054350607E-01    0.509442580801206E-03
    0.111722913990283E-01   -0.114041339816842E-02
    0.864078330931936E-02   -0.272996333395995E-02
    0.544935121782183E-02   -0.417689633526657E-02
    0.148830775677532E-02   -0.543958790029764E-02
   -0.320526312947862E-02   -0.640889967354531E-02
   -0.842787853251751E-02   -0.699082456146150E-02
   -0.137744609903640E-01   -0.705872813101481E-02
   -0.185603246137917E-01   -0.656811066847954E-02
   -0.219474858502982E-01   -0.547237098470710E-02
   -0.228166731552566E-01   -0.393113747185457E-02
   -0.200268092243472E-01   -0.215126536075542E-02
   -0.124043785129769E-01   -0.652369123665393E-03
    0.000000000000000E+00    0.000000000000000E+00
    0.000000000000000E+00    0.000000000000000E+00
   -0.160955793134633E-02    0.187691247476908E-02
    0.523102925785886E-03    0.612030484418461E-02
    0.398062875703811E-02    0.105440876532206E-01
    0.495813984419065E-02    0.134069205482720E-01
    0.199812393042226E-02    0.135918920055876E-01
   -0.545166111149371E-02    0.110057356657011E-01
   -0.147147937263625E-01    0.633672016811015E-02
   -0.237060505672346E-01    0.888955158711203E-03
   -0.297625349795977E-01   -0.386162626581851E-02
   -0.317687445185522E-01   -0.717891623694117E-02
   -0.295401516599488E-01   -0.842862917582616E-02
   -0.236327476025550E-01   -0.789865752762663E-02
   -0.154950008557133E-01   -0.586096744754012E-02
   -0.625975941273910E-02   -0.297358004432982E-02
    0.256281700485320E-02    0.232560860634468E-03
    0.102963661688397E-01    0.327415840950068E-02
    0.161585839508987E-01    0.579805675218191E-02
    0.202384686991550E-01    0.763021289288539E-02
    0.224501833130786E-01    0.866540804158270E-02
    0.233184015909717E-01    0.902105773619807E-02
    0.230607594482073E-01    0.871456678723441E-02
    0.222026462999853E-01    0.798662662488057E-02
    0.209287722703676E-01    0.687133326297196E-02
    0.195417071363444E-01    0.558554761319862E-02
    0.180549321938332E-01    0.413473150549546E-02
    0.165179273745894E-01    0.265860578527836E-02
    0.147829875665532E-01    0.113778966316558E-02
    0.127206225461815E-01   -0.351900045337954E-03
    0.101129549015348E-01   -0.181624540326353E-02
    0.678716304953649E-02   -0.319753580490666E-02
    0.262717611213169E-02   -0.444568870419749E-02
   -0.238360966223562E-02   -0.546929019277970E-02
   -0.801801722521196E-02   -0.616132591337627E-02
   -0.139004466268991E-01   -0.639049370707151E-02
   -0.192654553673276E-01   -0.608683455190446E-02
   -0.232174323205639E-01   -0.517214395479797E-02
   -0.244656878049050E-01   -0.378788411024969E-02
   -0.216261258748324E-01   -0.210058819874659E-02
   -0.135861844411639E-01   -0.647816756999321E-03
    0.000000000000000E+00    0.000000000000000E+00
    0.000000000000000E+00    0.000000000000000E+00
   -0.531620679322819E-02    0.212278349541116E-02
   -0.489116103472384E-02    0.711181055893295E-02
   -0.632962497777639E-03    0.129759439078396E-01
    0.245826851604757E-02    0.177583183838613E-01
    0.248135016945525E-02    0.199122924807380E-01
   -0.221667457102638E-02    0.191681162391879E-01
   -0.961795624040235E-02    0.152383872728225E-01
   -0.181214867470403E-01    0.981448408308492E-02
   -0.249388884259944E-01    0.384972301331401E-02
   -0.285149135550779E-01   -0.138863049318274E-02
   -0.282293031192001E-01   -0.482630479799029E-02
   -0.240255149751962E-01   -0.663667409763774E-02
   -0.173207154631961E-01   -0.643072238528334E-02
   -0.881027839625158E-02   -0.505485419742866E-02
   -0.318377778913892E-03   -0.271910539563142E-02
    0.763610762183761E-02   -0.120936646725893E-03
    0.139683448301363E-01    0.235582428317340E-02
    0.186927673945171E-01    0.445075052064555E-02
    0.216152890804898E-01    0.585926357404914E-02
    0.231007197374796E-01    0.672319251277896E-02
    0.234161912085799E-01    0.687736140147036E-02
    0.229459705613815E-01    0.662822921787271E-02
    0.219932256074657E-01    0.589799144166531E-02
    0.207697970204723E-01    0.497811248747281E-02
    0.194083783595375E-01    0.381136519779517E-02
    0.179092655322439E-01    0.260266904786399E-02
    0.162013165612467E-01    0.129260060056950E-02
    0.141272090583698E-01   -0.144529764699574E-05
    0.114865127892657E-01   -0.131815890773480E-02
    0.808777342683176E-02   -0.258329630828404E-02
    0.377586632349725E-02   -0.377195688808074E-02
   -0.146906901242019E-02   -0.479140806115422E-02
   -0.747950589369628E-02   -0.553938269426538E-02
   -0.138410596628275E-01   -0.587770693831917E-02
   -0.197871038157461E-01   -0.571599101748434E-02
   -0.243084438432478E-01   -0.495057560874299E-02
   -0.260012885749958E-01   -0.369041972348146E-02
   -0.233591785891404E-01   -0.207828623669065E-02
   -0.147656046077048E-01   -0.650538580829755E-03
    0.000000000000000E+00    0.000000000000000E+00
    0.000000000000000E+00    0.000000000000000E+00
   -0.928002891078067E-02    0.213193176709447E-02
   -0.107675350220197E-01    0.750530138274862E-02
   -0.702563504253478E-02    0.142555345279755E-01
   -0.227592970845163E-02    0.205386633919026E-01
    0.539907518273890E-03    0.248013293328334E-01
   -0.783568011235377E-03    0.259481708286497E-01
   -0.540748183658093E-02    0.238835836986095E-01
   -0.121587293878929E-01    0.192043318856381E-01
   -0.186315098846108E-01    0.131041914222648E-01
   -0.231101570203494E-01    0.684107309646430E-02
   -0.243552794586853E-01    0.153213367544291E-02
   -0.221653519868248E-01   -0.220751077632445E-02
   -0.170807211286031E-01   -0.413512268575198E-02
   -0.100445316000539E-01   -0.444216127795693E-02
   -0.228203766779148E-02   -0.350922619277874E-02
    0.527673730479672E-02   -0.181583838001355E-02
    0.117562511791770E-01    0.136824126650202E-03
    0.168529213934272E-01    0.202818716179389E-02
    0.203279529704323E-01    0.350582487955440E-02
    0.224162472064197E-01    0.455841747320326E-02
    0.232629070238066E-01    0.501921314386587E-02
    0.232717488800559E-01    0.507202875602557E-02
    0.226480383350740E-01    0.466142973472554E-02
    0.216842120062157E-01    0.401738388602739E-02
    0.204638587106731E-01    0.311330604762610E-02
    0.190641401800846E-01    0.212877521161336E-02
    0.173970017314700E-01    0.103110165780532E-02
    0.153444849628535E-01   -0.787428418779158E-04
    0.126990713948089E-01   -0.122558662565715E-02
    0.925450997217405E-02   -0.235475537749435E-02
    0.485053407421222E-02   -0.344028117763389E-02
   -0.596842477820477E-03   -0.440879663851634E-02
   -0.690282137550341E-02   -0.515624150686399E-02
   -0.137182882584348E-01   -0.554772017680783E-02
   -0.201956598279058E-01   -0.547457750052659E-02
   -0.253070786462662E-01   -0.480875869047554E-02
   -0.274441808202068E-01   -0.363930003202354E-02
   -0.248471281595965E-01   -0.207014452713783E-02
   -0.159361870990081E-01   -0.657627541630793E-03
    0.000000000000000E+00    0.000000000000000E+00
    0.000000000000000E+00    0.000000000000000E+00
   -0.133695349105358E-01    0.207448182259881E-02
   -0.174636102669176E-01    0.741114588611486E-02
   -0.142253824465971E-01    0.146741819021953E-01
   -0.839500694858856E-02    0.219859905623221E-01
   -0.307517093870152E-02    0.279463936679446E-01
   -0.120625242370193E-02    0.311478047113338E-01
   -0.263667160920789E-02    0.309638418809619E-01
   -0.707951157252376E-02    0.278746875339589E-01
   -0.123846524435538E-01    0.223516805198088E-01
   -0.169415373960637E-01    0.159319840269185E-01
   -0.192234268262582E-01    0.964889656788009E-02
   -0.185570541713130E-01    0.430288353718646E-02
   -0.152267049641595E-01    0.694251231380781E-03
   -0.961461259745021E-02   -0.147927701828586E-02
   -0.304983653907027E-02   -0.201708481129691E-02
    0.391973496261814E-02   -0.161372744778833E-02
    0.101040212655389E-01   -0.507386482321521E-03
    0.153475210283301E-01    0.823471663962337E-03
    0.191277197935347E-01    0.202824189885113E-02
    0.216658927299298E-01    0.301691882896383E-02
    0.229738836439728E-01    0.352816598885229E-02
    0.233869194810409E-01    0.373050985649877E-02
    0.231096838509258E-01    0.347770350843537E-02
    0.223780808179226E-01    0.302176810408360E-02
    0.213336638651859E-01    0.228226349590417E-02
    0.200256731179005E-01    0.146968564751532E-02
    0.184240963336418E-01    0.525765952550971E-03
    0.164010740420006E-01   -0.425521118235630E-03
    0.137703816431664E-01   -0.142692884538942E-02
    0.103194040707328E-01   -0.241658470256994E-02
    0.584974723625139E-02   -0.338843766361719E-02
    0.276052787264789E-03   -0.427484612388435E-02
   -0.630114044739928E-02   -0.498549589514087E-02
   -0.134973725360769E-01   -0.538498701136174E-02
   -0.205109693434529E-01   -0.535964044704590E-02
   -0.261868092028124E-01   -0.475686772899120E-02
   -0.288359823388722E-01   -0.364386954972528E-02
   -0.265364348282425E-01   -0.209704206850927E-02
   -0.171334887312474E-01   -0.673806880604699E-03
    0.000000000000000E+00    0.000000000000000E+00
    0.000000000000000E+00    0.000000000000000E+00
   -0.170989755317870E-01    0.186203196652434E-02
   -0.236784939729281E-01    0.691910613140059E-02
   -0.219512387815129E-01    0.140445339476245E-01
   -0.157857441367218E-01    0.218803377654680E-01
   -0.870680861820813E-02    0.289795583233510E-01
   -0.387286890948059E-02    0.338765550408216E-01
   -0.203960565672369E-02    0.358508931188730E-01
   -0.345543190948759E-02    0.345776052401895E-01
   -0.670234690056728E-02    0.305879841315003E-01
   -0.103582510402900E-01    0.248079324958308E-01
   -0.128380268242070E-01    0.183524398342963E-01
   -0.133026188703412E-01    0.122427567419696E-01
   -0.113786219235015E-01    0.720615415206575E-02
   -0.746784586496522E-02    0.358894415916949E-02
   -0.214964413501259E-02    0.142113204928821E-02
    0.369462076358840E-02    0.501611624253568E-03
    0.938178818592358E-02    0.450216755640697E-03
    0.143314603583329E-01    0.956446835648618E-03
    0.182304678158505E-01    0.159825223434622E-02
    0.209918515050957E-01    0.223831412819565E-02
    0.226538367674006E-01    0.259319628135625E-02
    0.234112495319209E-01    0.273075475543254E-02
    0.234389465471269E-01    0.250832975646437E-02
    0.229509592655002E-01    0.210350728246595E-02
    0.220667941195255E-01    0.145038022325899E-02
    0.208668898644792E-01    0.724500234454410E-03
    0.193175158908535E-01   -0.117578984464536E-03
    0.173243326539127E-01   -0.963011221184354E-03
    0.147026874393503E-01   -0.184845903574478E-02
    0.112382066656798E-01   -0.272085544134724E-02
    0.672821486095964E-02   -0.357994215449419E-02
    0.102828357655605E-02   -0.437378206886791E-02
   -0.575401195948863E-02   -0.501920909427657E-02
   -0.133238267570460E-01   -0.539336067052886E-02
   -0.208071253924621E-01   -0.537100483457165E-02
   -0.270725822828990E-01   -0.479017053668718E-02
   -0.301975404673038E-01   -0.369703744131926E-02
   -0.280051829101378E-01   -0.213794230054109E-02
   -0.183432239512027E-01   -0.694023473525704E-03
    0.000000000000000E+00    0.000000000000000E+00
    0.000000000000000E+00    0.000000000000000E+00
   -0.205619988739924E-01    0.159895559404864E-02
   -0.299058848849594E-01    0.603325168587717E-02
   -0.296017959168854E-01    0.127453208799769E-01
   -0.236252560842325E-01    0.204696120674062E-01
   -0.153661279563194E-01    0.282396542584009E-01
   -0.814541138583329E-02    0.343973775690950E-01
   -0.322551490696602E-02    0.381895024267069E-01
   -0.161188389105430E-02    0.389575515119896E-01
   -0.236003342380248E-02    0.367046737545689E-01
   -0.454026961411841E-02    0.322910449854043E-01
   -0.656141429333495E-02    0.264045156229088E-01
   -0.748587957979762E-02    0.201937259241856E-01
   -0.666349355578124E-02    0.145146119177017E-01
   -0.404201774365155E-02    0.973576859622265E-02
   -0.119559985511338E-03    0.636834161035461E-02
    0.470850037656050E-02    0.408204607089574E-02
    0.954069583249135E-02    0.292578576100780E-02
    0.141239200420001E-01    0.241814827663835E-02
    0.178201313098870E-01    0.234448529930117E-02
    0.206863535265965E-01    0.243493175990556E-02
    0.225129006000219E-01    0.244152523413122E-02
    0.235281415701522E-01    0.235636554144229E-02
    0.237854296740253E-01    0.200880374624749E-02
    0.234965384466073E-01    0.154042941380621E-02
    0.227544900981421E-01    0.862631161972786E-03
    0.216395083472337E-01    0.136609997731861E-03
    0.201372838906784E-01   -0.683741944037609E-03
    0.181609467897304E-01   -0.149062136294802E-02
    0.155433880690395E-01   -0.231655275640236E-02
    0.120756339317785E-01   -0.311427414208185E-02
    0.752665316960792E-02   -0.388973030617202E-02
    0.175291765283878E-02   -0.460032032187323E-02
   -0.523105309266924E-02   -0.518167004467719E-02
   -0.131016140379047E-01   -0.551060495358399E-02
   -0.210739570977764E-01   -0.547765304099089E-02
   -0.278808496681376E-01   -0.489287291241552E-02
   -0.315632507033659E-01   -0.380066693361767E-02
   -0.297372074449917E-01   -0.221439987690815E-02
   -0.196101446035428E-01   -0.724796828324570E-03
    0.000000000000000E+00    0.000000000000000E+00
    0.000000000000000E+00    0.000000000000000E+00
   -0.233372646039036E-01    0.127034294908969E-02
   -0.349836310268312E-01    0.498894121953966E-02
   -0.366374410860476E-01    0.107960266892498E-01
   -0.314570194986428E-01    0.180204018530756E-01
   -0.227925401935587E-01    0.256968247139438E-01
   -0.138931413666568E-01    0.325777605664459E-01
   -0.646672534487577E-02    0.377362391646237E-01
   -0.187835983196103E-02    0.402643828807229E-01
    0.121177546639481E-03    0.400492436594157E-01
    0.784973438319308E-04    0.372971868838847E-01
   -0.742303678560911E-03    0.327003847223542E-01
   -0.141545465910922E-02    0.271183670086218E-01
   -0.103926945844974E-02    0.213902989829142E-01
    0.527094487933366E-03    0.161655741188627E-01
    0.337311262673042E-02    0.118613783621497E-01
    0.696571659913028E-02    0.860977760629768E-02
    0.109779490361748E-01    0.635215636262451E-02
    0.148178703263156E-01    0.491488078032327E-02
    0.182186652265644E-01    0.401232485629595E-02
    0.208850282012820E-01    0.346780781565635E-02
    0.227772387908579E-01    0.299952628077154E-02
    0.238818234291801E-01    0.257069851116839E-02
    0.243060719643479E-01    0.199811330793020E-02
    0.241475771361179E-01    0.136890372494707E-02
    0.235124714257534E-01    0.590414000496521E-03
    0.224558554288080E-01   -0.206886550181311E-03
    0.209709991154008E-01   -0.107080198113085E-02
    0.189873233077709E-01   -0.189748930258942E-02
    0.163423590593480E-01   -0.272265119982240E-02
    0.128381550204798E-01   -0.349522617584932E-02
    0.823698910471900E-02   -0.422900615912663E-02
    0.235575301681255E-02   -0.488887320130611E-02
   -0.479633786285208E-02   -0.541736281586789E-02
   -0.129919876543934E-01   -0.571122274646645E-02
   -0.213884235301097E-01   -0.564836969965146E-02
   -0.287822232146231E-01   -0.504902356739891E-02
   -0.329550219623563E-01   -0.393151922852720E-02
   -0.312757214028151E-01   -0.229438877073145E-02
   -0.209105810812095E-01   -0.755383441728938E-03
    0.000000000000000E+00    0.000000000000000E+00
    0.000000000000000E+00    0.000000000000000E+00
   -0.255937522364180E-01    0.919661149674029E-03
   -0.395036395599891E-01    0.373012586306729E-02
   -0.428390851892969E-01    0.851311741475929E-02
   -0.387313273649587E-01    0.147257964204283E-01
   -0.302198725519551E-01    0.219459240730878E-01
   -0.203094259321953E-01    0.288856587648388E-01
   -0.109387939228342E-01    0.349141939139628E-01
   -0.382376810234208E-02    0.388557120989666E-01
    0.814914418595288E-03    0.404061776288396E-01
    0.302139836885085E-02    0.395383316890035E-01
    0.379829891898926E-02    0.364836304922986E-01
    0.389567335913499E-02    0.320909789412518E-01
    0.429909410391566E-02    0.269622893905757E-01
    0.536357398287288E-02    0.218081020508315E-01
    0.731751025518826E-02    0.172127173296550E-01
    0.100223575675470E-01    0.132854317284086E-01
    0.130968869942205E-01    0.103187725106172E-01
    0.163130791073186E-01    0.803785258279773E-02
    0.191773710646576E-01    0.644315385342133E-02
    0.216319789352648E-01    0.523827710962850E-02
    0.233803652393966E-01    0.428830043509191E-02
    0.245286039412170E-01    0.345302235227537E-02
    0.249976357026134E-01    0.260281998366401E-02
    0.249355030876188E-01    0.174575151240988E-02
    0.243559180679731E-01    0.812017217935893E-03
    0.233373690164600E-01   -0.123495561218488E-03
    0.218515568243295E-01   -0.108377369504538E-02
    0.198434164421597E-01   -0.200027735508468E-02
    0.171598698676366E-01   -0.288131301974561E-02
    0.136108912318539E-01   -0.369495419053502E-02
    0.894742542554868E-02   -0.444300735211464E-02
    0.298482286754418E-02   -0.509727418719586E-02
   -0.434977259026929E-02   -0.561764712945957E-02
   -0.128097054796734E-01   -0.589019494821402E-02
   -0.216720308031796E-01   -0.582906952074318E-02
   -0.295923642609235E-01   -0.521342704381088E-02
   -0.343691737144899E-01   -0.408551157264870E-02
   -0.331127472081997E-01   -0.240003607476983E-02
   -0.222895679631515E-01   -0.796816900924955E-03
    0.000000000000000E+00    0.000000000000000E+00
    0.000000000000000E+00    0.000000000000000E+00
   -0.270949397464476E-01    0.575908584909875E-03
   -0.425978347460546E-01    0.251218613018534E-02
   -0.477547113036067E-01    0.602991470544876E-02
   -0.449995084012646E-01    0.110611777757536E-01
   -0.371281202716053E-01    0.172220245365293E-01
   -0.269304667858860E-01    0.237699342780360E-01
   -0.163807068116555E-01    0.299429111809315E-01
   -0.731440525068315E-02    0.347698384807897E-01
   -0.365560734416541E-03    0.377652033472314E-01
    0.415010789662111E-02    0.385590952329192E-01
    0.681045727023175E-02    0.373021502361607E-01
    0.819536551718921E-02    0.343756324346433E-01
    0.919121288346619E-02    0.303704300778864E-01
    0.102140476997605E-01    0.258782137680323E-01
    0.117572300684160E-01    0.214541231649098E-01
    0.136994936606473E-01    0.174246522973030E-01
    0.160904628284039E-01    0.140271420801720E-01
    0.185378045737039E-01    0.112693266919454E-01
    0.209308107281617E-01    0.910287267190065E-02
    0.229450622411531E-01    0.740265281884440E-02
    0.245249680772965E-01    0.600278920909807E-02
    0.255344890468181E-01    0.481226149962214E-02
    0.260089394741207E-01    0.367999110589776E-02
    0.259427759404128E-01    0.260466899575458E-02
    0.253913398942254E-01    0.149650640150254E-02
    0.243693361653306E-01    0.417629768881248E-03
    0.228590967594251E-01   -0.672896826090379E-03
    0.208046628301020E-01   -0.170241201765431E-02
    0.180491385682727E-01   -0.269117545848608E-02
    0.144243500747720E-01   -0.359361071082792E-02
    0.966310340657494E-02   -0.441620368966125E-02
    0.357007990460702E-02   -0.512914452939620E-02
   -0.394871552422076E-02   -0.568717002906265E-02
   -0.127301748345750E-01   -0.600019927243646E-02
   -0.220101856577346E-01   -0.595498793496552E-02
   -0.305396677705202E-01   -0.536069067494684E-02
   -0.358320659305358E-01   -0.421831140900531E-02
   -0.347661678284893E-01   -0.248572337101740E-02
   -0.237120191498990E-01   -0.828723207677069E-03
    0.000000000000000E+00    0.000000000000000E+00
    0.000000000000000E+00    0.000000000000000E+00
   -0.279970709137687E-01    0.235558451385189E-03
   -0.448904031378976E-01    0.125066856852197E-02
   -0.514220440566823E-01    0.353469625206364E-02
   -0.500257927509822E-01    0.712246835670506E-02
   -0.431363217969755E-01    0.120674165168540E-01
   -0.331541066172885E-01    0.176743046765165E-01
   -0.220451196900740E-01    0.235810161732129E-01
   -0.116353775781327E-01    0.287094996256494E-01
   -0.286657353390546E-02    0.326630535772802E-01
    0.366138818859085E-02    0.348626097260989E-01
    0.817191479572142E-02    0.351821244119368E-01
    0.109962597997293E-01    0.338986127200015E-01
    0.128969902793299E-01    0.312383780383975E-01
    0.142911854490996E-01    0.278252315886753E-01
    0.157353182653845E-01    0.240741170575728E-01
    0.173228428875404E-01    0.203577036874884E-01
    0.191389019067300E-01    0.170323510679454E-01
    0.210763329615132E-01    0.140902191630282E-01
    0.229288996015906E-01    0.117013731644031E-01
    0.246127369280050E-01    0.966963023900086E-02
    0.258945465025427E-01    0.801206007166521E-02
    0.267926029382471E-01    0.654255696616987E-02
    0.271715420949158E-01    0.522311893343406E-02
    0.271055424329812E-01    0.395643406220362E-02
    0.265381871190613E-01    0.272035206921365E-02
    0.255175124550561E-01    0.149330530376209E-02
    0.239812375958770E-01    0.286211892820029E-03
    0.218822454972262E-01   -0.889436604929496E-03
    0.190677349530003E-01   -0.200826670354344E-02
    0.153637314011173E-01   -0.305541048206510E-02
    0.105123789009252E-01   -0.401009341117629E-02
    0.430278957926828E-02   -0.484158837685512E-02
   -0.341291636332346E-02   -0.551640791804524E-02
   -0.124665478724108E-01   -0.591151404000706E-02
   -0.222254914469264E-01   -0.596623617796016E-02
   -0.312969942050330E-01   -0.542103721085336E-02
   -0.372697867562052E-01   -0.432753472772125E-02
   -0.367034120724040E-01   -0.257754926617073E-02
   -0.252132424093207E-01   -0.870813123809749E-03
    0.000000000000000E+00    0.000000000000000E+00
    0.000000000000000E+00    0.000000000000000E+00
   -0.282493264084978E-01   -0.551429477897565E-04
   -0.458176186110141E-01    0.150118330277830E-03
   -0.536397634186015E-01    0.117849888737763E-02
   -0.535803849188521E-01    0.336416050610865E-02
   -0.478197646320453E-01    0.679964052349358E-02
   -0.385167820817415E-01    0.112516084758468E-01
   -0.274516904307441E-01    0.163008342863913E-01
   -0.163900711767642E-01    0.212618308499654E-01
   -0.638231548243634E-02    0.255939308445093E-01
    0.174998000323677E-02    0.287213793996310E-01
    0.793604792766503E-02    0.304051686444757E-01
    0.122813261066994E-01    0.305854226759084E-01
    0.153150286722265E-01    0.294529169539802E-01
    0.174222834725300E-01    0.273271234620198E-01
    0.191526722677417E-01    0.246167345090650E-01
    0.206600806072652E-01    0.216444570100078E-01
    0.222253796490497E-01    0.187504605665043E-01
    0.237266613890318E-01    0.160582397917811E-01
    0.252215492250205E-01    0.137136519842904E-01
    0.265039099592656E-01    0.116730470851578E-01
    0.275565789728126E-01    0.992915882641094E-02
    0.282369275509620E-01    0.838828021253541E-02
    0.285365199955520E-01    0.698575329277306E-02
    0.284005859225703E-01    0.565990938555322E-02
    0.278231568873834E-01    0.435674754496001E-02
    0.267859443173793E-01    0.306674961733233E-02
    0.252287181180058E-01    0.176875316588485E-02
    0.230986255592353E-01    0.487269478028350E-03
    0.202171678140612E-01   -0.773487696660942E-03
    0.164423597788170E-01   -0.198086403015167E-02
    0.114722572309754E-01   -0.311431261654529E-02
    0.511711420437303E-02   -0.413652759377137E-02
   -0.281744032901738E-02   -0.498833226799684E-02
   -0.122169446009469E-01   -0.557201858894685E-02
   -0.224281883992214E-01   -0.576964174136190E-02
   -0.321718610929744E-01   -0.536782008432268E-02
   -0.387228385285692E-01   -0.434619264676871E-02
   -0.384315743289499E-01   -0.261471993260153E-02
   -0.267448908789300E-01   -0.889388959210746E-03
    0.000000000000000E+00    0.000000000000000E+00
    0.000000000000000E+00    0.000000000000000E+00
   -0.279601755333628E-01   -0.327842844891987E-03
   -0.459752510168511E-01   -0.882700768554660E-03
   -0.545651274428437E-01   -0.976749278461929E-03
   -0.556662016121471E-01   -0.221430494553622E-03
   -0.511278569774364E-01    0.175492831130214E-02
   -0.427537544583037E-01    0.478219734847858E-02
   -0.321769530144824E-01    0.878564122997108E-02
   -0.209780472160902E-01    0.130926150226556E-01
   -0.103141542510528E-01    0.173810389371400E-01
   -0.105576768064443E-02    0.209779240704883E-01
    0.644241907971398E-02    0.235863748765081E-01
    0.121233419570584E-01    0.250406146305317E-01
    0.162885960585674E-01    0.252530726781077E-01
    0.192384188687940E-01    0.245314738876319E-01
    0.214613009385975E-01    0.230144178414752E-01
    0.231727452643189E-01    0.210781115038881E-01
    0.246772071075779E-01    0.189656956788388E-01
    0.260111200793690E-01    0.168389854557959E-01
    0.272229764573413E-01    0.149081928019278E-01
    0.282799955745530E-01    0.131141949438357E-01
    0.290907660720751E-01    0.115788609272559E-01
    0.296463200106719E-01    0.101451083523031E-01
    0.298359971678849E-01    0.887000170444948E-02
    0.296820863240101E-01    0.760121212111296E-02
    0.290952181250906E-01    0.637833891844794E-02
    0.280836116282891E-01    0.509534123480810E-02
    0.265482997793184E-01    0.380236368348059E-02
    0.244252333371780E-01    0.244356616580468E-02
    0.215437107351536E-01    0.107868543636593E-02
    0.177259652561093E-01   -0.302601069952318E-03
    0.126986858908871E-01   -0.164503761931027E-02
    0.622631984026670E-02   -0.290325304224243E-02
   -0.190352355009607E-02   -0.402486882712426E-02
   -0.115958653526336E-01   -0.484865913035503E-02
   -0.223211203266719E-01   -0.532116676088525E-02
   -0.326585298463495E-01   -0.511527068860767E-02
   -0.400186446456179E-01   -0.428525555415835E-02
   -0.403609323216739E-01   -0.263385590365550E-02
   -0.283252485079030E-01   -0.917737519211142E-03
    0.000000000000000E+00    0.000000000000000E+00
    0.000000000000000E+00    0.000000000000000E+00
   -0.272009507312628E-01   -0.536241690105594E-03
   -0.450293329303171E-01   -0.171247164140689E-02
   -0.542389468728550E-01   -0.281870180779270E-02
   -0.563075615348593E-01   -0.331612156309131E-02
   -0.529013849861002E-01   -0.281607053465967E-02
   -0.456149566911253E-01   -0.118732000475221E-02
   -0.358463359782161E-01    0.148808238468947E-02
   -0.250276613792551E-01    0.490272256097022E-02
   -0.142307107703145E-01    0.866442987742178E-02
   -0.440371105269734E-02    0.122956315879237E-01
    0.400150781285877E-02    0.154121527269314E-01
    0.107391711533607E-01    0.177400443887618E-01
    0.159278533388320E-01    0.191458032676900E-01
    0.197663649473685E-01    0.196718527592240E-01
    0.226188254094995E-01    0.194502773986479E-01
    0.247251544652076E-01    0.186685413965846E-01
    0.263955348087709E-01    0.175701688470645E-01
    0.277157958511973E-01    0.162875603899906E-01
    0.288390490933661E-01    0.150215061858579E-01
    0.297278721092247E-01    0.137808061290966E-01
    0.304183335563030E-01    0.126673045012461E-01
    0.308459721289371E-01    0.116057292298699E-01
    0.309923812450192E-01    0.106223590098303E-01
    0.308165436801142E-01    0.962197663193747E-02
    0.302654374410150E-01    0.860252808905630E-02
    0.293121168992523E-01    0.749078495720994E-02
    0.278416175858675E-01    0.629060528343841E-02
    0.257969854287599E-01    0.496687281452969E-02
    0.229500805230002E-01    0.354504341567913E-02
    0.191680796248633E-01    0.202998972749684E-02
    0.140913029555910E-01    0.475450581817405E-03
    0.753483975101814E-02   -0.106958694080854E-02
   -0.803585478114881E-03   -0.250737288917120E-02
   -0.108439108785883E-01   -0.370381870099133E-02
   -0.220693102056499E-01   -0.450717785741667E-02
   -0.331756841005784E-01   -0.464729894199945E-02
   -0.412306801955494E-01   -0.405481970755464E-02
   -0.420113743374482E-01   -0.255776445666446E-02
   -0.298934046566746E-01   -0.905782580496211E-03
    0.000000000000000E+00    0.000000000000000E+00
    0.000000000000000E+00    0.000000000000000E+00
   -0.260323496951415E-01   -0.723058597962797E-03
   -0.435060482194193E-01   -0.243050450564060E-02
   -0.528397785948586E-01   -0.437516391947398E-02
   -0.556321502634641E-01   -0.600761932382537E-02
   -0.532819589015059E-01   -0.679727210139082E-02
   -0.471241089595009E-01   -0.657225293276896E-02
   -0.383666742976009E-01   -0.518943689449371E-02
   -0.282338312700295E-01   -0.289719062452273E-02
   -0.177561402983203E-01    0.129125104613688E-03
   -0.779404865173123E-02    0.341052686508577E-02
    0.105550001250102E-02    0.664406931314968E-02
    0.850614089328800E-02    0.949848343053256E-02
    0.144688926809725E-01    0.117284958161742E-01
    0.190730562348562E-01    0.133421563599314E-01
    0.225498496771321E-01    0.142508575873393E-01
    0.251248771048174E-01    0.146669105007669E-01
    0.270768049045151E-01    0.146496188351082E-01
    0.285446948470527E-01    0.143787931031559E-01
    0.296910116121622E-01    0.139864492731655E-01
    0.305655814655657E-01    0.135021702548909E-01
    0.311995121224959E-01    0.130595538483396E-01
    0.316098904593924E-01    0.125565789172000E-01
    0.317506193433730E-01    0.120990651498782E-01
    0.316311450891609E-01    0.115220151129095E-01
    0.311686430189222E-01    0.109103834255895E-01
    0.303443549901547E-01    0.100956922551511E-01
    0.290341698083657E-01    0.915641262700330E-02
    0.271450053529662E-01    0.796233400597573E-02
    0.244702044760400E-01    0.659485673467401E-02
    0.208023578205515E-01    0.499747865004503E-02
    0.158251319299658E-01    0.325530253492197E-02
    0.925937097636882E-02    0.142363177884311E-02
    0.816169482165248E-03   -0.409539465203679E-03
   -0.948746179959948E-02   -0.201595675924115E-02
   -0.212396507213485E-01   -0.331723362633530E-02
   -0.330087100649047E-01   -0.386866609290260E-02
   -0.420619940737357E-01   -0.369306101510709E-02
   -0.437023047338645E-01   -0.244163361875943E-02
   -0.314456864511296E-01   -0.905793137111914E-03
    0.000000000000000E+00    0.000000000000000E+00
    0.000000000000000E+00    0.000000000000000E+00
   -0.245748872407775E-01   -0.849543287593760E-03
   -0.412076120518748E-01   -0.295693215867786E-02
   -0.505531552539652E-01   -0.558452834026470E-02
   -0.538393219796589E-01   -0.812619874617883E-02
   -0.523530197722998E-01   -0.100616586446249E-01
   -0.472708522391227E-01   -0.110625443537414E-01
   -0.396057275301217E-01   -0.109773948518468E-01
   -0.304150254669536E-01   -0.981106652380293E-02
   -0.205775796401045E-01   -0.774960937801953E-02
   -0.109330343043019E-01   -0.505159124473856E-02
   -0.203362130281157E-02   -0.205707964925101E-02
    0.572134216644116E-02    0.954776534544553E-03
    0.121786291504028E-01    0.370752680154208E-02
    0.173496269484136E-01    0.608090129754907E-02
    0.213596120554449E-01    0.797991445287909E-02
    0.244038353613010E-01    0.943550608323262E-02
    0.266886292499335E-01    0.105136113672290E-01
    0.283923571364074E-01    0.112795023701451E-01
    0.296678581041432E-01    0.118672565973311E-01
    0.306116955090484E-01    0.122846932891461E-01
    0.312878932190625E-01    0.126534753845390E-01
    0.317346921980005E-01    0.129055893903106E-01
    0.319430068381017E-01    0.131176009157281E-01
    0.319270012846963E-01    0.131723141757521E-01
    0.316136370327130E-01    0.131066936840484E-01
    0.309952103640260E-01    0.127916488994960E-01
    0.299115761658957E-01    0.122433468513551E-01
    0.283050999675744E-01    0.113556775464996E-01
    0.258782615535251E-01    0.101521956496814E-01
    0.224876857640484E-01    0.858518773682527E-02
    0.176751423679137E-01    0.671787043203453E-02
    0.112342732135816E-01    0.459922557395556E-02
    0.271568811401680E-02    0.236804039659795E-02
   -0.784017185042126E-02    0.218062338914448E-03
   -0.200994173470485E-01   -0.162650714331777E-02
   -0.327335657338605E-01   -0.278674683995477E-02
   -0.426525391627863E-01   -0.308355253408094E-02
   -0.450055371521436E-01   -0.218917488728893E-02
   -0.329149393647397E-01   -0.847157124815298E-03
    0.000000000000000E+00    0.000000000000000E+00
    0.000000000000000E+00    0.000000000000000E+00
   -0.228565152997431E-01   -0.957934353333152E-03
   -0.385715512768331E-01   -0.337658553154075E-02
   -0.475295161160423E-01   -0.652083303256026E-02
   -0.510846158855749E-01   -0.980295803168178E-02
   -0.503219868600150E-01   -0.126502814539478E-01
   -0.462409655815465E-01   -0.147253728121591E-01
   -0.396833746807299E-01   -0.157642962879659E-01
   -0.315419321678643E-01   -0.157174804285737E-01
   -0.225873255295083E-01   -0.146212289230125E-01
   -0.135326929153239E-01   -0.126913854079664E-01
   -0.495657743222167E-02   -0.101482396632942E-01
    0.278249388575740E-02   -0.727867901159285E-02
    0.940636735932974E-02   -0.434197743372544E-02
    0.149069746637123E-01   -0.148921782691822E-02
    0.192805769448372E-01    0.108863790949825E-02
    0.226962340467292E-01    0.341656497109412E-02
    0.252924845069757E-01    0.541587176997869E-02
    0.272455704384248E-01    0.717819031190127E-02
    0.287007220123161E-01    0.872502535712413E-02
    0.297757564619861E-01    0.100947541439479E-01
    0.305541406740992E-01    0.113648308827095E-01
    0.311021253950621E-01    0.124703461579289E-01
    0.314321713606595E-01    0.135064320757644E-01
    0.315763979414383E-01    0.143163124413206E-01
    0.314838107683152E-01    0.149894700536139E-01
    0.311363841028828E-01    0.153140235470549E-01
    0.304047078580915E-01    0.153660729120334E-01
    0.291763043380601E-01    0.149332380659975E-01
    0.271990467791060E-01    0.140815312694569E-01
    0.242165698082824E-01    0.126749800346279E-01
    0.198245645895455E-01    0.107881640679369E-01
    0.136600908437629E-01    0.845441287049803E-02
    0.529794796137051E-02    0.579061871850405E-02
   -0.535352674332294E-02    0.310038808212397E-02
   -0.180534543399916E-01    0.527239735915967E-03
   -0.313906164488949E-01   -0.129864344210372E-02
   -0.425450449789615E-01   -0.230910758230247E-02
   -0.461029171910480E-01   -0.188297437063315E-02
   -0.342724761614134E-01   -0.806583412846793E-03
    0.000000000000000E+00    0.000000000000000E+00
    0.000000000000000E+00    0.000000000000000E+00
   -0.209940565781517E-01   -0.101888288030426E-02
   -0.354625684315076E-01   -0.364279036843904E-02
   -0.439924583919760E-01   -0.716240753570992E-02
   -0.476338751194504E-01   -0.109770743319307E-01
   -0.473987678565883E-01   -0.145461251844126E-01
   -0.441757563666649E-01   -0.174715994459680E-01
   -0.386692578912700E-01   -0.194870209405572E-01
   -0.316244289063569E-01   -0.204224898087062E-01
   -0.236724583187808E-01   -0.202969449875556E-01
   -0.154579640350518E-01   -0.191704369424067E-01
   -0.745961804169944E-02   -0.172589332866797E-01
   -0.772992882235424E-04   -0.147456665711845E-01
    0.643833566319874E-02   -0.118953758624252E-01
    0.119860225616009E-01   -0.887143179785208E-02
    0.165255892956258E-01   -0.586283801607522E-02
    0.201642469420573E-01   -0.294701289519479E-02
    0.229789534314069E-01   -0.188457080801421E-03
    0.251473981997865E-01    0.238961731435711E-02
    0.267659015577792E-01    0.482576793513744E-02
    0.279930894508109E-01    0.708840816353244E-02
    0.288900784227966E-01    0.926107876649386E-02
    0.295706883477865E-01    0.112621961230869E-01
    0.300430582324411E-01    0.131757213693197E-01
    0.303862859471643E-01    0.148635035852567E-01
    0.305400968767504E-01    0.163718396532218E-01
    0.305370666467515E-01    0.175204618770231E-01
    0.302047824939915E-01    0.183098720033203E-01
    0.295035084740577E-01    0.185526182831916E-01
    0.280663408693153E-01    0.182142895838871E-01
    0.257296442264862E-01    0.171629533756999E-01
    0.218772567559085E-01    0.153991993229138E-01
    0.162475369806246E-01    0.129314518894962E-01
    0.813911690812837E-02    0.990751368998721E-02
   -0.247360549989046E-02    0.657845020466810E-02
   -0.155557476264319E-01    0.327290598634626E-02
   -0.297809501850665E-01    0.549896720210455E-03
   -0.419984589788311E-01   -0.121617116682581E-02
   -0.466794159127236E-01   -0.140666064906900E-02
   -0.354546045783847E-01   -0.690189942368134E-03
    0.000000000000000E+00    0.000000000000000E+00
    0.000000000000000E+00    0.000000000000000E+00
   -0.189984476635084E-01   -0.106841732420126E-02
   -0.322264325446527E-01   -0.383407902161355E-02
   -0.400489120174098E-01   -0.759818516980788E-02
   -0.436109930753481E-01   -0.117938939251654E-01
   -0.437758111032920E-01   -0.158728428792385E-01
   -0.413008611762228E-01   -0.194547016945934E-01
   -0.367630262332971E-01   -0.222360871428175E-01
   -0.307917809833418E-01   -0.240184976814045E-01
   -0.239049671807576E-01   -0.247448338171832E-01
   -0.166342100819554E-01   -0.244299724347923E-01
   -0.942063819250357E-02   -0.231942206258075E-01
   -0.259403336382475E-02   -0.212008117692407E-01
    0.354962850928260E-02   -0.186450876564327E-01
    0.892803265305073E-02   -0.157037152444446E-01
    0.134172197302417E-01   -0.125608736730451E-01
    0.171131415216281E-01   -0.931204345411066E-02
    0.200255991900215E-01   -0.607778786199141E-02
    0.223148392208905E-01   -0.287798182444418E-02
    0.240544875253552E-01    0.246497169707353E-03
    0.253899153437056E-01    0.328704695193622E-02
    0.263994326553974E-01    0.626613140218541E-02
    0.271909464591913E-01    0.911990356909032E-02
    0.278124223355897E-01    0.119185424584667E-01
    0.283381208471355E-01    0.145119323167980E-01
    0.287677192529599E-01    0.169652571105602E-01
    0.291154955748096E-01    0.190337325699523E-01
    0.292834470934611E-01    0.207643975906461E-01
    0.291718949447417E-01    0.218550192112850E-01
    0.285021098085979E-01    0.222858017981965E-01
    0.269720621934915E-01    0.217978953706099E-01
    0.240288753651383E-01    0.203657625573081E-01
    0.191841784301640E-01    0.179370194869454E-01
    0.117510803196820E-01    0.145978250715335E-01
    0.144838998566763E-02    0.107194135952885E-01
   -0.117804885586302E-01    0.650534411791018E-02
   -0.266390848309879E-01    0.286483478111622E-02
   -0.403535289007772E-01    0.405143837018464E-04
   -0.467163970699991E-01   -0.887731028450403E-03
   -0.364154971230044E-01   -0.612748507019541E-03
    0.000000000000000E+00    0.000000000000000E+00
    0.000000000000000E+00    0.000000000000000E+00
   -0.169539277546300E-01   -0.108679869950726E-02
   -0.287456868170384E-01   -0.392032896479666E-02
   -0.358860819830918E-01   -0.783249944232623E-02
   -0.392631926267106E-01   -0.122560581641255E-01
   -0.396747684965935E-01   -0.166852352961942E-01
   -0.378011773576004E-01   -0.207315806808952E-01
   -0.341249814446102E-01   -0.240987393905398E-01
   -0.291598247000749E-01   -0.265567955357115E-01
   -0.233228273496497E-01   -0.280240686562481E-01
   -0.170655865115335E-01   -0.284439535344664E-01
   -0.107348841572343E-01   -0.279084613009800E-01
   -0.465309666058399E-02   -0.265001086598272E-01
    0.945873542957950E-03   -0.243961796632556E-01
    0.592688376089980E-02   -0.217356280563983E-01
    0.101828248744749E-01   -0.186878850389787E-01
    0.137474537541804E-01   -0.153766311769731E-01
    0.166104778032181E-01   -0.118996266728390E-01
    0.189025866672967E-01   -0.834622804359603E-02
    0.206616168473807E-01   -0.472782872214587E-02
    0.220397516787110E-01   -0.112281349891823E-02
    0.230851778414071E-01    0.252422633262536E-02
    0.239425062685515E-01    0.610434483518937E-02
    0.246467697275426E-01    0.971054046253225E-02
    0.253205079458602E-01    0.131862079236988E-01
    0.259626844771490E-01    0.165792421073795E-01
    0.266572316474739E-01    0.196645578019753E-01
    0.272866462003178E-01    0.224230165393610E-01
    0.278633780549272E-01    0.245791632604364E-01
    0.279923626586185E-01    0.259624381655094E-01
    0.275344565714185E-01    0.263207588302426E-01
    0.256335397440046E-01    0.254549217178451E-01
    0.219818160441831E-01    0.232745296530988E-01
    0.154184113702745E-01    0.198084461999047E-01
    0.576978114971821E-02    0.153600720103458E-01
   -0.747542907215905E-02    0.103211759081499E-01
   -0.230776421733066E-01    0.550790127596250E-02
   -0.380787451022413E-01    0.164703835138703E-02
   -0.461500329831609E-01   -0.189060077203654E-03
   -0.371348439486016E-01   -0.449059372938689E-03
    0.000000000000000E+00    0.000000000000000E+00
    0.000000000000000E+00    0.000000000000000E+00
   -0.148637581544198E-01   -0.110211672289085E-02
   -0.252783093519043E-01   -0.397472878865373E-02
   -0.315661362789206E-01   -0.795116146156215E-02
   -0.346565552842218E-01   -0.125028389916813E-01
   -0.352328771558279E-01   -0.171317629370567E-01
   -0.338614337758058E-01   -0.214822323982511E-01
   -0.309387825992238E-01   -0.252615841178473E-01
   -0.268968158570261E-01   -0.282355438281168E-01
   -0.220623066800450E-01   -0.303010413120135E-01
   -0.168032111585846E-01   -0.313711768549247E-01
   -0.114103720618814E-01   -0.314864280785099E-01
   -0.614129406267310E-02   -0.307021039907199E-01
   -0.122640736171096E-02   -0.291312889519900E-01
    0.323172191693065E-02   -0.269095531403910E-01
    0.708883894988115E-02   -0.241583704887756E-01
    0.103824640694565E-01   -0.210159217584280E-01
    0.130554142539931E-01   -0.175655983040879E-01
    0.152252274387809E-01   -0.139075223606900E-01
    0.169021969088240E-01   -0.100715828413663E-01
    0.182195386308112E-01   -0.613592338621875E-02
    0.192249319048304E-01   -0.205846550798363E-02
    0.200497744896289E-01    0.205789195155481E-02
    0.207645527924274E-01    0.631285422672269E-02
    0.214764286545087E-01    0.105345966227204E-01
    0.222603520294765E-01    0.148219378309693E-01
    0.231925515730724E-01    0.188833798726834E-01
    0.242868050607743E-01    0.227973047765882E-01
    0.254998627308827E-01    0.261307824708422E-01
    0.266177729247107E-01    0.287456583706445E-01
    0.273476440114059E-01    0.302269884974048E-01
    0.269616043465872E-01    0.302542809031402E-01
    0.248187591454154E-01    0.286629431023336E-01
    0.197693877760966E-01    0.252578313307616E-01
    0.111951797246447E-01    0.204578997965275E-01
   -0.157731807915377E-02    0.144790352465374E-01
   -0.175189986240044E-01    0.855585134681907E-02
   -0.342326373214142E-01    0.329394799392242E-02
   -0.445974925810535E-01    0.494122797058620E-03
   -0.375097318563746E-01   -0.375875822239660E-03
    0.000000000000000E+00    0.000000000000000E+00
    0.000000000000000E+00    0.000000000000000E+00
   -0.127697570289582E-01   -0.110118829010102E-02
   -0.217050036744370E-01   -0.396962769827835E-02
   -0.272075191451311E-01   -0.796485434625107E-02
   -0.299745445424029E-01   -0.125561886743400E-01
   -0.306157909709009E-01   -0.172869235767132E-01
   -0.296352775882731E-01   -0.218202138017662E-01
   -0.273608203546216E-01   -0.258699396972690E-01
   -0.241365333621202E-01   -0.292278277726308E-01
   -0.202256467701586E-01   -0.317588320808886E-01
   -0.159226074555833E-01   -0.333799334362386E-01
   -0.114534788506741E-01   -0.340837277824904E-01
   -0.704419019723554E-02   -0.339036748168093E-01
   -0.286911609066309E-02   -0.329101363929786E-01
    0.950827163668420E-03   -0.312136240368462E-01
    0.430787551639489E-02   -0.289024944534451E-01
    0.719247065468914E-02   -0.261134645785592E-01
    0.956071692900722E-02   -0.228990826020592E-01
    0.114830016008465E-01   -0.193872744357894E-01
    0.129642345924039E-01   -0.155727105242810E-01
    0.141097921220213E-01   -0.115826782633205E-01
    0.149613015551353E-01   -0.731957914241029E-02
    0.156496508761040E-01   -0.292747930692983E-02
    0.162504642026657E-01    0.173650762435637E-02
    0.168638956118360E-01    0.647834473091278E-02
    0.176035805902409E-01    0.114736722703137E-01
    0.186217788841715E-01    0.164169576726429E-01
    0.199826967185828E-01    0.213990819362321E-01
    0.217473327861640E-01    0.259971315073422E-01
    0.236694485747853E-01    0.299678865211298E-01
    0.257941172474577E-01    0.329032227533291E-01
    0.269555810607790E-01    0.341684338010713E-01
    0.268859875274758E-01    0.335466834608443E-01
    0.235651877973158E-01    0.305805629799525E-01
    0.166782658661136E-01    0.255459967416035E-01
    0.449569101457214E-02    0.189335809670205E-01
   -0.117561224193798E-01    0.117398775849857E-01
   -0.298087986650387E-01    0.528102923294935E-02
   -0.425524609236241E-01    0.138496328777615E-02
   -0.375570528869149E-01   -0.169135687576176E-03
    0.000000000000000E+00    0.000000000000000E+00
    0.000000000000000E+00    0.000000000000000E+00
   -0.106754418706570E-01   -0.110080261393078E-02
   -0.182097202373591E-01   -0.396444571219690E-02
   -0.228363793673547E-01   -0.793249438650558E-02
   -0.252297326565521E-01   -0.125109199357024E-01
   -0.258969457260424E-01   -0.172587785317027E-01
   -0.252349441671741E-01   -0.218708919504615E-01
   -0.235120836521956E-01   -0.260874023783784E-01
   -0.210117157681496E-01   -0.297005123101449E-01
   -0.179321141933413E-01   -0.325930118034603E-01
   -0.145119366255797E-01   -0.346559825456160E-01
   -0.109249968866219E-01   -0.358787575857200E-01
   -0.735141911573673E-02   -0.362615825450339E-01
   -0.394204142576347E-02   -0.358479600350527E-01
   -0.788558098564271E-03   -0.347304980998524E-01
    0.199250352182146E-02   -0.329561007967866E-01
    0.440411806156046E-02   -0.306679387649800E-01
    0.637203070163014E-02   -0.278768860639205E-01
    0.796799982700085E-02   -0.247360454461457E-01
    0.916040652524594E-02   -0.212036336360639E-01
    0.100544597806645E-01   -0.174461618869655E-01
    0.106577137867129E-01   -0.133046226762683E-01
    0.111034839005599E-01   -0.896280891033744E-02
    0.114625329694624E-01   -0.421962106099914E-02
    0.118424260044332E-01    0.641806610473546E-03
    0.123657894728131E-01    0.604202276140537E-02
    0.132343040034039E-01    0.115471586095193E-01
    0.146972848289887E-01    0.175083884232892E-01
    0.167588878168719E-01    0.231463226279775E-01
    0.195571116571559E-01    0.286306967114947E-01
    0.229487526388445E-01    0.333819698314062E-01
    0.260978259464795E-01    0.363081545332595E-01
    0.284460563162442E-01    0.371451176653870E-01
    0.277903513999322E-01    0.349717913113587E-01
    0.231101088438759E-01    0.302157742443741E-01
    0.124968574499964E-01    0.229902398157495E-01
   -0.344982847871808E-02    0.150114128666226E-01
   -0.231985280710368E-01    0.703742064955288E-02
   -0.388672333999212E-01    0.214891406734818E-02
   -0.373283322214126E-01   -0.207849030178610E-04
    0.000000000000000E+00    0.000000000000000E+00
    0.000000000000000E+00    0.000000000000000E+00
   -0.858833168350038E-02   -0.108819271375502E-02
   -0.146809476007263E-01   -0.390881853033396E-02
   -0.185176696595165E-01   -0.782756021101332E-02
   -0.205403838289661E-01   -0.123419836451424E-01
   -0.211745811061496E-01   -0.170506748847154E-01
   -0.207563707526084E-01   -0.216817877417190E-01
   -0.195019164395604E-01   -0.259702820487468E-01
   -0.176238849104493E-01   -0.297684356203915E-01
   -0.152852664198080E-01   -0.329079143493200E-01
   -0.126594940820994E-01   -0.353442196969095E-01
   -0.988661917995278E-02   -0.369882353205450E-01
   -0.710607315966704E-02   -0.378924389102662E-01
   -0.443328916789970E-02   -0.380180471298853E-01
   -0.195739720597548E-02   -0.374944724527462E-01
    0.240222907368827E-03   -0.362979490395213E-01
    0.212976793070860E-02   -0.346026457233293E-01
    0.366774196218005E-02   -0.323637515118099E-01
    0.487184649461115E-02   -0.297717796177550E-01
    0.573532962306296E-02   -0.267342977036555E-01
    0.630822861613674E-02   -0.234677933580194E-01
    0.662450700408200E-02   -0.197550544657646E-01
    0.674809207630260E-02   -0.158222135269723E-01
    0.676923386606473E-02   -0.114004283941551E-01
    0.673291275923162E-02   -0.686949054891007E-02
    0.683736040612009E-02   -0.154453988717830E-02
    0.732272488567109E-02    0.406964464305103E-02
    0.850187932551539E-02    0.104802740548224E-01
    0.103963157439640E-01    0.167113724502151E-01
    0.134142085302376E-01    0.235755934994730E-01
    0.179885212887031E-01    0.302778677656719E-01
    0.225541887827117E-01    0.351967508740277E-01
    0.280562877915546E-01    0.379442795168150E-01
    0.298333101677563E-01    0.374688380902191E-01
    0.284258328704612E-01    0.335526779960805E-01
    0.198876334853389E-01    0.265145361351067E-01
    0.489756725062035E-02    0.178101053284750E-01
   -0.158189866859337E-01    0.894478039741549E-02
   -0.347866236456871E-01    0.284934467802384E-02
   -0.366640247448295E-01    0.117046738208713E-03
    0.000000000000000E+00    0.000000000000000E+00
    0.000000000000000E+00    0.000000000000000E+00
   -0.652881214035438E-02   -0.107378395853648E-02
   -0.112815712341679E-01   -0.382444447312367E-02
   -0.142866744728623E-01   -0.763018097832914E-02
   -0.159207636267490E-01   -0.120175547295541E-01
   -0.165006571918348E-01   -0.166184029099327E-01
   -0.162715856038655E-01   -0.211827617592835E-01
   -0.154048922791228E-01   -0.254812358844806E-01
   -0.140657509126905E-01   -0.293532450472690E-01
   -0.123687935796197E-01   -0.326783727969538E-01
   -0.104515006273567E-01   -0.353671383634225E-01
   -0.840960933417943E-02   -0.373788274859417E-01
   -0.635421683353781E-02   -0.387067154262178E-01
   -0.437358241697617E-02   -0.393446820142823E-01
   -0.253393561823645E-02   -0.393743777165815E-01
   -0.915381922891055E-03   -0.387800599541667E-01
    0.472350994413719E-03   -0.377189590935264E-01
    0.155992723354062E-02   -0.361311077008344E-01
    0.238723676423309E-02   -0.342301217878874E-01
    0.289541419546336E-02   -0.318809898336027E-01
    0.316546971519041E-02   -0.293594467767531E-01
    0.315616760786625E-02   -0.263824046988232E-01
    0.297264509985677E-02   -0.232699370988275E-01
    0.260296225867450E-02   -0.196535472484931E-01
    0.217055620132449E-02   -0.160951133597596E-01
    0.172709012237248E-02   -0.114756414934311E-01
    0.158536283974169E-02   -0.656235973538162E-02
    0.211098183441798E-02   -0.387688177554253E-03
    0.332932286887678E-02    0.527893425332505E-02
    0.656649006348588E-02    0.135946230105494E-01
    0.115809823761664E-01    0.217930457844206E-01
    0.183939204379343E-01    0.283470983660155E-01
    0.263337239719141E-01    0.340912535986304E-01
    0.317310224933263E-01    0.358262589957889E-01
    0.337920462832032E-01    0.342161882133083E-01
    0.287980957697601E-01    0.281043200969665E-01
    0.153841561917908E-01    0.197534445129959E-01
   -0.693653113694111E-02    0.100262780654424E-01
   -0.289687344059664E-01    0.273548307865012E-02
   -0.362020584515093E-01   -0.342920728758816E-03
    0.000000000000000E+00    0.000000000000000E+00
    0.000000000000000E+00    0.000000000000000E+00
   -0.455954494070200E-02   -0.101426684235462E-02
   -0.797241254605882E-02   -0.360113873292703E-02
   -0.102273478806404E-01   -0.721257182460407E-02
   -0.114745193525366E-01   -0.113762403558388E-01
   -0.119559454026304E-01   -0.157692075856647E-01
   -0.118561139080078E-01   -0.201863566049005E-01
   -0.113121968861781E-01   -0.243717833752234E-01
   -0.104195810386132E-01   -0.282527523659658E-01
   -0.928508741804332E-02   -0.316168232057273E-01
   -0.797479689989676E-02   -0.345056379858029E-01
   -0.658468998094988E-02   -0.367318482077072E-01
   -0.516821778719810E-02   -0.384466877970666E-01
   -0.381045707811312E-02   -0.394663802434718E-01
   -0.254799537232427E-02   -0.400411098399658E-01
   -0.144860308747144E-02   -0.399701676547125E-01
   -0.526399409738168E-03   -0.395829283103378E-01
    0.170958936169176E-03   -0.386412724960041E-01
    0.650076622886317E-03   -0.375377968677977E-01
    0.882080271932851E-03   -0.359669999131482E-01
    0.890590405418070E-03   -0.343896516282769E-01
    0.662454805537154E-03   -0.323642615674985E-01
    0.211582315150620E-03   -0.304215899388118E-01
   -0.452465016354875E-03   -0.279782869588012E-01
   -0.125135977281414E-02   -0.258849893825493E-01
   -0.212809532644235E-02   -0.227062340990114E-01
   -0.298807971629377E-02   -0.194124431234337E-01
   -0.355960866754229E-02   -0.146182390389547E-01
   -0.379717372210254E-02   -0.109566155762545E-01
   -0.207745350762764E-02   -0.270671110291525E-02
    0.188355306442325E-02    0.489615204888838E-02
    0.803339351085181E-02    0.138922259449015E-01
    0.186933217692113E-01    0.228992574886781E-01
    0.276475472607207E-01    0.285879552162423E-01
    0.357502797668768E-01    0.297288291921712E-01
    0.350179082490682E-01    0.267836984775418E-01
    0.233580042370753E-01    0.190335314477715E-01
   -0.494382663785978E-04    0.101907977150654E-01
   -0.261815395253562E-01    0.239769237395208E-02
   -0.371582518727329E-01   -0.800369468438454E-03
    0.000000000000000E+00    0.000000000000000E+00
    0.000000000000000E+00    0.000000000000000E+00
   -0.271257430688358E-02   -0.906564670879389E-03
   -0.498272219407998E-02   -0.316599252214378E-02
   -0.648047151009658E-02   -0.640020227969548E-02
   -0.733310049342980E-02   -0.101628971928438E-01
   -0.769130477870675E-02   -0.141696977402412E-01
   -0.766727061634141E-02   -0.182367880796018E-01
   -0.736606775988271E-02   -0.221580803374390E-01
   -0.684405278786768E-02   -0.258133244377048E-01
   -0.616487666439231E-02   -0.290994781942000E-01
   -0.537597643630463E-02   -0.319398976979924E-01
   -0.452943943913395E-02   -0.343003137112061E-01
   -0.366787680157887E-02   -0.361617845267295E-01
   -0.284144273662417E-02   -0.375205659675872E-01
   -0.207764250812060E-02   -0.384299286517682E-01
   -0.142627384555313E-02   -0.388836946553260E-01
   -0.890640976818356E-03   -0.390082716712660E-01
   -0.522126899488030E-03   -0.387696864932640E-01
   -0.297445245906483E-03   -0.383612795398392E-01
   -0.274255162406318E-03   -0.376944027703543E-01
   -0.402412576968734E-03   -0.370266206123763E-01
   -0.752668801228176E-03   -0.361862431564812E-01
   -0.126631135698928E-02   -0.355015425114258E-01
   -0.205878279162481E-02   -0.346581718243451E-01
   -0.296336940492218E-02   -0.342763319449654E-01
   -0.415316987591711E-02   -0.332781724486412E-01
   -0.534286637377710E-02   -0.324672337621007E-01
   -0.700540815315039E-02   -0.312119109561698E-01
   -0.870999907884736E-02   -0.314237244856838E-01
   -0.892578697816779E-02   -0.239638277044539E-01
   -0.594752690464051E-02   -0.199512930015032E-01
    0.149222838099414E-02   -0.118801732393976E-01
    0.107348799495495E-01    0.194068558096522E-02
    0.236200071419588E-01    0.977243852553710E-02
    0.345150856824905E-01    0.171598495758920E-01
    0.386772532539551E-01    0.199202094085695E-01
    0.317684897231239E-01    0.150117191731242E-01
    0.959253644194186E-02    0.809331366934478E-02
   -0.183254337860249E-01    0.162628336956224E-02
   -0.364373179615105E-01   -0.152131005091925E-02
    0.000000000000000E+00    0.000000000000000E+00
    0.000000000000000E+00    0.000000000000000E+00
   -0.120090793790393E-02   -0.659162836597680E-03
   -0.238032749239391E-02   -0.237037896760729E-02
   -0.320827976291993E-02   -0.498002784449878E-02
   -0.368548710032501E-02   -0.800456207763090E-02
   -0.389915876657971E-02   -0.113381283548458E-01
   -0.390415599620939E-02   -0.146951034767641E-01
   -0.378952895841809E-02   -0.180327233199308E-01
   -0.353858383740575E-02   -0.211272456610131E-01
   -0.323527367702356E-02   -0.240112529316230E-01
   -0.284416214394647E-02   -0.265115142098212E-01
   -0.245288382024716E-02   -0.287057378157347E-01
   -0.202148389845802E-02   -0.304674733156717E-01
   -0.163448387234655E-02   -0.319086436305662E-01
   -0.125459429695727E-02   -0.329460104263958E-01
   -0.953182395213545E-03   -0.337202446842321E-01
   -0.698792799242678E-03   -0.341779915068902E-01
   -0.544446558128486E-03   -0.344847974046685E-01
   -0.465634059207910E-03   -0.346007729775754E-01
   -0.497492179833692E-03   -0.347086562534464E-01
   -0.626603556428968E-03   -0.347663157751538E-01
   -0.878000044087369E-03   -0.349744523282826E-01
   -0.126101636251488E-02   -0.353001787426726E-01
   -0.178551668897087E-02   -0.359211457925475E-01
   -0.243359226989316E-02   -0.369004692484054E-01
   -0.318247295521845E-02   -0.381457792808451E-01
   -0.419806490730713E-02   -0.396949887448390E-01
   -0.564751235134061E-02   -0.416498007141973E-01
   -0.779665796742835E-02   -0.445946559575304E-01
   -0.969583037468607E-02   -0.435737787329259E-01
   -0.912972420989662E-02   -0.488652637651396E-01
   -0.746405082079519E-02   -0.417130010610912E-01
    0.988196918757643E-03   -0.333118692590560E-01
    0.123381352390919E-01   -0.189858743877452E-01
    0.244098338226636E-01   -0.524065130664980E-02
    0.371953275059844E-01    0.734694007046530E-02
    0.337221052533744E-01    0.861963524705424E-02
    0.165823136437225E-01    0.690868713982677E-02
   -0.124003396115234E-01    0.435359416613674E-02
   -0.298978079156715E-01    0.824242612323097E-03
    0.000000000000000E+00    0.000000000000000E+00
    0.000000000000000E+00    0.000000000000000E+00
   -0.240606499246207E-03   -0.240606499246203E-03
   -0.663547493873597E-03   -0.120737890222034E-02
   -0.929715087944890E-03   -0.273155210986807E-02
   -0.105567298833087E-02   -0.464306354075619E-02
   -0.112736876669142E-02   -0.667257706555025E-02
   -0.112655585872380E-02   -0.880721176179929E-02
   -0.110436369634101E-02   -0.108924317915669E-01
   -0.103887088360020E-02   -0.128892788069178E-01
   -0.958430354173150E-03   -0.147404295225811E-01
   -0.852068657204102E-03   -0.164027434247346E-01
   -0.743039968972774E-03   -0.178678462193421E-01
   -0.625950758225769E-03   -0.191023070823048E-01
   -0.516610533855482E-03   -0.201327184012988E-01
   -0.415542132698843E-03   -0.209508579782522E-01
   -0.332064496777814E-03   -0.215984106737289E-01
   -0.269765409042814E-03   -0.221030886890806E-01
   -0.233472126746116E-03   -0.225044297997238E-01
   -0.226348126952438E-03   -0.228681117722321E-01
   -0.251199981745274E-03   -0.232212216370971E-01
   -0.310920872471967E-03   -0.236618689684865E-01
   -0.413982148365404E-03   -0.242119804957311E-01
   -0.565374375290086E-03   -0.250254893363540E-01
   -0.796178284302524E-03   -0.260672693551991E-01
   -0.104702802122825E-02   -0.275781899443730E-01
   -0.132995818787257E-02   -0.295202779507828E-01
   -0.172592552998955E-02   -0.320490445597158E-01
   -0.253134453530642E-02   -0.355450500738166E-01
   -0.361787280723699E-02   -0.420158809613418E-01
   -0.629673469540951E-02   -0.472895508687208E-01
   -0.551299152562909E-02   -0.596103117918228E-01
   -0.151681610511531E-01   -0.718818292107471E-01
   -0.415101576607911E-02   -0.489790823050737E-01
   -0.728897195904869E-02   -0.501781832878858E-01
    0.599594550083297E-02   -0.300954345179573E-01
    0.225115045744131E-01   -0.878981674625620E-02
    0.292797426636616E-01    0.167730678892596E-03
    0.188052443183000E-01    0.726820561691924E-02
   -0.645219587373334E-02    0.893580765825150E-02
   -0.343634778989092E-01    0.758082547637319E-02
    0.000000000000000E+00    0.000000000000000E+00
    0.000000000000000E+00    0.000000000000000E+00
    0.000000000000000E+00    0.000000000000000E+00
    0.000000000000000E+00    0.000000000000000E+00
    0.000000000000000E+00    0.000000000000000E+00
    0.000000000000000E+00    0.000000000000000E+00
    0.000000000000000E+00    0.000000000000000E+00
    0.000000000000000E+00    0.000000000000000E+00
    0.000000000000000E+00    0.000000000000000E+00
    0.000000000000000E+00    0.000000000000000E+00
    0.000000000000000E+00    0.000000000000000E+00
    0.000000000000000E+00    0.000000000000000E+00
    0.000000000000000E+00    0.000000000000000E+00
    0.000000000000000E+00    0.000000000000000E+00
    0.000000000000000E+00    0.000000000000000E+00
    0.000000000000000E+00    0.000000000000000E+00
    0.000000000000000E+00    0.000000000000000E+00
    0.000000000000000E+00    0.000000000000000E+00
    0.000000000000000E+00    0.000000000000000E+00
    0.000000000000000E+00    0.000000000000000E+00
    0.000000000000000E+00    0.000000000000000E+00
    0.000000000000000E+00    0.000000000000000E+00
    0.000000000000000E+00    0.000000000000000E+00
    0.000000000000000E+00    0.000000000000000E+00
    0.000000000000000E+00    0.000000000000000E+00
    0.000000000000000E+00    0.000000000000000E+00
    0.000000000000000E+00    0.000000000000000E+00
    0.000000000000000E+00    0.000000000000000E+00
    0.000000000000000E+00    0.000000000000000E+00
    0.000000000000000E+00    0.000000000000000E+00
    0.000000000000000E+00    0.000000000000000E+00
    0.000000000000000E+00    0.000000000000000E+00
    0.000000000000000E+00    0.000000000000000E+00
    0.000000000000000E+00    0.000000000000000E+00
   -0.244093978689224E-01   -0.461486929038429E-01
   -0.320061209736937E-02   -0.404468565377554E-01
    0.693365213861803E-02   -0.185817805825015E-01
    0.192707326572639E-01   -0.384178902267562E-02
    0.163608619696504E-01    0.339896202207943E-02
   -0.111089861165684E-01    0.991962550520545E-02
   -0.377704472116835E-01    0.970464900443357E-02
    0.000000000000000E+00    0.000000000000000E+00
