#  pod_003.txt
#  created by BASIS_WRITE.F90,
#  part of program POD_BASIS_FLOW.F90.
#
#  Created on August 10 2006   8:51:30.862 AM
#
#  Velocities ( U, V ).
#
#  Number of records =     1681
#  Singular value S =     6.74445    
#  Epsilon =             0.222045E-15
#
   -0.370616749726161E-15    0.183056841135993E-14
   -0.129573933763227E-01    0.184561505178764E-16
   -0.222126743594147E-01    0.170622095381530E-17
   -0.277658429492683E-01    0.308134088735638E-22
   -0.296168991458862E-01   -0.200369016292857E-26
   -0.277658429492683E-01    0.278028347943325E-32
   -0.222126743594147E-01   -0.634500039105784E-38
   -0.129573933763252E-01    0.229949629225333E-44
   -0.128069464471071E-48   -0.219551947448439E-53
   -0.138897268353136E-58    0.196317651227306E-62
   -0.532040001770225E-69   -0.355641230739861E-73
   -0.173798608399506E-79   -0.144167040799943E-85
   -0.337807085462828E-91    0.103772608805358E-99
   -0.116116467281714-104    0.270164163224437-112
    0.100691022839729-120    0.000000000000000E+00
    0.000000000000000E+00    0.000000000000000E+00
    0.000000000000000E+00    0.000000000000000E+00
    0.000000000000000E+00    0.000000000000000E+00
    0.000000000000000E+00    0.000000000000000E+00
    0.000000000000000E+00    0.000000000000000E+00
    0.000000000000000E+00    0.000000000000000E+00
    0.000000000000000E+00    0.000000000000000E+00
    0.000000000000000E+00    0.000000000000000E+00
    0.000000000000000E+00    0.000000000000000E+00
    0.000000000000000E+00    0.000000000000000E+00
    0.000000000000000E+00    0.000000000000000E+00
    0.000000000000000E+00    0.000000000000000E+00
    0.000000000000000E+00    0.000000000000000E+00
    0.000000000000000E+00    0.000000000000000E+00
    0.000000000000000E+00    0.000000000000000E+00
    0.000000000000000E+00    0.000000000000000E+00
    0.000000000000000E+00    0.000000000000000E+00
    0.000000000000000E+00    0.000000000000000E+00
    0.000000000000000E+00    0.000000000000000E+00
    0.000000000000000E+00    0.000000000000000E+00
    0.000000000000000E+00    0.000000000000000E+00
    0.000000000000000E+00    0.000000000000000E+00
    0.000000000000000E+00    0.000000000000000E+00
    0.000000000000000E+00    0.000000000000000E+00
    0.000000000000000E+00    0.000000000000000E+00
    0.000000000000000E+00    0.000000000000000E+00
    0.000000000000000E+00    0.000000000000000E+00
   -0.126643517913385E-01   -0.240627091933220E-04
   -0.203538335204944E-01   -0.281872847786847E-02
   -0.249709819136713E-01   -0.732068412050351E-02
   -0.263755755941788E-01   -0.125959243690024E-01
   -0.238513646712050E-01   -0.200261206494321E-01
   -0.192363265689377E-01   -0.239766739896879E-01
   -0.123350197644843E-01   -0.275415944606200E-01
   -0.481520122459635E-02   -0.277898677180737E-01
   -0.763751440829832E-03   -0.219187082054669E-01
   -0.395060221134925E-04   -0.198378565865276E-01
    0.329665296204588E-03   -0.205552330806219E-01
    0.228551605550295E-03   -0.208144131386030E-01
    0.233799502667494E-03   -0.212372073427262E-01
    0.220814120152084E-03   -0.216191858839252E-01
    0.740681422714868E-04   -0.217767949892084E-01
   -0.132020670570158E-03   -0.215642944139090E-01
   -0.324790711104017E-03   -0.210998203772165E-01
   -0.479508457650618E-03   -0.202645650112115E-01
   -0.607793838060416E-03   -0.191928395520389E-01
   -0.689111923871655E-03   -0.179163264306547E-01
   -0.746533514231313E-03   -0.165249385085197E-01
   -0.763744686307828E-03   -0.150633241678247E-01
   -0.760101107310679E-03   -0.136003559674823E-01
   -0.728124904642124E-03   -0.121739854070507E-01
   -0.683737307324240E-03   -0.108274549412664E-01
   -0.625866876976092E-03   -0.958024735987357E-02
   -0.564110701944565E-03   -0.845404711443090E-02
   -0.502944677434010E-03   -0.744391273871653E-02
   -0.445637806688970E-03   -0.655554702146543E-02
   -0.400333224365543E-03   -0.575987513389736E-02
   -0.364709588447350E-03   -0.505310694894893E-02
   -0.346795308830832E-03   -0.438807684352112E-02
   -0.339335563358635E-03   -0.376050618075084E-02
   -0.345687798463782E-03   -0.311966564778041E-02
   -0.358660733330433E-03   -0.247036355667666E-02
   -0.362491632316953E-03   -0.180330126183170E-02
   -0.348701396923373E-03   -0.113320158651413E-02
   -0.271987742838295E-03   -0.540189858024405E-03
   -0.120125276828658E-03   -0.120125276828656E-03
    0.000000000000000E+00    0.000000000000000E+00
    0.000000000000000E+00    0.000000000000000E+00
   -0.104076437742500E-01   -0.114854103508860E-02
   -0.155959709541965E-01   -0.549292612064097E-02
   -0.174976099452477E-01   -0.126985828440305E-01
   -0.179693720475125E-01   -0.219307868270534E-01
   -0.168716432167299E-01   -0.321689260008215E-01
   -0.145132538919634E-01   -0.392741966538616E-01
   -0.121182733076101E-01   -0.436850422536141E-01
   -0.769020806505297E-02   -0.448398503571289E-01
   -0.380311710851755E-02   -0.415234703335551E-01
   -0.117072981626394E-02   -0.390936147807524E-01
    0.126179616082539E-03   -0.391604384872328E-01
    0.441690937583319E-03   -0.388118803420158E-01
    0.466178997453797E-03   -0.387052089771548E-01
    0.228813244496323E-03   -0.384593006552999E-01
   -0.264799708777250E-03   -0.382012986021349E-01
   -0.856269121372686E-03   -0.372907690348305E-01
   -0.146194010471649E-02   -0.360760343499933E-01
   -0.195326438439655E-02   -0.342795234542511E-01
   -0.236361794126868E-02   -0.322318157804133E-01
   -0.262241810089903E-02   -0.298261551259640E-01
   -0.278835210631417E-02   -0.273497614601211E-01
   -0.282242952938418E-02   -0.247286819140335E-01
   -0.277979730765370E-02   -0.222062169904537E-01
   -0.264556682451973E-02   -0.197152575462944E-01
   -0.246655084947400E-02   -0.174435159914091E-01
   -0.224295057254143E-02   -0.153086914000290E-01
   -0.201016068477149E-02   -0.134456079275693E-01
   -0.177639876660720E-02   -0.117519861153964E-01
   -0.156689983428309E-02   -0.103147232606332E-01
   -0.139036259780956E-02   -0.901533447634978E-02
   -0.126322451902534E-02   -0.790131985199210E-02
   -0.118524580577639E-02   -0.684906457566209E-02
   -0.116337619447115E-02   -0.588206351760407E-02
   -0.117646553459776E-02   -0.489325724322936E-02
   -0.121713511640625E-02   -0.391038806701142E-02
   -0.122847144429578E-02   -0.288206630727191E-02
   -0.116792797908210E-02   -0.188165600380973E-02
   -0.946570088042827E-03   -0.942418454288352E-03
   -0.540464008281269E-03   -0.270600849841449E-03
    0.000000000000000E+00    0.000000000000000E+00
    0.000000000000000E+00    0.000000000000000E+00
   -0.752489334284746E-02   -0.197506049946474E-02
   -0.917236252652229E-02   -0.709239913306164E-02
   -0.797275116032043E-02   -0.157622508934908E-01
   -0.717899736779432E-02   -0.258981301897237E-01
   -0.654766525137834E-02   -0.374183493258598E-01
   -0.702835005931005E-02   -0.461740982571406E-01
   -0.802753039768018E-02   -0.521588275118197E-01
   -0.751071683092162E-02   -0.557503662670877E-01
   -0.567065656068284E-02   -0.546405953573236E-01
   -0.251193951349264E-02   -0.528357106152833E-01
   -0.860838083125548E-03   -0.524622806134900E-01
    0.301614574281075E-04   -0.520140025749744E-01
    0.274195731170149E-03   -0.509389087611854E-01
   -0.235764933034277E-03   -0.500043920113414E-01
   -0.113675952620671E-02   -0.489726200790736E-01
   -0.226502028999870E-02   -0.473551875441222E-01
   -0.334173804441377E-02   -0.452530133543060E-01
   -0.427423816768319E-02   -0.426788731097935E-01
   -0.499890690779011E-02   -0.397488727297025E-01
   -0.550070794359356E-02   -0.365263314849104E-01
   -0.576265294862982E-02   -0.331892558548156E-01
   -0.581420460945269E-02   -0.297945478217806E-01
   -0.567382043587971E-02   -0.264978892427200E-01
   -0.538705494998176E-02   -0.233443212356055E-01
   -0.498626905291953E-02   -0.204383796188416E-01
   -0.451875032761662E-02   -0.177935128134941E-01
   -0.401958801792660E-02   -0.154601416646737E-01
   -0.353117538082664E-02   -0.134177950482762E-01
   -0.308503844165655E-02   -0.116673632928902E-01
   -0.271300367982658E-02   -0.101578874205714E-01
   -0.243526776122352E-02   -0.885373134701039E-02
   -0.226516351083618E-02   -0.768410894483003E-02
   -0.220064202709790E-02   -0.659830421917927E-02
   -0.222247315445136E-02   -0.553003440112266E-02
   -0.229013020217192E-02   -0.444546690573606E-02
   -0.232900227967706E-02   -0.332622088580582E-02
   -0.223520688414314E-02   -0.220215986842707E-02
   -0.187618775383777E-02   -0.114384078461489E-02
   -0.112418855690406E-02   -0.343010453820692E-03
    0.000000000000000E+00    0.000000000000000E+00
    0.000000000000000E+00    0.000000000000000E+00
   -0.415849781084398E-02   -0.201287216946109E-02
   -0.239210120877333E-02   -0.718710568545155E-02
    0.126036422064167E-02   -0.153868213341040E-01
    0.366328406639313E-02   -0.255096889151685E-01
    0.352042238673393E-02   -0.363506017479344E-01
    0.101292856518952E-02   -0.459579649745352E-01
   -0.279441271266849E-02   -0.533461379552667E-01
   -0.502275339771988E-02   -0.585489705691616E-01
   -0.521751438471911E-02   -0.604226135155028E-01
   -0.361625718952763E-02   -0.606547960222211E-01
   -0.207000052663662E-02   -0.603899177877680E-01
   -0.954087973173447E-03   -0.594807731716183E-01
   -0.898023793470851E-03   -0.579796956100709E-01
   -0.158546684698888E-02   -0.565060846577797E-01
   -0.292634266744920E-02   -0.548241433725221E-01
   -0.449544249987806E-02   -0.525592071131200E-01
   -0.608168190068185E-02   -0.497340333001684E-01
   -0.739935885024543E-02   -0.465339473938381E-01
   -0.845598762996935E-02   -0.429543057518457E-01
   -0.912244853562337E-02   -0.391748737445448E-01
   -0.946595842415057E-02   -0.352452943434364E-01
   -0.944725556088461E-02   -0.313698061200601E-01
   -0.916695353355503E-02   -0.275809230034726E-01
   -0.863393005084400E-02   -0.240516946284804E-01
   -0.795060220804573E-02   -0.207788445952790E-01
   -0.714794249372873E-02   -0.178799959073448E-01
   -0.631675159351704E-02   -0.153136332252404E-01
   -0.549462393962350E-02   -0.131402966396451E-01
   -0.475468983925980E-02   -0.112826965689582E-01
   -0.412784928390389E-02   -0.975015826112051E-02
   -0.366171988231545E-02   -0.844004115855819E-02
   -0.336446033092998E-02   -0.732491000426506E-02
   -0.324396403380857E-02   -0.629730151760261E-02
   -0.326338538992492E-02   -0.531838873238793E-02
   -0.336596782713941E-02   -0.431161376711249E-02
   -0.344153507573954E-02   -0.326579348905420E-02
   -0.333647423290892E-02   -0.218954522381048E-02
   -0.283895743534797E-02   -0.115406222642974E-02
   -0.177485546055561E-02   -0.342202879368114E-03
    0.000000000000000E+00    0.000000000000000E+00
    0.000000000000000E+00    0.000000000000000E+00
   -0.316067739545261E-03   -0.167929497821593E-02
    0.420586044284541E-02   -0.585875058032010E-02
    0.105978339346448E-01   -0.130504709997516E-01
    0.141982259531889E-01   -0.217240232611695E-01
    0.141306566084628E-01   -0.316645267566091E-01
    0.101209671870735E-01   -0.411420201519777E-01
    0.398682721016001E-02   -0.496004627962036E-01
   -0.786635805344560E-03   -0.563273813159725E-01
   -0.356050617954511E-02   -0.601322416657561E-01
   -0.323865717540227E-02   -0.622010091994538E-01
   -0.251099918005730E-02   -0.626739693098985E-01
   -0.180270068941218E-02   -0.620472029254841E-01
   -0.212115740519220E-02   -0.605166355266456E-01
   -0.337595975145485E-02   -0.586102291595515E-01
   -0.519346697332651E-02   -0.565422623213524E-01
   -0.726910480088455E-02   -0.538339654402048E-01
   -0.926704511596842E-02   -0.505741518967101E-01
   -0.110104265319785E-01   -0.469210312717569E-01
   -0.123218523519645E-01   -0.430025546761905E-01
   -0.131781826488533E-01   -0.388345583940495E-01
   -0.135263781790937E-01   -0.346282208064850E-01
   -0.134363738943250E-01   -0.304439971676910E-01
   -0.129403961785517E-01   -0.264577728388917E-01
   -0.121410145569864E-01   -0.227112821239779E-01
   -0.111022857813255E-01   -0.193255328535771E-01
   -0.992991723428135E-02   -0.163103237241512E-01
   -0.869935506556672E-02   -0.137200092797842E-01
   -0.750285963325577E-02   -0.115325579940796E-01
   -0.641133839225766E-02   -0.973847822116610E-02
   -0.549222876342904E-02   -0.828612036182707E-02
   -0.479392272759886E-02   -0.711609656817781E-02
   -0.434436090566140E-02   -0.615612577864637E-02
   -0.414376985333039E-02   -0.532123622076361E-02
   -0.415571610032670E-02   -0.453855924316548E-02
   -0.429586570247128E-02   -0.373641062575925E-02
   -0.442687347313558E-02   -0.287840140755668E-02
   -0.433868194682522E-02   -0.196439415193939E-02
   -0.375962161506417E-02   -0.105782374463181E-02
   -0.237953170602904E-02   -0.318477604227483E-03
    0.000000000000000E+00    0.000000000000000E+00
    0.000000000000000E+00    0.000000000000000E+00
    0.217152698277700E-02   -0.113677106974390E-02
    0.917935869756618E-02   -0.415548960655933E-02
    0.173392981789913E-01   -0.935817134796566E-02
    0.225891966654599E-01   -0.162461816626643E-01
    0.231805375884294E-01   -0.244040716186434E-01
    0.189920876483311E-01   -0.332229966166625E-01
    0.119510235950490E-01   -0.418192799723651E-01
    0.532945852741358E-02   -0.493457380314938E-01
    0.502348709164552E-03   -0.549154698382244E-01
   -0.160978893951412E-02   -0.584160936838455E-01
   -0.243259769175682E-02   -0.599380300178922E-01
   -0.275316543135197E-02   -0.599812365117540E-01
   -0.375043692097034E-02   -0.588950436706999E-01
   -0.549804518921461E-02   -0.571015437805476E-01
   -0.786733030168361E-02   -0.548540465526661E-01
   -0.103821938189137E-01   -0.519480321841819E-01
   -0.128600313313479E-01   -0.485216997736176E-01
   -0.149258752984080E-01   -0.447320006962851E-01
   -0.165135968434891E-01   -0.406720677261637E-01
   -0.174649316467577E-01   -0.364135663225678E-01
   -0.178270450629447E-01   -0.320954458053625E-01
   -0.175880869994661E-01   -0.278661256177426E-01
   -0.168697636392977E-01   -0.238198718508777E-01
   -0.157345755050148E-01   -0.200760887178753E-01
   -0.143200257086390E-01   -0.166849396513268E-01
   -0.127172709660892E-01   -0.137246238763664E-01
   -0.110573410657907E-01   -0.111934047203171E-01
   -0.943422796771517E-02   -0.912103138661448E-02
   -0.795700156785117E-02   -0.745692233416806E-02
   -0.670293038411375E-02   -0.618454178595349E-02
   -0.574175142371089E-02   -0.521433564314664E-02
   -0.511082887972144E-02   -0.449377797819748E-02
   -0.481240285663898E-02   -0.391348482746749E-02
   -0.480939884253795E-02   -0.340541019080921E-02
   -0.499330155826344E-02   -0.287583616396353E-02
   -0.520403607300082E-02   -0.227908600240198E-02
   -0.516654034825190E-02   -0.159731808012281E-02
   -0.453296186150779E-02   -0.876691869201628E-03
   -0.292057776949468E-02   -0.267021626580794E-03
    0.000000000000000E+00    0.000000000000000E+00
    0.000000000000000E+00    0.000000000000000E+00
    0.390335327189664E-02   -0.552610957366089E-03
    0.123456960216849E-01   -0.206250240175081E-02
    0.225284769709258E-01   -0.532556990107044E-02
    0.293277447321338E-01   -0.991902619321835E-02
    0.311889791495390E-01   -0.160829038076085E-01
    0.275648863028034E-01   -0.234565674954993E-01
    0.201057502808865E-01   -0.315724400662383E-01
    0.123032213327159E-01   -0.392928334147480E-01
    0.557275200554996E-02   -0.457572377301660E-01
    0.148002045812447E-02   -0.504921789385621E-01
   -0.115196272672303E-02   -0.530278892343518E-01
   -0.286164253595967E-02   -0.539872819816180E-01
   -0.493421788666853E-02   -0.535437673266260E-01
   -0.742119820632299E-02   -0.521528031842192E-01
   -0.103775593341972E-01   -0.501077797779716E-01
   -0.134483697588857E-01   -0.473646315569238E-01
   -0.163521639971173E-01   -0.441002144819742E-01
   -0.188242418750282E-01   -0.404085032130780E-01
   -0.206309760190584E-01   -0.365047591114836E-01
   -0.217215677375449E-01   -0.323490502656087E-01
   -0.220448573668109E-01   -0.281856944212973E-01
   -0.216883076423830E-01   -0.240576932785225E-01
   -0.207082630385099E-01   -0.201673259159105E-01
   -0.192539846739175E-01   -0.165306481059807E-01
   -0.174292112247254E-01   -0.132968503887279E-01
   -0.153954919116892E-01   -0.104631502332698E-01
   -0.132730016168924E-01   -0.810601978854441E-02
   -0.112073469603342E-01   -0.619733960101048E-02
   -0.931118355036034E-02   -0.474219253744270E-02
   -0.769589294212043E-02   -0.368657759335281E-02
   -0.644154522433783E-02   -0.297390613372089E-02
   -0.560228169783757E-02   -0.252827990550611E-02
   -0.518757824023095E-02   -0.225189927110340E-02
   -0.515577434247606E-02   -0.206008064606676E-02
   -0.538986120585877E-02   -0.185138661565879E-02
   -0.569310041828997E-02   -0.156631401963418E-02
   -0.575232909327499E-02   -0.116148519222374E-02
   -0.514558485359522E-02   -0.674575287244837E-03
   -0.335769307792010E-02   -0.213539078809223E-03
    0.000000000000000E+00    0.000000000000000E+00
    0.000000000000000E+00    0.000000000000000E+00
    0.452005644815586E-02   -0.125391842350776E-03
    0.139001266777130E-01   -0.365618972293966E-03
    0.248817480734400E-01   -0.151540973102908E-02
    0.332781354131632E-01   -0.377881459362512E-02
    0.367196046827141E-01   -0.752272978145885E-02
    0.344330231553858E-01   -0.130619128852984E-01
    0.277359763658154E-01   -0.198502240331907E-01
    0.195667836862793E-01   -0.270829409176447E-01
    0.116186798225122E-01   -0.338304867799229E-01
    0.560188856815514E-02   -0.392118572049148E-01
    0.114411974307762E-02   -0.428198056446566E-01
   -0.228960407427110E-02   -0.446969856057176E-01
   -0.553164549134500E-02   -0.451380428387781E-01
   -0.896233235389684E-02   -0.443946115482598E-01
   -0.126447878053441E-01   -0.428323116453703E-01
   -0.162736559567425E-01   -0.405282354935136E-01
   -0.196640638810206E-01   -0.377035573181543E-01
   -0.224761984305616E-01   -0.344136536824559E-01
   -0.245520779803158E-01   -0.308643896372009E-01
   -0.257459785767378E-01   -0.270686928353514E-01
   -0.260795350835184E-01   -0.232228348652130E-01
   -0.255821542495517E-01   -0.194150638364014E-01
   -0.243760342375618E-01   -0.157945107890020E-01
   -0.225849602387854E-01   -0.124314581915603E-01
   -0.203692758936994E-01   -0.942772255393904E-02
   -0.178871061220719E-01   -0.683467078802818E-02
   -0.153023892837380E-01   -0.469341823970674E-02
   -0.127726360065188E-01   -0.301905965696208E-02
   -0.104407965517396E-01   -0.179475015971097E-02
   -0.843942804774066E-02   -0.996354672603772E-03
   -0.686522044174715E-02   -0.554780698881999E-03
   -0.579645142115643E-02   -0.408706899668886E-03
   -0.524186153126163E-02   -0.451174903751825E-03
   -0.517774297771816E-02   -0.595668519955147E-03
   -0.545891110021670E-02   -0.729623945522494E-03
   -0.588693453596850E-02   -0.774551107220051E-03
   -0.606996070991630E-02   -0.675318168082522E-03
   -0.553076249918144E-02   -0.433504295069714E-03
   -0.367638517712893E-02   -0.149478118517425E-03
    0.000000000000000E+00    0.000000000000000E+00
    0.000000000000000E+00    0.000000000000000E+00
    0.429040790505981E-02    0.298852883300328E-03
    0.136530507120079E-01    0.118704288622218E-02
    0.255529447623594E-01    0.183685861747189E-02
    0.352907114622252E-01    0.177528714338037E-02
    0.405275377991766E-01    0.482471916252330E-03
    0.399345824492139E-01   -0.280700107292975E-02
    0.343700410200025E-01   -0.790256323074252E-02
    0.264169296076141E-01   -0.139468284027247E-01
    0.177421478005294E-01   -0.203467972031195E-01
    0.103267034236086E-01   -0.259575939896123E-01
    0.417848371675329E-02   -0.301331339548661E-01
   -0.758889518774343E-03   -0.328936824369594E-01
   -0.534472810574631E-02   -0.341301694254783E-01
   -0.974841441870359E-02   -0.342249395260775E-01
   -0.142367396884339E-01   -0.333611758011288E-01
   -0.185271622257608E-01   -0.317527418363493E-01
   -0.224264236209157E-01   -0.295894862636922E-01
   -0.256457796300569E-01   -0.269206094942115E-01
   -0.279779447706404E-01   -0.239694906742411E-01
   -0.293340085544263E-01   -0.207265602444633E-01
   -0.296813148725057E-01   -0.174161198659799E-01
   -0.291040989488283E-01   -0.140708748962143E-01
   -0.276869689858856E-01   -0.108960932708695E-01
   -0.256086064488027E-01   -0.790489532453917E-02
   -0.230160790244958E-01   -0.525881502325652E-02
   -0.201159158565863E-01   -0.296562738151106E-02
   -0.170742409543692E-01   -0.112007242708725E-02
   -0.140873740087768E-01    0.290886431105900E-03
   -0.113123446476477E-01    0.124316393194821E-02
   -0.890985005435569E-02    0.177385103974168E-02
   -0.699883196707343E-02    0.192834699324373E-02
   -0.567266887844266E-02    0.177096806797090E-02
   -0.496400158931154E-02    0.140453780168048E-02
   -0.484386457519465E-02    0.915861145309185E-03
   -0.518047873258590E-02    0.434107241385430E-03
   -0.573394321864483E-02    0.408628120181491E-04
   -0.610032975412244E-02   -0.171278469265299E-03
   -0.571838923066423E-02   -0.198311126922435E-03
   -0.387462907759173E-02   -0.856728042169573E-04
    0.000000000000000E+00    0.000000000000000E+00
    0.000000000000000E+00    0.000000000000000E+00
    0.345050068753768E-02    0.547728709507020E-03
    0.123431907778688E-01    0.225668751207814E-02
    0.239962339343001E-01    0.435462309067362E-02
    0.346192643455350E-01    0.629197439445455E-02
    0.414533676034058E-01    0.725009172979633E-02
    0.427869145897843E-01    0.628161721919830E-02
    0.390615961311199E-01    0.339981298237736E-02
    0.321334540283245E-01   -0.106669138890256E-02
    0.236092126037592E-01   -0.643854471444681E-02
    0.153880402989349E-01   -0.116619547448305E-01
    0.800564041686703E-02   -0.161467331014746E-01
    0.155662689634077E-02   -0.194037190745085E-01
   -0.425805710164496E-02   -0.214471081197085E-01
   -0.977489021987219E-02   -0.223302853188833E-01
   -0.150625762838404E-01   -0.223180908541268E-01
   -0.200329385997634E-01   -0.215178460901307E-01
   -0.244526489228737E-01   -0.201762140857971E-01
   -0.280847624670584E-01   -0.182954654359585E-01
   -0.307277054606481E-01   -0.160987786051571E-01
   -0.322737301754971E-01   -0.135847421843025E-01
   -0.327034293937938E-01   -0.109514743897809E-01
   -0.320870268395566E-01   -0.823661263433632E-02
   -0.305291779627073E-01   -0.561379482185448E-02
   -0.282082462738627E-01   -0.312778545281537E-02
   -0.252958313590098E-01   -0.911000568563106E-03
   -0.220121511065952E-01    0.991517547520373E-03
   -0.185463775817817E-01    0.250331738512793E-02
   -0.151192330026008E-01    0.360228645350214E-02
   -0.119064688131666E-01    0.427103476226252E-02
   -0.910188557517437E-02    0.451953476501341E-02
   -0.683635081592742E-02    0.439147014033664E-02
   -0.524271323809863E-02    0.393721420610686E-02
   -0.435250808669871E-02    0.325562892062156E-02
   -0.417594566431533E-02    0.243661703703242E-02
   -0.455261602210561E-02    0.161006329357666E-02
   -0.526790580674857E-02    0.881298819183275E-03
   -0.583176733483496E-02    0.349175054874559E-03
   -0.565223349756508E-02    0.625637141894000E-04
   -0.393770113771225E-02   -0.154437971376360E-04
    0.000000000000000E+00    0.000000000000000E+00
    0.000000000000000E+00    0.000000000000000E+00
    0.206523730321876E-02    0.753081419223709E-03
    0.977587417993453E-02    0.300672845818322E-02
    0.211046783316617E-01    0.620858291399432E-02
    0.322371294487701E-01    0.964519946236550E-02
    0.404479499563181E-01    0.126935122968293E-01
    0.437219447829371E-01    0.139607361057393E-01
    0.419305320207282E-01    0.133476152907621E-01
    0.364088596053670E-01    0.108937276710879E-01
    0.284937089587657E-01    0.692100057645043E-02
    0.200562283164980E-01    0.255903798987921E-02
    0.118676654369402E-01   -0.167073102285531E-02
    0.439098893259727E-02   -0.518366572007257E-02
   -0.254198259076423E-02   -0.770611585046166E-02
   -0.898208642853815E-02   -0.934702438046843E-02
   -0.151000283826590E-01   -0.101134827619640E-01
   -0.207084331898813E-01   -0.102041590186517E-01
   -0.256709889514199E-01   -0.973444008731868E-02
   -0.297227254417109E-01   -0.876538016951313E-02
   -0.326956421226252E-01   -0.744245045415774E-02
   -0.344745847295375E-01   -0.578832518705397E-02
   -0.350329469463624E-01   -0.396407942264918E-02
   -0.344409833742421E-01   -0.199448533204688E-02
   -0.328032288355437E-01   -0.507106477522891E-04
   -0.303078025051858E-01    0.183880149951112E-02
   -0.271366955669022E-01    0.352580434075735E-02
   -0.235259075415111E-01    0.497782526940916E-02
   -0.196828447299696E-01    0.609257978926101E-02
   -0.158469904478765E-01    0.685102764212456E-02
   -0.122203521721459E-01    0.721078155199326E-02
   -0.901513866234858E-02    0.717408045923387E-02
   -0.639684859456813E-02    0.676824275856167E-02
   -0.451160299875066E-02    0.602879701926584E-02
   -0.343223395610487E-02    0.505323407311327E-02
   -0.316594033344345E-02    0.391651361398527E-02
   -0.359060976992867E-02    0.276758948437730E-02
   -0.445026473103230E-02    0.170402724415250E-02
   -0.527443220849801E-02    0.867459865165662E-03
   -0.538219535210287E-02    0.306959904956188E-03
   -0.387545151419136E-02    0.527331282317476E-04
    0.000000000000000E+00    0.000000000000000E+00
    0.000000000000000E+00    0.000000000000000E+00
    0.521551109657388E-03    0.817034930868898E-03
    0.686495769744807E-02    0.337788701124582E-02
    0.170607699099239E-01    0.720607764367119E-02
    0.280703568675683E-01    0.118376228337577E-01
    0.371486391826193E-01    0.163788352176597E-01
    0.420572472600501E-01    0.196717822293003E-01
    0.423529916839759E-01    0.212810002780996E-01
    0.386432048765481E-01    0.208962452552830E-01
    0.320097617753274E-01    0.187896408196667E-01
    0.240426859628917E-01    0.156903893436738E-01
    0.156632293933653E-01    0.121448155183764E-01
    0.751566215529853E-02    0.884909705067280E-02
   -0.178644470916971E-03    0.604322937931230E-02
   -0.746721023512250E-02    0.393094901797349E-02
   -0.142395469913377E-01    0.243528918575948E-02
   -0.204747106485914E-01    0.156331615022399E-02
   -0.259099267790151E-01    0.114883772467038E-02
   -0.303954210106353E-01    0.121789776967637E-02
   -0.336990096214868E-01    0.161175676473578E-02
   -0.357563825643051E-01    0.235712341145462E-02
   -0.364915595126750E-01    0.330108490445690E-02
   -0.360023059446948E-01    0.444442532596918E-02
   -0.343613495637566E-01    0.563690163130419E-02
   -0.317825796315328E-01    0.684642185037816E-02
   -0.284318042133122E-01    0.794392434501841E-02
   -0.245757306778777E-01    0.888001803494859E-02
   -0.204172426964134E-01    0.956190790186561E-02
   -0.162313746869082E-01    0.994563478488621E-02
   -0.122230758425880E-01    0.998697190683038E-02
   -0.864723219266025E-02    0.966418243913270E-02
   -0.567527337920157E-02    0.899314313653974E-02
   -0.350568160144813E-02    0.799344121712042E-02
   -0.221159378412131E-02    0.674774991851529E-02
   -0.186000607542055E-02    0.533001894424673E-02
   -0.230465485041952E-02    0.387993130552716E-02
   -0.334438184763912E-02    0.251629814428640E-02
   -0.442182841669880E-02    0.138130315800779E-02
   -0.485474194454624E-02    0.570961048696322E-03
   -0.366886475913440E-02    0.125039378300243E-03
    0.000000000000000E+00    0.000000000000000E+00
    0.000000000000000E+00    0.000000000000000E+00
   -0.123780646212442E-02    0.841507748779738E-03
    0.335546722840373E-02    0.345634188853554E-02
    0.123462532376944E-01    0.764401888765487E-02
    0.229029365382798E-01    0.128776027548104E-01
    0.324120477127603E-01    0.186529778628473E-01
    0.387051288992896E-01    0.234964260726855E-01
    0.408478051967693E-01    0.271253573095460E-01
    0.390250024055706E-01    0.288097252159688E-01
    0.339040457502756E-01    0.285918430107368E-01
    0.268279390542259E-01    0.270798537078298E-01
    0.187473069975049E-01    0.245727575708904E-01
    0.104372577826783E-01    0.218329788480689E-01
    0.229652928229961E-02    0.191572216860194E-01
   -0.549173659786947E-02    0.167876617145450E-01
   -0.128120553131005E-01    0.148336994704603E-01
   -0.194960348032721E-01    0.132749103126500E-01
   -0.253735205405256E-01    0.121030098703300E-01
   -0.302179624451648E-01    0.112894810201641E-01
   -0.338611503360307E-01    0.107928546406379E-01
   -0.361847525061293E-01    0.106044013654290E-01
   -0.371444608570628E-01    0.106520563142529E-01
   -0.367916647575069E-01    0.109215775911515E-01
   -0.352255178366188E-01    0.113140532878628E-01
   -0.326258464980356E-01    0.117900652948604E-01
   -0.291859206293531E-01    0.122442054011753E-01
   -0.251528113326864E-01    0.126214113078157E-01
   -0.207602958811419E-01    0.128315106966749E-01
   -0.162772482073365E-01    0.128187367326231E-01
   -0.119439049600695E-01    0.125306297013040E-01
   -0.801965052761345E-02    0.119251031908881E-01
   -0.471949132936129E-02    0.110078213372051E-01
   -0.225179608874797E-02    0.977123211344728E-02
   -0.745384387168677E-03    0.829515146755338E-02
   -0.268878708806126E-03    0.662631804770118E-02
   -0.738715564050556E-03    0.491876261478158E-02
   -0.191884964375144E-02    0.327325944110594E-02
   -0.330657436329603E-02    0.187281622973119E-02
   -0.413369134556389E-02    0.807755043863734E-03
   -0.334063797143307E-02    0.193878131547730E-03
    0.000000000000000E+00    0.000000000000000E+00
    0.000000000000000E+00    0.000000000000000E+00
   -0.286040604327629E-02    0.783649332639505E-03
    0.616096968644210E-04    0.331577720424980E-02
    0.742791486646750E-02    0.747104776104165E-02
    0.170121486045202E-01    0.130377426739346E-01
    0.264501185374390E-01    0.193451922130242E-01
    0.335273747407852E-01    0.253911186368941E-01
    0.372503325914059E-01    0.305390811483357E-01
    0.372346161111195E-01    0.340459526918257E-01
    0.338981985272903E-01    0.357792654270396E-01
    0.281694952721838E-01    0.359253324577972E-01
    0.209113125769699E-01    0.347907301276386E-01
    0.129312780632032E-01    0.329426482075282E-01
    0.479518925287515E-02    0.306986844346877E-01
   -0.322759642001346E-02    0.284231074988977E-01
   -0.108032646495675E-01    0.262183519210080E-01
   -0.178236694254067E-01    0.242287183175051E-01
   -0.239760805468566E-01    0.224284494956342E-01
   -0.291375893419313E-01    0.208990339983919E-01
   -0.330445896339294E-01    0.195843152553285E-01
   -0.356515775768262E-01    0.185526095414720E-01
   -0.368333578672945E-01    0.177328655280165E-01
   -0.366885684609897E-01    0.171602786403361E-01
   -0.352473805274878E-01    0.167486318643203E-01
   -0.327299726463319E-01    0.164850509701366E-01
   -0.292773759368012E-01    0.162771306365910E-01
   -0.251761895761242E-01    0.160764846942676E-01
   -0.206271830985401E-01    0.157990886961869E-01
   -0.159395366608208E-01    0.153804723875566E-01
   -0.113377088782119E-01    0.147628973552321E-01
   -0.712682547155281E-02    0.138883947373559E-01
   -0.351962413809051E-02    0.127455792201877E-01
   -0.782934279729145E-03    0.113109785561414E-01
    0.952170621867658E-03    0.964101950145756E-02
    0.154181131128742E-02    0.777546781351551E-02
    0.108457650227403E-02    0.584908975983832E-02
   -0.267154569223452E-03    0.397622805161048E-02
   -0.193104874765098E-02    0.233302075874832E-02
   -0.317280081424058E-02    0.105383549768017E-02
   -0.286746830071625E-02    0.263126376786954E-03
    0.000000000000000E+00    0.000000000000000E+00
    0.000000000000000E+00    0.000000000000000E+00
   -0.443963914495756E-02    0.699893065376061E-03
   -0.330221667997370E-02    0.297950325063909E-02
    0.248050299517265E-02    0.693479375448965E-02
    0.109132399071448E-01    0.123451005530247E-01
    0.198389860262298E-01    0.189394599642215E-01
    0.273770569251526E-01    0.255715642676818E-01
    0.322185527626139E-01    0.319138978355729E-01
    0.338332653043021E-01    0.368748559169950E-01
    0.321936903816094E-01    0.403007055710582E-01
    0.279650148670454E-01    0.421217435012282E-01
    0.218372620403228E-01    0.424045456336403E-01
    0.145703810820522E-01    0.416928104167191E-01
    0.680372317525926E-02    0.401679927343464E-01
   -0.107514571232810E-02    0.382631691094442E-01
   -0.867942394321464E-02    0.361196697091492E-01
   -0.157793951838257E-01    0.339158940288426E-01
   -0.220956917589813E-01    0.317277307516461E-01
   -0.274249131593616E-01    0.296284552913194E-01
   -0.315539885502168E-01    0.276619656713304E-01
   -0.343702194082839E-01    0.258759711799687E-01
   -0.357874841613369E-01    0.242897525144290E-01
   -0.358375381712412E-01    0.229186195556302E-01
   -0.345825197285335E-01    0.217514929894253E-01
   -0.321815009901165E-01    0.207608488608892E-01
   -0.288074396203119E-01    0.199060740836572E-01
   -0.246991001815627E-01    0.191258434029318E-01
   -0.200911442197861E-01    0.183646409494997E-01
   -0.152622510860722E-01    0.175410229431926E-01
   -0.104732706012516E-01    0.166069068095977E-01
   -0.601731660990557E-02    0.154797014183968E-01
   -0.215191891202537E-02    0.141456669677013E-01
    0.852046982324135E-03    0.125484849012497E-01
    0.280113706246832E-02    0.107396771054856E-01
    0.354418595073341E-02    0.872369402022344E-02
    0.309785354079247E-02    0.664045900854205E-02
    0.163648536853719E-02    0.457743816539450E-02
   -0.348173645757802E-03    0.274243737008484E-02
   -0.204981636274900E-02    0.125802816782492E-02
   -0.228794424255458E-02    0.326204258311263E-03
    0.000000000000000E+00    0.000000000000000E+00
    0.000000000000000E+00    0.000000000000000E+00
   -0.574677609051706E-02    0.582006819625373E-03
   -0.613338517785598E-02    0.255721279524522E-02
   -0.204132511420307E-02    0.607102881070875E-02
    0.497171483786349E-02    0.111583423654875E-01
    0.130915401023961E-01    0.174728866815015E-01
    0.204980389480362E-01    0.243601535691199E-01
    0.260506011496845E-01    0.312296787605858E-01
    0.288717270913249E-01    0.372475821814729E-01
    0.288300909036184E-01    0.420341966952029E-01
    0.261673366987054E-01    0.453033913183502E-01
    0.214202450939317E-01    0.470655409881031E-01
    0.152236650123943E-01    0.475514998107505E-01
    0.819640687184761E-02    0.469858815287888E-01
    0.790927809928356E-03    0.456918631889594E-01
   -0.652500292504618E-02    0.438653455704479E-01
   -0.134951712186716E-01    0.417203455749630E-01
   -0.197534787311507E-01    0.393632686728541E-01
   -0.251324430252048E-01    0.369351706404281E-01
   -0.293474228105967E-01    0.344911332942277E-01
   -0.323302063734073E-01    0.321424627671244E-01
   -0.339226403150984E-01    0.299152873209545E-01
   -0.341930875943918E-01    0.278813486348628E-01
   -0.331284858014060E-01    0.260379405844353E-01
   -0.309214063851345E-01    0.244029098000231E-01
   -0.276767281038724E-01    0.229448626793152E-01
   -0.236663672998403E-01    0.216305384502493E-01
   -0.190729801814454E-01    0.204092879197277E-01
   -0.142087354162079E-01    0.192108000417501E-01
   -0.930255482161627E-02    0.179816134981901E-01
   -0.468559182344156E-02    0.166367545077171E-01
   -0.604331179070084E-03    0.151440934021573E-01
    0.261709662787652E-02    0.134362165036807E-01
    0.478118249943421E-02    0.115363471740552E-01
    0.565657665319977E-02    0.943764600269728E-02
    0.526222857625497E-02    0.725229825956023E-02
    0.366588009890894E-02    0.507089442554042E-02
    0.142265468254934E-02    0.308561618162189E-02
   -0.732592742063799E-03    0.145450631642685E-02
   -0.157859984286367E-02    0.383621915596672E-03
    0.000000000000000E+00    0.000000000000000E+00
    0.000000000000000E+00    0.000000000000000E+00
   -0.686257565860298E-02    0.451520429606052E-03
   -0.871435016372252E-02    0.203851417609742E-02
   -0.614296798007980E-02    0.503872995085598E-02
   -0.548376351447593E-03    0.949570590949445E-02
    0.647179749665161E-02    0.153696876952157E-01
    0.135055868727489E-01    0.219785720953455E-01
    0.192768161085092E-01    0.290652151092251E-01
    0.230174734742023E-01    0.356097694985620E-01
    0.242372280450572E-01    0.413680312508451E-01
    0.230506967469706E-01    0.458079145146746E-01
    0.197117575699245E-01    0.488166551259112E-01
    0.147495464506230E-01    0.505223567672652E-01
    0.871284867870488E-02    0.509512305322799E-01
    0.205600446737063E-02    0.504661445207780E-01
   -0.471996404184499E-02    0.491570946815982E-01
   -0.113144645644099E-01    0.473128210349278E-01
   -0.173430636745279E-01    0.450269354161258E-01
   -0.225953188984249E-01    0.424883364667296E-01
   -0.267964189930895E-01    0.397876816827782E-01
   -0.298324813021709E-01    0.370505482434989E-01
   -0.315620277643662E-01    0.343633455951738E-01
   -0.319970469983061E-01    0.317942023692688E-01
   -0.311416462612934E-01    0.294082408939790E-01
   -0.291254945649831E-01    0.272142792251721E-01
   -0.260740445166902E-01    0.252419901253430E-01
   -0.222001338793498E-01    0.234468392729087E-01
   -0.177102200254315E-01    0.218232849752022E-01
   -0.128703296719744E-01    0.202863171616316E-01
   -0.793588582366379E-02    0.188081408134243E-01
   -0.321159998280487E-02    0.172818833188151E-01
    0.102110983908317E-02    0.156831390458925E-01
    0.444123356605554E-02    0.139126738297188E-01
    0.679424097966776E-02    0.119893215720214E-01
    0.783607079118061E-02    0.986820171452086E-02
    0.749522449733621E-02    0.765666098784812E-02
    0.584346371098763E-02    0.541249191910584E-02
    0.331381723958693E-02    0.334434018700798E-02
    0.687241545324238E-03    0.159287607959863E-02
   -0.793958943407089E-03    0.431377499670539E-03
    0.000000000000000E+00    0.000000000000000E+00
    0.000000000000000E+00    0.000000000000000E+00
   -0.767778088720201E-02    0.319055665703742E-03
   -0.106513745941220E-01    0.152353911560263E-02
   -0.952112978713329E-02    0.391139727339184E-02
   -0.537706625350142E-02    0.768367039476809E-02
    0.486868921168150E-03    0.127782452226939E-01
    0.675185615352016E-02    0.188919212071656E-01
    0.124198343118150E-01    0.256244772775168E-01
    0.165650064734696E-01    0.323135197284128E-01
    0.187595085844308E-01    0.385260907968602E-01
    0.187912626858961E-01    0.437524725266124E-01
    0.168224734044314E-01    0.477841600676355E-01
    0.131727952732493E-01    0.505104583596601E-01
    0.829196432724666E-02    0.519788062728144E-01
    0.261701971452607E-02    0.523248517657115E-01
   -0.339061072254545E-02    0.517146034894831E-01
   -0.938212635298857E-02    0.503294181818408E-01
   -0.149756780133636E-01    0.483375579231081E-01
   -0.199322511616675E-01    0.459008848749066E-01
   -0.239648942580870E-01    0.431601001739112E-01
   -0.269514706672896E-01    0.402530781323420E-01
   -0.287212381281224E-01    0.372928989534122E-01
   -0.292856127919730E-01    0.343823644953175E-01
   -0.286011830960110E-01    0.316008084683680E-01
   -0.268025336793330E-01    0.289998697437206E-01
   -0.239588681194339E-01    0.266185173850364E-01
   -0.202930304093710E-01    0.244506771605006E-01
   -0.159590645440685E-01    0.224956951527045E-01
   -0.112361422658355E-01    0.206956002444435E-01
   -0.634142809153832E-02    0.190193812870735E-01
   -0.159764423240389E-02    0.173727011748446E-01
    0.273048079682248E-02    0.157154512334471E-01
    0.628731739042791E-02    0.139464201179997E-01
    0.881237212927895E-02    0.120561310602963E-01
    0.999096339394265E-02    0.998783389833466E-02
    0.973944933059903E-02    0.781649196198143E-02
    0.801193882449682E-02    0.559226462551022E-02
    0.528126237128929E-02    0.350013654276346E-02
    0.222395370914096E-02    0.170176365822561E-02
    0.830751346268586E-04    0.465874247263997E-03
    0.000000000000000E+00    0.000000000000000E+00
    0.000000000000000E+00    0.000000000000000E+00
   -0.824897046937888E-02    0.185010661458229E-03
   -0.122057997789339E-01    0.989208680439006E-03
   -0.122586581402929E-01    0.276604122002744E-02
   -0.942899587510767E-02    0.572243214634686E-02
   -0.482706659448866E-02    0.998209974092731E-02
    0.576035889727451E-03    0.152672137266740E-01
    0.577341287074543E-02    0.214397038385467E-01
    0.100706617219682E-01    0.277977856389155E-01
    0.128242844263134E-01    0.340996155352203E-01
    0.138538310173262E-01    0.396945313787782E-01
    0.130477428063487E-01    0.443780228711174E-01
    0.106613099128214E-01    0.479249441570798E-01
    0.697894890099344E-02    0.502317088130392E-01
    0.238719910135713E-02    0.514344053011903E-01
   -0.268931274980837E-02    0.515236414680715E-01
   -0.792252082194514E-02    0.507586601437419E-01
   -0.129127544870356E-01    0.491897968182026E-01
   -0.174293050839977E-01    0.470624021227735E-01
   -0.211625903198911E-01    0.444653913489352E-01
   -0.239873135459360E-01    0.415913163938728E-01
   -0.257148665308989E-01    0.385517676436009E-01
   -0.263344857163008E-01    0.354755577324982E-01
   -0.257910830159743E-01    0.324735676680928E-01
   -0.241789486953084E-01    0.296049858915077E-01
   -0.215632435141362E-01    0.269556027840082E-01
   -0.181176618271332E-01    0.245175930839001E-01
   -0.139983682289784E-01    0.223361384962807E-01
   -0.943777086122108E-02    0.203462817065326E-01
   -0.465914359747545E-02    0.185511514889563E-01
    0.479296338770378E-04    0.168424307344703E-01
    0.440490684919871E-02    0.151970291678251E-01
    0.806492556355652E-02    0.134887834180649E-01
    0.107295804955980E-01    0.117075148680762E-01
    0.120669030985489E-01    0.976139732158500E-02
    0.119093209272312E-01    0.771318427691066E-02
    0.101948856802246E-01    0.557837671219569E-02
    0.725398581804288E-02    0.354033510883821E-02
    0.377404092954694E-02    0.173941316339793E-02
    0.987679887727767E-03    0.487311734828205E-03
    0.000000000000000E+00    0.000000000000000E+00
    0.000000000000000E+00    0.000000000000000E+00
   -0.855523717933687E-02    0.672089366173607E-04
   -0.131492959071460E-01    0.509350605283200E-03
   -0.142298017262371E-01    0.167843297012530E-02
   -0.125939337253254E-01    0.385327478223527E-02
   -0.914021858481588E-02    0.715380131151090E-02
   -0.475494902840818E-02    0.115336351106323E-01
   -0.173158931377344E-03    0.168057692283660E-01
    0.387498875728945E-02    0.225782801912132E-01
    0.690634776321667E-02    0.285034162932060E-01
    0.854574833645829E-02    0.340937473060226E-01
    0.869201801829943E-02    0.390568600197810E-01
    0.739568568868233E-02    0.430867446401843E-01
    0.486266647828798E-02    0.460728377456684E-01
    0.139239538921407E-02    0.479458774180643E-01
   -0.268274279399521E-02    0.487627141777254E-01
   -0.701717758738087E-02    0.485954699673734E-01
   -0.112872416254132E-01    0.475880196949665E-01
   -0.152077310299999E-01    0.458653012925999E-01
   -0.185247154673112E-01    0.435969140648598E-01
   -0.210579906027426E-01    0.409168053333264E-01
   -0.226491829812252E-01    0.379892769400907E-01
   -0.232413703102700E-01    0.349311996394528E-01
   -0.227810289637722E-01    0.318823174587992E-01
   -0.213275241644708E-01    0.289199754998486E-01
   -0.189245130409632E-01    0.261447018602696E-01
   -0.157215053224812E-01    0.235804452137777E-01
   -0.118419561997841E-01    0.212796803159551E-01
   -0.750125542720045E-02    0.192093199213508E-01
   -0.289192338935942E-02    0.173730094812615E-01
    0.170767691312151E-02    0.156853973269273E-01
    0.603482095221454E-02    0.141131958525444E-01
    0.973782374830373E-02    0.125383651732517E-01
    0.125096073378362E-01    0.109269500702765E-01
    0.139717878029941E-01    0.917855070731152E-02
    0.139309212367482E-01    0.732390465720115E-02
    0.122121812764478E-01    0.536232105596229E-02
    0.915948682168159E-02    0.344855929646702E-02
    0.533568933102489E-02    0.172526529145161E-02
    0.192260092310215E-02    0.487943934811389E-03
    0.000000000000000E+00    0.000000000000000E+00
    0.000000000000000E+00    0.000000000000000E+00
   -0.863030007807114E-02   -0.454636242443172E-04
   -0.137130480200562E-01    0.578843800747912E-04
   -0.155351125902093E-01    0.667390764034998E-03
   -0.148914146615784E-01    0.205888999176591E-02
   -0.125417726064510E-01    0.443640430212036E-02
   -0.913265663503095E-02    0.778906982929199E-02
   -0.534591302162153E-02    0.120887760716645E-01
   -0.168518242268999E-02    0.169850267148837E-01
    0.128439265416891E-02    0.222945743762386E-01
    0.330918254220281E-02    0.275046331822199E-01
    0.410075066997876E-02    0.323971782892966E-01
    0.372035124472963E-02    0.366034140737946E-01
    0.219447975869308E-02    0.399497726082296E-01
   -0.216974097400792E-03    0.423531005816871E-01
   -0.327659558957362E-02    0.437143928411067E-01
   -0.668938519319532E-02    0.441657364923380E-01
   -0.101451582285897E-01    0.436835439331476E-01
   -0.134093448334316E-01    0.424872788428193E-01
   -0.161979966645248E-01    0.406186977195742E-01
   -0.183722642213756E-01    0.382974208862912E-01
   -0.197302821447851E-01    0.356145559381633E-01
   -0.202362785708306E-01    0.327446812718943E-01
   -0.197951144849947E-01    0.298042355707883E-01
   -0.184632863078311E-01    0.269017291969064E-01
   -0.162508810243502E-01    0.241492314462548E-01
   -0.132853031769040E-01    0.215848591610341E-01
   -0.966473066086021E-02    0.192895501149137E-01
   -0.557278073295752E-02    0.172351805362144E-01
   -0.118179200445598E-02    0.154555981845662E-01
    0.325890125372536E-02    0.138628428456997E-01
    0.750104674012612E-02    0.124444865532498E-01
    0.112032565286161E-01    0.110682435841007E-01
    0.140507398452132E-01    0.970438722319357E-02
    0.156442973268853E-01    0.822454577524207E-02
    0.157285639277581E-01    0.664478672442091E-02
    0.140941995498334E-01    0.493124800232536E-02
    0.109384561247327E-01    0.322133418219106E-02
    0.679736105873723E-02    0.163451101504614E-02
    0.282396841848637E-02    0.473201551384966E-03
    0.000000000000000E+00    0.000000000000000E+00
    0.000000000000000E+00    0.000000000000000E+00
   -0.850575686116801E-02   -0.134316232870521E-03
   -0.137786876130575E-01   -0.318081292210417E-03
   -0.161866121992436E-01   -0.207714129750683E-03
   -0.163532074979957E-01    0.488272181489011E-03
   -0.149147606560820E-01    0.197064912958400E-02
   -0.124535158905723E-01    0.433631887516996E-02
   -0.944930463834004E-02    0.755971627148510E-02
   -0.638099834452315E-02    0.114877270618586E-01
   -0.364093555026812E-02    0.159096677839261E-01
   -0.156539980518598E-02    0.204952984656608E-01
   -0.362065635267748E-03    0.249806805266030E-01
   -0.113784646555237E-03    0.290412052193371E-01
   -0.811834519550051E-03    0.324887203174265E-01
   -0.230367773340000E-02    0.351346358350455E-01
   -0.443174937224008E-02    0.369236013517650E-01
   -0.692396869585092E-02    0.378142855341013E-01
   -0.957340889983068E-02    0.378682581937794E-01
   -0.121022363288256E-01    0.371416832148722E-01
   -0.143276833496551E-01    0.357675723783295E-01
   -0.160374456229217E-01    0.338484700761465E-01
   -0.171117733830210E-01    0.315471638103473E-01
   -0.174363336460883E-01    0.289737926112035E-01
   -0.169689012768748E-01    0.262897531784028E-01
   -0.156954087457659E-01    0.235837170347975E-01
   -0.136486808863818E-01    0.209918777220470E-01
   -0.108978631083204E-01    0.185620225376031E-01
   -0.754076849649252E-02    0.163873922467144E-01
   -0.371268893168749E-02    0.144633263184956E-01
    0.425928523632411E-03    0.128288869481791E-01
    0.466786675567262E-02    0.114207614633286E-01
    0.877319296993527E-02    0.102228159308974E-01
    0.124297744427050E-01    0.911794146868643E-02
    0.153107563313873E-01    0.805945382399609E-02
    0.170044939454503E-01    0.691606268193171E-02
    0.172192010068619E-01    0.567582268096604E-02
    0.156523818780619E-01    0.428442137693599E-02
    0.124924238975373E-01    0.284964931078376E-02
    0.814955197438448E-02    0.147444142728260E-02
    0.367283866885219E-02    0.432055768719616E-03
    0.000000000000000E+00    0.000000000000000E+00
    0.000000000000000E+00    0.000000000000000E+00
   -0.819898672562314E-02   -0.215113445554365E-03
   -0.135453013753526E-01   -0.643658019954344E-03
   -0.162759843660367E-01   -0.961747754170497E-03
   -0.170471840842621E-01   -0.888674012978918E-03
   -0.163959411305052E-01   -0.205739277580427E-03
   -0.147613158794970E-01    0.120974121490393E-02
   -0.125550017336375E-01    0.340070527432172E-02
   -0.100966836830761E-01    0.627751959164172E-02
   -0.777306104985159E-02    0.973105664305841E-02
   -0.579237747874391E-02    0.134768404843734E-01
   -0.444544790160820E-02    0.173344966437585E-01
   -0.376007025104832E-02    0.209817344538484E-01
   -0.385395837163289E-02    0.242376487557058E-01
   -0.458394411092000E-02    0.269131945405084E-01
   -0.589390701141963E-02    0.288650813017453E-01
   -0.756013036102767E-02    0.300939983229244E-01
   -0.941530727695983E-02    0.305127189485419E-01
   -0.112493516529605E-01    0.302613553779843E-01
   -0.128623242572582E-01    0.293166802080975E-01
   -0.141125827208642E-01    0.278767080880047E-01
   -0.148302411307840E-01    0.259793307402527E-01
   -0.149592556406064E-01    0.238147946105982E-01
   -0.143964405563566E-01    0.214662912447409E-01
   -0.131638285149519E-01    0.190776646509766E-01
   -0.112362150125188E-01    0.167507145574969E-01
   -0.869506395046746E-02    0.145671623774067E-01
   -0.558778741053394E-02    0.126168792946334E-01
   -0.204302710463772E-02    0.109158225799973E-01
    0.182397934904134E-02    0.951570439359835E-02
    0.582193314908373E-02    0.836449027046694E-02
    0.975347493448967E-02    0.746169823658146E-02
    0.133142451241975E-01    0.668833816397977E-02
    0.162039753634270E-01    0.600493156068547E-02
    0.179885423964405E-01    0.526027011461271E-02
    0.183469214452968E-01    0.443066151987228E-02
    0.169290868331259E-01    0.343005479419083E-02
    0.137881639888111E-01    0.234152168222887E-02
    0.927734592473856E-02    0.124342695085429E-02
    0.442081008572349E-02    0.375255309116823E-03
    0.000000000000000E+00    0.000000000000000E+00
    0.000000000000000E+00    0.000000000000000E+00
   -0.776420265812196E-02   -0.271253274136930E-03
   -0.129561190614504E-01   -0.891863290250231E-03
   -0.158943200563932E-01   -0.155674092500555E-02
   -0.170952591997612E-01   -0.199817462858171E-02
   -0.170325404107454E-01   -0.200570450543115E-02
   -0.161008056780051E-01   -0.142875507495954E-02
   -0.145890956615841E-01   -0.204976084931072E-03
   -0.127725181047514E-01    0.166509917339954E-02
   -0.109065753830134E-01    0.409259870269172E-02
   -0.921095217145685E-02    0.692102673334217E-02
   -0.788057984020540E-02    0.996994778310212E-02
   -0.701566903598000E-02    0.130070559137546E-01
   -0.670433816327573E-02    0.158487577858640E-01
   -0.688851764645198E-02    0.182974689734987E-01
   -0.754986393309335E-02    0.202356038141766E-01
   -0.850797930535722E-02    0.215631620167198E-01
   -0.968154690428187E-02    0.222553009230830E-01
   -0.108431736488316E-01    0.223096036903369E-01
   -0.119016642706606E-01    0.217840047106064E-01
   -0.126513066469462E-01    0.207415385787305E-01
   -0.130298021038127E-01    0.192953805668106E-01
   -0.128946070533139E-01    0.175366734001308E-01
   -0.122310209773722E-01    0.156034015270153E-01
   -0.109721620760893E-01    0.135837039271055E-01
   -0.915327802645998E-02    0.116127579091563E-01
   -0.677530574120371E-02    0.975340701049998E-02
   -0.391799098795285E-02    0.811436435343962E-02
   -0.639072281723169E-03    0.671710950019030E-02
    0.293566732268099E-02    0.562399362379982E-02
    0.668066009329685E-02    0.480034130691997E-02
    0.103968273382645E-01    0.424801211810650E-02
    0.138383260546578E-01    0.386491906914667E-02
    0.166910009406474E-01    0.360053316268966E-02
    0.185433167771350E-01    0.330670384315316E-02
    0.190330147933744E-01    0.293540427533339E-02
    0.177448354164090E-01    0.238121746465551E-02
    0.147111689157125E-01    0.169844543088049E-02
    0.101771832977605E-01    0.935588385836464E-03
    0.502313235585836E-02    0.290081986331039E-03
    0.000000000000000E+00    0.000000000000000E+00
    0.000000000000000E+00    0.000000000000000E+00
   -0.720934536679014E-02   -0.318982211877293E-03
   -0.121797305542170E-01   -0.108566832799393E-02
   -0.151161192418471E-01   -0.202258198236706E-02
   -0.165765851734652E-01   -0.287712700069281E-02
   -0.169635995589393E-01   -0.345456494641503E-02
   -0.165923121174930E-01   -0.359252751132993E-02
   -0.156933053094137E-01   -0.321930823681280E-02
   -0.144543518565761E-01   -0.228248676362012E-02
   -0.130875484026287E-01   -0.829603075475860E-03
   -0.117241947252989E-01    0.104799690959964E-02
   -0.105653661761003E-01    0.322840357491154E-02
   -0.965579733777619E-02    0.552092653455447E-02
   -0.913673721530106E-02    0.778043082810538E-02
   -0.894225294456211E-02    0.982874760496031E-02
   -0.911905400499657E-02    0.115289895570719E-01
   -0.952146933163889E-02    0.128101190603259E-01
   -0.101063913126505E-01    0.135615024422094E-01
   -0.107114692882431E-01    0.138396241718410E-01
   -0.112391617708119E-01    0.135746326068442E-01
   -0.115642696851134E-01    0.129110449140521E-01
   -0.115794974709455E-01    0.118290411130265E-01
   -0.112220814998321E-01    0.105033073538020E-01
   -0.104111234506583E-01    0.896226189676635E-02
   -0.914519479429281E-02    0.736425742108934E-02
   -0.738860035143357E-02    0.577046669753354E-02
   -0.518595787352107E-02    0.429663615886360E-02
   -0.255032177940360E-02    0.301135360501281E-02
    0.440335117018301E-03    0.197547639811907E-02
    0.372268034573959E-02    0.123628089895974E-02
    0.717055715397554E-02    0.787606097189440E-03
    0.106480398482612E-01    0.631642941565607E-03
    0.139137717843362E-01    0.678221994741124E-03
    0.167100798344937E-01    0.881950505251260E-03
    0.186058200762942E-01    0.108061103906428E-02
    0.192439965145072E-01    0.122161095094017E-02
    0.181578905153455E-01    0.116341553572093E-02
    0.152632980783930E-01    0.941350473394363E-03
    0.107361292234249E-01    0.574311227001461E-03
    0.546111492557819E-02    0.191752294227689E-03
    0.000000000000000E+00    0.000000000000000E+00
    0.000000000000000E+00    0.000000000000000E+00
   -0.659157348325551E-02   -0.344782912580152E-03
   -0.111868430261162E-01   -0.121066678456812E-02
   -0.140601963112368E-01   -0.233991541645754E-02
   -0.156492762648788E-01   -0.350254404973239E-02
   -0.163239189189744E-01   -0.451663844376349E-02
   -0.163700949461317E-01   -0.523205006762628E-02
   -0.159549755048154E-01   -0.555968380216426E-02
   -0.152238528859974E-01   -0.543056701790698E-02
   -0.143121252394926E-01   -0.485660296234507E-02
   -0.133298967056462E-01   -0.387023883385391E-02
   -0.124052952166758E-01   -0.256598715240965E-02
   -0.116018594729981E-01   -0.105890566175801E-02
   -0.110171870772678E-01    0.518728590350570E-03
   -0.106320587752439E-01    0.203073353453263E-02
   -0.104953316584952E-01    0.335633049210521E-02
   -0.105006304647459E-01    0.440078608346489E-02
   -0.106543770166165E-01    0.509029162770137E-02
   -0.107965223974755E-01    0.539951263969420E-02
   -0.109146462429079E-01    0.531557142386641E-02
   -0.108423690333815E-01    0.487534300651445E-02
   -0.105737793011093E-01    0.412162655637017E-02
   -0.997355387760272E-02    0.312842031429483E-02
   -0.905866110218423E-02    0.197775749441480E-02
   -0.774202279895283E-02    0.754081462254017E-03
   -0.606794719002234E-02   -0.443103606683139E-03
   -0.399639699302811E-02   -0.154003689543451E-02
   -0.159528879285103E-02   -0.244232468346403E-02
    0.113613934870736E-02   -0.310376081677635E-02
    0.410619790770741E-02   -0.345930297788741E-02
    0.726489820784979E-02   -0.351047727745445E-02
    0.104678981567390E-01   -0.324641866340799E-02
    0.135497167807524E-01   -0.274359369045131E-02
    0.162428239524106E-01   -0.205513292942810E-02
    0.181660560848885E-01   -0.133537096677173E-02
    0.189251662066772E-01   -0.662763912075004E-03
    0.180137372803677E-01   -0.192043037289252E-03
    0.153301762392046E-01    0.807501785961553E-04
    0.109705187150179E-01    0.142342858293472E-03
    0.566491232258942E-02    0.675738412668154E-04
    0.000000000000000E+00    0.000000000000000E+00
    0.000000000000000E+00    0.000000000000000E+00
   -0.591436737295693E-02   -0.363209332511591E-03
   -0.101184518892733E-01   -0.128752146761340E-02
   -0.127837572581554E-01   -0.254200216854878E-02
   -0.143833463364085E-01   -0.391311013589614E-02
   -0.152337277127625E-01   -0.524613660168931E-02
   -0.155741858199113E-01   -0.639048135817027E-02
   -0.155312437351372E-01   -0.727626597844543E-02
   -0.152120327909283E-01   -0.780245256956303E-02
   -0.147056349481960E-01   -0.797863945908118E-02
   -0.140783749782970E-01   -0.778496357084173E-02
   -0.134288290241347E-01   -0.728793263494438E-02
   -0.127874361870866E-01   -0.655567656953919E-02
   -0.122504832169736E-01   -0.568048831696453E-02
   -0.117921130326546E-01   -0.477206124785135E-02
   -0.114794214773599E-01   -0.392746424831910E-02
   -0.112312714088570E-01   -0.322478531207524E-02
   -0.110692929123098E-01   -0.275557752177681E-02
   -0.108875663584544E-01   -0.251757687778010E-02
   -0.106653328513384E-01   -0.258784250582294E-02
   -0.103110095142727E-01   -0.288159196549339E-02
   -0.978022928495113E-02   -0.345041900399461E-02
   -0.902111343850482E-02   -0.415776784978157E-02
   -0.798888606322956E-02   -0.502247194901850E-02
   -0.667626861932304E-02   -0.589405992478646E-02
   -0.505536266042302E-02   -0.676164447659860E-02
   -0.315130793294506E-02   -0.748856629486297E-02
   -0.960020767132824E-03   -0.804799471120816E-02
    0.147658043270922E-02   -0.833481313388105E-02
    0.413624696157319E-02   -0.832982110109469E-02
    0.695373657593404E-02   -0.798229594899875E-02
    0.985721921150082E-02   -0.730525059970996E-02
    0.126871408196366E-01   -0.634431855735107E-02
    0.152512800607612E-01   -0.515632589632104E-02
    0.171621149455403E-01   -0.390685606203305E-02
    0.180581624337990E-01   -0.266941354747343E-02
    0.173896292781122E-01   -0.165116153449373E-02
    0.149500136399773E-01   -0.847402623512604E-03
    0.107781308482667E-01   -0.315492095895500E-03
    0.565656116830662E-02   -0.639849943033395E-04
    0.000000000000000E+00    0.000000000000000E+00
    0.000000000000000E+00    0.000000000000000E+00
   -0.522727263992612E-02   -0.364056233411408E-03
   -0.895229731220693E-02   -0.130914374378001E-02
   -0.113988081829573E-01   -0.262346903787778E-02
   -0.129326746097846E-01   -0.411574390967501E-02
   -0.138483608213393E-01   -0.564652483349556E-02
   -0.143664952623142E-01   -0.709085750759746E-02
   -0.145834479062180E-01   -0.836989785715043E-02
   -0.145751971787516E-01   -0.940091044780566E-02
   -0.143958816630371E-01   -0.101631972601737E-01
   -0.140845356408506E-01   -0.106269151514177E-01
   -0.136995512295160E-01   -0.108265622470153E-01
   -0.132629250823776E-01   -0.107887170615130E-01
   -0.128374331558063E-01   -0.105870025682164E-01
   -0.124118259647959E-01   -0.102811700513390E-01
   -0.120405327015856E-01   -0.995955654910321E-02
   -0.116656716074021E-01   -0.967501772029644E-02
   -0.113269378372892E-01   -0.950629832277912E-02
   -0.109277937082235E-01   -0.946824307413230E-02
   -0.104974641066851E-01   -0.961221114731152E-02
   -0.992500765101021E-02   -0.990698389571127E-02
   -0.923960190695261E-02   -0.103676210816717E-01
   -0.834089594964072E-02   -0.109274474212158E-01
   -0.726752568051522E-02   -0.115668976701626E-01
   -0.594590028913573E-02   -0.122016593568764E-01
   -0.442738826179105E-02   -0.127857489472949E-01
   -0.266405404957139E-02   -0.132327186153501E-01
   -0.715684631786127E-03   -0.134843225895227E-01
    0.144819754074892E-02   -0.134653231144388E-01
    0.376663571376785E-02   -0.131273647811955E-01
    0.624826446046989E-02   -0.124289054426576E-01
    0.881245448505494E-02   -0.113625424325436E-01
    0.113806571360641E-01   -0.996653916128894E-02
    0.137647533459243E-01   -0.830192371210011E-02
    0.156442568667715E-01   -0.652318297203930E-02
    0.166359929097575E-01   -0.473975720785602E-02
    0.161651913766294E-01   -0.316271183771296E-02
    0.140264132564802E-01   -0.183105914323088E-02
    0.102002493755999E-01   -0.823087044193146E-03
    0.534588538254137E-02   -0.214677560102077E-03
    0.000000000000000E+00    0.000000000000000E+00
    0.000000000000000E+00    0.000000000000000E+00
   -0.453187188322321E-02   -0.359251464054536E-03
   -0.780431475655405E-02   -0.129407925371210E-02
   -0.994699577974264E-02   -0.261561010167161E-02
   -0.113485437807838E-01   -0.414877806853977E-02
   -0.122610053020195E-01   -0.578058583981428E-02
   -0.128710039021651E-01   -0.739300083241086E-02
   -0.132513497393859E-01   -0.893333331833455E-02
   -0.134640135776775E-01   -0.103062585219923E-01
   -0.135303896583615E-01   -0.115049309757307E-01
   -0.134749877561393E-01   -0.124711660895176E-01
   -0.133230332432353E-01   -0.132311666073457E-01
   -0.130852857407661E-01   -0.137811579089827E-01
   -0.128006229668333E-01   -0.141640745705740E-01
   -0.124591148536054E-01   -0.144225806376575E-01
   -0.121030935887583E-01   -0.146045083265410E-01
   -0.116950473311604E-01   -0.147615860164146E-01
   -0.112668439774359E-01   -0.149430451007223E-01
   -0.107629992557744E-01   -0.151675746476883E-01
   -0.101966942842223E-01   -0.154847001770792E-01
   -0.951618265599894E-02   -0.158586467065745E-01
   -0.871715267264201E-02   -0.163339680542962E-01
   -0.777168615433249E-02   -0.168237064527030E-01
   -0.666575670660813E-02   -0.173627257870760E-01
   -0.540420098411033E-02   -0.178319580009325E-01
   -0.397360326635212E-02   -0.182505673318152E-01
   -0.240171413735551E-02   -0.184802221713793E-01
   -0.679044056350234E-03   -0.185348907198648E-01
    0.116409052753154E-02   -0.182674094382014E-01
    0.313446563674726E-02   -0.176987737444380E-01
    0.521369032546997E-02   -0.167023608956785E-01
    0.739296343251145E-02   -0.153244849342739E-01
    0.961014925516682E-02   -0.135394291159297E-01
    0.117603121064539E-01   -0.114291640374268E-01
    0.135466645732542E-01   -0.915447137718840E-02
    0.146383905377853E-01   -0.681076159107153E-02
    0.144389150875392E-01   -0.469450953625846E-02
    0.126290936491190E-01   -0.281406262240788E-02
    0.916505607957744E-02   -0.132163041048787E-02
    0.480367235228049E-02   -0.363083545671190E-03
    0.000000000000000E+00    0.000000000000000E+00
    0.000000000000000E+00    0.000000000000000E+00
   -0.386511561255882E-02   -0.342163694235416E-03
   -0.664830449245870E-02   -0.124036835085557E-02
   -0.851444289484347E-02   -0.252386861108845E-02
   -0.975607232913980E-02   -0.403605608602711E-02
   -0.106038047553511E-01   -0.567921617849800E-02
   -0.112320839160958E-01   -0.736062500863209E-02
   -0.116977344313979E-01   -0.902609638784420E-02
   -0.120442538172620E-01   -0.106079597849278E-01
   -0.122811382507254E-01   -0.120812334768929E-01
   -0.124127358509744E-01   -0.134007085100092E-01
   -0.124488487191156E-01   -0.145695129950119E-01
   -0.123855031855244E-01   -0.155700015723444E-01
   -0.122446540516239E-01   -0.164310035155817E-01
   -0.120142079320331E-01   -0.171577621479695E-01
   -0.117245634137228E-01   -0.177976532463876E-01
   -0.113468476889780E-01   -0.183600651159252E-01
   -0.109141154825789E-01   -0.189011689735367E-01
   -0.103791440782423E-01   -0.194132381163352E-01
   -0.977551565930310E-02   -0.199502881799551E-01
   -0.904588223226892E-02   -0.204761293668353E-01
   -0.822641386119742E-02   -0.210324674114696E-01
   -0.726449550778344E-02   -0.215543802243920E-01
   -0.620297232464406E-02   -0.220673909592360E-01
   -0.500375791516501E-02   -0.224886613158764E-01
   -0.371827483254221E-02   -0.228172126967558E-01
   -0.232163151923935E-02   -0.229557972612877E-01
   -0.868652712036188E-03   -0.228889810726509E-01
    0.667767920297130E-03   -0.225063775231533E-01
    0.224580807140195E-02   -0.217805398726423E-01
    0.391314199060568E-02   -0.206090513685923E-01
    0.565419331025417E-02   -0.189897745809954E-01
    0.748786788236714E-02   -0.168987032310828E-01
    0.934098570833237E-02   -0.144083866156391E-01
    0.109951160990653E-01   -0.116692158064650E-01
    0.121286319711980E-01   -0.882703413475733E-02
    0.121232620852646E-01   -0.617509458127926E-02
    0.106930271462330E-01   -0.379454014914042E-02
    0.772323966861652E-02   -0.183402332912799E-02
    0.392514698823905E-02   -0.520348994062307E-03
    0.000000000000000E+00    0.000000000000000E+00
    0.000000000000000E+00    0.000000000000000E+00
   -0.322721220456362E-02   -0.321736510837877E-03
   -0.557605721228044E-02   -0.116465892049455E-02
   -0.712750636462422E-02   -0.237630292850440E-02
   -0.818329181670896E-02   -0.381568357700881E-02
   -0.893891301318195E-02   -0.540519329583923E-02
   -0.953786305901905E-02   -0.706299248308026E-02
   -0.100262810575803E-01   -0.875652020354866E-02
   -0.104412850973567E-01   -0.104189269999351E-01
   -0.107762327759029E-01   -0.120398994898872E-01
   -0.110335849783285E-01   -0.135671916489462E-01
   -0.112015891482178E-01   -0.150025073772104E-01
   -0.112767350347284E-01   -0.163198080422585E-01
   -0.112581942492506E-01   -0.175250640539917E-01
   -0.111400255430553E-01   -0.186240913760215E-01
   -0.109325954530545E-01   -0.196217628956004E-01
   -0.106227602649074E-01   -0.205439356722339E-01
   -0.102262657108075E-01   -0.213945744981642E-01
   -0.972311016296404E-02   -0.221968839683643E-01
   -0.912806410391094E-02   -0.229559826621997E-01
   -0.842274722594575E-02   -0.236719826539664E-01
   -0.761602686841523E-02   -0.243537238295657E-01
   -0.670683041038418E-02   -0.249695875225147E-01
   -0.569912163912999E-02   -0.255318222154947E-01
   -0.461667650663463E-02   -0.259777373979157E-01
   -0.345870923394065E-02   -0.263130782908118E-01
   -0.227840974108088E-02   -0.264408955475292E-01
   -0.106759542189489E-02   -0.263831394938303E-01
    0.119167217799636E-03   -0.259704478650934E-01
    0.130036056522200E-02   -0.252486103805406E-01
    0.247944296708472E-02   -0.239920188172747E-01
    0.370759196891273E-02   -0.222864039705351E-01
    0.503601770192052E-02   -0.199766759147594E-01
    0.647924137302508E-02   -0.171867153145503E-01
    0.790402111084011E-02   -0.140570424107283E-01
    0.905566815049244E-02   -0.107098688632513E-01
    0.933829305909434E-02   -0.757846538910961E-02
    0.831517164118710E-02   -0.468207251657547E-02
    0.587642417130515E-02   -0.229411455846262E-02
    0.283893820301239E-02   -0.660060599286772E-03
    0.000000000000000E+00    0.000000000000000E+00
    0.000000000000000E+00    0.000000000000000E+00
   -0.263980100736061E-02   -0.295128627053964E-03
   -0.455169835409598E-02   -0.106946187804810E-02
   -0.583782530531999E-02   -0.218679303825266E-02
   -0.671440202273283E-02   -0.352077543905205E-02
   -0.735368671437494E-02   -0.500653074394171E-02
   -0.788979618986689E-02   -0.658285004519594E-02
   -0.835774106867309E-02   -0.821827976761093E-02
   -0.878562267566393E-02   -0.987230016107812E-02
   -0.916476079002644E-02   -0.115242607086271E-01
   -0.948711596190514E-02   -0.131430382126746E-01
   -0.973907214851100E-02   -0.147147999135324E-01
   -0.990618709325800E-02   -0.162187232597147E-01
   -0.998360995232279E-02   -0.176493086035438E-01
   -0.995875942433384E-02   -0.189969325873508E-01
   -0.983674890821709E-02   -0.202655966126577E-01
   -0.960475008406470E-02   -0.214505762585886E-01
   -0.927540179934936E-02   -0.225654953236792E-01
   -0.883270967410397E-02   -0.236003681252617E-01
   -0.829493567646896E-02   -0.245753473984878E-01
   -0.764420358551809E-02   -0.254653851693997E-01
   -0.690494471817727E-02   -0.262967071480452E-01
   -0.606712881175670E-02   -0.270278085870616E-01
   -0.516371989422960E-02   -0.276817106859194E-01
   -0.419137629358626E-02   -0.282014235862862E-01
   -0.319925545031563E-02   -0.286022403789704E-01
   -0.220858341674786E-02   -0.288119213634290E-01
   -0.127497976983179E-02   -0.288258841423536E-01
   -0.411270636893083E-03   -0.285228109721942E-01
    0.332508938455595E-03   -0.278805263453343E-01
    0.101093454644169E-02   -0.267161740463612E-01
    0.166457495601316E-02   -0.250103117998154E-01
    0.242205408855386E-02   -0.226278197999537E-01
    0.337360141932905E-02   -0.196299136762706E-01
    0.448443343131100E-02   -0.161601676912711E-01
    0.557999103456192E-02   -0.124131898170788E-01
    0.603277688877076E-02   -0.881111088840604E-02
    0.546448057875664E-02   -0.549702647783176E-02
    0.363623005715653E-02   -0.271607487360464E-02
    0.142608608381609E-02   -0.794775477213019E-03
    0.000000000000000E+00    0.000000000000000E+00
    0.000000000000000E+00    0.000000000000000E+00
   -0.210163016105862E-02   -0.267545740863742E-03
   -0.364255572905878E-02   -0.968675319813686E-03
   -0.465509845159493E-02   -0.197877692477615E-02
   -0.535229706960466E-02   -0.318643426968902E-02
   -0.587628169490504E-02   -0.453958574722926E-02
   -0.633120674730230E-02   -0.598841709331076E-02
   -0.674902706010973E-02   -0.751602327732538E-02
   -0.715219114586114E-02   -0.908777583657375E-02
   -0.752838024115089E-02   -0.106942931675782E-01
   -0.787069006943754E-02   -0.123072897996484E-01
   -0.815730866435965E-02   -0.139147072664785E-01
   -0.837764802417501E-02   -0.154986186858566E-01
   -0.851432043589294E-02   -0.170402610121270E-01
   -0.856131813024597E-02   -0.185389636390822E-01
   -0.850908992899119E-02   -0.199674627109456E-01
   -0.835538228456221E-02   -0.213427023617248E-01
   -0.809788046576801E-02   -0.226300232668879E-01
   -0.773586511807677E-02   -0.238574961397004E-01
   -0.727213264854965E-02   -0.249849568494067E-01
   -0.670946665528382E-02   -0.260405930262499E-01
   -0.605345872447927E-02   -0.269872177616699E-01
   -0.532029972287608E-02   -0.278515350137579E-01
   -0.451884008864733E-02   -0.285870739862969E-01
   -0.368514471937715E-02   -0.292099507417153E-01
   -0.282684670530130E-02   -0.296854700920400E-01
   -0.203483876298048E-02   -0.300265101248191E-01
   -0.130731520075727E-02   -0.301704720649631E-01
   -0.773120072142350E-03   -0.300293067041260E-01
   -0.415278055542298E-03   -0.296368427592847E-01
   -0.302865092930500E-03   -0.286440962239329E-01
   -0.326585839471418E-03   -0.271599458009639E-01
   -0.305782383168333E-03   -0.248019206508038E-01
   -0.605876890278478E-04   -0.217132109211801E-01
    0.595472705228518E-03   -0.179982775737988E-01
    0.157542741904382E-02   -0.138230826771158E-01
    0.231854837963862E-02   -0.983717805080980E-02
    0.226794269756122E-02   -0.608423727018083E-02
    0.116215080825496E-02   -0.302025099575915E-02
   -0.966728890215864E-04   -0.890945884281595E-03
    0.000000000000000E+00    0.000000000000000E+00
    0.000000000000000E+00    0.000000000000000E+00
   -0.161716822524236E-02   -0.239863848270911E-03
   -0.280187025173602E-02   -0.866337295974580E-03
   -0.359658853914958E-02   -0.176779637183472E-02
   -0.413801247813761E-02   -0.284409323767295E-02
   -0.454515094811121E-02   -0.405141380823405E-02
   -0.491232746458217E-02   -0.535697920066102E-02
   -0.526312691435178E-02   -0.674151862685287E-02
   -0.561527433066813E-02   -0.819552327525174E-02
   -0.595898904941170E-02   -0.969712439926741E-02
   -0.628249478245598E-02   -0.112459778001195E-01
   -0.656967851434861E-02   -0.128096310680321E-01
   -0.680263694808934E-02   -0.143954894918196E-01
   -0.696962569225958E-02   -0.159602002837593E-01
   -0.705655193400265E-02   -0.175215882107390E-01
   -0.705808855549666E-02   -0.190275697964020E-01
   -0.696585523195196E-02   -0.205066389495823E-01
   -0.678005537991107E-02   -0.219010892489002E-01
   -0.649663719036401E-02   -0.232472742734625E-01
   -0.612036507102287E-02   -0.244841977319953E-01
   -0.565221335915660E-02   -0.256495927950421E-01
   -0.510182318977812E-02   -0.266884532285736E-01
   -0.447755785470023E-02   -0.276432694561315E-01
   -0.379711782387472E-02   -0.284510163272299E-01
   -0.308320061552365E-02   -0.291410825162828E-01
   -0.236829470869992E-02   -0.296966329883995E-01
   -0.172265544614206E-02   -0.301590325937730E-01
   -0.120497842640781E-02   -0.304356207752876E-01
   -0.920566150149411E-03   -0.305164556283546E-01
   -0.935763199873557E-03   -0.303697391786170E-01
   -0.136049292507455E-02   -0.297540420483541E-01
   -0.210783044217316E-02   -0.285327661951559E-01
   -0.297423814638898E-02   -0.263664055984375E-01
   -0.350537894819337E-02   -0.232715831119525E-01
   -0.345080317228352E-02   -0.193635351214283E-01
   -0.269661351247728E-02   -0.148843524184855E-01
   -0.183199603077553E-02   -0.105187711322925E-01
   -0.131439195939540E-02   -0.648704161400009E-02
   -0.167421067473457E-02   -0.318663733627631E-02
   -0.185838771777875E-02   -0.947857782313543E-03
    0.000000000000000E+00    0.000000000000000E+00
    0.000000000000000E+00    0.000000000000000E+00
   -0.118490560238376E-02   -0.213805538135299E-03
   -0.207658563052128E-02   -0.769459568262727E-03
   -0.265843619255098E-02   -0.156436350533050E-02
   -0.305591826528900E-02   -0.251020899766547E-02
   -0.335991623498499E-02   -0.357185574816277E-02
   -0.363821508369083E-02   -0.472440232129658E-02
   -0.391398269879606E-02   -0.595869128485431E-02
   -0.419940869567659E-02   -0.726777616302882E-02
   -0.448680793075424E-02   -0.864197460314297E-02
   -0.476667285930501E-02   -0.100789537754046E-01
   -0.502204697895040E-02   -0.115584304857574E-01
   -0.524095483329605E-02   -0.130811401902732E-01
   -0.540613276337016E-02   -0.146132983874079E-01
   -0.551166998925054E-02   -0.161631895296705E-01
   -0.554260219459827E-02   -0.176831517754097E-01
   -0.550069527152391E-02   -0.191932023712157E-01
   -0.537402021598602E-02   -0.206323201326804E-01
   -0.517010388876996E-02   -0.220342692747155E-01
   -0.488030032958805E-02   -0.233257098941765E-01
   -0.451725930749945E-02   -0.245538766682898E-01
   -0.407691697622948E-02   -0.256378124644704E-01
   -0.357766375716635E-02   -0.266482856477078E-01
   -0.302120034680506E-02   -0.274743735544401E-01
   -0.244151828948516E-02   -0.282079501001601E-01
   -0.184560035776768E-02   -0.287829104579126E-01
   -0.133830310472449E-02   -0.293431616461583E-01
   -0.937082173861437E-03   -0.296342615172543E-01
   -0.844371608084643E-03   -0.299104854373922E-01
   -0.105395883012339E-02   -0.300914949877195E-01
   -0.200823914736973E-02   -0.298772494745283E-01
   -0.360105482096344E-02   -0.292018472901496E-01
   -0.552938267897108E-02   -0.272761024143099E-01
   -0.717867610740970E-02   -0.243092275558019E-01
   -0.793503680634924E-02   -0.202817458323502E-01
   -0.752985170545519E-02   -0.153827763797502E-01
   -0.631824845392194E-02   -0.107488489456069E-01
   -0.497883131168748E-02   -0.642377227013365E-02
   -0.435704207794195E-02   -0.308858096050690E-02
   -0.351341350026835E-02   -0.894301968173792E-03
    0.000000000000000E+00    0.000000000000000E+00
    0.000000000000000E+00    0.000000000000000E+00
   -0.803354240113678E-03   -0.188223351892704E-03
   -0.141943864282215E-02   -0.673577765312146E-03
   -0.183746938860999E-02   -0.136711816356571E-02
   -0.211506981191547E-02   -0.219020300193003E-02
   -0.232468483028646E-02   -0.310915769090304E-02
   -0.251978620016568E-02   -0.411679043272416E-02
   -0.272021645969286E-02   -0.519108851748476E-02
   -0.293112633048524E-02   -0.635524363801186E-02
   -0.315248366680288E-02   -0.757361991494426E-02
   -0.336915733987707E-02   -0.888621158823001E-02
   -0.357673497404726E-02   -0.102320830976422E-01
   -0.375475106952820E-02   -0.116661977392765E-01
   -0.390091676175279E-02   -0.130979604198221E-01
   -0.399693465660400E-02   -0.146015734380348E-01
   -0.404389259758992E-02   -0.160559709945209E-01
   -0.402868397412057E-02   -0.175591489751929E-01
   -0.395486429853087E-02   -0.189605658851589E-01
   -0.381513328154197E-02   -0.203843184298096E-01
   -0.361398503606365E-02   -0.216531900978077E-01
   -0.335069795387543E-02   -0.229174401809340E-01
   -0.302880221632310E-02   -0.239794302213571E-01
   -0.265438093194125E-02   -0.250194434971114E-01
   -0.222754282191571E-02   -0.258153202367930E-01
   -0.177830518503543E-02   -0.265654847984355E-01
   -0.130924212270461E-02   -0.270905410147376E-01
   -0.901444475125161E-03   -0.276298515053162E-01
   -0.582278078586066E-03   -0.279423545850120E-01
   -0.491720416130873E-03   -0.283472552271165E-01
   -0.833412135838917E-03   -0.287128191459824E-01
   -0.220900667839696E-02   -0.290478644355349E-01
   -0.454250860211690E-02   -0.288557366976072E-01
   -0.771339804455281E-02   -0.273872253379011E-01
   -0.105914684941549E-01   -0.245295127213636E-01
   -0.124347874339098E-01   -0.203360698672081E-01
   -0.124608273497169E-01   -0.152190213055602E-01
   -0.109666328570705E-01   -0.102431471819881E-01
   -0.872597924509862E-02   -0.590105055049420E-02
   -0.718438971700977E-02   -0.270043136910583E-02
   -0.508425215352761E-02   -0.755706660234870E-03
    0.000000000000000E+00    0.000000000000000E+00
    0.000000000000000E+00    0.000000000000000E+00
   -0.470334066697091E-03   -0.159660074483039E-03
   -0.872488945788843E-03   -0.562893301616081E-03
   -0.113374677684018E-02   -0.114942454915593E-02
   -0.130649540987494E-02   -0.184259279358678E-02
   -0.143617002167151E-02   -0.261901242167410E-02
   -0.155653974403748E-02   -0.346671093334373E-02
   -0.168381396207825E-02   -0.438193390398091E-02
   -0.182130480343548E-02   -0.536935763425714E-02
   -0.196797800121466E-02   -0.642665872729867E-02
   -0.211606368734236E-02   -0.756028863127637E-02
   -0.225843969890850E-02   -0.875835287712547E-02
   -0.238661590163887E-02   -0.100236661441834E-01
   -0.249122390618189E-02   -0.113329911108891E-01
   -0.256875631195699E-02   -0.126861131356415E-01
   -0.260842856629906E-02   -0.140498280761657E-01
   -0.261364770264730E-02   -0.154240615912850E-01
   -0.257280192629725E-02   -0.167667290003202E-01
   -0.249500554205805E-02   -0.180820694685244E-01
   -0.236914214355537E-02   -0.193194827289995E-01
   -0.220711463978957E-02   -0.204928853148359E-01
   -0.200075682323260E-02   -0.215405019334855E-01
   -0.175890802715024E-02   -0.224955596484994E-01
   -0.147691346516701E-02   -0.232792919252856E-01
   -0.116935959059740E-02   -0.239461544213433E-01
   -0.852154694152269E-03   -0.244300987912222E-01
   -0.535166675823829E-03   -0.248947476208145E-01
   -0.260724129381642E-03   -0.251234171545068E-01
   -0.176565440082360E-03   -0.254200146922144E-01
   -0.435620801434344E-03   -0.257330213638062E-01
   -0.183887144662831E-02   -0.265433544353820E-01
   -0.471918916510849E-02   -0.273411511384298E-01
   -0.950795319554889E-02   -0.262811168935734E-01
   -0.146250736562792E-01   -0.236626455247861E-01
   -0.175838526856224E-01   -0.193971336837850E-01
   -0.177639035780078E-01   -0.140346810937962E-01
   -0.158225130819629E-01   -0.881309775501244E-02
   -0.124124503050546E-01   -0.454233975586687E-02
   -0.939735630625412E-02   -0.188708749135526E-02
   -0.623995319851647E-02   -0.458107884846570E-03
    0.000000000000000E+00    0.000000000000000E+00
    0.000000000000000E+00    0.000000000000000E+00
   -0.205120157780545E-03   -0.114335220552863E-03
   -0.409389042617916E-03   -0.411304059698508E-03
   -0.551466569153472E-03   -0.869370951535416E-03
   -0.640196512130432E-03   -0.139941312401441E-02
   -0.705058581493627E-03   -0.201201060200207E-02
   -0.762666461859397E-03   -0.266152681881953E-02
   -0.827489510149304E-03   -0.338497525223193E-02
   -0.895920665897452E-03   -0.414591996651155E-02
   -0.973224796924487E-03   -0.499010427739247E-02
   -0.104956048899582E-02   -0.587782344090182E-02
   -0.112726438704285E-02   -0.685072566623370E-02
   -0.119514810403101E-02   -0.786175201828101E-02
   -0.125516011649807E-02   -0.894474974974427E-02
   -0.129773978530143E-02   -0.100471201369938E-01
   -0.132480207045446E-02   -0.111948119478669E-01
   -0.133026862162332E-02   -0.123328848489810E-01
   -0.131526753069305E-02   -0.134810376194389E-01
   -0.127821656482640E-02   -0.145846943175223E-01
   -0.121847462130470E-02   -0.156597095642188E-01
   -0.113854177955805E-02   -0.166548923159904E-01
   -0.103490617661522E-02   -0.175814624852595E-01
   -0.912535113315382E-03   -0.183948666165914E-01
   -0.766387425134419E-03   -0.190999971224708E-01
   -0.611963055796312E-03   -0.196636679922006E-01
   -0.442824090470688E-03   -0.200962075953805E-01
   -0.249945178545725E-03   -0.204532287837688E-01
   -0.863204990518473E-05   -0.206245491243696E-01
    0.185153246874059E-03   -0.205814611478002E-01
    0.212009443273189E-03   -0.209223381508669E-01
   -0.818433801293847E-03   -0.218937431742096E-01
   -0.377495507654793E-02   -0.235322391199367E-01
   -0.105064430898383E-01   -0.233728309514222E-01
   -0.183438209785266E-01   -0.215428288219074E-01
   -0.229364580625499E-01   -0.166829081244207E-01
   -0.231504475731680E-01   -0.116257722430433E-01
   -0.202595050562594E-01   -0.625503567423134E-02
   -0.158317593939353E-01   -0.281672099490098E-02
   -0.114049989953678E-01   -0.694741702830393E-03
   -0.688362314953872E-02   -0.127089873496832E-03
    0.000000000000000E+00    0.000000000000000E+00
    0.000000000000000E+00    0.000000000000000E+00
   -0.407816405830343E-04   -0.407816405830363E-04
   -0.114000243869031E-03   -0.205560427722799E-03
   -0.157221547169689E-03   -0.466345046131563E-03
   -0.179350304967453E-03   -0.790023495030967E-03
   -0.197081741536321E-03   -0.114635244661779E-02
   -0.212887394446178E-03   -0.153641454969336E-02
   -0.231136530080871E-03   -0.195901303395857E-02
   -0.251581207518198E-03   -0.241697121008642E-02
   -0.274170785558376E-03   -0.291441561439047E-02
   -0.297185123129148E-03   -0.345582264105856E-02
   -0.320833897349375E-03   -0.403816390950889E-02
   -0.341916742869604E-03   -0.466389982397471E-02
   -0.361050948898465E-03   -0.532306944562263E-02
   -0.375088702559393E-03   -0.601473815405284E-02
   -0.384895436471422E-03   -0.672351502253127E-02
   -0.388248642137247E-03   -0.744648424577938E-02
   -0.385967929628664E-03   -0.816393165163381E-02
   -0.376887921104255E-03   -0.887429019907995E-02
   -0.362196131613314E-03   -0.955333313247683E-02
   -0.340492308968980E-03   -0.102048698624191E-01
   -0.313867902671617E-03   -0.107982767426652E-01
   -0.278625152870170E-03   -0.113420815448702E-01
   -0.238673477216005E-03   -0.118057629224574E-01
   -0.192514430410555E-03   -0.122020398871063E-01
   -0.156611599614295E-03   -0.124925059430072E-01
   -0.952762904493277E-04   -0.127129271720713E-01
    0.235431504847798E-05   -0.127692526139774E-01
    0.138622938343923E-03   -0.124510382722233E-01
    0.256728090747695E-03   -0.125034452812466E-01
   -0.186058454318821E-03   -0.129338369501324E-01
   -0.192312415854084E-02   -0.138471501364951E-01
   -0.775967249599076E-02   -0.152532771779820E-01
   -0.219860110344241E-01   -0.170183149723261E-01
   -0.286962704052648E-01   -0.127123546634758E-01
   -0.284782471732435E-01   -0.660098836047631E-02
   -0.242594759888522E-01   -0.257587549719103E-02
   -0.178286612445889E-01   -0.526594745094287E-03
   -0.120184426602652E-01    0.939859439525885E-03
   -0.638493934657239E-02    0.655017979128699E-03
    0.000000000000000E+00    0.000000000000000E+00
    0.000000000000000E+00    0.000000000000000E+00
    0.000000000000000E+00    0.000000000000000E+00
    0.000000000000000E+00    0.000000000000000E+00
    0.000000000000000E+00    0.000000000000000E+00
    0.000000000000000E+00    0.000000000000000E+00
    0.000000000000000E+00    0.000000000000000E+00
    0.000000000000000E+00    0.000000000000000E+00
    0.000000000000000E+00    0.000000000000000E+00
    0.000000000000000E+00    0.000000000000000E+00
    0.000000000000000E+00    0.000000000000000E+00
    0.000000000000000E+00    0.000000000000000E+00
    0.000000000000000E+00    0.000000000000000E+00
    0.000000000000000E+00    0.000000000000000E+00
    0.000000000000000E+00    0.000000000000000E+00
    0.000000000000000E+00    0.000000000000000E+00
    0.000000000000000E+00    0.000000000000000E+00
    0.000000000000000E+00    0.000000000000000E+00
    0.000000000000000E+00    0.000000000000000E+00
    0.000000000000000E+00    0.000000000000000E+00
    0.000000000000000E+00    0.000000000000000E+00
    0.000000000000000E+00    0.000000000000000E+00
    0.000000000000000E+00    0.000000000000000E+00
    0.000000000000000E+00    0.000000000000000E+00
    0.000000000000000E+00    0.000000000000000E+00
    0.000000000000000E+00    0.000000000000000E+00
    0.000000000000000E+00    0.000000000000000E+00
    0.000000000000000E+00    0.000000000000000E+00
    0.000000000000000E+00    0.000000000000000E+00
    0.000000000000000E+00    0.000000000000000E+00
    0.000000000000000E+00    0.000000000000000E+00
    0.000000000000000E+00    0.000000000000000E+00
    0.000000000000000E+00    0.000000000000000E+00
    0.000000000000000E+00    0.000000000000000E+00
   -0.253323849618211E-01   -0.123804452359928E-01
   -0.326593342397209E-01   -0.109535236629358E-01
   -0.319978452527714E-01   -0.355803070321779E-02
   -0.278346335615726E-01   -0.644640860576101E-03
   -0.194222671370213E-01    0.134201331212000E-02
   -0.122208433222898E-01    0.172821179639294E-02
   -0.560573086727235E-02    0.145437213144777E-02
    0.000000000000000E+00    0.000000000000000E+00
