      1.00      0.00      0.00      0.00
      1.00      2.00      0.00      0.00
      1.00      4.00      0.00      0.00
      1.00      6.00      0.00      0.00
      1.00      8.00      0.00      0.00
      1.00     10.00      0.00      0.00
      1.00     12.00      0.00      0.00
      1.00     14.00      0.00      0.00
      1.00     16.00      0.00      0.00
      1.00      0.00      3.00      0.00
      1.00      2.00      3.00      0.00
      1.00      4.00      3.00      0.00
      1.00      6.00      3.00      0.00
      1.00      8.00      3.00      0.00
      1.00     10.00      3.00      0.00
      1.00     12.00      3.00      0.00
      1.00     14.00      3.00      0.00
      1.00     16.00      3.00      0.00
      1.00      0.00      6.00      0.00
      1.00      2.00      6.00      0.00
      1.00      4.00      6.00      0.00
      1.00      6.00      6.00      0.00
      1.00      8.00      6.00      0.00
      1.00     10.00      6.00      0.00
      1.00     12.00      6.00      0.00
      1.00     14.00      6.00      0.00
      1.00     16.00      6.00      0.00
      1.00      0.00      9.00      0.00
      1.00      2.00      9.00      0.00
      1.00      4.00      9.00      0.00
      1.00      6.00      9.00      0.00
      1.00      8.00      9.00      0.00
      1.00     10.00      9.00      0.00
      1.00     12.00      9.00      0.00
      1.00     14.00      9.00      0.00
      1.00     16.00      9.00      0.00
      1.00      0.00     12.00      0.00
      1.00      2.00     12.00      0.00
      1.00      4.00     12.00      0.00
      1.00      6.00     12.00      0.00
      1.00      8.00     12.00      0.00
      1.00     10.00     12.00      0.00
      1.00     12.00     12.00      0.00
      1.00     14.00     12.00      0.00
      1.00     16.00     12.00      0.00
      1.00      0.00     15.00      0.00
      1.00      2.00     15.00      0.00
      1.00      4.00     15.00      0.00
      1.00      6.00     15.00      0.00
      1.00      8.00     15.00      0.00
      1.00     10.00     15.00      0.00
      1.00     12.00     15.00      0.00
      1.00     14.00     15.00      0.00
      1.00     16.00     15.00      0.00
      1.00      0.00     18.00      0.00
      1.00      2.00     18.00      0.00
      1.00      4.00     18.00      0.00
      1.00      6.00     18.00      0.00
      1.00      8.00     18.00      0.00
      1.00     10.00     18.00      0.00
      1.00     12.00     18.00      0.00
      1.00     14.00     18.00      0.00
      1.00     16.00     18.00      0.00
      1.00      0.00     21.00      0.00
      1.00      2.00     21.00      0.00
      1.00      4.00     21.00      0.00
      1.00      6.00     21.00      0.00
      1.00      8.00     21.00      0.00
      1.00     10.00     21.00      0.00
      1.00     12.00     21.00      0.00
      1.00     14.00     21.00      0.00
      1.00     16.00     21.00      0.00
      1.00      0.00     24.00      0.00
      1.00      2.00     24.00      0.00
      1.00      4.00     24.00      0.00
      1.00      6.00     24.00      0.00
      1.00      8.00     24.00      0.00
      1.00     10.00     24.00      0.00
      1.00     12.00     24.00      0.00
      1.00     14.00     24.00      0.00
      1.00     16.00     24.00      0.00
      1.00      0.00      0.00      4.00
      1.00      2.00      0.00      4.00
      1.00      4.00      0.00      4.00
      1.00      6.00      0.00      4.00
      1.00      8.00      0.00      4.00
      1.00     10.00      0.00      4.00
      1.00     12.00      0.00      4.00
      1.00     14.00      0.00      4.00
      1.00     16.00      0.00      4.00
      1.00      0.00      3.00      4.00
      1.00      2.00      3.00      4.00
      1.00      4.00      3.00      4.00
      1.00      6.00      3.00      4.00
      1.00      8.00      3.00      4.00
      1.00     10.00      3.00      4.00
      1.00     12.00      3.00      4.00
      1.00     14.00      3.00      4.00
      1.00     16.00      3.00      4.00
      1.00      0.00      6.00      4.00
      1.00      2.00      6.00      4.00
      1.00      4.00      6.00      4.00
      1.00      6.00      6.00      4.00
      1.00      8.00      6.00      4.00
      1.00     10.00      6.00      4.00
      1.00     12.00      6.00      4.00
      1.00     14.00      6.00      4.00
      1.00     16.00      6.00      4.00
      1.00      0.00      9.00      4.00
      1.00      2.00      9.00      4.00
      1.00      4.00      9.00      4.00
      1.00      6.00      9.00      4.00
      1.00      8.00      9.00      4.00
      1.00     10.00      9.00      4.00
      1.00     12.00      9.00      4.00
      1.00     14.00      9.00      4.00
      1.00     16.00      9.00      4.00
      1.00      0.00     12.00      4.00
      1.00      2.00     12.00      4.00
      1.00      4.00     12.00      4.00
      1.00      6.00     12.00      4.00
      1.00      8.00     12.00      4.00
      1.00     10.00     12.00      4.00
      1.00     12.00     12.00      4.00
      1.00     14.00     12.00      4.00
      1.00     16.00     12.00      4.00
      1.00      0.00     15.00      4.00
      1.00      2.00     15.00      4.00
      1.00      4.00     15.00      4.00
      1.00      6.00     15.00      4.00
      1.00      8.00     15.00      4.00
      1.00     10.00     15.00      4.00
      1.00     12.00     15.00      4.00
      1.00     14.00     15.00      4.00
      1.00     16.00     15.00      4.00
      1.00      0.00     18.00      4.00
      1.00      2.00     18.00      4.00
      1.00      4.00     18.00      4.00
      1.00      6.00     18.00      4.00
      1.00      8.00     18.00      4.00
      1.00     10.00     18.00      4.00
      1.00     12.00     18.00      4.00
      1.00     14.00     18.00      4.00
      1.00     16.00     18.00      4.00
      1.00      0.00     21.00      4.00
      1.00      2.00     21.00      4.00
      1.00      4.00     21.00      4.00
      1.00      6.00     21.00      4.00
      1.00      8.00     21.00      4.00
      1.00     10.00     21.00      4.00
      1.00     12.00     21.00      4.00
      1.00     14.00     21.00      4.00
      1.00     16.00     21.00      4.00
      1.00      0.00     24.00      4.00
      1.00      2.00     24.00      4.00
      1.00      4.00     24.00      4.00
      1.00      6.00     24.00      4.00
      1.00      8.00     24.00      4.00
      1.00     10.00     24.00      4.00
      1.00     12.00     24.00      4.00
      1.00     14.00     24.00      4.00
      1.00     16.00     24.00      4.00
      1.00      0.00      0.00      8.00
      1.00      2.00      0.00      8.00
      1.00      4.00      0.00      8.00
      1.00      6.00      0.00      8.00
      1.00      8.00      0.00      8.00
      1.00     10.00      0.00      8.00
      1.00     12.00      0.00      8.00
      1.00     14.00      0.00      8.00
      1.00     16.00      0.00      8.00
      1.00      0.00      3.00      8.00
      1.00      2.00      3.00      8.00
      1.00      4.00      3.00      8.00
      1.00      6.00      3.00      8.00
      1.00      8.00      3.00      8.00
      1.00     10.00      3.00      8.00
      1.00     12.00      3.00      8.00
      1.00     14.00      3.00      8.00
      1.00     16.00      3.00      8.00
      1.00      0.00      6.00      8.00
      1.00      2.00      6.00      8.00
      1.00      4.00      6.00      8.00
      1.00      6.00      6.00      8.00
      1.00      8.00      6.00      8.00
      1.00     10.00      6.00      8.00
      1.00     12.00      6.00      8.00
      1.00     14.00      6.00      8.00
      1.00     16.00      6.00      8.00
      1.00      0.00      9.00      8.00
      1.00      2.00      9.00      8.00
      1.00      4.00      9.00      8.00
      1.00      6.00      9.00      8.00
      1.00      8.00      9.00      8.00
      1.00     10.00      9.00      8.00
      1.00     12.00      9.00      8.00
      1.00     14.00      9.00      8.00
      1.00     16.00      9.00      8.00
      1.00      0.00     12.00      8.00
      1.00      2.00     12.00      8.00
      1.00      4.00     12.00      8.00
      1.00      6.00     12.00      8.00
      1.00      8.00     12.00      8.00
      1.00     10.00     12.00      8.00
      1.00     12.00     12.00      8.00
      1.00     14.00     12.00      8.00
      1.00     16.00     12.00      8.00
      1.00      0.00     15.00      8.00
      1.00      2.00     15.00      8.00
      1.00      4.00     15.00      8.00
      1.00      6.00     15.00      8.00
      1.00      8.00     15.00      8.00
      1.00     10.00     15.00      8.00
      1.00     12.00     15.00      8.00
      1.00     14.00     15.00      8.00
      1.00     16.00     15.00      8.00
      1.00      0.00     18.00      8.00
      1.00      2.00     18.00      8.00
      1.00      4.00     18.00      8.00
      1.00      6.00     18.00      8.00
      1.00      8.00     18.00      8.00
      1.00     10.00     18.00      8.00
      1.00     12.00     18.00      8.00
      1.00     14.00     18.00      8.00
      1.00     16.00     18.00      8.00
      1.00      0.00     21.00      8.00
      1.00      2.00     21.00      8.00
      1.00      4.00     21.00      8.00
      1.00      6.00     21.00      8.00
      1.00      8.00     21.00      8.00
      1.00     10.00     21.00      8.00
      1.00     12.00     21.00      8.00
      1.00     14.00     21.00      8.00
      1.00     16.00     21.00      8.00
      1.00      0.00     24.00      8.00
      1.00      2.00     24.00      8.00
      1.00      4.00     24.00      8.00
      1.00      6.00     24.00      8.00
      1.00      8.00     24.00      8.00
      1.00     10.00     24.00      8.00
      1.00     12.00     24.00      8.00
      1.00     14.00     24.00      8.00
      1.00     16.00     24.00      8.00
      1.00      0.00      0.00     12.00
      1.00      2.00      0.00     12.00
      1.00      4.00      0.00     12.00
      1.00      6.00      0.00     12.00
      1.00      8.00      0.00     12.00
      1.00     10.00      0.00     12.00
      1.00     12.00      0.00     12.00
      1.00     14.00      0.00     12.00
      1.00     16.00      0.00     12.00
      1.00      0.00      3.00     12.00
      1.00      2.00      3.00     12.00
      1.00      4.00      3.00     12.00
      1.00      6.00      3.00     12.00
      1.00      8.00      3.00     12.00
      1.00     10.00      3.00     12.00
      1.00     12.00      3.00     12.00
      1.00     14.00      3.00     12.00
      1.00     16.00      3.00     12.00
      1.00      0.00      6.00     12.00
      1.00      2.00      6.00     12.00
      1.00      4.00      6.00     12.00
      1.00      6.00      6.00     12.00
      1.00      8.00      6.00     12.00
      1.00     10.00      6.00     12.00
      1.00     12.00      6.00     12.00
      1.00     14.00      6.00     12.00
      1.00     16.00      6.00     12.00
      1.00      0.00      9.00     12.00
      1.00      2.00      9.00     12.00
      1.00      4.00      9.00     12.00
      1.00      6.00      9.00     12.00
      1.00      8.00      9.00     12.00
      1.00     10.00      9.00     12.00
      1.00     12.00      9.00     12.00
      1.00     14.00      9.00     12.00
      1.00     16.00      9.00     12.00
      1.00      0.00     12.00     12.00
      1.00      2.00     12.00     12.00
      1.00      4.00     12.00     12.00
      1.00      6.00     12.00     12.00
      1.00      8.00     12.00     12.00
      1.00     10.00     12.00     12.00
      1.00     12.00     12.00     12.00
      1.00     14.00     12.00     12.00
      1.00     16.00     12.00     12.00
      1.00      0.00     15.00     12.00
      1.00      2.00     15.00     12.00
      1.00      4.00     15.00     12.00
      1.00      6.00     15.00     12.00
      1.00      8.00     15.00     12.00
      1.00     10.00     15.00     12.00
      1.00     12.00     15.00     12.00
      1.00     14.00     15.00     12.00
      1.00     16.00     15.00     12.00
      1.00      0.00     18.00     12.00
      1.00      2.00     18.00     12.00
      1.00      4.00     18.00     12.00
      1.00      6.00     18.00     12.00
      1.00      8.00     18.00     12.00
      1.00     10.00     18.00     12.00
      1.00     12.00     18.00     12.00
      1.00     14.00     18.00     12.00
      1.00     16.00     18.00     12.00
      1.00      0.00     21.00     12.00
      1.00      2.00     21.00     12.00
      1.00      4.00     21.00     12.00
      1.00      6.00     21.00     12.00
      1.00      8.00     21.00     12.00
      1.00     10.00     21.00     12.00
      1.00     12.00     21.00     12.00
      1.00     14.00     21.00     12.00
      1.00     16.00     21.00     12.00
      1.00      0.00     24.00     12.00
      1.00      2.00     24.00     12.00
      1.00      4.00     24.00     12.00
      1.00      6.00     24.00     12.00
      1.00      8.00     24.00     12.00
      1.00     10.00     24.00     12.00
      1.00     12.00     24.00     12.00
      1.00     14.00     24.00     12.00
      1.00     16.00     24.00     12.00
      1.00      0.00      0.00     16.00
      1.00      2.00      0.00     16.00
      1.00      4.00      0.00     16.00
      1.00      6.00      0.00     16.00
      1.00      8.00      0.00     16.00
      1.00     10.00      0.00     16.00
      1.00     12.00      0.00     16.00
      1.00     14.00      0.00     16.00
      1.00     16.00      0.00     16.00
      1.00      0.00      3.00     16.00
      1.00      2.00      3.00     16.00
      1.00      4.00      3.00     16.00
      1.00      6.00      3.00     16.00
      1.00      8.00      3.00     16.00
      1.00     10.00      3.00     16.00
      1.00     12.00      3.00     16.00
      1.00     14.00      3.00     16.00
      1.00     16.00      3.00     16.00
      1.00      0.00      6.00     16.00
      1.00      2.00      6.00     16.00
      1.00      4.00      6.00     16.00
      1.00      6.00      6.00     16.00
      1.00      8.00      6.00     16.00
      1.00     10.00      6.00     16.00
      1.00     12.00      6.00     16.00
      1.00     14.00      6.00     16.00
      1.00     16.00      6.00     16.00
      1.00      0.00      9.00     16.00
      1.00      2.00      9.00     16.00
      1.00      4.00      9.00     16.00
      1.00      6.00      9.00     16.00
      1.00      8.00      9.00     16.00
      1.00     10.00      9.00     16.00
      1.00     12.00      9.00     16.00
      1.00     14.00      9.00     16.00
      1.00     16.00      9.00     16.00
      1.00      0.00     12.00     16.00
      1.00      2.00     12.00     16.00
      1.00      4.00     12.00     16.00
      1.00      6.00     12.00     16.00
      1.00      8.00     12.00     16.00
      1.00     10.00     12.00     16.00
      1.00     12.00     12.00     16.00
      1.00     14.00     12.00     16.00
      1.00     16.00     12.00     16.00
      1.00      0.00     15.00     16.00
      1.00      2.00     15.00     16.00
      1.00      4.00     15.00     16.00
      1.00      6.00     15.00     16.00
      1.00      8.00     15.00     16.00
      1.00     10.00     15.00     16.00
      1.00     12.00     15.00     16.00
      1.00     14.00     15.00     16.00
      1.00     16.00     15.00     16.00
      1.00      0.00     18.00     16.00
      1.00      2.00     18.00     16.00
      1.00      4.00     18.00     16.00
      1.00      6.00     18.00     16.00
      1.00      8.00     18.00     16.00
      1.00     10.00     18.00     16.00
      1.00     12.00     18.00     16.00
      1.00     14.00     18.00     16.00
      1.00     16.00     18.00     16.00
      1.00      0.00     21.00     16.00
      1.00      2.00     21.00     16.00
      1.00      4.00     21.00     16.00
      1.00      6.00     21.00     16.00
      1.00      8.00     21.00     16.00
      1.00     10.00     21.00     16.00
      1.00     12.00     21.00     16.00
      1.00     14.00     21.00     16.00
      1.00     16.00     21.00     16.00
      1.00      0.00     24.00     16.00
      1.00      2.00     24.00     16.00
      1.00      4.00     24.00     16.00
      1.00      6.00     24.00     16.00
      1.00      8.00     24.00     16.00
      1.00     10.00     24.00     16.00
      1.00     12.00     24.00     16.00
      1.00     14.00     24.00     16.00
      1.00     16.00     24.00     16.00
      1.00      0.00      0.00     20.00
      1.00      2.00      0.00     20.00
      1.00      4.00      0.00     20.00
      1.00      6.00      0.00     20.00
      1.00      8.00      0.00     20.00
      1.00     10.00      0.00     20.00
      1.00     12.00      0.00     20.00
      1.00     14.00      0.00     20.00
      1.00     16.00      0.00     20.00
      1.00      0.00      3.00     20.00
      1.00      2.00      3.00     20.00
      1.00      4.00      3.00     20.00
      1.00      6.00      3.00     20.00
      1.00      8.00      3.00     20.00
      1.00     10.00      3.00     20.00
      1.00     12.00      3.00     20.00
      1.00     14.00      3.00     20.00
      1.00     16.00      3.00     20.00
      1.00      0.00      6.00     20.00
      1.00      2.00      6.00     20.00
      1.00      4.00      6.00     20.00
      1.00      6.00      6.00     20.00
      1.00      8.00      6.00     20.00
      1.00     10.00      6.00     20.00
      1.00     12.00      6.00     20.00
      1.00     14.00      6.00     20.00
      1.00     16.00      6.00     20.00
      1.00      0.00      9.00     20.00
      1.00      2.00      9.00     20.00
      1.00      4.00      9.00     20.00
      1.00      6.00      9.00     20.00
      1.00      8.00      9.00     20.00
      1.00     10.00      9.00     20.00
      1.00     12.00      9.00     20.00
      1.00     14.00      9.00     20.00
      1.00     16.00      9.00     20.00
      1.00      0.00     12.00     20.00
      1.00      2.00     12.00     20.00
      1.00      4.00     12.00     20.00
      1.00      6.00     12.00     20.00
      1.00      8.00     12.00     20.00
      1.00     10.00     12.00     20.00
      1.00     12.00     12.00     20.00
      1.00     14.00     12.00     20.00
      1.00     16.00     12.00     20.00
      1.00      0.00     15.00     20.00
      1.00      2.00     15.00     20.00
      1.00      4.00     15.00     20.00
      1.00      6.00     15.00     20.00
      1.00      8.00     15.00     20.00
      1.00     10.00     15.00     20.00
      1.00     12.00     15.00     20.00
      1.00     14.00     15.00     20.00
      1.00     16.00     15.00     20.00
      1.00      0.00     18.00     20.00
      1.00      2.00     18.00     20.00
      1.00      4.00     18.00     20.00
      1.00      6.00     18.00     20.00
      1.00      8.00     18.00     20.00
      1.00     10.00     18.00     20.00
      1.00     12.00     18.00     20.00
      1.00     14.00     18.00     20.00
      1.00     16.00     18.00     20.00
      1.00      0.00     21.00     20.00
      1.00      2.00     21.00     20.00
      1.00      4.00     21.00     20.00
      1.00      6.00     21.00     20.00
      1.00      8.00     21.00     20.00
      1.00     10.00     21.00     20.00
      1.00     12.00     21.00     20.00
      1.00     14.00     21.00     20.00
      1.00     16.00     21.00     20.00
      1.00      0.00     24.00     20.00
      1.00      2.00     24.00     20.00
      1.00      4.00     24.00     20.00
      1.00      6.00     24.00     20.00
      1.00      8.00     24.00     20.00
      1.00     10.00     24.00     20.00
      1.00     12.00     24.00     20.00
      1.00     14.00     24.00     20.00
      1.00     16.00     24.00     20.00
      1.00      0.00      0.00     24.00
      1.00      2.00      0.00     24.00
      1.00      4.00      0.00     24.00
      1.00      6.00      0.00     24.00
      1.00      8.00      0.00     24.00
      1.00     10.00      0.00     24.00
      1.00     12.00      0.00     24.00
      1.00     14.00      0.00     24.00
      1.00     16.00      0.00     24.00
      1.00      0.00      3.00     24.00
      1.00      2.00      3.00     24.00
      1.00      4.00      3.00     24.00
      1.00      6.00      3.00     24.00
      1.00      8.00      3.00     24.00
      1.00     10.00      3.00     24.00
      1.00     12.00      3.00     24.00
      1.00     14.00      3.00     24.00
      1.00     16.00      3.00     24.00
      1.00      0.00      6.00     24.00
      1.00      2.00      6.00     24.00
      1.00      4.00      6.00     24.00
      1.00      6.00      6.00     24.00
      1.00      8.00      6.00     24.00
      1.00     10.00      6.00     24.00
      1.00     12.00      6.00     24.00
      1.00     14.00      6.00     24.00
      1.00     16.00      6.00     24.00
      1.00      0.00      9.00     24.00
      1.00      2.00      9.00     24.00
      1.00      4.00      9.00     24.00
      1.00      6.00      9.00     24.00
      1.00      8.00      9.00     24.00
      1.00     10.00      9.00     24.00
      1.00     12.00      9.00     24.00
      1.00     14.00      9.00     24.00
      1.00     16.00      9.00     24.00
      1.00      0.00     12.00     24.00
      1.00      2.00     12.00     24.00
      1.00      4.00     12.00     24.00
      1.00      6.00     12.00     24.00
      1.00      8.00     12.00     24.00
      1.00     10.00     12.00     24.00
      1.00     12.00     12.00     24.00
      1.00     14.00     12.00     24.00
      1.00     16.00     12.00     24.00
      1.00      0.00     15.00     24.00
      1.00      2.00     15.00     24.00
      1.00      4.00     15.00     24.00
      1.00      6.00     15.00     24.00
      1.00      8.00     15.00     24.00
      1.00     10.00     15.00     24.00
      1.00     12.00     15.00     24.00
      1.00     14.00     15.00     24.00
      1.00     16.00     15.00     24.00
      1.00      0.00     18.00     24.00
      1.00      2.00     18.00     24.00
      1.00      4.00     18.00     24.00
      1.00      6.00     18.00     24.00
      1.00      8.00     18.00     24.00
      1.00     10.00     18.00     24.00
      1.00     12.00     18.00     24.00
      1.00     14.00     18.00     24.00
      1.00     16.00     18.00     24.00
      1.00      0.00     21.00     24.00
      1.00      2.00     21.00     24.00
      1.00      4.00     21.00     24.00
      1.00      6.00     21.00     24.00
      1.00      8.00     21.00     24.00
      1.00     10.00     21.00     24.00
      1.00     12.00     21.00     24.00
      1.00     14.00     21.00     24.00
      1.00     16.00     21.00     24.00
      1.00      0.00     24.00     24.00
      1.00      2.00     24.00     24.00
      1.00      4.00     24.00     24.00
      1.00      6.00     24.00     24.00
      1.00      8.00     24.00     24.00
      1.00     10.00     24.00     24.00
      1.00     12.00     24.00     24.00
      1.00     14.00     24.00     24.00
      1.00     16.00     24.00     24.00
      1.00      0.00      0.00     28.00
      1.00      2.00      0.00     28.00
      1.00      4.00      0.00     28.00
      1.00      6.00      0.00     28.00
      1.00      8.00      0.00     28.00
      1.00     10.00      0.00     28.00
      1.00     12.00      0.00     28.00
      1.00     14.00      0.00     28.00
      1.00     16.00      0.00     28.00
      1.00      0.00      3.00     28.00
      1.00      2.00      3.00     28.00
      1.00      4.00      3.00     28.00
      1.00      6.00      3.00     28.00
      1.00      8.00      3.00     28.00
      1.00     10.00      3.00     28.00
      1.00     12.00      3.00     28.00
      1.00     14.00      3.00     28.00
      1.00     16.00      3.00     28.00
      1.00      0.00      6.00     28.00
      1.00      2.00      6.00     28.00
      1.00      4.00      6.00     28.00
      1.00      6.00      6.00     28.00
      1.00      8.00      6.00     28.00
      1.00     10.00      6.00     28.00
      1.00     12.00      6.00     28.00
      1.00     14.00      6.00     28.00
      1.00     16.00      6.00     28.00
      1.00      0.00      9.00     28.00
      1.00      2.00      9.00     28.00
      1.00      4.00      9.00     28.00
      1.00      6.00      9.00     28.00
      1.00      8.00      9.00     28.00
      1.00     10.00      9.00     28.00
      1.00     12.00      9.00     28.00
      1.00     14.00      9.00     28.00
      1.00     16.00      9.00     28.00
      1.00      0.00     12.00     28.00
      1.00      2.00     12.00     28.00
      1.00      4.00     12.00     28.00
      1.00      6.00     12.00     28.00
      1.00      8.00     12.00     28.00
      1.00     10.00     12.00     28.00
      1.00     12.00     12.00     28.00
      1.00     14.00     12.00     28.00
      1.00     16.00     12.00     28.00
      1.00      0.00     15.00     28.00
      1.00      2.00     15.00     28.00
      1.00      4.00     15.00     28.00
      1.00      6.00     15.00     28.00
      1.00      8.00     15.00     28.00
      1.00     10.00     15.00     28.00
      1.00     12.00     15.00     28.00
      1.00     14.00     15.00     28.00
      1.00     16.00     15.00     28.00
      1.00      0.00     18.00     28.00
      1.00      2.00     18.00     28.00
      1.00      4.00     18.00     28.00
      1.00      6.00     18.00     28.00
      1.00      8.00     18.00     28.00
      1.00     10.00     18.00     28.00
      1.00     12.00     18.00     28.00
      1.00     14.00     18.00     28.00
      1.00     16.00     18.00     28.00
      1.00      0.00     21.00     28.00
      1.00      2.00     21.00     28.00
      1.00      4.00     21.00     28.00
      1.00      6.00     21.00     28.00
      1.00      8.00     21.00     28.00
      1.00     10.00     21.00     28.00
      1.00     12.00     21.00     28.00
      1.00     14.00     21.00     28.00
      1.00     16.00     21.00     28.00
      1.00      0.00     24.00     28.00
      1.00      2.00     24.00     28.00
      1.00      4.00     24.00     28.00
      1.00      6.00     24.00     28.00
      1.00      8.00     24.00     28.00
      1.00     10.00     24.00     28.00
      1.00     12.00     24.00     28.00
      1.00     14.00     24.00     28.00
      1.00     16.00     24.00     28.00
      1.00      0.00      0.00     32.00
      1.00      2.00      0.00     32.00
      1.00      4.00      0.00     32.00
      1.00      6.00      0.00     32.00
      1.00      8.00      0.00     32.00
      1.00     10.00      0.00     32.00
      1.00     12.00      0.00     32.00
      1.00     14.00      0.00     32.00
      1.00     16.00      0.00     32.00
      1.00      0.00      3.00     32.00
      1.00      2.00      3.00     32.00
      1.00      4.00      3.00     32.00
      1.00      6.00      3.00     32.00
      1.00      8.00      3.00     32.00
      1.00     10.00      3.00     32.00
      1.00     12.00      3.00     32.00
      1.00     14.00      3.00     32.00
      1.00     16.00      3.00     32.00
      1.00      0.00      6.00     32.00
      1.00      2.00      6.00     32.00
      1.00      4.00      6.00     32.00
      1.00      6.00      6.00     32.00
      1.00      8.00      6.00     32.00
      1.00     10.00      6.00     32.00
      1.00     12.00      6.00     32.00
      1.00     14.00      6.00     32.00
      1.00     16.00      6.00     32.00
      1.00      0.00      9.00     32.00
      1.00      2.00      9.00     32.00
      1.00      4.00      9.00     32.00
      1.00      6.00      9.00     32.00
      1.00      8.00      9.00     32.00
      1.00     10.00      9.00     32.00
      1.00     12.00      9.00     32.00
      1.00     14.00      9.00     32.00
      1.00     16.00      9.00     32.00
      1.00      0.00     12.00     32.00
      1.00      2.00     12.00     32.00
      1.00      4.00     12.00     32.00
      1.00      6.00     12.00     32.00
      1.00      8.00     12.00     32.00
      1.00     10.00     12.00     32.00
      1.00     12.00     12.00     32.00
      1.00     14.00     12.00     32.00
      1.00     16.00     12.00     32.00
      1.00      0.00     15.00     32.00
      1.00      2.00     15.00     32.00
      1.00      4.00     15.00     32.00
      1.00      6.00     15.00     32.00
      1.00      8.00     15.00     32.00
      1.00     10.00     15.00     32.00
      1.00     12.00     15.00     32.00
      1.00     14.00     15.00     32.00
      1.00     16.00     15.00     32.00
      1.00      0.00     18.00     32.00
      1.00      2.00     18.00     32.00
      1.00      4.00     18.00     32.00
      1.00      6.00     18.00     32.00
      1.00      8.00     18.00     32.00
      1.00     10.00     18.00     32.00
      1.00     12.00     18.00     32.00
      1.00     14.00     18.00     32.00
      1.00     16.00     18.00     32.00
      1.00      0.00     21.00     32.00
      1.00      2.00     21.00     32.00
      1.00      4.00     21.00     32.00
      1.00      6.00     21.00     32.00
      1.00      8.00     21.00     32.00
      1.00     10.00     21.00     32.00
      1.00     12.00     21.00     32.00
      1.00     14.00     21.00     32.00
      1.00     16.00     21.00     32.00
      1.00      0.00     24.00     32.00
      1.00      2.00     24.00     32.00
      1.00      4.00     24.00     32.00
      1.00      6.00     24.00     32.00
      1.00      8.00     24.00     32.00
      1.00     10.00     24.00     32.00
      1.00     12.00     24.00     32.00
      1.00     14.00     24.00     32.00
      1.00     16.00     24.00     32.00
