    66
   0.000
  47.804   0.000
  83.024  86.018   0.000
  96.710  81.275  52.370   0.000
  90.990  75.215  81.409  69.788   0.000
  96.932  85.558  84.119  81.793  41.155   0.000
  91.839  79.343  76.286  64.003  33.432  43.829   0.000
  50.305   4.121  86.043  81.359  74.196  84.540  78.324   0.000
 102.674 108.218 105.649 109.704 117.069 118.956 120.619 108.243   0.000
 103.358 108.865 110.488 114.436 119.740 121.650 125.350 108.890   7.515   0.000
 103.828 109.229 105.646 109.558 116.923 119.761 119.434 109.254   2.926  10.441
   0.000
 100.956 110.654 103.644 110.841 117.518 119.404 121.067 110.678   6.030  13.545
   6.173   0.000
  87.136  89.400 101.085 106.534  97.455 103.148 105.458  89.911  73.060  74.424
  75.494  74.244   0.000
  88.301  88.065  90.070  90.222 102.087 106.175 101.825  87.996  68.002  70.646
  66.817  71.314  57.517   0.000
  87.237  87.038  89.042  89.194 101.060 105.147 100.798  86.969  66.783  69.427
  65.597  70.094  56.433   2.271   0.000
  89.113  90.534  91.025  90.748 100.118 105.279 100.330  90.465  71.969  74.613
  70.783  73.661  57.146   7.457   5.186   0.000
  90.676  86.902  91.344  91.496  98.054 103.720  99.293  86.832  70.231  72.875
  70.084  73.543  55.070   6.758   4.487   5.775   0.000
  89.820  98.157  94.270 102.424  98.718 102.637  99.897  99.439  75.374  78.024
  75.231  78.859  68.910  54.467  53.403  57.663  54.314   0.000
  88.520  97.030  93.911 102.119  98.414 102.333  99.592  98.311  73.305  76.672
  73.162  76.790  67.226  54.097  53.034  57.294  53.945   2.069   0.000
  89.523  97.935  93.253 102.012  98.306 102.225  99.485  99.216  75.604  78.574
  75.461  79.089  68.616  51.799  50.735  54.995  51.646   2.668   2.299   0.000
  90.137  98.094  93.412 102.171  98.465 102.384  99.644  99.375  74.200  77.169
  74.056  77.684  70.020  53.203  52.139  56.399  53.051   4.072   3.703   1.404
   0.000
 127.364 118.688 106.651 116.338 112.292 108.777 111.779 118.713  98.101 102.877
  98.097  98.214  84.787  92.683  91.655  93.830  89.830 106.276 105.916 105.258
 106.662   0.000
 121.233 113.385 107.534 115.796 112.057 110.197 107.312 113.410  97.398 102.135
  97.395  97.511  90.428  92.374  91.347  93.530  89.530 106.620 106.260 105.602
 107.007  12.422   0.000
 123.970 116.104 110.398 117.297 109.440 108.559 107.270 116.454  99.902 104.679
  99.899 100.015  85.993  94.442  93.415  95.589  91.590 107.670 107.310 106.653
 108.057  15.755  21.360   0.000
 127.364 118.688 106.651 116.338 112.292 108.777 111.779 118.713  98.101 102.877
  98.097  98.214  84.787  92.683  91.655  93.830  89.830 106.276 105.916 105.258
 106.662   0.000  12.422  15.755   0.000
 123.967 114.574 108.341 116.070 107.780 105.551 105.650 114.924  98.893 103.670
  98.890 100.533  84.835  93.433  92.405  94.375  90.581 106.597 106.237 105.579
 106.983  13.948  18.057   7.200  13.948   0.000
 130.604 123.540 112.799 115.330 117.932 112.047 117.311 123.565  99.918 104.911
  99.925 101.568 110.934  95.764  94.736  94.741  96.833 109.030 109.514 108.778
 110.183  54.941  52.794  55.812  54.941  48.611   0.000
 103.969 101.156 106.080 107.431 108.918 110.929 108.378 102.400  99.337 102.456
  98.402 100.908  83.664  81.806  80.778  82.750  79.286  88.814  87.688  89.088
  89.220  99.976  97.176 103.257  99.976 101.424 104.523   0.000
 106.570 100.690 106.172 102.028 106.906 109.012 107.171 102.260  95.668  98.064
  96.473  98.134  83.430  74.185  73.157  75.864  71.676  80.958  79.830  80.735
  80.867  91.711  93.671  91.374  91.711  90.301 101.561  27.035   0.000
 108.892 105.327 112.314 113.490 115.947 119.045 116.217 106.572 100.353 101.859
  99.418 101.925  91.126  81.832  80.804  84.427  79.312  89.508  88.415  89.114
  89.246 103.852 101.052 106.020 103.852 105.300 110.587  13.275  28.019   0.000
 111.013 108.756 113.188 113.569 115.026 111.396 115.416 110.000 107.278 108.667
 106.343 108.004  95.038  83.231  82.203  84.965  80.777  89.814  88.721  89.420
  89.552 103.213 104.466 105.670 103.213 104.597 113.099  19.804  28.005  19.332
   0.000
 104.471 100.906 106.729 107.931 110.427 112.070 108.878 102.151  99.328 100.717
  98.393 100.899  86.885  81.096  80.068  83.691  78.576  88.772  87.679  88.378
  88.510  98.925  96.125 102.206  98.925 100.373 105.660   5.121  23.370   8.154
  14.683   0.000
  98.074  98.611 102.506 102.928 107.840 114.337 107.078  99.893  90.125  95.063
  89.595  92.120  77.102  70.545  69.481  69.615  68.003  73.122  72.753  70.454
  71.859 107.509 108.197 110.077 107.509 108.180 107.502  88.128  87.656  93.309
  93.378  89.068   0.000
  90.519  90.764  96.289 100.560 106.507 112.610 102.312  92.046  78.713  82.684
  79.117  81.697  68.311  73.596  72.512  76.087  71.239  72.930  71.246  72.636
  74.040 102.741 101.372 106.011 102.741 104.115 110.362  88.230  83.868  91.671
  95.763  87.033  50.573   0.000
  95.227  93.926  96.220  95.485 101.989  98.562  99.447  95.207  80.124  81.336
  79.875  82.455  73.820  74.832  73.768  76.088  72.495  77.275  75.592  76.981
  75.577  98.651  98.361 101.912  98.651 100.015 110.483 103.354 100.788 108.266
 107.948 103.619  57.693  55.593   0.000
  95.182  94.230 102.048 103.767 108.658 109.647 110.188  95.511  79.881  82.917
  79.632  82.212  72.226  78.648  77.584  77.923  76.311  85.350  83.666  85.056
  84.481 104.527 105.001 107.788 104.527 105.891 117.280  99.128 100.534 104.219
 108.311  99.581  57.721  45.867  31.427   0.000
 106.879 109.985 111.086 114.276 118.772 125.089 124.800 110.009  53.262  56.375
  55.696  55.699  72.221  73.265  72.045  73.994  75.494  82.218  81.849  79.550
  80.955 109.263 106.535 113.517 109.263 112.302 117.298 106.090 102.483 107.221
 112.404 105.381  89.612  75.505  92.155  86.029   0.000
 105.619 109.684 109.985 113.373 117.807 124.124 123.859 109.708  49.609  52.722
  52.044  52.047  64.483  67.251  66.031  67.980  69.479  77.351  76.981  74.683
  76.087 101.195  98.467 105.516 101.195 104.301 109.297  98.662  95.364  99.792
 104.976  97.952  88.685  77.484  91.228  89.503  10.032   0.000
 119.923 128.727 129.091 135.866 141.760 149.718 142.235 128.126  85.149  86.718
  86.373  89.504 111.575 103.153 101.933 104.554 105.372 108.206 107.079 108.479
 109.884 132.978 133.573 135.925 132.978 134.851 136.007 112.685 110.492 120.194
 121.399 116.244 116.409 106.969 120.214 117.502 103.380  97.693   0.000
 120.273 129.327 128.864 135.758 140.887 149.134 142.119 128.726  85.715  87.284
  87.768  90.899 106.437 104.301 103.081 105.481 106.520 109.295 108.169 109.569
 110.973 127.253 127.848 130.200 127.253 129.126 135.399 113.963 112.581 122.084
 120.797 118.134 116.576 111.543 114.075 111.010 100.333  94.645  15.471   0.000
 101.957 102.287 110.219 105.223 108.924 116.094 109.826 102.312  63.719  67.624
  65.602  66.161  75.759  67.242  66.031  70.290  69.479  74.813  74.509  74.401
  74.533 100.975 100.488 105.526 100.975 103.629 106.884  88.458  82.139  91.905
  96.253  87.258  75.807  72.179  80.050  79.739  71.218  61.186  91.312  92.140
   0.000
 108.716 108.713 114.702 109.815 116.194 124.239 119.049 108.737  62.505  66.411
  64.940  66.344  76.759  73.413  72.202  77.388  75.650  80.791  80.486  80.379
  80.510 102.322 101.835 106.426 102.322 105.041 107.148  95.907  93.285  97.575
 105.970  94.708  86.307  75.483  91.356  91.044  66.456  56.424  91.536  92.872
  15.561   0.000
 104.676 103.036 106.752 107.156 112.608 115.339 109.296 103.060  71.390  73.425
  73.824  73.531  72.921  75.995  74.784  79.044  78.232  81.520  81.160  80.503
  80.634 106.404 105.680 110.955 106.404 109.058 112.382  97.110  94.798 100.706
 105.054  96.059  77.827  68.625  78.809  81.366  65.051  59.551  98.972 100.307
  20.338  24.794   0.000
 102.736  99.007 109.034 107.087 110.844 118.014 109.715  99.032  62.739  66.645
  64.623  65.174  76.211  66.936  65.725  70.911  69.174  76.194  75.889  75.782
  75.913 101.187 100.700 105.738 101.187 103.906 107.161  88.691  85.166  92.139
  99.281  87.492  78.341  74.854  82.744  82.433  70.691  60.659  93.235  94.063
   5.312  18.079  21.752   0.000
 103.036  99.020 109.207 109.198 113.385 119.869 114.162  99.045  65.001  68.907
  66.885  67.437  75.088  67.036  65.825  71.011  69.273  77.730  77.425  77.317
  77.449 102.226 101.739 107.488 102.226 105.656 109.465  92.377  89.314  95.824
 102.966  91.177  80.215  75.573  82.844  82.532  73.448  64.350  96.406  97.234
  11.201  21.788  24.847   9.821   0.000
 102.736  99.007 109.034 107.087 110.844 118.014 109.715  99.032  62.739  66.645
  64.623  65.174  76.211  66.936  65.725  70.911  69.174  76.194  75.889  75.782
  75.913 101.187 100.700 105.738 101.187 103.906 107.161  88.691  85.166  92.139
  99.281  87.492  78.341  74.854  82.744  82.433  70.691  60.659  93.235  94.063
   5.312  18.079  21.752   0.000   9.821   0.000
  99.088  99.080 107.707 108.737 107.695 115.280 112.708  99.105  61.378  64.179
  63.261  63.844  75.002  67.517  66.297  67.320  69.745  71.202  70.809  70.545
  69.970 106.916 106.192 112.448 106.916 110.551 107.581  96.137  92.632 102.285
 107.148  96.940  82.723  75.338  86.024  77.931  61.218  57.933  94.422  96.594
  52.076  54.657  63.335  54.565  57.888  54.565   0.000
  94.289  97.032 103.008 102.099 105.126 112.662 110.139  97.057  59.427  62.227
  61.310  61.893  73.640  59.701  58.482  59.504  61.930  69.189  68.796  68.532
  67.957 105.337 104.613 110.009 105.337 108.112 101.289  89.472  85.967  95.620
 100.482  90.274  76.692  77.161  84.796  75.862  62.221  58.936  93.606  94.281
  50.429  53.016  61.996  52.918  56.549  52.918  11.473   0.000
 117.681 118.862 126.629 123.849 133.530 135.183 133.926 119.341  96.791  98.459
  96.989  98.582 104.269  96.103  98.374  98.706 102.485 113.819 112.519 113.522
 113.654 117.423 118.585 122.789 117.423 121.198 125.844  98.031 100.588 103.494
 107.839  97.827 112.593  99.329 105.462  95.726 101.962 103.007 125.965 117.683
 102.005  99.925 105.473 102.734 105.470 102.734  93.439  91.376   0.000
 121.154 124.668 132.760 130.796 138.803 138.060 138.520 125.147  91.259  92.928
  91.458  93.825 101.514  95.694  97.966 100.575 102.077 108.607 107.308 108.311
 108.442 117.371 119.475 123.258 117.371 121.808 123.579  95.177  97.472 102.349
 104.825  96.682 116.364 102.852 104.900  98.282 109.991 104.808 121.282 113.712
  99.996  99.784 108.083 102.594 104.991 102.594  94.562  92.499  18.046   0.000
 112.062 104.980 103.500  96.355 102.094  98.963 102.505 106.030  99.948 102.048
 101.986 103.381  82.756  79.647  78.620  81.361  77.305  95.063  94.670  94.406
  94.031  99.681  98.499 102.185  99.681 101.465 113.667  99.164  98.273 101.632
 103.597  99.777  96.035  95.387  80.078  86.023 101.303  99.530 133.766 127.066
  96.477  98.568  99.667  96.377  98.889  96.377  88.330  86.372 109.720 114.062
   0.000
 111.498 101.836 101.883  92.204  98.434  95.374  99.814 102.886  95.524  98.181
  97.551  98.955  82.449  75.379  74.351  77.093  73.036  92.651  92.259  91.995
  91.619  96.203  95.073  99.103  96.203  98.383 113.784  94.500  91.849  96.968
  98.933  95.114  93.080  92.406  79.951  86.306  99.468  96.523 129.161 122.797
  91.760  96.212  96.462  92.344  90.821  92.344  89.319  83.940 109.388 112.398
  15.347   0.000
 115.282 114.171 112.929 105.892 106.263 108.020 109.387 115.416  94.243  96.900
  96.270  97.698  82.404  82.630  81.023  83.765  79.708  89.263  88.870  88.606
  88.231 101.347 101.265 105.363 101.347 104.643 118.597 100.830  98.179 103.298
 105.263 101.444  92.205  98.124  84.855  91.211  98.132  96.232 126.943 120.579
  87.613  91.060  91.747  85.310  90.127  85.310  82.742  76.183 110.250 113.447
  31.355  29.333   0.000
 107.857 101.762  96.688  92.361  97.336 100.351 100.150 102.811  94.123  96.653
  96.150  97.545  85.451  76.428  75.401  78.646  74.589  90.831  90.438  90.174
  89.799  98.499  94.969 101.266  98.499 100.546 112.414  96.798  95.215  99.266
 105.430  97.411  92.499  90.784  74.317  81.303  97.021  95.121 128.952 122.588
  90.994  94.234  95.965  90.894  93.407  90.894  83.607  81.649 106.988 110.185
  11.643  16.102  31.092   0.000
 113.838 112.727 111.486 104.449 104.820 106.576 111.659 113.972  91.972  94.629
  93.998  95.427  80.132  80.359  78.752  81.494  77.437  91.534  91.141  90.878
  90.502 102.953 102.872 106.969 102.953 106.250 120.203 102.053  99.402 104.521
 106.486 102.666  93.812  99.731  82.584  88.939  95.861  93.961 127.786 121.422
  87.886  91.334  92.020  87.581  90.400  87.581  80.471  73.912 111.093 114.290
  29.083  27.062   2.271  28.821   0.000
 122.053 115.689 125.539 135.200 128.552 135.532 123.875 115.714 117.068 119.155
 115.775 119.403 111.880 115.546 115.273 116.329 114.631 115.315 114.923 114.659
 114.791 129.106 122.817 123.616 129.106 125.448 140.770 108.774 118.399 114.618
 113.648 112.344 113.605 107.410 115.497 108.281 120.187 119.382 149.669 140.572
 108.068 111.455 109.350 111.427 112.382 111.427 112.769 111.656 125.803 127.822
 105.557 107.425 111.905 106.707 113.512   0.000
 107.313 105.275 116.732 126.092 122.616 127.409 111.255 105.300 109.470 111.198
 109.467 110.223  94.880 103.428 102.585 103.709 101.171 107.856 107.463 107.199
 108.604 112.465 105.761 108.059 112.465 109.807 123.901 103.923 121.153 112.140
 115.997 107.493 102.029  98.397 104.526  98.816 114.325 109.433 142.102 132.619
 101.039 105.786 108.368 102.362 102.682 102.362 103.708  97.530 131.976 128.364
 105.478 102.518 104.656 102.125 106.263  47.161   0.000
 103.971 111.747 113.529 119.282 115.325 118.112 122.280 111.772 116.753 117.259
 117.806 118.278  96.561  98.434  97.350 100.080  96.581 110.189 109.061 109.966
 110.606 118.162 118.142 120.463 118.162 119.198 124.485 122.562 116.700 120.848
 126.962 118.897 104.111  98.956  92.557  97.933 111.119 111.445 142.756 134.258
 113.859 115.581 112.869 114.662 114.850 114.662 111.205 104.690 129.430 133.813
 103.009 101.213 107.320 100.368 105.199 132.643 120.653   0.000
 108.990 119.437 117.155 118.806 127.060 128.294 128.146 119.267 109.228 109.488
 111.211 110.610 101.285 106.031 104.809 106.282 103.792 108.441 107.313 108.218
 108.858 123.921 124.632 125.376 123.921 124.112 133.531 115.958 109.902 117.130
 123.849 113.754  95.507  98.493  92.496  94.647 113.376 110.886 141.710 134.822
 102.936 106.176 103.891 101.668 103.859 101.668 107.947  99.648 115.692 119.929
 107.706 107.230 102.710 104.554 104.981 124.765 114.818  62.065   0.000
 113.933 125.386 118.536 118.813 125.400 127.063 128.891 125.215 108.617 109.058
 110.654 110.141 101.135 103.424 102.201 103.675 101.185 108.130 106.830 107.833
 108.473 119.053 118.999 120.308 119.053 119.044 125.379 111.842 106.260 113.766
 120.485 110.390 101.307 101.440  94.176  98.679 114.561 107.979 141.025 134.442
 103.501 106.761 107.730 102.169 105.082 102.169 104.896  98.402 118.425 117.787
 106.486 108.261 105.974 104.584 108.246 128.375 113.150  54.068  25.576   0.000
  96.077  96.511 102.196 108.183 104.997 105.006 110.924  97.792  99.244 101.251
  99.097 101.710  75.016  85.712  84.649  85.860  84.392  85.562  87.631  88.230
  88.870 103.830 109.731 108.393 103.830 106.497 115.329 104.829 101.226 112.901
 114.285 108.254  77.140  74.295  68.386  67.950 100.386  96.978 122.042 118.601
  78.966  89.065  83.570  81.488  81.919  81.488  74.515  73.718 103.067 109.286
  93.659  91.828  93.878  94.943  92.435 111.858 109.676  99.694  97.732 102.767
   0.000
  99.480  97.235 111.178 116.102 118.805 121.082 122.911  98.516  89.600  91.649
  90.004  93.439  85.081  87.780  86.560  90.489  85.971  87.546  86.420  87.820
  89.224 115.799 115.794 119.910 115.799 118.077 121.028  99.832 103.868 105.666
 114.999 101.997  79.975  68.860  65.842  70.671  85.512  84.585 115.169 114.971
  84.618  79.459  83.472  85.275  85.112  85.275  84.569  82.124 105.581 107.067
 104.747 103.263 106.634  99.871 105.672 118.062 109.018 113.913 104.525 103.266
  77.628   0.000
 102.928  96.093 108.502 111.216 113.320 114.658 115.410  97.374  88.585  92.867
  88.438  91.027  78.169  81.889  80.669  82.988  79.396  88.470  87.343  88.743
  90.148 105.273 106.105 108.544 105.273 106.647 124.201 100.068  97.159 104.534
 110.963 102.233  74.736  63.354  52.883  47.362  88.718  87.791 108.521 102.393
  74.212  85.029  81.814  77.664  76.802  77.664  81.884  81.777  99.409 102.223
  93.910  88.708  96.990  88.158  96.028 113.869 104.875 101.472  94.599  96.056
  65.596  37.100   0.000
  95.071  98.863 103.053 111.929 117.973 119.389 118.668 100.144  90.298  94.520
  90.151  93.586  92.142  87.449  86.229  89.475  86.994  89.751  88.624  90.024
  91.429 112.370 111.840 115.527 112.370 113.695 119.762  94.805  91.919 101.608
 109.707  96.970  87.516  77.223  83.132  82.792  97.124  93.715 119.166 120.616
  81.259  82.664  88.805  81.916  81.928  81.916  81.467  79.784  96.314 105.695
  98.714  99.397 103.426  92.866 102.464 110.742 112.045 116.256  97.977 103.911
  59.466  58.971  54.993   0.000
  96.983  89.977 105.184 103.254 106.940 109.960 110.344  91.259  88.508  90.739
  88.362  90.951  82.416  74.902  73.682  76.001  72.409  86.304  85.177  86.577
  87.982 108.553 107.762 112.208 108.553 110.758 119.406  98.533  95.335 103.556
 107.687 100.697  73.179  62.482  52.480  55.521  85.286  84.359 108.476 107.789
  72.581  79.559  77.372  76.097  76.606  76.097  76.226  77.123  98.552 102.307
  92.941  92.929  97.689  85.901  95.567 112.631 107.343 105.858 101.844 100.310
  69.095  37.397  26.304  51.674   0.000
 104.251 103.885 114.197 118.857 129.038 127.415 129.409 105.166  87.291  88.977
  87.356  90.791  94.526  95.811  94.591  98.521  96.040  93.938  92.811  94.211
  94.343 122.129 120.066 126.228 122.129 124.396 131.055  97.690 105.050 104.492
 113.143  99.854  94.535  85.942  75.938  78.567  94.661  91.495 126.214 121.750
  87.103  88.999  88.525  87.761  87.116  87.761  94.146  95.301  96.693 101.992
  99.532 102.318 106.651  98.139 105.688 102.150 108.905 122.043 102.473 106.781
  79.336  51.217  57.596  39.628  57.982   0.000
