    0.000000000000000D+00    0.000000000000000D+00
    0.000000000000000D+00    0.000000000000000D+00
    0.000000000000000D+00    0.000000000000000D+00
    0.000000000000000D+00    0.000000000000000D+00
    0.000000000000000D+00    0.000000000000000D+00
    0.000000000000000D+00    0.000000000000000D+00
    0.000000000000000D+00    0.000000000000000D+00
    0.000000000000000D+00    0.000000000000000D+00
    0.000000000000000D+00    0.000000000000000D+00
    0.000000000000000D+00    0.000000000000000D+00
    0.000000000000000D+00    0.000000000000000D+00
    0.000000000000000D+00    0.000000000000000D+00
    0.000000000000000D+00    0.000000000000000D+00
    0.000000000000000D+00    0.000000000000000D+00
    0.000000000000000D+00    0.000000000000000D+00
    0.000000000000000D+00    0.000000000000000D+00
    0.000000000000000D+00    0.000000000000000D+00
    0.000000000000000D+00    0.000000000000000D+00
    0.000000000000000D+00    0.000000000000000D+00
    0.000000000000000D+00    0.000000000000000D+00
    0.000000000000000D+00    0.000000000000000D+00
    0.000000000000000D+00    0.000000000000000D+00
    0.000000000000000D+00    0.000000000000000D+00
    0.000000000000000D+00    0.000000000000000D+00
    0.000000000000000D+00    0.000000000000000D+00
    0.000000000000000D+00    0.000000000000000D+00
    0.000000000000000D+00    0.000000000000000D+00
    0.000000000000000D+00    0.000000000000000D+00
    0.000000000000000D+00    0.000000000000000D+00
    0.000000000000000D+00    0.000000000000000D+00
    0.000000000000000D+00    0.000000000000000D+00
    0.000000000000000D+00    0.000000000000000D+00
    0.000000000000000D+00    0.000000000000000D+00
    0.000000000000000D+00    0.000000000000000D+00
    0.000000000000000D+00    0.000000000000000D+00
    0.000000000000000D+00    0.000000000000000D+00
    0.000000000000000D+00    0.000000000000000D+00
    0.000000000000000D+00    0.000000000000000D+00
    0.000000000000000D+00    0.000000000000000D+00
    0.000000000000000D+00    0.000000000000000D+00
    0.000000000000000D+00    0.000000000000000D+00
    0.000000000000000D+00    0.000000000000000D+00
    0.442260094859883D-04   -0.438237194645860D-04
    0.271053880679195D-04   -0.844142038356723D-04
   -0.151491432258522D-04   -0.871346280881364D-04
   -0.717564638826092D-04    0.208959424133291D-04
   -0.128710112761122D-03    0.224741812371192D-03
   -0.182200525117144D-03    0.540791089386234D-03
   -0.233101016549065D-03    0.956253639192687D-03
   -0.276716950138014D-03    0.146317837542936D-02
   -0.316549134885492D-03    0.205297907198097D-02
   -0.348021153380050D-03    0.270974690167007D-02
   -0.375460748927283D-03    0.342769298082487D-02
   -0.394832279255290D-03    0.418767467410801D-02
   -0.410578037971701D-03    0.498651244854297D-02
   -0.419598162449998D-03    0.580546594522029D-02
   -0.426043647292498D-03    0.664371861679172D-02
   -0.428179933508949D-03    0.748655649396572D-02
   -0.429585730630117D-03    0.833521799533681D-02
   -0.430125407981093D-03    0.918306060518618D-02
   -0.432604060620823D-03    0.100326317977334D-01
   -0.438370570354425D-03    0.108893967595093D-01
   -0.449582848119572D-03    0.117560381419334D-01
   -0.468167815442840D-03    0.126529967172301D-01
   -0.495905442957398D-03    0.135814423181987D-01
   -0.533979877518869D-03    0.145783046879486D-01
   -0.585552652150074D-03    0.156405214392537D-01
   -0.648446888828957D-03    0.168161866422927D-01
   -0.733753696075694D-03    0.181045163821613D-01
   -0.817672411291647D-03    0.195434332425540D-01
   -0.898793324419844D-03    0.211150644397837D-01
   -0.971333371062929D-03    0.228894248104505D-01
   -0.110747337121219D-02    0.248030876579667D-01
   -0.121252081987044D-02    0.266545082583132D-01
   -0.145864578683750D-02    0.288295461812605D-01
   -0.124865819847754D-02    0.307306086286488D-01
    0.246477043944108D-03    0.312830097187646D-01
    0.579757951083674D-03    0.324431246680376D-01
   -0.137099164946812D-02    0.315547930484676D-01
   -0.662933865979625D-03    0.223625614713268D-01
    0.130902113069502D-01    0.130902113069615D-01
    0.000000000000000D+00    0.000000000000000D+00
    0.000000000000000D+00    0.000000000000000D+00
    0.840119138355961D-04   -0.257417436216178D-04
    0.149364021974731D-04   -0.119695570249937D-04
   -0.145286880022446D-03    0.105455795038429D-03
   -0.336925333828843D-03    0.393118272505784D-03
   -0.544399403679663D-03    0.863631060569129D-03
   -0.740119570272276D-03    0.151608266666480D-02
   -0.927686933319948D-03    0.235004343518089D-02
   -0.109248208501751D-02    0.334413503913703D-02
   -0.124020990731838D-02    0.448924936433059D-02
   -0.136241946638021D-02    0.575798270130003D-02
   -0.146458949070787D-02    0.713731994524860D-02
   -0.154233654596312D-02    0.859882884498311D-02
   -0.160090739342060D-02    0.101292314480953D-01
   -0.163897313864710D-02    0.117023520039295D-01
   -0.166247870683183D-02    0.133078465361677D-01
   -0.167214696821830D-02    0.149246030689066D-01
   -0.167601424482383D-02    0.165485663563630D-01
   -0.167513456189657D-02    0.181664336413326D-01
   -0.168130934950548D-02    0.197835844221613D-01
   -0.169312637974730D-02    0.213964352898664D-01
   -0.172807825247072D-02    0.230222973137556D-01
   -0.177827675750630D-02    0.246671693495561D-01
   -0.186888822502292D-02    0.263615538499526D-01
   -0.198021632066101D-02    0.281171647789808D-01
   -0.214754322524801D-02    0.299761939723816D-01
   -0.233036187102498D-02    0.319424997110228D-01
   -0.257504141728177D-02    0.340684013397004D-01
   -0.281054396450657D-02    0.363308960351976D-01
   -0.308864778243701D-02    0.387749921658289D-01
   -0.329053754267526D-02    0.413050559645417D-01
   -0.350417322828709D-02    0.439044925465829D-01
   -0.344360202464543D-02    0.461710935970672D-01
   -0.311139809584085D-02    0.482036846702073D-01
   -0.227551333024300D-02    0.495607884625824D-01
   -0.456494437023205D-03    0.493365612330171D-01
    0.313362173094349D-02    0.455776481852880D-01
    0.977377857036887D-02    0.372972543417042D-01
    0.201469836091784D-01    0.222175950018346D-01
    0.304337912873106D-01    0.595741624867368D-02
    0.000000000000000D+00    0.000000000000000D+00
    0.000000000000000D+00    0.000000000000000D+00
    0.829800250513587D-04    0.189457460072239D-04
   -0.105763092233327D-03    0.156193957266061D-03
   -0.435979002983432D-03    0.449118240512076D-03
   -0.837192476422708D-03    0.979560451792432D-03
   -0.125829132144468D-02    0.174182473847949D-02
   -0.167155213674732D-02    0.275253933752969D-02
   -0.206015339179121D-02    0.399553437112343D-02
   -0.241171509198373D-02    0.545896734035188D-02
   -0.272214712633851D-02    0.712122747751357D-02
   -0.298491495752081D-02    0.895442180220967D-02
   -0.320204418472261D-02    0.109369322080585D-01
   -0.337018882870445D-02    0.130330667724108D-01
   -0.349521710418791D-02    0.152241008276190D-01
   -0.357696193775189D-02    0.174726729263013D-01
   -0.362481675133551D-02    0.197656299904264D-01
   -0.364208771269255D-02    0.220693573462615D-01
   -0.364163458098725D-02    0.243787786201350D-01
   -0.362984745930865D-02    0.266695020273743D-01
   -0.362271337061648D-02    0.289460736154567D-01
   -0.362790350176503D-02    0.311980463524223D-01
   -0.366389550830082D-02    0.334393577699553D-01
   -0.373564753225783D-02    0.356757102800239D-01
   -0.386345353418349D-02    0.379274049924055D-01
   -0.404210692984717D-02    0.402126877859709D-01
   -0.429344975787139D-02    0.425515033395984D-01
   -0.458694456357594D-02    0.449591150375149D-01
   -0.494225030694401D-02    0.474400202620882D-01
   -0.528265355761240D-02    0.499800820468705D-01
   -0.562121989217712D-02    0.525288774146418D-01
   -0.579318763413042D-02    0.549635845607380D-01
   -0.578902704392678D-02    0.571422393149515D-01
   -0.522105647444022D-02    0.586606454399059D-01
   -0.379817834120580D-02    0.590433552723603D-01
   -0.132500800527021D-02    0.579749660561204D-01
    0.311219853890602D-02    0.537491319814540D-01
    0.983086230336727D-02    0.452230806945353D-01
    0.226283723482290D-01    0.322932363953493D-01
    0.338387690078671D-01    0.147965968319872D-01
    0.340574755399901D-01    0.403345024470908D-02
    0.000000000000000D+00    0.000000000000000D+00
    0.000000000000000D+00    0.000000000000000D+00
   -0.345745982986628D-04    0.785791893441378D-04
   -0.402042173948548D-03    0.356491631183763D-03
   -0.969694942959836D-03    0.865403072407113D-03
   -0.162625372201135D-02    0.165664061954536D-02
   -0.231705193161057D-02    0.273327532667598D-02
   -0.299251373334199D-02    0.409777437904373D-02
   -0.363232008092832D-02    0.574089229640945D-02
   -0.421299147417968D-02    0.764206822356546D-02
   -0.472854846899490D-02    0.978181106016825D-02
   -0.516708980816271D-02    0.121241957541162D-01
   -0.553018384553100D-02    0.146457074890987D-01
   -0.581264081176470D-02    0.173028905144258D-01
   -0.602172732110079D-02    0.200727118877654D-01
   -0.615762362387587D-02    0.229092114620957D-01
   -0.623387279081656D-02    0.257947950468423D-01
   -0.625517107226447D-02    0.286852844588957D-01
   -0.624222090374118D-02    0.315733984788687D-01
   -0.620229775575504D-02    0.344206115895746D-01
   -0.616348620723894D-02    0.372337397889596D-01
   -0.613171882001261D-02    0.399824729221126D-01
   -0.614139743376967D-02    0.426889970418406D-01
   -0.619046351029211D-02    0.453306003803266D-01
   -0.631653172228121D-02    0.479414983261543D-01
   -0.649883855409019D-02    0.504993147766651D-01
   -0.677114863401156D-02    0.530394930529591D-01
   -0.707680164227493D-02    0.555215306211021D-01
   -0.742988468969628D-02    0.579572129975403D-01
   -0.770863368670927D-02    0.602493270818766D-01
   -0.787605687044808D-02    0.623320565848965D-01
   -0.768877156241128D-02    0.639673151276313D-01
   -0.697127500628957D-02    0.649352148812891D-01
   -0.530731930509031D-02    0.647743560681049D-01
   -0.217443012336851D-02    0.629074819051233D-01
    0.304990531016176D-02    0.585050790186252D-01
    0.115322059508137D-01    0.505250212199926D-01
    0.234366865009153D-01    0.384899220613010D-01
    0.388396726723549D-01    0.234563928971480D-01
    0.486361949571836D-01    0.946652736746817D-02
    0.409711828454269D-01    0.926486690451891D-03
    0.000000000000000D+00    0.000000000000000D+00
    0.000000000000000D+00    0.000000000000000D+00
   -0.252535571288969D-03    0.138906003560800D-03
   -0.887387250636351D-03    0.572098784569457D-03
   -0.173853587743023D-02    0.129660702321854D-02
   -0.270239857139236D-02    0.235637536393286D-02
   -0.369871520799535D-02    0.373670047690016D-02
   -0.467768292678973D-02    0.544327739455704D-02
   -0.560185806403124D-02    0.745562989967500D-02
   -0.644652528459531D-02    0.975732309234316D-02
   -0.719585741596430D-02    0.123207707600574D-01
   -0.783700367138837D-02    0.151107248707870D-01
   -0.836662194253969D-02    0.180972343588372D-01
   -0.877942108384706D-02    0.212336046413283D-01
   -0.908157409825220D-02    0.244913284331153D-01
   -0.927480917452782D-02    0.278178655607522D-01
   -0.937430337029019D-02    0.311904638390921D-01
   -0.938893469217978D-02    0.345564394098202D-01
   -0.934220147291461D-02    0.379023215810171D-01
   -0.924906830792194D-02    0.411810496036065D-01
   -0.913929150064667D-02    0.443898805998153D-01
   -0.903007634893905D-02    0.474920776281855D-01
   -0.895334092399718D-02    0.504932389081739D-01
   -0.892015415852874D-02    0.533681626147175D-01
   -0.895779863851266D-02    0.561222904266255D-01
   -0.905553340170470D-02    0.587355937839474D-01
   -0.922405778398835D-02    0.611949790010516D-01
   -0.940412046206238D-02    0.634667042332829D-01
   -0.956662659396097D-02    0.654835417428536D-01
   -0.956031269566122D-02    0.671573003712888D-01
   -0.926485568915393D-02    0.683055691368871D-01
   -0.837323930058275D-02    0.687172914634475D-01
   -0.653598696755499D-02    0.679853984731462D-01
   -0.330860595335996D-02    0.657587670369105D-01
    0.213765758843812D-02    0.612921330868842D-01
    0.101031866160245D-01    0.541493086108178D-01
    0.223046391216487D-01    0.436624451221839D-01
    0.365866828980117D-01    0.303359555160485D-01
    0.527088751217199D-01    0.164980543407802D-01
    0.595834717562553D-01    0.514966328388501D-02
    0.444700583438141D-01    0.266953904323877D-03
    0.000000000000000D+00    0.000000000000000D+00
    0.000000000000000D+00    0.000000000000000D+00
   -0.586167914781584D-03    0.192999109260951D-03
   -0.155385612931327D-02    0.766529377623654D-03
   -0.275177946013936D-02    0.170293348409320D-02
   -0.405882578428657D-02    0.301138514195469D-02
   -0.539806390307312D-02    0.467767861903175D-02
   -0.670489873773827D-02    0.669185336238593D-02
   -0.794017499253610D-02    0.903623467608456D-02
   -0.906845238933262D-02    0.116850513020097D-01
   -0.100713812498729D-01    0.146128194375278D-01
   -0.109294743234625D-01    0.177773704003697D-01
   -0.116376752282648D-01    0.211487148335903D-01
   -0.121873445975526D-01    0.246734409281095D-01
   -0.125849110849069D-01    0.283210886039405D-01
   -0.128312163876029D-01    0.320311171642420D-01
   -0.129445256664570D-01    0.357778446209652D-01
   -0.129343431826872D-01    0.394981214998414D-01
   -0.128305871993395D-01    0.431757667587812D-01
   -0.126488939896151D-01    0.467492294980036D-01
   -0.124284021691383D-01    0.502144322740069D-01
   -0.121849404809004D-01    0.535141209205128D-01
   -0.119606376161550D-01    0.566544554292820D-01
   -0.117605271322395D-01    0.595813114386932D-01
   -0.116176051747854D-01    0.623016923684418D-01
   -0.115077386290718D-01    0.647560186957349D-01
   -0.114325633931081D-01    0.669309176901162D-01
   -0.113089395782625D-01    0.687405922623995D-01
   -0.110664861138409D-01    0.701120826402489D-01
   -0.105159098439660D-01    0.708949412359327D-01
   -0.943941306076401D-02    0.708968875482637D-01
   -0.748328596239086D-02    0.698560693153850D-01
   -0.415765278144123D-02    0.673902498817011D-01
    0.106882970814303D-02    0.631126764923269D-01
    0.903890753455766D-02    0.565072753286294D-01
    0.200911001652707D-01    0.473410963527228D-01
    0.347984373277912D-01    0.356930056090586D-01
    0.510977352889130D-01    0.227334820039041D-01
    0.647621083459473D-01    0.108305828131545D-01
    0.657143755313219D-01    0.301071334112581D-02
    0.450496438162782D-01    0.157661626972343D-03
    0.000000000000000D+00    0.000000000000000D+00
    0.000000000000000D+00    0.000000000000000D+00
   -0.101812133366123D-02    0.242884180315195D-03
   -0.239481026704881D-02    0.943937774046077D-03
   -0.397964843207009D-02    0.206171701322349D-02
   -0.566741354838449D-02    0.359008256692029D-02
   -0.737039985647823D-02    0.550102201164731D-02
   -0.902668531959416D-02    0.778001717992782D-02
   -0.105859424777920D-01    0.104005013263609D-01
   -0.120113036277755D-01    0.133361148344746D-01
   -0.132759743618414D-01    0.165553469750203D-01
   -0.143579390120842D-01    0.200156159011740D-01
   -0.152469460719425D-01    0.236820583252695D-01
   -0.159324446424430D-01    0.274988435049689D-01
   -0.164188581352667D-01    0.314310800460287D-01
   -0.167069048331109D-01    0.354131818505940D-01
   -0.168152727801444D-01    0.394146737374598D-01
   -0.167561095683816D-01    0.433652902833402D-01
   -0.165606794613358D-01    0.472422438146339D-01
   -0.162505425772001D-01    0.509762399186362D-01
   -0.158645981235431D-01    0.545522471529472D-01
   -0.154272515213728D-01    0.579067755660067D-01
   -0.149752797611737D-01    0.610268876835921D-01
   -0.145222245776175D-01    0.638561500971062D-01
   -0.140861517920288D-01    0.663696082672161D-01
   -0.136456831994521D-01    0.685116588694430D-01
   -0.131723279333713D-01    0.702197793817745D-01
   -0.125718161378782D-01    0.714212699181685D-01
   -0.117199877022501D-01    0.719767816386178D-01
   -0.103987952109560D-01    0.717666848450700D-01
   -0.829916057250749D-02    0.705251450768225D-01
   -0.505078634324923D-02    0.680661339729219D-01
   -0.261268286409647D-04    0.639775575143863D-01
    0.716210851608292D-02    0.580670691182646D-01
    0.175288793153449D-01    0.499551081251346D-01
    0.306305591685797D-01    0.398322471876496D-01
    0.470032648680878D-01    0.281729932019364D-01
    0.628053623962570D-01    0.163494683686153D-01
    0.738874743896090D-01    0.671036700734028D-02
    0.708299462381223D-01    0.923631982102251D-03
    0.457148477436777D-01   -0.408690071445006D-03
    0.000000000000000D+00    0.000000000000000D+00
    0.000000000000000D+00    0.000000000000000D+00
   -0.153230832884656D-02    0.280034148519365D-03
   -0.337343806042912D-02    0.108164730325583D-02
   -0.539328797349098D-02    0.235132848566590D-02
   -0.748770393145393D-02    0.405663507289900D-02
   -0.957625214316018D-02    0.616611665178069D-02
   -0.115918518081507D-01    0.865238030676669D-02
   -0.134839097099555D-01    0.114878194520770D-01
   -0.152087474117473D-01    0.146380605512859D-01
   -0.167364710886961D-01    0.180715291899091D-01
   -0.180394179698425D-01    0.217403673836489D-01
   -0.191041258141198D-01    0.256088485029805D-01
   -0.199163414643834D-01    0.296163371189621D-01
   -0.204788458704438D-01    0.337256722970252D-01
   -0.207906949806673D-01    0.378657426840575D-01
   -0.208715076222534D-01    0.420024617948371D-01
   -0.207332288637026D-01    0.460582751723890D-01
   -0.204109327521130D-01    0.500061129659350D-01
   -0.199260917196765D-01    0.537663462341497D-01
   -0.193233419524005D-01    0.573199745449412D-01
   -0.186250449097493D-01    0.605884986849662D-01
   -0.178725735545311D-01    0.635562468932150D-01
   -0.170730179012105D-01    0.661453647773005D-01
   -0.162417719027996D-01    0.683300912347827D-01
   -0.153443718627535D-01    0.700260080212110D-01
   -0.143329195925027D-01    0.711730678526063D-01
   -0.130922193731016D-01    0.716643002257028D-01
   -0.114524690205974D-01    0.713720289809405D-01
   -0.916825096993301D-02    0.701465381286361D-01
   -0.586822652850575D-02    0.677647391536380D-01
   -0.114908269722051D-02    0.640344868248288D-01
    0.560534956046289D-02    0.586775916497086D-01
    0.148125778678521D-01    0.515698058178860D-01
    0.270577847438109D-01    0.426538433310010D-01
    0.419746902973428D-01    0.322829531970965D-01
    0.585730866635591D-01    0.213139976360973D-01
    0.733953782075654D-01    0.111925334255090D-01
    0.807723450072412D-01    0.362201192513166D-02
    0.725942440044608D-01   -0.824106404242615D-04
    0.450167946130633D-01   -0.559706348973189D-03
    0.000000000000000D+00    0.000000000000000D+00
    0.000000000000000D+00    0.000000000000000D+00
   -0.211479481509114D-02    0.310565748041916D-03
   -0.446924776597137D-02    0.118765038407948D-02
   -0.695112699743286D-02    0.256592672394120D-02
   -0.947293141092898D-02    0.439964930363186D-02
   -0.119554648504935D-01    0.664882594400082D-02
   -0.143358164792690D-01    0.927908001326799D-02
   -0.165591927865543D-01    0.122571034962406D-01
   -0.185803672817432D-01    0.155448711993660D-01
   -0.203641371056111D-01    0.191072722286690D-01
   -0.218789544380867D-01    0.228939506726701D-01
   -0.231071559711067D-01    0.268666842743368D-01
   -0.240306429530246D-01    0.309612400606804D-01
   -0.246500367708193D-01    0.351386275233129D-01
   -0.249621652414480D-01    0.393219836234031D-01
   -0.249863917583248D-01    0.434755474606213D-01
   -0.247351810137666D-01    0.475140337964601D-01
   -0.242439733108021D-01    0.514076974878808D-01
   -0.235379199028937D-01    0.550687684280174D-01
   -0.226600812987025D-01    0.584722456905301D-01
   -0.216387487034620D-01    0.615339551619397D-01
   -0.205081561376372D-01    0.642254298404571D-01
   -0.192807157157347D-01    0.664694299611918D-01
   -0.179550399757349D-01    0.682170701854284D-01
   -0.164967938900949D-01    0.693953722762681D-01
   -0.148278893992219D-01    0.699100152553934D-01
   -0.128251906896925D-01    0.696827025064367D-01
   -0.102727945095442D-01    0.685470655181183D-01
   -0.692096909191168D-02    0.664118780501553D-01
   -0.233830194040843D-02    0.630334309070544D-01
    0.381785866688087D-02    0.583348729926818D-01
    0.122251072843037D-01    0.520765896999708D-01
    0.229970470325753D-01    0.443439409857568D-01
    0.367373475788023D-01    0.352041206326578D-01
    0.522664334615345D-01    0.252432051328709D-01
    0.686197971118389D-01    0.153897479155092D-01
    0.814340722303349D-01    0.689706592220359D-02
    0.856357343070112D-01    0.127052623767293D-02
    0.744600558647943D-01   -0.107448809345001D-02
    0.444043358354717D-01   -0.738890324129786D-03
    0.000000000000000D+00    0.000000000000000D+00
    0.000000000000000D+00    0.000000000000000D+00
   -0.273680345688791D-02    0.326316742170140D-03
   -0.563580055550990D-02    0.124887107964721D-02
   -0.860283969147697D-02    0.269462367933928D-02
   -0.115629774735425D-01    0.460367440522717D-02
   -0.144445203985639D-01    0.693187978884310D-02
   -0.171870828291726D-01    0.963702052044444D-02
   -0.197360321143880D-01    0.126830037931077D-01
   -0.220435157243837D-01    0.160268130954461D-01
   -0.240708069954127D-01    0.196313517811413D-01
   -0.257823825742394D-01    0.234436003925272D-01
   -0.271561849571355D-01    0.274227356728118D-01
   -0.281706819994643D-01    0.315028210392597D-01
   -0.288231938530581D-01    0.356408339419063D-01
   -0.291085677853286D-01    0.397585565991528D-01
   -0.290452355493328D-01    0.438146124877712D-01
   -0.286450475785968D-01    0.477220828755727D-01
   -0.279452605888505D-01    0.514448043673477D-01
   -0.269706803392471D-01    0.548922252649593D-01
   -0.257678757918031D-01    0.580337600378347D-01
   -0.243630739082862D-01    0.607799925128567D-01
   -0.227926596792143D-01    0.631000307966654D-01
   -0.210629842834599D-01    0.649074772727068D-01
   -0.191684555859338D-01    0.661572987879665D-01
   -0.170632360829766D-01    0.667629809791262D-01
   -0.146539902563271D-01    0.666455482268077D-01
   -0.118013868745170D-01    0.657115359119296D-01
   -0.826775681308835D-02    0.638325959097117D-01
   -0.378561585440202D-02    0.609091382891156D-01
    0.206549327340887D-02    0.567815669417660D-01
    0.964473285347436D-02    0.513870959159469D-01
    0.194549869193393D-01    0.446508267429061D-01
    0.316437876892333D-01    0.367019940100382D-01
    0.462074187940332D-01    0.278383800353947D-01
    0.621161163411384D-01    0.186742991892006D-01
    0.773146005326286D-01    0.101725017500855D-01
    0.879282571080713D-01    0.348574974151366D-02
    0.887956359712065D-01   -0.516141140700460D-03
    0.740758851004700D-01   -0.156852122230085D-02
    0.431518491710924D-01   -0.761495435206578D-03
    0.000000000000000D+00    0.000000000000000D+00
    0.000000000000000D+00    0.000000000000000D+00
   -0.338798963836439D-02    0.334787258266854D-03
   -0.684597091755411D-02    0.127321414288937D-02
   -0.103052322368331D-01    0.274112440216963D-02
   -0.137038108407806D-01    0.466955655745385D-02
   -0.169792933196025D-01    0.701230004420837D-02
   -0.200745484504275D-01    0.972056788670751D-02
   -0.229362283276070D-01    0.127567347773454D-01
   -0.255142448163287D-01    0.160730776942758D-01
   -0.277674834435147D-01    0.196320720480049D-01
   -0.296554898596889D-01    0.233766193814796D-01
   -0.311531626388551D-01    0.272665802942627D-01
   -0.322337220649785D-01    0.312306625841978D-01
   -0.328924905161550D-01    0.352279466298916D-01
   -0.331206099902405D-01    0.391725226233222D-01
   -0.329360783910205D-01    0.430266153755698D-01
   -0.323499985126081D-01    0.466935559325510D-01
   -0.313998697144961D-01    0.501416290549752D-01
   -0.301132995010070D-01    0.532706455268286D-01
   -0.285353834270117D-01    0.560533268353000D-01
   -0.266979312505196D-01    0.583948647675313D-01
   -0.246307018337468D-01    0.602632449946531D-01
   -0.223461092476606D-01    0.615765676062900D-01
   -0.198235539071203D-01    0.622810005267366D-01
   -0.170213948026252D-01    0.623109371276901D-01
   -0.138217888158987D-01    0.615707577864855D-01
   -0.100911286693485D-01    0.600118605815485D-01
   -0.556085765808022D-02    0.574884249052676D-01
    0.525941121560360D-05    0.539799001729481D-01
    0.705637962326082D-02    0.493240514713930D-01
    0.158226769020604D-01    0.435832254992661D-01
    0.268222646621100D-01    0.367080434668425D-01
    0.398420396395575D-01    0.289857236144605D-01
    0.548996672311443D-01    0.207402578996606D-01
    0.703319536963272D-01    0.126516697130983D-01
    0.842717721470693D-01    0.561286347981549D-02
    0.925577736552309D-01    0.478290243639981D-03
    0.906425872976638D-01   -0.200986447739956D-02
    0.740577984307245D-01   -0.212210701167684D-02
    0.420641398593280D-01   -0.868772130116542D-03
    0.000000000000000D+00    0.000000000000000D+00
    0.000000000000000D+00    0.000000000000000D+00
   -0.403480926715062D-02    0.329095638681397D-03
   -0.805342512747466D-02    0.125544512966344D-02
   -0.119999029903757D-01    0.270183720574561D-02
   -0.158300923683543D-01    0.459621778135535D-02
   -0.194868734422831D-01    0.688945645307509D-02
   -0.229203308144435D-01    0.953101187493282D-02
   -0.260763367175867D-01    0.124802650029515D-01
   -0.289054033237261D-01    0.156887792619500D-01
   -0.313620824953298D-01    0.191158903287969D-01
   -0.334035384167332D-01    0.227054238037309D-01
   -0.349992359528400D-01    0.264129500163225D-01
   -0.361194994952592D-01    0.301695424566247D-01
   -0.367551716230005D-01    0.339280488999284D-01
   -0.368955805536503D-01    0.376064849168838D-01
   -0.365567803377655D-01    0.411588808112578D-01
   -0.357496547267868D-01    0.444939747931423D-01
   -0.345130018608560D-01    0.475712237370595D-01
   -0.328750458606969D-01    0.502967886380201D-01
   -0.308847014230214D-01    0.526367713951968D-01
   -0.285732652680975D-01    0.545023316789687D-01
   -0.259744463208941D-01    0.558612303217180D-01
   -0.230966216201787D-01    0.566352430666891D-01
   -0.199202989501855D-01    0.567820133231342D-01
   -0.163949621234808D-01    0.562358327195640D-01
   -0.124017583763967D-01    0.549311111206190D-01
   -0.779455190914334D-02    0.528159784609185D-01
   -0.231703019362309D-02    0.498029764345128D-01
    0.428040236230447D-02    0.458689348724265D-01
    0.123692707552998D-01    0.409504323409823D-01
    0.221981796674635D-01    0.351111985911325D-01
    0.340286282571920D-01    0.284403687284158D-01
    0.477070902087597D-01    0.212203564705753D-01
    0.626984531488574D-01    0.138827829213044D-01
    0.775414947497794D-01    0.706073930673758D-02
    0.897672703552063D-01    0.151846568356223D-02
    0.956818646115719D-01   -0.200044118966180D-02
    0.912136631090614D-01   -0.323923550402904D-02
    0.724282354331179D-01   -0.247801115761485D-02
    0.404748958682675D-01   -0.880561063009716D-03
    0.000000000000000D+00    0.000000000000000D+00
    0.000000000000000D+00    0.000000000000000D+00
   -0.467080050962033D-02    0.316568138196214D-03
   -0.922977749454685D-02    0.120167132280853D-02
   -0.136478667320186D-01    0.258544976248152D-02
   -0.178883975655104D-01    0.439135805589266D-02
   -0.219073302081680D-01    0.657432456888044D-02
   -0.256556083808438D-01    0.907931722532751D-02
   -0.290836377601598D-01    0.118686242274956D-01
   -0.321383877285676D-01    0.148894996568405D-01
   -0.347740463795084D-01    0.181045309219229D-01
   -0.369418328337505D-01    0.214526379109981D-01
   -0.386090326906784D-01    0.248939507676798D-01
   -0.397397765840207D-01    0.283525108451178D-01
   -0.403231678170301D-01    0.317880681187106D-01
   -0.403441436147859D-01    0.351085269097242D-01
   -0.398187027710743D-01    0.382779485199978D-01
   -0.387569104681929D-01    0.411924189064274D-01
   -0.371989203759808D-01    0.438244936473741D-01
   -0.351766787398291D-01    0.460680780530170D-01
   -0.327397778474655D-01    0.479037344265328D-01
   -0.299274096350034D-01    0.492363393971612D-01
   -0.267698760855507D-01    0.500459079208699D-01
   -0.232861211293212D-01    0.502613799408717D-01
   -0.194461555433127D-01    0.498461878215334D-01
   -0.152124662118779D-01    0.487629919442220D-01
   -0.104485748724304D-01    0.469433485949480D-01
   -0.503154249220329D-02    0.443913232274163D-01
    0.131498524670039D-02    0.410105774002817D-01
    0.877867514703883D-02    0.368647800191843D-01
    0.177464377799172D-01    0.318813359848055D-01
    0.283039754646846D-01    0.262355260618613D-01
    0.407284858109790D-01    0.200040071737117D-01
    0.545330776148583D-01    0.135653986162404D-01
    0.692533634290467D-01    0.730730615337702D-02
    0.830165637701562D-01    0.183126575066372D-02
    0.936178401398496D-01   -0.220372778713470D-02
    0.974314681187614D-01   -0.433082900205349D-02
    0.908613060862995D-01   -0.436284456577773D-02
    0.711246342501392D-01   -0.288531610200672D-02
    0.390298408908622D-01   -0.959251003480461D-03
    0.000000000000000D+00    0.000000000000000D+00
    0.000000000000000D+00    0.000000000000000D+00
   -0.526321639252045D-02    0.292019458328582D-03
   -0.103348482249477D-01    0.111284282353625D-02
   -0.151924414379792D-01    0.239373767292071D-02
   -0.198180975200835D-01    0.406408830258010D-02
   -0.241695558372951D-01    0.607788321554930D-02
   -0.282069196699890D-01    0.838426620930385D-02
   -0.318779627442074D-01    0.109433847660563D-01
   -0.351319821909750D-01    0.137063308139439D-01
   -0.379176623775761D-01    0.166323740435074D-01
   -0.401848181724174D-01    0.196653827945129D-01
   -0.418943036053871D-01    0.227601023923422D-01
   -0.430078299864001D-01    0.258474501428889D-01
   -0.435092049577093D-01    0.288789177211482D-01
   -0.433821336119953D-01    0.317720241254017D-01
   -0.426403986432589D-01    0.344798468412429D-01
   -0.412952340033067D-01    0.369112636009994D-01
   -0.393888952339356D-01    0.390271018464040D-01
   -0.369565754363701D-01    0.407368794550975D-01
   -0.340541414056209D-01    0.420129035642767D-01
   -0.307240299114159D-01    0.427768191612379D-01
   -0.270053645395980D-01    0.430099620798321D-01
   -0.229172314750646D-01    0.426562062965480D-01
   -0.184396289348503D-01    0.416968010804374D-01
   -0.135297182702822D-01    0.401040189211477D-01
   -0.806619893366771D-02    0.378501612693769D-01
   -0.191526938087053D-02    0.349410404214387D-01
    0.515950192637225D-02    0.313484467903553D-01
    0.133618602281612D-01    0.271288220602247D-01
    0.229657290051431D-01    0.223030120524221D-01
    0.340878240828553D-01    0.170274401695562D-01
    0.467462405046107D-01    0.114733301335175D-01
    0.605402500302661D-01    0.597888596687255D-02
    0.745941114656843D-01    0.949881140653056D-03
    0.872539557233633D-01   -0.308634987644637D-02
    0.960704631520296D-01   -0.565017409722844D-02
    0.978003383232033D-01   -0.635641793022070D-02
    0.894739312584685D-01   -0.535501223136776D-02
    0.685873917233280D-01   -0.320378241954840D-02
    0.371918236331173D-01   -0.987802378298267D-03
    0.000000000000000D+00    0.000000000000000D+00
    0.000000000000000D+00    0.000000000000000D+00
   -0.580906478811345D-02    0.261686937307478D-03
   -0.113424816644910D-01    0.992711845655803D-03
   -0.166022640894050D-01    0.213766989908016D-02
   -0.215722345439810D-01    0.362567023746283D-02
   -0.262238201224752D-01    0.541981024419633D-02
   -0.305149576682399D-01    0.746743455549355D-02
   -0.343991359205297D-01    0.973575219103534D-02
   -0.378204405857663D-01    0.121728544933864D-01
   -0.407279941653983D-01    0.147449958855857D-01
   -0.430646649824198D-01    0.173912061761554D-01
   -0.447893553112955D-01    0.200747783795246D-01
   -0.458569501242247D-01    0.227185354748657D-01
   -0.462496335470186D-01    0.252857524720991D-01
   -0.459465722935810D-01    0.276815811312379D-01
   -0.449623517120261D-01    0.298755669133681D-01
   -0.433080941880791D-01    0.317605645818682D-01
   -0.410299048250110D-01    0.333190798316208D-01
   -0.381687120288053D-01    0.344444716058125D-01
   -0.347856399805501D-01    0.351344713287776D-01
   -0.309347664310801D-01    0.353013306982573D-01
   -0.266581268570666D-01    0.349514345618279D-01
   -0.219913773384610D-01    0.340352334480118D-01
   -0.169110347387420D-01    0.325526184156730D-01
   -0.113964928580758D-01    0.305070705045717D-01
   -0.531520495531240D-02    0.278775869935276D-01
    0.142984705311523D-02    0.247301793928963D-01
    0.909126402113390D-02    0.210286827416569D-01
    0.177955583110022D-01    0.169147684955074D-01
    0.278354906410182D-01    0.123854161617064D-01
    0.391669157690727D-01    0.768831232367353D-02
    0.518445812310851D-01    0.294835980614133D-02
    0.652061462241588D-01   -0.144667640727012D-02
    0.784880650529941D-01   -0.517298040244305D-02
    0.898175590995667D-01   -0.777612342364806D-02
    0.970147949219944D-01   -0.888182908220009D-02
    0.970798986207357D-01   -0.833393538282201D-02
    0.873583672021759D-01   -0.630667853037426D-02
    0.662688676416646D-01   -0.355633244357026D-02
    0.354376684240796D-01   -0.105507283984759D-02
    0.000000000000000D+00    0.000000000000000D+00
    0.000000000000000D+00    0.000000000000000D+00
   -0.627995795184264D-02    0.222299411856719D-03
   -0.122219666112199D-01    0.846913884168422D-03
   -0.178288950666998D-01    0.182300667435700D-02
   -0.231014870347644D-01    0.309221028214363D-02
   -0.280092134489496D-01    0.461888704924066D-02
   -0.325188919569751D-01    0.635945354660595D-02
   -0.365792175135064D-01    0.828048027825878D-02
   -0.401368862866509D-01    0.103380538060716D-01
   -0.431341477484725D-01    0.124957474040091D-01
   -0.455126865334148D-01    0.147014837972895D-01
   -0.472239156095185D-01    0.169128199421470D-01
   -0.482205299688935D-01    0.190639146426884D-01
   -0.484786425658537D-01    0.211082041548788D-01
   -0.479770301500494D-01    0.229660022478207D-01
   -0.467279458779861D-01    0.245929297661810D-01
   -0.447460223190309D-01    0.259016871181338D-01
   -0.420806431753070D-01    0.268591009568826D-01
   -0.387804946209081D-01    0.273827954166153D-01
   -0.349160888235646D-01    0.274584564345932D-01
   -0.305512969286841D-01    0.270248955926440D-01
   -0.257425159126204D-01    0.260880426280483D-01
   -0.205328202662716D-01    0.246229494889655D-01
   -0.149170876868872D-01    0.226490371278932D-01
   -0.887506553108404D-02    0.201867927031075D-01
   -0.230087699913874D-02    0.172601721099012D-01
    0.491207273617900D-02    0.139391382206335D-01
    0.129636987201528D-01    0.102565567546835D-01
    0.220025777559974D-01    0.634074924376654D-02
    0.322064757730876D-01    0.226837180079819D-02
    0.435772640538875D-01   -0.174746636700167D-02
    0.559567450575424D-01   -0.552635557044978D-02
    0.687864328590830D-01   -0.874034443359579D-02
    0.810440786322604D-01   -0.110990586803331D-01
    0.910652381661255D-01   -0.122276113442582D-01
    0.966530956910338D-01   -0.119308653132194D-01
    0.950957726632630D-01   -0.101122142055771D-01
    0.843579958682623D-01   -0.718301276780636D-02
    0.629597526973178D-01   -0.385803449855456D-02
    0.333467357490002D-01   -0.109907436598042D-02
    0.000000000000000D+00    0.000000000000000D+00
    0.000000000000000D+00    0.000000000000000D+00
   -0.667584388906548D-02    0.178549849815983D-03
   -0.129517366358125D-01    0.676945623257833D-03
   -0.188504529303088D-01    0.146129424576401D-02
   -0.243693276705779D-01    0.247650709876065D-02
   -0.294899168305706D-01    0.369962962226219D-02
   -0.341739464243971D-01    0.508807010022571D-02
   -0.383753005482129D-01    0.661874417092032D-02
   -0.420338409238319D-01    0.824666436067758D-02
   -0.450919115186994D-01    0.994559100333640D-02
   -0.474833506143037D-01    0.116595887005447D-01
   -0.491571472467003D-01    0.133583032221477D-01
   -0.500586560660871D-01    0.149676828182690D-01
   -0.501621510544642D-01    0.164572465995465D-01
   -0.494417640866583D-01    0.177333385911836D-01
   -0.479116242008209D-01    0.187735919991757D-01
   -0.455868533050867D-01    0.194711928211003D-01
   -0.425243713310607D-01    0.198219594359038D-01
   -0.387803192054679D-01    0.197220114123522D-01
   -0.344376190061497D-01    0.191918663562501D-01
   -0.295749173006421D-01    0.181546819133880D-01
   -0.242616418347103D-01    0.166525596826247D-01
   -0.185619918086210D-01    0.146617266077884D-01
   -0.124781542114358D-01    0.122313477096766D-01
   -0.601765324392420D-02    0.941006980878786D-02
    0.928886533568349D-03    0.623612560019538D-02
    0.842654220347644D-02    0.283804436520336D-02
    0.166909750039204D-01   -0.760001616280066D-03
    0.257963503499557D-01   -0.434978388635447D-02
    0.359504259617511D-01   -0.789167075573823D-02
    0.470234566554345D-01   -0.110977065033887D-01
    0.589181933040871D-01   -0.138574298082623D-01
    0.709021290081648D-01   -0.158201840835250D-01
    0.820886321008961D-01   -0.167963770887688D-01
    0.907420240731130D-01   -0.164961167901062D-01
    0.949047641178294D-01   -0.148190048135322D-01
    0.921829510166502D-01   -0.118590957523771D-01
    0.807250592177489D-01   -0.802194325067852D-02
    0.597688452416333D-01   -0.417601636604639D-02
    0.313169038036872D-01   -0.115629848913042D-02
    0.000000000000000D+00    0.000000000000000D+00
    0.000000000000000D+00    0.000000000000000D+00
   -0.697496008498845D-02    0.129149697400362D-03
   -0.135123506810351D-01    0.491834504811374D-03
   -0.196310908267569D-01    0.106135952887542D-02
   -0.253418824153897D-01    0.179930512020637D-02
   -0.306210458826921D-01    0.268604990821486D-02
   -0.354373437452714D-01    0.369151507608588D-02
   -0.397379225857719D-01    0.479376607189789D-02
   -0.434643909651316D-01    0.595907231462581D-02
   -0.465509793782852D-01    0.715979953107809D-02
   -0.489298429899175D-01    0.835229208067966D-02
   -0.505414352756786D-01    0.950094758245576D-02
   -0.513287511661444D-01    0.105470576603830D-01
   -0.512589802022005D-01    0.114494181910105D-01
   -0.503066515958104D-01    0.121345617138554D-01
   -0.484828456372408D-01    0.125632472011686D-01
   -0.458091195832024D-01    0.126548458210833D-01
   -0.423458634899961D-01    0.123841107925968D-01
   -0.381632227976131D-01    0.116791544733021D-01
   -0.333552678951216D-01    0.105411985483076D-01
   -0.280202459288177D-01    0.892873551860444D-02
   -0.222455054854898D-01    0.687606715705224D-02
   -0.161144538562782D-01    0.439287078708232D-02
   -0.965227975454230D-02    0.154248481443798D-02
   -0.287719097872441D-02   -0.160222086342372D-02
    0.429010246306956D-02   -0.496112822194455D-02
    0.119197282322323D-01   -0.839843052518375D-02
    0.201781655552334D-01   -0.118254577532651D-01
    0.291662025265901D-01   -0.150498321805072D-01
    0.390006877394787D-01   -0.179657130948650D-01
    0.496103696759630D-01   -0.203277603731737D-01
    0.607555730257102D-01   -0.219963012741088D-01
    0.718164491292281D-01   -0.226887740187706D-01
    0.817840445368286D-01   -0.222733800897338D-01
    0.891080107446803D-01   -0.205384121825097D-01
    0.919511779825300D-01   -0.175474662965538D-01
    0.881211636409022D-01   -0.134390026249367D-01
    0.763194126933400D-01   -0.879851003193378D-02
    0.557695812478395D-01   -0.444533316583256D-02
    0.289780419830325D-01   -0.120044486092243D-02
    0.000000000000000D+00    0.000000000000000D+00
    0.000000000000000D+00    0.000000000000000D+00
   -0.717964618491526D-02    0.770175468411448D-04
   -0.138883199685739D-01    0.291202563533783D-03
   -0.201591967337064D-01    0.634249435753198D-03
   -0.259955163596364D-01    0.107379314635974D-02
   -0.313826604268973D-01    0.160476322064855D-02
   -0.362819929004759D-01    0.220064996164800D-02
   -0.406441488938846D-01    0.285188040295013D-02
   -0.444027238523797D-01    0.352593115966666D-02
   -0.474908797757822D-01    0.420761163007422D-02
   -0.498323253464123D-01    0.485126580272763D-02
   -0.513640196231136D-01    0.543608475578508D-02
   -0.520211423680848D-01    0.589626096850719D-02
   -0.517683101463130D-01    0.620997848433602D-02
   -0.505748737284943D-01    0.628939327099238D-02
   -0.484545508014945D-01    0.612137171774665D-02
   -0.454288979305393D-01    0.560274774147321D-02
   -0.415700009056656D-01    0.474248569971537D-02
   -0.369552999457789D-01    0.344067028446017D-02
   -0.317005754565279D-01    0.174015514100777D-02
   -0.259192236224465D-01   -0.426033336108471D-03
   -0.197261192600320D-01   -0.297887445797419D-02
   -0.132264146541108D-01   -0.591869487443472D-02
   -0.646933302983579D-02   -0.914309641705004D-02
    0.499721638557846D-03   -0.125606736099724D-01
    0.775036986532277D-02   -0.160695628494079D-01
    0.153168702892498D-01   -0.194818216589140D-01
    0.233784331272456D-01   -0.227158082897938D-01
    0.319803931921207D-01   -0.255042769847490D-01
    0.412808193653297D-01   -0.277857221212913D-01
    0.511237866616786D-01   -0.292479056587300D-01
    0.613520878010654D-01   -0.298346754076699D-01
    0.712609196110496D-01   -0.292511867179246D-01
    0.799881446341918D-01   -0.274741947268624D-01
    0.860207006189368D-01   -0.243769150982783D-01
    0.877212790068533D-01   -0.201046812104600D-01
    0.832348821399305D-01   -0.149658532945021D-01
    0.713468536684029D-01   -0.951393038411760D-02
    0.518173585101181D-01   -0.471683580382911D-02
    0.267131653710116D-01   -0.123922762162420D-02
    0.000000000000000D+00    0.000000000000000D+00
    0.000000000000000D+00    0.000000000000000D+00
   -0.727622714412337D-02    0.228519623018286D-04
   -0.140723728654933D-01    0.863965901607287D-04
   -0.204143080827382D-01    0.191279941469892D-03
   -0.263141525129035D-01    0.323617423324296D-03
   -0.317496335556459D-01    0.483324208886600D-03
   -0.366863408925987D-01    0.658132273476782D-03
   -0.410669135156710D-01    0.841423311704612D-03
   -0.448251023576652D-01    0.101391575493419D-02
   -0.478852657275960D-01    0.116084608954052D-02
   -0.501684179150214D-01    0.125128772676949D-02
   -0.516022145010929D-01    0.126068031471014D-02
   -0.521188170998472D-01    0.114177787915034D-02
   -0.516744612070472D-01    0.862358405271273D-03
   -0.502391345692586D-01    0.358942721867149D-03
   -0.478216099214585D-01   -0.400716669256028D-03
   -0.444525097405709D-01   -0.148835893293707D-02
   -0.402053036790459D-01   -0.292234830937083D-02
   -0.351784684411746D-01   -0.476426628506174D-02
   -0.294973669185781D-01   -0.700142639624475D-02
   -0.233077324864069D-01   -0.965808994572342D-02
   -0.167416898021924D-01   -0.126772126220898D-01
   -0.994106336191318D-02   -0.160175787697591D-01
   -0.297725558858205D-02   -0.195768752419452D-01
    0.407564731246064D-02   -0.232315714386859D-01
    0.112619597149821D-01   -0.268489055421683D-01
    0.186088989732786D-01   -0.302273719501830D-01
    0.262631009553312D-01   -0.332284533147583D-01
    0.342952813638837D-01   -0.355974990562512D-01
    0.428138342728481D-01   -0.372149397293432D-01
    0.517296645079604D-01   -0.378113090800083D-01
    0.608235055199539D-01   -0.373124108551351D-01
    0.695084618965463D-01   -0.354924034466551D-01
    0.769150585240059D-01   -0.323921344668978D-01
    0.816928089732200D-01   -0.279591789206251D-01
    0.824039890887676D-01   -0.224878630396006D-01
    0.773263669831823D-01   -0.163197104482996D-01
    0.657073953687682D-01   -0.101629875806721D-01
    0.472187424001900D-01   -0.492619313744395D-02
    0.241651495467718D-01   -0.127396440529014D-02
    0.000000000000000D+00    0.000000000000000D+00
    0.000000000000000D+00    0.000000000000000D+00
   -0.726890420112980D-02   -0.323036595072668D-04
   -0.140559748784625D-01   -0.124368370289817D-03
   -0.203951933903792D-01   -0.257722880443227D-03
   -0.262883976928638D-01   -0.438307853098402D-03
   -0.317185512533461D-01   -0.651626006585780D-03
   -0.366425042403601D-01   -0.904290538226825D-03
   -0.410040882277334D-01   -0.119005721054432D-02
   -0.447286870315632D-01   -0.152463270100651D-02
   -0.477381046758789D-01   -0.190928570593684D-02
   -0.499449213004740D-01   -0.237429706278575D-02
   -0.512719446203949D-01   -0.292776639065317D-02
   -0.516432137419109D-01   -0.362143348811920D-02
   -0.510110537748455D-01   -0.446597977318185D-02
   -0.493391012528696D-01   -0.553772185427327D-02
   -0.466384632911523D-01   -0.684039334858068D-02
   -0.429374587982420D-01   -0.846962637919796D-02
   -0.383243965397720D-01   -0.104070097558116D-01
   -0.329017370268238D-01   -0.127485190189095D-01
   -0.268262321009246D-01   -0.154367919230615D-01
   -0.202548058272171D-01   -0.185339966956119D-01
   -0.133650831184701D-01   -0.219341644516422D-01
   -0.631597260802139D-02   -0.256230355616191D-01
    0.772906664547495D-03   -0.294533466705390D-01
    0.780746693874055D-02   -0.332999643565223D-01
    0.147989905110639D-01   -0.370013975281382D-01
    0.217534127565243D-01   -0.403152714180455D-01
    0.288176585706062D-01   -0.431049388240779D-01
    0.360375636481377D-01   -0.450439217408285D-01
    0.435678987282183D-01   -0.460563686267629D-01
    0.512923462290559D-01   -0.458036940645779D-01
    0.590920544302343D-01   -0.442979926755115D-01
    0.663808430719721D-01   -0.412976160486795D-01
    0.724450987385345D-01   -0.369512111742425D-01
    0.760515311705025D-01   -0.312864996938711D-01
    0.759293745158137D-01   -0.246643787847015D-01
    0.706822331340763D-01   -0.175941511976305D-01
    0.595683495475631D-01   -0.107236583099168D-01
    0.426279265800045D-01   -0.513154071690839D-02
    0.217348080964142D-01   -0.128725747480771D-02
    0.000000000000000D+00    0.000000000000000D+00
    0.000000000000000D+00    0.000000000000000D+00
   -0.715301856955918D-02   -0.858129111194184D-04
   -0.138443427157306D-01   -0.328346622005763D-03
   -0.200984082379816D-01   -0.699416748359741D-03
   -0.259209964352159D-01   -0.118688528926674D-02
   -0.312860732413776D-01   -0.177031111627948D-02
   -0.361514875215961D-01   -0.244220776001866D-02
   -0.404528718391337D-01   -0.319183172245313D-02
   -0.441139824441015D-01   -0.402120993446669D-02
   -0.470481493290198D-01   -0.492896503096719D-02
   -0.491641300746122D-01   -0.592945785922953D-02
   -0.503754454553392D-01   -0.703182521740743D-02
   -0.506020184239496D-01   -0.826715785734691D-02
   -0.497866139349400D-01   -0.965422110522581D-02
   -0.478925911721508D-01   -0.112420407115410D-01
   -0.449230750361946D-01   -0.130534162982195D-01
   -0.409162418366430D-01   -0.151489895280553D-01
   -0.359568056609274D-01   -0.175426478244975D-01
   -0.301737439622167D-01   -0.202880039341588D-01
   -0.237271762555091D-01   -0.233703216134897D-01
   -0.168197771129527D-01   -0.268044873153223D-01
   -0.964008880053555D-02   -0.305266417091133D-01
   -0.240603123843537D-02   -0.344755373659216D-01
    0.474708855092029D-02   -0.385278784916601D-01
    0.116691584326172D-01   -0.425196461548407D-01
    0.183564482960270D-01   -0.462790458858179D-01
    0.247839302764335D-01   -0.495418433132354D-01
    0.310889933329825D-01   -0.521256561077636D-01
    0.373314258993258D-01   -0.537078651930025D-01
    0.436647972674204D-01   -0.541546226945279D-01
    0.500438037022403D-01   -0.531624293949690D-01
    0.563692641045585D-01   -0.507191549483016D-01
    0.621808415389781D-01   -0.466452889752913D-01
    0.668547081202669D-01   -0.411450680250222D-01
    0.693085703057915D-01   -0.343129760696248D-01
    0.685147555087128D-01   -0.266482860917746D-01
    0.631648801136469D-01   -0.186825203870239D-01
    0.528753963826546D-01   -0.112195396827858D-01
    0.375504629893407D-01   -0.526195276334223D-02
    0.190431839710687D-01   -0.130586000559753D-02
    0.000000000000000D+00    0.000000000000000D+00
    0.000000000000000D+00    0.000000000000000D+00
   -0.693412017444509D-02   -0.138526284566265D-03
   -0.134363148129271D-01   -0.528290692105803D-03
   -0.195327259417451D-01   -0.112574549358559D-02
   -0.252172305755626D-01   -0.190996822451177D-02
   -0.304648844641926D-01   -0.284781500053862D-02
   -0.352246354003265D-01   -0.392486557656368D-02
   -0.394310234667039D-01   -0.511866127128116D-02
   -0.430002444592974D-01   -0.642555905260117D-02
   -0.458419227880921D-01   -0.783098009367820D-02
   -0.478574111912278D-01   -0.934545517806334D-02
   -0.489543247809231D-01   -0.109611301231375D-01
   -0.490447316749063D-01   -0.127093591844084D-01
   -0.480657383152957D-01   -0.145863901838683D-01
   -0.459728233493128D-01   -0.166497232357398D-01
   -0.427693410544369D-01   -0.188929057485416D-01
   -0.384870464664331D-01   -0.213981981211064D-01
   -0.332253434118505D-01   -0.241430778267857D-01
   -0.271103755189033D-01   -0.272187692141168D-01
   -0.203398782001505D-01   -0.305676971339885D-01
   -0.131188751932318D-01   -0.342545829832464D-01
   -0.569876756662621D-02   -0.381692567897551D-01
    0.169540111637347D-02   -0.422983561797876D-01
    0.885038188380165D-02   -0.464749088373038D-01
    0.156078452616460D-01   -0.505578249433561D-01
    0.218952462177465D-01   -0.543447852868702D-01
    0.276844783257663D-01   -0.575483610275261D-01
    0.330847792514239D-01   -0.599826632354768D-01
    0.381661185871312D-01   -0.612553513655238D-01
    0.431198814590187D-01   -0.612674147165434D-01
    0.479351316259502D-01   -0.596319905884761D-01
    0.526266672905272D-01   -0.564141358994084D-01
    0.568168709540467D-01   -0.513979842858601D-01
    0.600536979789486D-01   -0.448839374327938D-01
    0.614365101651594D-01   -0.370365786622500D-01
    0.600896070850061D-01   -0.284001583370779D-01
    0.550038067728066D-01   -0.196883469236760D-01
    0.457587006355754D-01   -0.116143167129339D-01
    0.324595683343453D-01   -0.539456303628437D-02
    0.165357739985699D-01   -0.129048147064521D-02
    0.000000000000000D+00    0.000000000000000D+00
    0.000000000000000D+00    0.000000000000000D+00
   -0.661705613783123D-02   -0.185993296451628D-03
   -0.128493841062437D-01   -0.710906724325036D-03
   -0.187122964118099D-01   -0.152189752979849D-02
   -0.241984990183238D-01   -0.258245533909878D-02
   -0.292738433547276D-01   -0.385355244581310D-02
   -0.338851688537212D-01   -0.530873974360933D-02
   -0.379599065354280D-01   -0.692013825219838D-02
   -0.414113013529743D-01   -0.867168495019705D-02
   -0.441422705758505D-01   -0.105438609407509D-01
   -0.460497294258180D-01   -0.125315955810966D-01
   -0.470334643444725D-01   -0.146241909495036D-01
   -0.470002597943710D-01   -0.168317410008607D-01
   -0.458775167181765D-01   -0.191535597810046D-01
   -0.436179653976130D-01   -0.216186367718054D-01
   -0.402138330340979D-01   -0.242351941291080D-01
   -0.357037969325428D-01   -0.270492765767865D-01
   -0.301766134184909D-01   -0.300704936848454D-01
   -0.237849629112841D-01   -0.333472403457141D-01
   -0.167193488568887D-01   -0.368732632036799D-01
   -0.923895126347540D-02   -0.406666929761711D-01
   -0.159398693536609D-02   -0.446805083215369D-01
    0.590976993841553D-02   -0.488554871377380D-01
    0.130547647904642D-01   -0.530802734921476D-01
    0.195919486474612D-01   -0.571741487334915D-01
    0.254453435593044D-01   -0.609576324585833D-01
    0.305166842227784D-01   -0.641163346997659D-01
    0.349259343139245D-01   -0.664375212075954D-01
    0.387297652082151D-01   -0.675220535540892D-01
    0.421620956032595D-01   -0.672071068691644D-01
    0.452785805347927D-01   -0.651242331955970D-01
    0.481893104853363D-01   -0.612885905269448D-01
    0.506558106310648D-01   -0.555280166167069D-01
    0.524010442168205D-01   -0.481673397790288D-01
    0.526886455632022D-01   -0.394230287732347D-01
    0.509127926684395D-01   -0.299653751969679D-01
    0.461408055509011D-01   -0.205164116579116D-01
    0.382007117274996D-01   -0.119720979804160D-01
    0.270351226863471D-01   -0.545386708172963D-02
    0.137758135095457D-01   -0.129584808391101D-02
    0.000000000000000D+00    0.000000000000000D+00
    0.000000000000000D+00    0.000000000000000D+00
   -0.620822902632954D-02   -0.230892088559121D-03
   -0.120898303410757D-01   -0.879526556151308D-03
   -0.176551421528757D-01   -0.188199236148806D-02
   -0.228843899830607D-01   -0.319341030608183D-02
   -0.277404339926456D-01   -0.476584289427686D-02
   -0.321623269744642D-01   -0.656579393404867D-02
   -0.360747382477297D-01   -0.855646663261026D-02
   -0.393855481604303D-01   -0.107148064016738D-01
   -0.419938916395209D-01   -0.130097780781518D-01
   -0.437917154675324D-01   -0.154293300093362D-01
   -0.446729718080230D-01   -0.179464783680501D-01
   -0.445380618239837D-01   -0.205660856738496D-01
   -0.433072743634151D-01   -0.232651805351289D-01
   -0.409244780333034D-01   -0.260735755420073D-01
   -0.373780867643343D-01   -0.289710293871844D-01
   -0.326955280052471D-01   -0.320171424618372D-01
   -0.269745853482522D-01   -0.351881588174162D-01
   -0.203558281266429D-01   -0.385657506631057D-01
   -0.130646544922199D-01   -0.421075404085375D-01
   -0.534986751363923D-02   -0.458867425538625D-01
    0.246760044414819D-02   -0.498212284289736D-01
    0.100881808094370D-01   -0.539187770432442D-01
    0.171906893541167D-01   -0.580379199304455D-01
    0.235299151827411D-01   -0.620511603449898D-01
    0.289173756246264D-01   -0.657606471889380D-01
    0.332661328075110D-01   -0.688572356249966D-01
    0.366177716296531D-01   -0.711270698307180D-01
    0.390682135003905D-01   -0.721082067529075D-01
    0.408550758399590D-01   -0.716632416335612D-01
    0.421236199290047D-01   -0.693131009225598D-01
    0.430980408517932D-01   -0.651297542657294D-01
    0.437042464000134D-01   -0.588593876851413D-01
    0.438601302350758D-01   -0.508894494666022D-01
    0.430782820690130D-01   -0.414777586368941D-01
    0.409222646615811D-01   -0.313080497417090D-01
    0.367333065544626D-01   -0.213041720129668D-01
    0.302888960330748D-01   -0.122459608841236D-01
    0.215633347621780D-01   -0.554054686213457D-02
    0.112690184592851D-01   -0.125738532604022D-02
    0.000000000000000D+00    0.000000000000000D+00
    0.000000000000000D+00    0.000000000000000D+00
   -0.572201576375675D-02   -0.267183757530787D-03
   -0.111865398055925D-01   -0.102114964501906D-02
   -0.163924003335457D-01   -0.219054296510393D-02
   -0.213135036855816D-01   -0.371931819843210D-02
   -0.259043795941863D-01   -0.555507341750718D-02
   -0.300995349222379D-01   -0.765617586186836D-02
   -0.338189375228013D-01   -0.998057347712490D-02
   -0.369673819646920D-01   -0.124956939273614D-01
   -0.394406521160772D-01   -0.151638494169574D-01
   -0.411270019845572D-01   -0.179593175271673D-01
   -0.419159565396691D-01   -0.208479472802879D-01
   -0.417022674663170D-01   -0.238145001344878D-01
   -0.403985606903583D-01   -0.268316244189170D-01
   -0.379423718691554D-01   -0.299015112005857D-01
   -0.343097750407474D-01   -0.330086188592757D-01
   -0.295273503610258D-01   -0.361779280205726D-01
   -0.236759209900931D-01   -0.394082040177684D-01
   -0.169126165900652D-01   -0.427422494273097D-01
   -0.944351473561676D-02   -0.461856588329983D-01
   -0.156592874897100D-02   -0.497728577364741D-01
    0.641616475855909D-02   -0.534961458372087D-01
    0.141132337170980D-01   -0.573294354184265D-01
    0.212144584465911D-01   -0.612172586726508D-01
    0.273524788132756D-01   -0.650063121620706D-01
    0.323439562848790D-01   -0.685655150136358D-01
    0.359817012205660D-01   -0.715689392767931D-01
    0.383241936025557D-01   -0.738108782848067D-01
    0.394055748633292D-01   -0.748196690433214D-01
    0.395247571513247D-01   -0.743964253748397D-01
    0.388682846151674D-01   -0.720598577156721D-01
    0.378075947172470D-01   -0.677830128723842D-01
    0.364280930151250D-01   -0.613244587632888D-01
    0.348998010143369D-01   -0.530240629788854D-01
    0.329455832315271D-01   -0.431544594774959D-01
    0.304397226991002D-01   -0.325002271248004D-01
    0.268241559188238D-01   -0.219636123191753D-01
    0.220344802260575D-01   -0.125593784096506D-01
    0.158849725578837D-01   -0.558745444897535D-02
    0.848028410789977D-02   -0.127062228808807D-02
    0.000000000000000D+00    0.000000000000000D+00
    0.000000000000000D+00    0.000000000000000D+00
   -0.516521929014428D-02   -0.299197057687520D-03
   -0.101530884281282D-01   -0.113930276712283D-02
   -0.149503216731993D-01   -0.244404111094128D-02
   -0.195186920301981D-01   -0.415084830793863D-02
   -0.238060684059362D-01   -0.620398880095555D-02
   -0.277415641789643D-01   -0.855614628743355D-02
   -0.312418698997112D-01   -0.111605845947340D-01
   -0.342100010170617D-01   -0.139777861714507D-01
   -0.365396039548002D-01   -0.169615207589882D-01
   -0.381179404744939D-01   -0.200769679891955D-01
   -0.388308055031784D-01   -0.232757383739333D-01
   -0.385698053864150D-01   -0.265318837545876D-01
   -0.372405644081672D-01   -0.297974240207572D-01
   -0.347726512489777D-01   -0.330653603687687D-01
   -0.311335638659761D-01   -0.362940137962413D-01
   -0.263353175462172D-01   -0.395073614136309D-01
   -0.204562903161575D-01   -0.426756475120805D-01
   -0.136326623524093D-01   -0.458588694761192D-01
   -0.608905719071261D-02   -0.490363929436705D-01
    0.190099108771409D-02   -0.522873185736929D-01
    0.997626270806499D-02   -0.555875407706931D-01
    0.177673275477404D-01   -0.589839116069374D-01
    0.248560987716551D-01   -0.624173391840767D-01
    0.308878526165820D-01   -0.658170092011623D-01
    0.355337987409273D-01   -0.690660273752206D-01
    0.385979918055076D-01   -0.718869071007344D-01
    0.399988916622107D-01   -0.740980164400745D-01
    0.398096352381448D-01   -0.751900316602587D-01
    0.382671448949448D-01   -0.750039060338622D-01
    0.356720119119041D-01   -0.729181433046326D-01
    0.324711672529308D-01   -0.689367429765752D-01
    0.289887736460781D-01   -0.626495615563951D-01
    0.256079993911260D-01   -0.544109340567521D-01
    0.223873968086526D-01   -0.444409834419773D-01
    0.194314056529519D-01   -0.334923862935749D-01
    0.164848089892356D-01   -0.226755965908831D-01
    0.134591644964966D-01   -0.128453815581032D-01
    0.100621773791359D-01   -0.571532953479709D-02
    0.599082057436502D-02   -0.123455052220027D-02
    0.000000000000000D+00    0.000000000000000D+00
    0.000000000000000D+00    0.000000000000000D+00
   -0.456126607150828D-02   -0.319657908588391D-03
   -0.902797400708248D-02   -0.122220352065055D-02
   -0.133750199110842D-01   -0.262747602537640D-02
   -0.175528297908330D-01   -0.446790075935399D-02
   -0.215028167875237D-01   -0.668627727507181D-02
   -0.251483595108100D-01   -0.923248625263252D-02
   -0.284049176457512D-01   -0.120562078622694D-01
   -0.311741334294089D-01   -0.151125564012550D-01
   -0.333508776733635D-01   -0.183484532392286D-01
   -0.348216557195770D-01   -0.217187788141524D-01
   -0.354730259705335D-01   -0.251648196025103D-01
   -0.351926945178067D-01   -0.286435931681040D-01
   -0.338834832605334D-01   -0.320949339574259D-01
   -0.314658143987224D-01   -0.354875174219790D-01
   -0.278976990695514D-01   -0.387702835961372D-01
   -0.231791766051386D-01   -0.419371335584950D-01
   -0.173702093865740D-01   -0.449603675996956D-01
   -0.106020637169882D-01   -0.478689127294847D-01
   -0.307233709405628D-02   -0.506675959844609D-01
    0.492457351216644D-02   -0.534107925314505D-01
    0.130577486490459D-01   -0.561345501263327D-01
    0.208894016414292D-01   -0.588764905827674D-01
    0.280257892639538D-01   -0.616705837775875D-01
    0.339881007787323D-01   -0.644555035561941D-01
    0.384567645601704D-01   -0.672212431031894D-01
    0.410739454556401D-01   -0.697125568700162D-01
    0.417626578206078D-01   -0.718151373305762D-01
    0.404605485657803D-01   -0.730352892248443D-01
    0.374427036486570D-01   -0.731916259488711D-01
    0.329802710426858D-01   -0.716560763074023D-01
    0.276717907386735D-01   -0.682853715124466D-01
    0.219948684514432D-01   -0.626282614018882D-01
    0.166451618752551D-01   -0.548868076024429D-01
    0.119329170889540D-01   -0.452075151445985D-01
    0.837109117933366D-02   -0.343443708434196D-01
    0.590804150922182D-02   -0.233358231387246D-01
    0.460049116766676D-02   -0.133096658501269D-01
    0.408215660130558D-02   -0.587657559007353D-02
    0.310088627415135D-02   -0.130605168498158D-02
    0.000000000000000D+00    0.000000000000000D+00
    0.000000000000000D+00    0.000000000000000D+00
   -0.391695931620383D-02   -0.334213535583737D-03
   -0.783183005914027D-02   -0.127310616694472D-02
   -0.116997218223533D-01   -0.273968848221351D-02
   -0.154603728235180D-01   -0.466318517421710D-02
   -0.190456745788277D-01   -0.699005689542335D-02
   -0.223772574258030D-01   -0.966740786120627D-02
   -0.253683329323229D-01   -0.126453116464672D-01
   -0.279233762984115D-01   -0.158738305006172D-01
   -0.299387640031316D-01   -0.192951839502730D-01
   -0.313050817898298D-01   -0.228553449087758D-01
   -0.319098164845770D-01   -0.264847322017471D-01
   -0.316425034108672D-01   -0.301264995618112D-01
   -0.304020338855972D-01   -0.337033510619195D-01
   -0.281046424451179D-01   -0.371655880835264D-01
   -0.246970603260117D-01   -0.404402968899585D-01
   -0.201655512650223D-01   -0.435022498136340D-01
   -0.145539255934817D-01   -0.463013243713984D-01
   -0.796841766753176D-02   -0.488555519862959D-01
   -0.596553240933829D-03   -0.511543646581801D-01
    0.730030850939542D-02   -0.532636704089556D-01
    0.153749589420611D-01   -0.552228114565604D-01
    0.232209569550909D-01   -0.571191471941891D-01
    0.303767572405926D-01   -0.590134412970513D-01
    0.363785050386530D-01   -0.609337750516857D-01
    0.407769584269245D-01   -0.629353744546061D-01
    0.432045098368206D-01   -0.648596725258631D-01
    0.434083161952962D-01   -0.666732734427189D-01
    0.413211839034394D-01   -0.679129765734900D-01
    0.370646930491948D-01   -0.685012450345735D-01
    0.309830146059046D-01   -0.676812022374840D-01
    0.236340209054901D-01   -0.653444314342927D-01
    0.157562738189979D-01   -0.607544962641409D-01
    0.821061390932633D-02   -0.541104678713645D-01
    0.178575955740985D-02   -0.453072102689613D-01
   -0.273918261379831D-02   -0.349253148367194D-01
   -0.490784495974398D-02   -0.241321817740307D-01
   -0.456296673422374D-02   -0.138276665482420D-01
   -0.223443840022065D-02   -0.618477512316483D-02
    0.511858403257868D-03   -0.129637657788209D-02
    0.000000000000000D+00    0.000000000000000D+00
    0.000000000000000D+00    0.000000000000000D+00
   -0.326369346806089D-02   -0.334932416633900D-03
   -0.660976019802552D-02   -0.128267881995116D-02
   -0.998180915822158D-02   -0.276786342642160D-02
   -0.133038115158275D-01   -0.472233004645271D-02
   -0.165041424708711D-01   -0.709550975287034D-02
   -0.194994118799699D-01   -0.983768908985631D-02
   -0.222055924151117D-01   -0.128986111788432D-01
   -0.245296921903633D-01   -0.162274752850559D-01
   -0.263740703926064D-01   -0.197618192685217D-01
   -0.276340050661768D-01   -0.234415300924842D-01
   -0.282035116890782D-01   -0.271868177763831D-01
   -0.279732003150879D-01   -0.309286331174743D-01
   -0.268459998179991D-01   -0.345731263476899D-01
   -0.247298883199588D-01   -0.380522170325015D-01
   -0.215694549443984D-01   -0.412708048646973D-01
   -0.173297613310558D-01   -0.441810888184117D-01
   -0.120425537608534D-01   -0.467092621762983D-01
   -0.578252171538665D-02   -0.488524119152144D-01
    0.128646223327669D-02   -0.505850152388170D-01
    0.893055328694052D-02   -0.519647689476315D-01
    0.168341647722925D-01   -0.530401252918963D-01
    0.245885619581859D-01   -0.539191523209102D-01
    0.317613083029703D-01   -0.547132243455571D-01
    0.378226106623109D-01   -0.555090422453130D-01
    0.423312458120504D-01   -0.564648513547450D-01
    0.447700000596692D-01   -0.575214257434190D-01
    0.448651077185773D-01   -0.587609947056470D-01
    0.423583482923906D-01   -0.598273131338971D-01
    0.373323580584215D-01   -0.607085769389763D-01
    0.299911294759389D-01   -0.607090479825064D-01
    0.209363571871785D-01   -0.596013854050993D-01
    0.109682977519559D-01   -0.565777607037681D-01
    0.120772929099190D-02   -0.515821803170600D-01
   -0.728586057703896D-02   -0.443087628739011D-01
   -0.131752023557842D-01   -0.350630024265026D-01
   -0.155415422137789D-01   -0.247696795153032D-01
   -0.138797064296330D-01   -0.146304345267724D-01
   -0.866242759983200D-02   -0.662110410369973D-02
   -0.266519122271282D-02   -0.149658190513647D-02
    0.000000000000000D+00    0.000000000000000D+00
    0.000000000000000D+00    0.000000000000000D+00
   -0.260783579978344D-02   -0.328329192125434D-03
   -0.538916312376375D-02   -0.125330925703737D-02
   -0.825988508067146D-02   -0.271315995544173D-02
   -0.111367925615021D-01   -0.464099730231086D-02
   -0.139374057845146D-01   -0.699746501086185D-02
   -0.165814748212434D-01   -0.973411572652861D-02
   -0.189855105574781D-01   -0.128058049261270D-01
   -0.210641529541776D-01   -0.161604762303345D-01
   -0.227265541160414D-01   -0.197347117226552D-01
   -0.238769885182370D-01   -0.234630414629067D-01
   -0.244171742295996D-01   -0.272590593829329D-01
   -0.242451184612794D-01   -0.310417096776443D-01
   -0.232663362055201D-01   -0.347055741162091D-01
   -0.213909317611906D-01   -0.381609220079661D-01
   -0.185545463220146D-01   -0.412978225168517D-01
   -0.147147147330550D-01   -0.440352811901424D-01
   -0.987807728078352D-02   -0.462854752111214D-01
   -0.409875823908118D-02   -0.480029714053186D-01
    0.249930236187032D-02   -0.491578583818853D-01
    0.971469418298271D-02   -0.497671567599877D-01
    0.172738002556827D-01   -0.498966354135233D-01
    0.248021723880005D-01   -0.496389418176874D-01
    0.318856000986059D-01   -0.491566529682632D-01
    0.380073659105880D-01   -0.485750449617463D-01
    0.426894647676430D-01   -0.481631074119285D-01
    0.453810975008850D-01   -0.479717349471279D-01
    0.456871136169504D-01   -0.482170233375092D-01
    0.432592296358352D-01   -0.486841014033064D-01
    0.380038211325623D-01   -0.495731337013120D-01
    0.300222952577626D-01   -0.501982413745493D-01
    0.197399790853069D-01   -0.504506955411288D-01
    0.805289589100722D-02   -0.492441103907426D-01
   -0.393476484551788D-02   -0.466317060659434D-01
   -0.146326099975479D-01   -0.416823438266986D-01
   -0.225057005792408D-01   -0.343791103043401D-01
   -0.257591865789720D-01   -0.252722914439152D-01
   -0.234470933368979D-01   -0.153494347909569D-01
   -0.157662286857392D-01   -0.725106940420379D-02
   -0.569014829006839D-02   -0.149376867884207D-02
    0.000000000000000D+00    0.000000000000000D+00
    0.000000000000000D+00    0.000000000000000D+00
   -0.198710016646898D-02   -0.306669540194032D-03
   -0.421707533752951D-02   -0.118016566163213D-02
   -0.659671394878489D-02   -0.256777988468934D-02
   -0.902472799769395D-02   -0.441399339668770D-02
   -0.114194557307503D-01   -0.668742917574444D-02
   -0.136990627554752D-01   -0.934801741537796D-02
   -0.157865424009838D-01   -0.123545448032153D-01
   -0.176049115813196D-01   -0.156574697089964D-01
   -0.190726914219830D-01   -0.191934412145266D-01
   -0.201060005398475D-01   -0.228948453398579D-01
   -0.206172821047286D-01   -0.266700213776356D-01
   -0.205135418318940D-01   -0.304316757513332D-01
   -0.197105062142424D-01   -0.340608427428974D-01
   -0.181166799904576D-01   -0.374579214676373D-01
   -0.156745724722698D-01   -0.404871239888914D-01
   -0.123203762001643D-01   -0.430555638519340D-01
   -0.806088652244245D-02   -0.450337811301977D-01
   -0.290153739101988D-02   -0.463674897488194D-01
    0.304220094507073D-02   -0.469698528810603D-01
    0.964526559354923D-02   -0.468642866594676D-01
    0.166492445979098D-01   -0.460516311190532D-01
    0.237691005845104D-01   -0.446656249706784D-01
    0.306032025741592D-01   -0.428211726382571D-01
    0.366957095127197D-01   -0.407429942906586D-01
    0.415596152929122D-01   -0.386965904717492D-01
    0.446329383469544D-01   -0.369229929632810D-01
    0.454685129220250D-01   -0.357037866367294D-01
    0.435896596550256D-01   -0.350730779281438D-01
    0.387825816318561D-01   -0.353796098047249D-01
    0.308956296387874D-01   -0.361878978892925D-01
    0.202435150624736D-01   -0.374632696427463D-01
    0.749331437890396D-02   -0.381494888046672D-01
   -0.619049647803419D-02   -0.381749895560714D-01
   -0.191866397223869D-01   -0.362788375063968D-01
   -0.293225768966512D-01   -0.318981635127874D-01
   -0.343490080635410D-01   -0.248897963849153D-01
   -0.321687952239296D-01   -0.162607700630310D-01
   -0.227737421427618D-01   -0.815193948733586D-02
   -0.988841713919580D-02   -0.202388966442471D-02
    0.000000000000000D+00    0.000000000000000D+00
    0.000000000000000D+00    0.000000000000000D+00
   -0.140651650413815D-02   -0.276494921223171D-03
   -0.312649520564150D-02   -0.106403933963258D-02
   -0.503335689480185D-02   -0.233582900701556D-02
   -0.702613020885121D-02   -0.404254017118308D-02
   -0.901389647843742D-02   -0.617020674294763D-02
   -0.109239470576180D-01   -0.868421999595879D-02
   -0.126843686854710D-01   -0.115508366428858D-01
   -0.142294127765634D-01   -0.147244327672028D-01
   -0.154902236901406D-01   -0.181428084161401D-01
   -0.163947365433565D-01   -0.217401278018277D-01
   -0.168702659449681D-01   -0.254221603781199D-01
   -0.168351240941396D-01   -0.290981112502494D-01
   -0.162161250342427D-01   -0.326444296509913D-01
   -0.149303806137391D-01   -0.359470874666813D-01
   -0.129194777016817D-01   -0.388653952473286D-01
   -0.101219088352408D-01   -0.412732146062726D-01
   -0.652138320110683D-02   -0.430393066379988D-01
   -0.211550493501677D-02   -0.440492009493323D-01
    0.303481498582084D-02   -0.442248295796322D-01
    0.882363278565959D-02   -0.435000218235735D-01
    0.150810408527771D-01   -0.419049286868382D-01
    0.215459604140991D-01   -0.394659112815928D-01
    0.279296446932848D-01   -0.363662644599851D-01
    0.337852325814948D-01   -0.327444364127142D-01
    0.387335158794014D-01   -0.289861711345988D-01
    0.421702082513216D-01   -0.253371335812419D-01
    0.437072335135667D-01   -0.222300688828272D-01
    0.427127066587539D-01   -0.198559218378969D-01
    0.389447741402341D-01   -0.188619745833356D-01
    0.319610024229421D-01   -0.190580137362565D-01
    0.218852457755479D-01   -0.206239723132543D-01
    0.907246731647064D-02   -0.226204511523129D-01
   -0.558434293192708D-02   -0.254245689615006D-01
   -0.204082438960179D-01   -0.270267077608987D-01
   -0.335646768708963D-01   -0.265783756731855D-01
   -0.412023671885342D-01   -0.228616446723163D-01
   -0.410775222729528D-01   -0.162833818020343D-01
   -0.306364375130797D-01   -0.920195265546280D-02
   -0.135811702366981D-01   -0.232163045121555D-02
    0.000000000000000D+00    0.000000000000000D+00
    0.000000000000000D+00    0.000000000000000D+00
   -0.906216928751156D-03   -0.232180479701427D-03
   -0.215849753256474D-02   -0.908531929990172D-03
   -0.362829494145051D-02   -0.201979186724370D-02
   -0.519968421839582D-02   -0.353655225199627D-02
   -0.678856389392539D-02   -0.545668514115761D-02
   -0.832787551769879D-02   -0.775587762571362D-02
   -0.975440358083264D-02   -0.104084605710618D-01
   -0.110175037533053D-01   -0.133716055128712D-01
   -0.120579671584063D-01   -0.165899394299792D-01
   -0.128223293956567D-01   -0.199977077964810D-01
   -0.132489951061907D-01   -0.235051969044204D-01
   -0.132737406694324D-01   -0.270212312527350D-01
   -0.128357728209497D-01   -0.304205534818917D-01
   -0.118615980082659D-01   -0.335893905783297D-01
   -0.103053322036719D-01   -0.363720274547901D-01
   -0.809583713752629D-02   -0.386443374039448D-01
   -0.522791959742009D-02   -0.402365173459480D-01
   -0.165571399164607D-02   -0.410410860511804D-01
    0.255038109843890D-02   -0.409059025567284D-01
    0.737778644347186D-02   -0.397853267539527D-01
    0.126453828872293D-01   -0.375904422232964D-01
    0.182435758180818D-01   -0.343966945071828D-01
    0.238600080596908D-01   -0.302288923619066D-01
    0.292485016902014D-01   -0.253353862706883D-01
    0.339798890713450D-01   -0.199142987439725D-01
    0.376671064777059D-01   -0.144235690258084D-01
    0.398254351777229D-01   -0.917089996060916D-02
    0.399292912554290D-01   -0.467853960643642D-02
    0.375652702331397D-01   -0.157094608688909D-02
    0.322159183248221D-01   -0.210148846293212D-03
    0.237131140938471D-01   -0.872880010429202D-03
    0.121164669524609D-01   -0.317292121202429D-02
   -0.217531318359915D-02   -0.762144126420257D-02
   -0.178344781426915D-01   -0.124347204855857D-01
   -0.330437997417573D-01   -0.165065917920365D-01
   -0.441216827109289D-01   -0.172934656401814D-01
   -0.471148549199142D-01   -0.149859546762332D-01
   -0.375431728712702D-01   -0.961655281184593D-02
   -0.198518127628375D-01   -0.309476603330145D-02
    0.000000000000000D+00    0.000000000000000D+00
    0.000000000000000D+00    0.000000000000000D+00
   -0.488958302389180D-03   -0.179485802264045D-03
   -0.134911917840456D-02   -0.713196381106952D-03
   -0.242036713530810D-02   -0.162992073770357D-02
   -0.360173546047543D-02   -0.290991138012296D-02
   -0.480658249079766D-02   -0.456960708052066D-02
   -0.598287242285567D-02   -0.659312094341797D-02
   -0.707855695287679D-02   -0.895943783006169D-02
   -0.805441796110073D-02   -0.116355991769107D-01
   -0.886864213288766D-02   -0.145661834861504D-01
   -0.947815201559936D-02   -0.176972651494398D-01
   -0.984134960585106D-02   -0.209388953932813D-01
   -0.990498440507822D-02   -0.242108771602443D-01
   -0.962662400310531D-02   -0.273898871569843D-01
   -0.894433811957183D-02   -0.303662100119035D-01
   -0.782170331622989D-02   -0.329900613158910D-01
   -0.619817941252500D-02   -0.351237377039231D-01
   -0.405769680260568D-02   -0.366103838898823D-01
   -0.136169206841212D-02   -0.372953323523814D-01
    0.186561507993602D-02   -0.370521102151754D-01
    0.560902558900190D-02   -0.357349659762183D-01
    0.978420609007141D-02   -0.333028085817781D-01
    0.142810918285158D-01   -0.296623216940535D-01
    0.189452041240679D-01   -0.249253675632514D-01
    0.235225788927638D-01   -0.191102082262558D-01
    0.277970784794152D-01   -0.125389595257109D-01
    0.313437238540462D-01   -0.542879233908884D-02
    0.339284630308193D-01    0.172885232858337D-02
    0.349084046980167D-01    0.853561954751515D-02
    0.341104123432823D-01    0.141044754482794D-01
    0.307101985788791D-01    0.178798711987486D-01
    0.247131334297164D-01    0.195004375210124D-01
    0.154449843662861D-01    0.185841649266947D-01
    0.328078725811908D-02    0.141046704672487D-01
   -0.115214339995803D-01    0.733901635874872D-02
   -0.277398141284676D-01   -0.695622642186051D-03
   -0.415246257337140D-01   -0.665107194393603D-02
   -0.493638563171904D-01   -0.110036325802583D-01
   -0.429459108017685D-01   -0.972382606349706D-02
   -0.243142476020937D-01   -0.298335781575828D-02
    0.000000000000000D+00    0.000000000000000D+00
    0.000000000000000D+00    0.000000000000000D+00
   -0.190237066503528D-03   -0.119139509026249D-03
   -0.721775070288588D-03   -0.497731197225953D-03
   -0.144873205992451D-02   -0.118952396463495D-02
   -0.227158635010286D-02   -0.219868426248144D-02
   -0.311651512371955D-02   -0.355358121249392D-02
   -0.394839088136478D-02   -0.524323991757505D-02
   -0.472240083984192D-02   -0.725802877550239D-02
   -0.541964437327530D-02   -0.956340649497078D-02
   -0.600393500838069D-02   -0.121187638877301D-01
   -0.645420558374290D-02   -0.148699414794297D-01
   -0.673550045823404D-02   -0.177442571099967D-01
   -0.681714843642480D-02   -0.206654060282617D-01
   -0.666546607627502D-02   -0.235264950525230D-01
   -0.623786113513125D-02   -0.262273365967921D-01
   -0.550883439239871D-02   -0.286268939890704D-01
   -0.442562634503457D-02   -0.306038991149531D-01
   -0.298514396036404D-02   -0.319905601648322D-01
   -0.113078602481441D-02   -0.326576262966780D-01
    0.109694160297421D-02   -0.324297265897866D-01
    0.374712469967371D-02   -0.311993420540041D-01
    0.671050519479381D-02   -0.288156363779683D-01
    0.100114742229744D-01   -0.252435981618811D-01
    0.134494532955208D-01   -0.204011009364464D-01
    0.170024223302447D-01   -0.144034499074885D-01
    0.203706895776394D-01   -0.727629188877848D-02
    0.234610163926887D-01    0.615248650451160D-03
    0.258909116857047D-01    0.913123907574684D-02
    0.274230875478303D-01    0.176006777259497D-01
    0.276609956174138D-01    0.256239682556613D-01
    0.262659335706930D-01    0.320732703239443D-01
    0.229062089981404D-01    0.368267931199544D-01
    0.169486523814509D-01    0.387469826798658D-01
    0.841810803474999D-02    0.366949629828183D-01
   -0.338957009066854D-02    0.306989723520815D-01
   -0.174018499734794D-01    0.209940414430685D-01
   -0.323557387270315D-01    0.104416050264344D-01
   -0.444082108163418D-01   -0.904233308350751D-03
   -0.447825646814429D-01   -0.718195884431515D-02
   -0.304153165613719D-01   -0.472670804318547D-02
    0.000000000000000D+00    0.000000000000000D+00
    0.000000000000000D+00    0.000000000000000D+00
   -0.303264622492386D-05   -0.564917879417255D-04
   -0.301833223016834D-03   -0.265017140533770D-03
   -0.737026544318155D-03   -0.724964894795053D-03
   -0.124728061878367D-02   -0.144753181993288D-02
   -0.177112572419934D-02   -0.246688639360150D-02
   -0.228816259028133D-02   -0.378275634601425D-02
   -0.277101262393094D-02   -0.537967049437902D-02
   -0.320613978248984D-02   -0.724066624861488D-02
   -0.357666965737659D-02   -0.932029635547654D-02
   -0.386526632684754D-02   -0.115881052328436D-01
   -0.405792940820812D-02   -0.139710802055911D-01
   -0.412927504283060D-02   -0.164210386533858D-01
   -0.406664690042040D-02   -0.188369942540252D-01
   -0.383565834765140D-02   -0.211476739592109D-01
   -0.342748926686171D-02   -0.232257458391181D-01
   -0.280078590553611D-02   -0.249714723655709D-01
   -0.195621604719425D-02   -0.262412111782064D-01
   -0.851686997426051D-03   -0.269042261729780D-01
    0.494747025632529D-03   -0.268246174487568D-01
    0.211416695271496D-02   -0.258446587299319D-01
    0.396332699331441D-02   -0.238778967573161D-01
    0.604316474616626D-02   -0.207547965048070D-01
    0.828104618516131D-02   -0.164966512926848D-01
    0.106224917100399D-01   -0.109597874367961D-01
    0.129715347959767D-01   -0.432649337838932D-02
    0.151875207972246D-01    0.345609774375607D-02
    0.171745541472810D-01    0.119852302875149D-01
    0.186270340293403D-01    0.211484389944136D-01
    0.194916414243351D-01    0.302840717691025D-01
    0.193262541097219D-01    0.388018677107754D-01
    0.181838622839912D-01    0.463320408674205D-01
    0.152125459130267D-01    0.518504891052224D-01
    0.106645935732044D-01    0.535576044499979D-01
    0.304166212671250D-02    0.508865733170034D-01
   -0.582266200830781D-02    0.440566990378349D-01
   -0.185309865794608D-01    0.320772805149069D-01
   -0.328958808829093D-01    0.142460545308268D-01
   -0.392546670724033D-01   -0.799675162645594D-03
   -0.382914903676901D-01   -0.238014659850073D-02
    0.000000000000000D+00    0.000000000000000D+00
    0.000000000000000D+00    0.000000000000000D+00
    0.631110261227099D-04   -0.560756502539568D-05
   -0.683013852698053D-04   -0.675174220239785D-04
   -0.273162066085350D-03   -0.305185922996678D-03
   -0.528166680328653D-03   -0.740458992165445D-03
   -0.782123183791194D-03   -0.141382958316222D-02
   -0.104000708934477D-02   -0.231310171564567D-02
   -0.127424092851267D-02   -0.343933442284564D-02
   -0.149174166953377D-02   -0.476656750550685D-02
   -0.167325195168287D-02   -0.627361731952683D-02
   -0.182182602598016D-02   -0.792774744716982D-02
   -0.192161506406834D-02   -0.968654938218247D-02
   -0.196931530426380D-02   -0.115072902365038D-01
   -0.195214773522837D-02   -0.133246523739039D-01
   -0.185848133229312D-02   -0.150823571677835D-01
   -0.168183695785298D-02   -0.166898831411220D-01
   -0.139977424541027D-02   -0.180745672167347D-01
   -0.101872182637535D-02   -0.191219875052669D-01
   -0.502677758136567D-03   -0.197435383396381D-01
    0.119035774005007D-03   -0.198093081910620D-01
    0.898586320226062D-03   -0.192212948350612D-01
    0.177097776412979D-02   -0.178526126125456D-01
    0.280604673629228D-02   -0.156127576418523D-01
    0.388981147193644D-02   -0.124061024760880D-01
    0.511079363504946D-02   -0.818441928112485D-02
    0.629693763407105D-02   -0.290987854573070D-02
    0.754657059041260D-02    0.337236776847063D-02
    0.862361527297401D-02    0.106036548852268D-01
    0.961609232913067D-02    0.185389514139739D-01
    0.102531766851920D-01    0.270597860795501D-01
    0.106357681142070D-01    0.355132456937073D-01
    0.104839606715346D-01    0.439401062673769D-01
    0.955073023891274D-02    0.512625269163799D-01
    0.752884067334880D-02    0.568548502140746D-01
    0.406235032990030D-02    0.585168409608525D-01
   -0.664938908523778D-03    0.580601690572999D-01
   -0.690001020456166D-02    0.505412586379540D-01
   -0.136403185194196D-01    0.365523074977718D-01
   -0.208067332319259D-01    0.207406836064790D-01
   -0.244712260009443D-01    0.135002263569968D-02
    0.000000000000000D+00    0.000000000000000D+00
    0.000000000000000D+00    0.000000000000000D+00
    0.320372413759010D-04    0.320372413764710D-04
   -0.550533048382008D-05    0.637108151346441D-04
   -0.578379440874611D-04   -0.537391131865803D-05
   -0.126907878504641D-03   -0.199655500442389D-03
   -0.197142067094747D-03   -0.523965430011378D-03
   -0.267569373256424D-03   -0.990951398727246D-03
   -0.333246068461998D-03   -0.158031959758867D-02
   -0.391961718064766D-03   -0.229714843998051D-02
   -0.444058741727688D-03   -0.310959173116518D-02
   -0.484160374727809D-03   -0.402092021231744D-02
   -0.515757985072138D-03   -0.498720938676629D-02
   -0.529272019340341D-03   -0.600850796084369D-02
   -0.531411063709809D-03   -0.702694978977319D-02
   -0.507538627346600D-03   -0.803716054162223D-02
   -0.468820596332545D-03   -0.896575385895225D-02
   -0.394674405333319D-03   -0.979780729383888D-02
   -0.302168474893020D-03   -0.104472819464814D-01
   -0.164653712111521D-03   -0.108834652367264D-01
   -0.633150066563143D-05   -0.110181532297517D-01
    0.204201889284921D-03   -0.107962144805188D-01
    0.435278786735661D-03   -0.101490171473176D-01
    0.719399771206568D-03   -0.898708940163317D-02
    0.101863209777019D-02   -0.729445403515453D-02
    0.136190000333933D-02   -0.493844932997824D-02
    0.171118482935058D-02   -0.199966570107766D-02
    0.207861365618577D-02    0.170967441798432D-02
    0.243065560727590D-02    0.594821593402846D-02
    0.274580756299766D-02    0.109265470797628D-01
    0.300294521117611D-02    0.162801744896725D-01
    0.320210191085538D-02    0.222066641869945D-01
    0.342032869419182D-02    0.280807117947096D-01
    0.333853616521739D-02    0.343364024960734D-01
    0.301686106317863D-02    0.395491962449696D-01
    0.209677458408490D-02    0.428746197707786D-01
    0.654071226113811D-03    0.464043011010767D-01
   -0.138817013546022D-03    0.473588012423231D-01
    0.636870610488915D-03    0.422684885305184D-01
    0.202536817548774D-02    0.359592207970197D-01
   -0.281016761070238D-01    0.166136813108420D-01
    0.000000000000000D+00    0.000000000000000D+00
    0.000000000000000D+00    0.000000000000000D+00
    0.000000000000000D+00    0.000000000000000D+00
    0.000000000000000D+00    0.000000000000000D+00
    0.000000000000000D+00    0.000000000000000D+00
    0.000000000000000D+00    0.000000000000000D+00
    0.000000000000000D+00    0.000000000000000D+00
    0.000000000000000D+00    0.000000000000000D+00
    0.000000000000000D+00    0.000000000000000D+00
    0.000000000000000D+00    0.000000000000000D+00
    0.000000000000000D+00    0.000000000000000D+00
    0.000000000000000D+00    0.000000000000000D+00
    0.000000000000000D+00    0.000000000000000D+00
    0.000000000000000D+00    0.000000000000000D+00
    0.000000000000000D+00    0.000000000000000D+00
    0.000000000000000D+00    0.000000000000000D+00
    0.000000000000000D+00    0.000000000000000D+00
    0.000000000000000D+00    0.000000000000000D+00
    0.000000000000000D+00    0.000000000000000D+00
    0.000000000000000D+00    0.000000000000000D+00
    0.000000000000000D+00    0.000000000000000D+00
    0.000000000000000D+00    0.000000000000000D+00
    0.000000000000000D+00    0.000000000000000D+00
    0.000000000000000D+00    0.000000000000000D+00
    0.000000000000000D+00    0.000000000000000D+00
    0.000000000000000D+00    0.000000000000000D+00
    0.000000000000000D+00    0.000000000000000D+00
    0.000000000000000D+00    0.000000000000000D+00
    0.000000000000000D+00    0.000000000000000D+00
    0.000000000000000D+00    0.000000000000000D+00
    0.000000000000000D+00    0.000000000000000D+00
    0.000000000000000D+00    0.000000000000000D+00
    0.000000000000000D+00    0.000000000000000D+00
    0.000000000000000D+00    0.000000000000000D+00
    0.000000000000000D+00    0.000000000000000D+00
    0.000000000000000D+00    0.000000000000000D+00
    0.000000000000000D+00    0.000000000000000D+00
    0.000000000000000D+00    0.000000000000000D+00
    0.000000000000000D+00    0.000000000000000D+00
    0.000000000000000D+00    0.000000000000000D+00
    0.000000000000000D+00    0.000000000000000D+00
    0.000000000000000D+00    0.000000000000000D+00
