#  initial.txt
#  created by routine CVT_WRITE.F90
#  at September 15 2005   8:09:25.602 AM
#
#  Spatial dimension DIM_NUM =              2
#  Number of points N =                100
#  Initial SEED_INIT =           123456789
#  Current SEED =                 76638956
#  INIT =                    "UNIFORM    #  INIT,       how to choose initial points".
#  Max iterations IT_MAX =              50
#  IT_FIXED (fixed samples) =            1
#  Iterations IT_NUM =                   0
#  CVT ENERGY =                  0.00000    
#  SAMPLE =                  "UNIFORM    #  SAMPLE,     how to choose interior sample points".
#  Samples SAMPLE_NUM    =          100000
#  Sampling BATCH size   =            5000
#  EPSILON (unit roundoff) =    0.222045E-15
#
  0.218418  0.956318
  0.829509  0.561695
  0.415307  0.066119
  0.257578  0.109957
  0.043829  0.633966
  0.061727  0.449539
  0.401306  0.754673
  0.797287  0.001838
  0.897504  0.350752
  0.094545  0.013617
  0.859097  0.840847
  0.123104  0.007512
  0.260303  0.912484
  0.113664  0.351629
  0.822887  0.267132
  0.692066  0.561662
  0.861216  0.453794
  0.911977  0.597917
  0.188955  0.761492
  0.396988  0.185314
  0.574366  0.367027
  0.617205  0.361529
  0.212930  0.714471
  0.117707  0.299329
  0.825003  0.824660
  0.061862  0.710781
  0.088283  0.777994
  0.745303  0.308675
  0.899373  0.763537
  0.761731  0.406970
  0.938749  0.562088
  0.017820  0.501103
  0.041909  0.368851
  0.271724  0.858573
  0.029037  0.017442
  0.152384  0.114319
  0.353907  0.119308
  0.206653  0.212924
  0.612948  0.809519
  0.587090  0.215492
  0.768056  0.723297
  0.448019  0.855176
  0.945017  0.909057
  0.519726  0.030195
  0.481067  0.292313
  0.902640  0.667842
  0.412278  0.156948
  0.833282  0.964404
  0.740790  0.456099
  0.653561  0.406827
  0.540539  0.832281
  0.145756  0.717128
  0.775651  0.362262
  0.531111  0.379977
  0.269285  0.877418
  0.761285  0.913675
  0.135794  0.291195
  0.118211  0.771781
  0.320633  0.877413
  0.679476  0.949176
  0.793361  0.021366
  0.102278  0.991406
  0.563260  0.704528
  0.994146  0.604334
  0.046145  0.562029
  0.021515  0.609135
  0.728789  0.748407
  0.469634  0.135194
  0.202348  0.860120
  0.040624  0.773973
  0.155941  0.895727
  0.487127  0.148682
  0.893345  0.445207
  0.599347  0.228689
  0.572300  0.639618
  0.065985  0.002120
  0.629405  0.412842
  0.628397  0.469879
  0.258509  0.754493
  0.768513  0.403978
  0.660236  0.584298
  0.304735  0.684345
  0.780800  0.910878
  0.131231  0.595555
  0.490323  0.854159
  0.848580  0.083143
  0.383972  0.411112
  0.565026  0.394392
  0.538036  0.775243
  0.509806  0.305324
  0.584076  0.559778
  0.195029  0.856103
  0.529502  0.344293
  0.530101  0.406241
  0.692814  0.121905
  0.858971  0.722382
  0.079996  0.492085
  0.466644  0.878359
  0.584231  0.173778
  0.684731  0.278111
