October 10 2010   8:54:28.766 PM
 
SPHERE_TRIANGLE_MONTE_CARLO_PRB
  FORTRAN90 version
  Test the SPHERE_TRIANGLE_MONTE_CARLO library.
 
TEST01
  Estimate monomial integrals over a sphere triangle
  using the Monte Carlo method.
 
  Vertices of random spherical triangle
  with shrink factor =    1.00000    
  and area =    3.06905    
 
  V1:  0.795416     -0.223966     -0.563163    
  V2: -0.696321     -0.284310      0.659018    
  V3:  0.901719      0.397757     -0.169386    
 
         N        1              X^2             Y^2             Z^2             X^4           X^2Y^2           Z^4
 
         1     3.06905        0.102917         1.40816         1.55798        0.345121E-02    0.472210E-01    0.790893    
         2     3.06905        0.635457         2.37467        0.589320E-01    0.160600        0.467205        0.184483E-02
         4     3.06905         1.31044        0.351220         1.40739        0.758450        0.178513        0.922368    
         8     3.06905         1.40018        0.463329         1.20554        0.913899        0.990460E-01    0.727540    
        16     3.06905         1.19964         1.01731        0.852105        0.735353        0.264494        0.508136    
        32     3.06905         1.48207        0.689632        0.897351         1.10455        0.167134        0.498201    
        64     3.06905         1.16053        0.629179         1.27934        0.721350        0.177040        0.817158    
       128     3.06905         1.40798        0.667095        0.993982        0.999028        0.161942        0.594759    
       256     3.06905         1.32421        0.679933         1.06491        0.919046        0.186262        0.676852    
       512     3.06905         1.18127        0.759131         1.12865        0.791836        0.172386        0.716228    
      1024     3.06905         1.26147        0.748530         1.05905        0.872426        0.177749        0.666445    
      2048     3.06905         1.28092        0.727682         1.06045        0.878263        0.182468        0.659983    
      4096     3.06905         1.24887        0.748486         1.07170        0.851964        0.181134        0.666740    
      8192     3.06905         1.27262        0.730691         1.06575        0.868025        0.181601        0.660401    
     16384     3.06905         1.29673        0.726710         1.04561        0.892769        0.184248        0.645487    
     32768     3.06905         1.27126        0.731130         1.06667        0.869046        0.183096        0.664761    
     65536     3.06905         1.27948        0.731868         1.05771        0.876329        0.183492        0.654749    
    131072     3.06905         1.27740        0.725497         1.06616        0.876228        0.181686        0.664341    
    262144     3.06905         1.28024        0.723609         1.06521        0.878862        0.181522        0.663305    
 
  Vertices of random spherical triangle
  with shrink factor =   0.500000    
  and area =   0.316024    
 
  V1:  0.927865     -0.173156     -0.330278    
  V2:  0.385461     -0.514537      0.765945    
  V3:  0.980787      0.149362     -0.125494    
 
         N        1              X^2             Y^2             Z^2             X^4           X^2Y^2           Z^4
 
         1    0.316024        0.250228        0.249958E-01    0.408003E-01    0.198130        0.197917E-01    0.526754E-02
         2    0.316024        0.274423        0.153849E-01    0.262161E-01    0.239609        0.133887E-01    0.354410E-02
         4    0.316024        0.247023        0.318857E-01    0.371146E-01    0.196676        0.235511E-01    0.586474E-02
         8    0.316024        0.250467        0.296393E-01    0.359174E-01    0.217007        0.171822E-01    0.122857E-01
        16    0.316024        0.245610        0.291451E-01    0.412686E-01    0.202902        0.186472E-01    0.109602E-01
        32    0.316024        0.246473        0.297834E-01    0.397678E-01    0.210117        0.172052E-01    0.131556E-01
        64    0.316024        0.262425        0.244288E-01    0.291701E-01    0.228604        0.165437E-01    0.741279E-02
       128    0.316024        0.259894        0.258129E-01    0.303164E-01    0.226694        0.168000E-01    0.877990E-02
       256    0.316024        0.260882        0.258264E-01    0.293151E-01    0.226984        0.171077E-01    0.771215E-02
       512    0.316024        0.257642        0.263695E-01    0.320122E-01    0.222402        0.170137E-01    0.853571E-02
      1024    0.316024        0.258228        0.262559E-01    0.315397E-01    0.223511        0.170108E-01    0.862878E-02
      2048    0.316024        0.258519        0.259947E-01    0.315102E-01    0.222977        0.171000E-01    0.808475E-02
      4096    0.316024        0.259580        0.256085E-01    0.308348E-01    0.224974        0.168555E-01    0.816640E-02
      8192    0.316024        0.258062        0.261329E-01    0.318292E-01    0.222657        0.170896E-01    0.842336E-02
     16384    0.316024        0.257850        0.263562E-01    0.318171E-01    0.222412        0.172164E-01    0.845920E-02
     32768    0.316024        0.258875        0.258769E-01    0.312716E-01    0.223824        0.169777E-01    0.820804E-02
     65536    0.316024        0.258762        0.260189E-01    0.312429E-01    0.223666        0.170708E-01    0.820575E-02
    131072    0.316024        0.258641        0.260180E-01    0.313647E-01    0.223452        0.170796E-01    0.824218E-02
    262144    0.316024        0.258417        0.261216E-01    0.314850E-01    0.223198        0.171054E-01    0.831382E-02
 
  Vertices of random spherical triangle
  with shrink factor =   0.250000    
  and area =   0.378486E-01
 
  V1:  0.969241     -0.142036     -0.200994    
  V2:  0.949253     -0.255364      0.183596    
  V3:  0.994871      0.178011E-01 -0.995687E-01
 
         N        1              X^2             Y^2             Z^2             X^4           X^2Y^2           Z^4
 
         1    0.378486E-01    0.365348E-01    0.131067E-02    0.310838E-05    0.352667E-01    0.126517E-02    0.255281E-09
         2    0.378486E-01    0.366822E-01    0.950380E-03    0.216081E-03    0.355522E-01    0.920703E-03    0.128074E-05
         4    0.378486E-01    0.364450E-01    0.103148E-02    0.372187E-03    0.351096E-01    0.979080E-03    0.396992E-05
         8    0.378486E-01    0.369196E-01    0.499970E-03    0.429092E-03    0.360213E-01    0.485173E-03    0.987643E-05
        16    0.378486E-01    0.370774E-01    0.575658E-03    0.195587E-03    0.363248E-01    0.560739E-03    0.216758E-05
        32    0.378486E-01    0.366686E-01    0.945876E-03    0.234182E-03    0.355342E-01    0.909392E-03    0.275391E-05
        64    0.378486E-01    0.368009E-01    0.763018E-03    0.284686E-03    0.357940E-01    0.732987E-03    0.430582E-05
       128    0.378486E-01    0.367073E-01    0.808030E-03    0.333240E-03    0.356145E-01    0.772931E-03    0.583686E-05
       256    0.378486E-01    0.367813E-01    0.748644E-03    0.318631E-03    0.357553E-01    0.718955E-03    0.510618E-05
       512    0.378486E-01    0.368368E-01    0.732407E-03    0.279381E-03    0.358610E-01    0.705753E-03    0.434730E-05
      1024    0.378486E-01    0.367958E-01    0.763112E-03    0.289714E-03    0.357820E-01    0.734304E-03    0.459220E-05
      2048    0.378486E-01    0.367796E-01    0.756343E-03    0.312661E-03    0.357515E-01    0.726745E-03    0.510767E-05
      4096    0.378486E-01    0.368017E-01    0.737233E-03    0.309703E-03    0.357934E-01    0.709484E-03    0.508410E-05
      8192    0.378486E-01    0.367861E-01    0.747507E-03    0.315029E-03    0.357637E-01    0.718740E-03    0.526773E-05
     16384    0.378486E-01    0.367803E-01    0.760329E-03    0.308035E-03    0.357525E-01    0.730896E-03    0.508199E-05
     32768    0.378486E-01    0.367905E-01    0.746856E-03    0.311256E-03    0.357723E-01    0.718187E-03    0.515811E-05
     65536    0.378486E-01    0.367879E-01    0.749750E-03    0.310961E-03    0.357672E-01    0.720924E-03    0.516039E-05
    131072    0.378486E-01    0.367872E-01    0.752033E-03    0.309341E-03    0.357660E-01    0.723057E-03    0.510851E-05
    262144    0.378486E-01    0.367868E-01    0.751282E-03    0.310505E-03    0.357652E-01    0.722318E-03    0.513946E-05
 
SPHERE_TRIANGLE_MONTE_CARLO_PRB
  Normal end of execution.
 
October 10 2010   8:54:29.827 PM
