    0.000000000000000E+00    0.000000000000000E+00
    0.000000000000000E+00    0.000000000000000E+00
    0.000000000000000E+00    0.000000000000000E+00
    0.000000000000000E+00    0.000000000000000E+00
    0.000000000000000E+00    0.000000000000000E+00
    0.000000000000000E+00    0.000000000000000E+00
    0.000000000000000E+00    0.000000000000000E+00
    0.000000000000000E+00    0.000000000000000E+00
    0.000000000000000E+00    0.000000000000000E+00
    0.000000000000000E+00    0.000000000000000E+00
    0.000000000000000E+00    0.000000000000000E+00
    0.000000000000000E+00    0.000000000000000E+00
    0.000000000000000E+00    0.000000000000000E+00
    0.000000000000000E+00    0.000000000000000E+00
    0.000000000000000E+00    0.000000000000000E+00
    0.000000000000000E+00    0.000000000000000E+00
    0.000000000000000E+00    0.000000000000000E+00
    0.000000000000000E+00    0.000000000000000E+00
    0.000000000000000E+00    0.000000000000000E+00
    0.000000000000000E+00    0.000000000000000E+00
    0.000000000000000E+00    0.000000000000000E+00
    0.000000000000000E+00    0.000000000000000E+00
    0.000000000000000E+00    0.000000000000000E+00
    0.000000000000000E+00    0.000000000000000E+00
    0.000000000000000E+00    0.000000000000000E+00
    0.000000000000000E+00    0.000000000000000E+00
    0.000000000000000E+00    0.000000000000000E+00
    0.000000000000000E+00    0.000000000000000E+00
    0.000000000000000E+00    0.000000000000000E+00
    0.000000000000000E+00    0.000000000000000E+00
    0.000000000000000E+00    0.000000000000000E+00
    0.000000000000000E+00    0.000000000000000E+00
    0.000000000000000E+00    0.000000000000000E+00
    0.000000000000000E+00    0.000000000000000E+00
    0.000000000000000E+00    0.000000000000000E+00
    0.000000000000000E+00    0.000000000000000E+00
    0.000000000000000E+00    0.000000000000000E+00
    0.000000000000000E+00    0.000000000000000E+00
    0.000000000000000E+00    0.000000000000000E+00
    0.000000000000000E+00    0.000000000000000E+00
    0.000000000000000E+00    0.000000000000000E+00
    0.000000000000000E+00    0.000000000000000E+00
    0.292929979711717E-03    0.206129027055065E-04
    0.652818913678637E-03   -0.312797899179326E-03
    0.728701954034098E-03   -0.175411957378730E-02
    0.114698753815167E-02   -0.374340331761181E-02
    0.121091523094193E-02   -0.584193501326203E-02
    0.153251370581390E-02   -0.855578039898697E-02
    0.840097903951266E-03   -0.105165524150210E-01
   -0.213619525067537E-03   -0.104157386011792E-01
    0.121674998195025E-05   -0.103693631704597E-01
    0.192677495368299E-03   -0.103048062900277E-01
    0.206800041270890E-03   -0.104974594498980E-01
   -0.200161649399872E-03   -0.102537911348049E-01
   -0.683642520498621E-03   -0.928638179911757E-02
   -0.993032960002358E-03   -0.762164238473465E-02
   -0.117955080237961E-02   -0.553691003485878E-02
   -0.120262523537441E-02   -0.327886254109919E-02
   -0.112162315521442E-02   -0.111143032869572E-02
   -0.969624986849818E-03    0.816088476674313E-03
   -0.787957598516544E-03    0.244288960595488E-02
   -0.612623650726382E-03    0.371501959188948E-02
   -0.442895445875610E-03    0.467652510441743E-02
   -0.301850309534601E-03    0.533318832543692E-02
   -0.173944904157601E-03    0.574845532324237E-02
   -0.717363344466575E-04    0.593734401885203E-02
    0.195123769366496E-04    0.595378474797694E-02
    0.927252247319123E-04    0.580698276475921E-02
    0.158163325790614E-03    0.553753057569925E-02
    0.210694487717835E-03    0.515012026931880E-02
    0.257039246172833E-03    0.467547185869040E-02
    0.291734356921380E-03    0.411987376180269E-02
    0.319714129183151E-03    0.350822876731150E-02
    0.332612403473757E-03    0.285752933564480E-02
    0.334700296753343E-03    0.219052074180572E-02
    0.313521078570906E-03    0.154615062890211E-02
    0.275529372665767E-03    0.947856459753492E-03
    0.208745317470734E-03    0.466550327899092E-03
    0.126172430177514E-03    0.111608806033687E-03
    0.372630496574081E-04   -0.532861976772184E-04
   -0.447240557113138E-04   -0.447240557094407E-04
    0.000000000000000E+00    0.000000000000000E+00
    0.000000000000000E+00    0.000000000000000E+00
   -0.744983237786426E-06    0.280541270520348E-04
    0.145580792500786E-02   -0.241514997148774E-03
    0.287806813382418E-02   -0.170115905104216E-02
    0.407319294206308E-02   -0.486117464376168E-02
    0.466660025957062E-02   -0.835628532282358E-02
    0.393268303011062E-02   -0.114816227676998E-01
    0.141853505743072E-02   -0.139283085210289E-01
    0.142659370458152E-03   -0.152115753861392E-01
   -0.672197159512838E-03   -0.156492035316638E-01
   -0.196634369436106E-03   -0.154055966908416E-01
   -0.516290657773065E-03   -0.145951873547768E-01
   -0.157418684885702E-02   -0.132175431880233E-01
   -0.296606062282265E-02   -0.108114321090956E-01
   -0.376027133638091E-02   -0.772366702454594E-02
   -0.424299236501435E-02   -0.412085673016318E-02
   -0.416087740398080E-02   -0.560628345415694E-03
   -0.381400629559398E-02    0.286956032168985E-02
   -0.324406562437956E-02    0.577523926442101E-02
   -0.260442032243406E-02    0.822751738167856E-02
   -0.198107714377250E-02    0.100623370510422E-01
   -0.139570388616496E-02    0.114218300098103E-01
   -0.895908814872119E-03    0.122677966049083E-01
   -0.455544943137145E-03    0.127384857850190E-01
   -0.922616170214084E-04    0.128277536889491E-01
    0.222937025474623E-03    0.126460441373606E-01
    0.483753330563258E-03    0.121877533449178E-01
    0.709990515526445E-03    0.115361845182393E-01
    0.897086343165623E-03    0.106842122126099E-01
    0.105571367712472E-02    0.969656629920036E-02
    0.117896733706774E-02    0.857138327749343E-02
    0.126936542833748E-02    0.736526061494259E-02
    0.131514790864066E-02    0.609047523396951E-02
    0.130944749936747E-02    0.480834380279999E-02
    0.123732318975830E-02    0.355355844798593E-02
    0.108499275649702E-02    0.240621692259946E-02
    0.852430757846321E-03    0.142215399110943E-02
    0.536891741512315E-03    0.686413945265533E-03
    0.210631330716264E-03    0.216806957900029E-03
   -0.529278097109951E-04    0.391674990364152E-04
    0.000000000000000E+00    0.000000000000000E+00
    0.000000000000000E+00    0.000000000000000E+00
    0.139089396621845E-03    0.256145281869487E-03
    0.247260344163095E-02    0.291231590884656E-03
    0.497229627507739E-02   -0.111806316029285E-02
    0.726131753299668E-02   -0.395585248763407E-02
    0.842894878973675E-02   -0.686643510216014E-02
    0.770385535827522E-02   -0.998887101670579E-02
    0.412210692399146E-02   -0.132679778454854E-01
    0.153240679070994E-02   -0.149075246242844E-01
   -0.393585587052744E-03   -0.158724229945033E-01
   -0.484410815964063E-03   -0.154388107422932E-01
   -0.188174114105779E-02   -0.136364466520469E-01
   -0.394732213172461E-02   -0.110245745899735E-01
   -0.606210107890779E-02   -0.740837055081140E-02
   -0.758442548680004E-02   -0.303751212152507E-02
   -0.820780400515932E-02    0.129539976311606E-02
   -0.806099231341489E-02    0.570779623897975E-02
   -0.727129589987396E-02    0.959456322560785E-02
   -0.616818057211040E-02    0.129560989957466E-01
   -0.489964933845171E-02    0.156123139923358E-01
   -0.366937339638794E-02    0.175846027812182E-01
   -0.252163515651756E-02    0.189310758364053E-01
   -0.152272942237696E-02    0.196852304383498E-01
   -0.655770159582129E-03    0.199665391735632E-01
    0.752529369154805E-04    0.197997105139087E-01
    0.699484437392000E-03    0.192926605683730E-01
    0.122574545120600E-02    0.184581381732884E-01
    0.167525679285249E-02    0.173788060509651E-01
    0.205228869540959E-02    0.160623271444660E-01
    0.236671439964022E-02    0.145728964124571E-01
    0.261349127850883E-02    0.129229613126530E-01
    0.279044105172588E-02    0.111696692369746E-01
    0.288006295364568E-02    0.934159937809556E-02
    0.286654943024675E-02    0.750217638776396E-02
    0.272184072985299E-02    0.570690790529609E-02
    0.242477073251374E-02    0.403811161606497E-02
    0.196460303233509E-02    0.257452971007497E-02
    0.135565441668083E-02    0.140679399832080E-02
    0.692356671449662E-03    0.570213494861039E-03
    0.124457994237435E-03    0.135929495551715E-03
    0.000000000000000E+00    0.000000000000000E+00
    0.000000000000000E+00    0.000000000000000E+00
   -0.471002429711890E-03    0.372739894922839E-03
    0.246809398143435E-02    0.980669680408351E-03
    0.631673957574284E-02    0.661322600977248E-03
    0.954508759829880E-02   -0.969567226457245E-03
    0.107083081286275E-01   -0.305173098924263E-02
    0.987796885050920E-02   -0.546475779588106E-02
    0.586044614455593E-02   -0.809268561211610E-02
    0.281253954806735E-02   -0.101769770204206E-01
   -0.179701285576541E-03   -0.112716221421280E-01
   -0.212974463989588E-02   -0.106557528107874E-01
   -0.474765423649632E-02   -0.851029445105671E-02
   -0.767219235477856E-02   -0.500015878293665E-02
   -0.105331911267098E-01   -0.710146846823486E-03
   -0.122877254491477E-01    0.409640244591882E-02
   -0.128992848740332E-01    0.885066786735835E-02
   -0.123475990290606E-01    0.133865170627427E-01
   -0.109729136998248E-01    0.174036626515490E-01
   -0.915418666764711E-02    0.206724808244787E-01
   -0.714337799632526E-02    0.232398725961943E-01
   -0.521558485833097E-02    0.250047985765526E-01
   -0.342793399297324E-02    0.261369070203005E-01
   -0.187906970559629E-02    0.266112882355751E-01
   -0.530871780730089E-03    0.265994067279509E-01
    0.602929627786477E-03    0.260977436033433E-01
    0.157720574383409E-02    0.252406652161430E-01
    0.239572817485318E-02    0.240243923340161E-01
    0.309994772043403E-02    0.225492640648625E-01
    0.368699271749823E-02    0.208111097511712E-01
    0.417919924653301E-02    0.188897140983501E-01
    0.456137666695053E-02    0.167873611778966E-01
    0.483442590947269E-02    0.145783005071861E-01
    0.496788770878370E-02    0.122802879928169E-01
    0.493867531261242E-02    0.997848465212129E-02
    0.470375131356075E-02    0.771514643748019E-02
    0.423255517733548E-02    0.559984620392310E-02
    0.350380777662786E-02    0.369863032415943E-02
    0.255254795128024E-02    0.213028481054351E-02
    0.147432788518883E-02    0.946197480030933E-03
    0.513069446148269E-03    0.237376472383866E-03
    0.000000000000000E+00    0.000000000000000E+00
    0.000000000000000E+00    0.000000000000000E+00
   -0.136110802711929E-02    0.630925300767990E-03
    0.185784736828721E-02    0.196405584681077E-02
    0.679124139857254E-02    0.287112258510724E-02
    0.109908555410498E-01    0.270406504883739E-02
    0.131564105348950E-01    0.226057853436652E-02
    0.126836393311158E-01    0.111006078929866E-02
    0.863155861903486E-02   -0.901788725229822E-03
    0.454124522267408E-02   -0.228331755360621E-02
    0.266129146057629E-03   -0.299947608958930E-02
   -0.353268756028530E-02   -0.236162918228721E-02
   -0.762609827582929E-02    0.639558839624647E-04
   -0.116632632263972E-01    0.373913947412191E-02
   -0.151143269016023E-01    0.801368706127501E-02
   -0.171593203322626E-01    0.127822693580761E-01
   -0.175428429623977E-01    0.172348186864344E-01
   -0.165438915803838E-01    0.215435306683567E-01
   -0.144837714334701E-01    0.251455954374269E-01
   -0.119139109610632E-01    0.280693874113830E-01
   -0.914094789293774E-02    0.302244577903050E-01
   -0.648834493521912E-02    0.316327407491502E-01
   -0.405966412156707E-02    0.323877842445042E-01
   -0.193882488122153E-02    0.325219559206477E-01
   -0.107952814517920E-03    0.321625436108344E-01
    0.145052354207870E-02    0.313324987440457E-01
    0.278040898008209E-02    0.301391913839139E-01
    0.391268970211197E-02    0.285947802392027E-01
    0.487922083797249E-02    0.267808303070184E-01
    0.569563331717317E-02    0.247058570478077E-01
    0.637316998676796E-02    0.224355603624807E-01
    0.690589033712570E-02    0.199837154642073E-01
    0.728121302885240E-02    0.174131580709040E-01
    0.746777936072044E-02    0.147527789375103E-01
    0.742593107480659E-02    0.120779973017921E-01
    0.710321722336232E-02    0.944221886694578E-02
    0.645132718612411E-02    0.694949443048620E-02
    0.544513709685557E-02    0.467733402482945E-02
    0.410989052816207E-02    0.275747739928080E-02
    0.257001005624902E-02    0.125993981587197E-02
    0.106759344348514E-02    0.328236769927149E-03
    0.000000000000000E+00    0.000000000000000E+00
    0.000000000000000E+00    0.000000000000000E+00
   -0.256741122526458E-02    0.676589650790673E-03
    0.867285232928152E-04    0.260044579308702E-02
    0.522336642195511E-02    0.474879609123658E-02
    0.101485761600771E-01    0.641128616847508E-02
    0.128902653130529E-01    0.769234946047207E-02
    0.129990594677094E-01    0.811235325008672E-02
    0.969447301026004E-02    0.763047080205945E-02
    0.537622933157303E-02    0.723521050931783E-02
    0.248515144876397E-03    0.695377590850510E-02
   -0.516459273839199E-02    0.812234015258721E-02
   -0.104505004566810E-01    0.102965900483287E-01
   -0.155077576900676E-01    0.137552932932043E-01
   -0.193088309244632E-01    0.175208715509151E-01
   -0.214721191692308E-01    0.217215924220595E-01
   -0.215899550454674E-01    0.255824704963594E-01
   -0.201343520011248E-01    0.291761700270809E-01
   -0.173904030514303E-01    0.321469035798612E-01
   -0.141360433937599E-01    0.344397618220299E-01
   -0.106199248295375E-01    0.360555578508908E-01
   -0.731476946663265E-02    0.369728035577248E-01
   -0.426558182533383E-02    0.373059597234936E-01
   -0.162403979663500E-02    0.370682028172906E-01
    0.677368264434888E-03    0.363783362665484E-01
    0.262888938271720E-02    0.352527673095333E-01
    0.431120176835710E-02    0.337833918103222E-01
    0.573994069625751E-02    0.319820760663608E-01
    0.697241534133209E-02    0.299175028112822E-01
    0.801017212325104E-02    0.275993666833687E-01
    0.888036529434379E-02    0.250847246937868E-01
    0.956165931980599E-02    0.223876503733453E-01
    0.100476736664737E-01    0.195664919661757E-01
    0.102888457512482E-01    0.166482151365037E-01
    0.102422357292148E-01    0.137077074979351E-01
    0.983111933475342E-02    0.107955964984198E-01
    0.900405713321874E-02    0.801905880089139E-02
    0.770316975509387E-02    0.546091719895022E-02
    0.597535467619648E-02    0.326022798750612E-02
    0.390556277089948E-02    0.152145133220967E-02
    0.179491274558058E-02    0.398615736120358E-03
    0.000000000000000E+00    0.000000000000000E+00
    0.000000000000000E+00    0.000000000000000E+00
   -0.415285883482551E-02    0.764454041054950E-03
   -0.241727147359728E-02    0.301888885997088E-02
    0.260238284350961E-02    0.626602485124523E-02
    0.796380755094898E-02    0.925402479147603E-02
    0.114736507744199E-01    0.126810423557957E-01
    0.124244265480837E-01    0.148477226588261E-01
    0.966282303558914E-02    0.161468046712011E-01
    0.522344387510364E-02    0.172597117212451E-01
   -0.645405989004388E-03    0.179003236881940E-01
   -0.704280062669459E-02    0.194011819166261E-01
   -0.133929429791152E-01    0.215731293374061E-01
   -0.190445705003286E-01    0.243536295646459E-01
   -0.231384308506190E-01    0.273535923747528E-01
   -0.252270881440061E-01    0.305367854472293E-01
   -0.250423222693882E-01    0.334085569699397E-01
   -0.230552804455302E-01    0.359627326157624E-01
   -0.197289759535041E-01    0.380473884722511E-01
   -0.157775877026403E-01    0.395207425293740E-01
   -0.116429247219159E-01    0.404916730396675E-01
   -0.770901770988358E-02    0.408560997349756E-01
   -0.414003314464399E-02    0.407601731639814E-01
   -0.100243201389401E-02    0.401630634861840E-01
    0.170586941677875E-02    0.391921450531576E-01
    0.403768858959917E-02    0.378276699600780E-01
    0.603666776772739E-02    0.361615437896990E-01
    0.776013848352471E-02    0.341858008546157E-01
    0.924040453699006E-02    0.319666331267814E-01
    0.105054571656093E-01    0.295025060031605E-01
    0.115617993717170E-01    0.268476031443854E-01
    0.124025390849821E-01    0.240093329416169E-01
    0.130019226089305E-01    0.210425698546620E-01
    0.133130124068421E-01    0.179700454566711E-01
    0.132710016783740E-01    0.148631611214032E-01
    0.127919476557342E-01    0.117703286335543E-01
    0.117945585072297E-01    0.879970686184752E-02
    0.102170309114452E-01    0.603564276310893E-02
    0.806682185170256E-02    0.363395445533312E-02
    0.545006720488218E-02    0.170857429348537E-02
    0.262592055420825E-02    0.454762352115488E-03
    0.000000000000000E+00    0.000000000000000E+00
    0.000000000000000E+00    0.000000000000000E+00
   -0.554310792093360E-02    0.689244773705337E-03
   -0.527128805549995E-02    0.303601642930840E-02
   -0.123475048969332E-02    0.665255478300567E-02
    0.385938979780662E-02    0.109182757296705E-01
    0.788406550092589E-02    0.156013599509907E-01
    0.937972885537370E-02    0.195924369596685E-01
    0.768481419395695E-02    0.227471791752422E-01
    0.366895075539663E-02    0.253623210187450E-01
   -0.212017202518190E-02    0.272367291826676E-01
   -0.887350813603890E-02    0.293568419419073E-01
   -0.154761128377172E-01    0.313770359756352E-01
   -0.214666638882661E-01    0.337336292418850E-01
   -0.255151032629379E-01    0.358407345960284E-01
   -0.275455126136875E-01    0.380026125794043E-01
   -0.270235675319422E-01    0.397800892947143E-01
   -0.247501348856963E-01    0.412806378095560E-01
   -0.209300169668787E-01    0.424025427055730E-01
   -0.165714773181647E-01    0.430717692123928E-01
   -0.119295700567472E-01    0.433704276083725E-01
   -0.757857555157661E-02    0.432150263254703E-01
   -0.356829100343212E-02    0.427130679571425E-01
   -0.644544749257122E-04    0.418219686771757E-01
    0.300347116691312E-02    0.406262410677916E-01
    0.564162553786340E-02    0.391063569225818E-01
    0.793371929410551E-02    0.373204966903255E-01
    0.991170314539278E-02    0.352644637384416E-01
    0.116321423615119E-01    0.329795057914864E-01
    0.131048262612590E-01    0.304691258328482E-01
    0.143503893074701E-01    0.277687292539380E-01
    0.153455671525805E-01    0.248903127852337E-01
    0.160692012629902E-01    0.218741603302437E-01
    0.164559892746833E-01    0.187459789305407E-01
    0.164355334849887E-01    0.155660482927350E-01
    0.158966321291722E-01    0.123858184433353E-01
    0.147492343931586E-01    0.930655260318126E-02
    0.128877923274520E-01    0.642236976315380E-02
    0.103272868227183E-01    0.388810280710359E-02
    0.711712784055603E-02    0.184490066643985E-02
    0.355435902691997E-02    0.491546458858026E-03
    0.000000000000000E+00    0.000000000000000E+00
    0.000000000000000E+00    0.000000000000000E+00
   -0.703934766202877E-02    0.580442363748380E-03
   -0.836035369616964E-02    0.263764178408807E-02
   -0.567155267380131E-02    0.641310580737747E-02
   -0.110560467671329E-02    0.109769334049791E-01
    0.288419855035685E-02    0.169660987631094E-01
    0.508962323485323E-02    0.221494411927258E-01
    0.409915471307961E-02    0.270283814717857E-01
    0.832838496998981E-03    0.311435971583040E-01
   -0.464006828024993E-02    0.341980814534445E-01
   -0.111662225015284E-01    0.370339815822896E-01
   -0.177424693099705E-01    0.391587533132583E-01
   -0.235676348186273E-01    0.411370637794687E-01
   -0.274556454559472E-01    0.424976079983841E-01
   -0.291782490777858E-01    0.436068324818562E-01
   -0.283722756732065E-01    0.443713967209634E-01
   -0.256825837940046E-01    0.447505047924831E-01
   -0.215427004667599E-01    0.450096115627065E-01
   -0.167568881905486E-01    0.448676201402068E-01
   -0.118042333570065E-01    0.446057730622276E-01
   -0.707085739510782E-02    0.439778312406201E-01
   -0.276907337999132E-02    0.431828858359324E-01
    0.106415253061379E-02    0.420659282242677E-01
    0.440021785200431E-02    0.407526894319113E-01
    0.732099715804934E-02    0.391563983534577E-01
    0.985490886167246E-02    0.373531399238933E-01
    0.120778674907979E-01    0.353001423774165E-01
    0.140122413214515E-01    0.330487101239057E-01
    0.156936933419269E-01    0.305776975662424E-01
    0.171189114819184E-01    0.279288322498742E-01
    0.182779037947131E-01    0.250967831721657E-01
    0.191299216587666E-01    0.221254175437052E-01
    0.196102718700275E-01    0.190269560706308E-01
    0.196265557486730E-01    0.158636524353824E-01
    0.190561158409216E-01    0.126767656251874E-01
    0.177736465315905E-01    0.957151444906968E-02
    0.156616697581939E-01    0.663656333527150E-02
    0.126810060628624E-01    0.404021787477559E-02
    0.889082307108447E-02    0.192439093339802E-02
    0.453057698239835E-02    0.517673146211409E-03
    0.000000000000000E+00    0.000000000000000E+00
    0.000000000000000E+00    0.000000000000000E+00
   -0.801764683003189E-02    0.393421864922212E-03
   -0.109125959766731E-01    0.204240212862162E-02
   -0.983149975764550E-02    0.524149570171371E-02
   -0.653962299175157E-02    0.988044340830808E-02
   -0.292886990623648E-02    0.158219587892191E-01
   -0.752428374116055E-03    0.218806183966133E-01
   -0.893796126396837E-03    0.277971465091394E-01
   -0.342616095215752E-02    0.330165273140022E-01
   -0.797566433882015E-02    0.372414930604620E-01
   -0.137768284607572E-01    0.406953209127714E-01
   -0.196750367834116E-01    0.431387135869461E-01
   -0.248869405794577E-01    0.449155569459799E-01
   -0.282455526227856E-01    0.458557203974711E-01
   -0.295409627592479E-01    0.462905568529604E-01
   -0.284020962251099E-01    0.463021458748623E-01
   -0.255128343920904E-01    0.459652721005815E-01
   -0.211631355484095E-01    0.455286758900044E-01
   -0.162537700182515E-01    0.448486754283349E-01
   -0.111007589036969E-01    0.441404892664150E-01
   -0.621733678203748E-02    0.432228488115012E-01
   -0.169896532014386E-02    0.422285300023564E-01
    0.232204623025272E-02    0.410199927500888E-01
    0.588214746926602E-02    0.396733448686431E-01
    0.900786032712014E-02    0.381077414904805E-01
    0.117616987541123E-01    0.363674698370155E-01
    0.141886402796712E-01    0.344126591722886E-01
    0.163297251200304E-01    0.322726824324674E-01
    0.182013711497359E-01    0.299301012580869E-01
    0.198099112170485E-01    0.274096186278199E-01
    0.211308531139090E-01    0.247095142323219E-01
    0.221239226767238E-01    0.218589669542029E-01
    0.227091597701939E-01    0.188727470695620E-01
    0.227828096889545E-01    0.158002343828244E-01
    0.221968390122582E-01    0.126850141064915E-01
    0.208074609103584E-01    0.962247070295320E-02
    0.184504498878156E-01    0.670737256808848E-02
    0.150803664790430E-01    0.410291534922740E-02
    0.106912553173978E-01    0.196782887873932E-02
    0.554838343993800E-02    0.530224777300223E-03
    0.000000000000000E+00    0.000000000000000E+00
    0.000000000000000E+00    0.000000000000000E+00
   -0.877837068867523E-02    0.172790661047762E-03
   -0.130374734939224E-01    0.116883915869677E-02
   -0.136406971410819E-01    0.366165126170595E-02
   -0.116922716985400E-01    0.749076325764693E-02
   -0.908930876348402E-02    0.132213035537297E-01
   -0.697000609465797E-02    0.191601263140791E-01
   -0.688377026693540E-02    0.256527119499380E-01
   -0.850962612134589E-02    0.315072214611715E-01
   -0.122404793150652E-01    0.364004249194307E-01
   -0.169545491485412E-01    0.405450854300656E-01
   -0.219397834041057E-01    0.431817923555222E-01
   -0.262553432722465E-01    0.451131434013653E-01
   -0.288516689905369E-01    0.457873684984531E-01
   -0.296028439464509E-01    0.458776826076548E-01
   -0.280591471076088E-01    0.454460771693891E-01
   -0.249282969479347E-01    0.446411684442218E-01
   -0.204627931552078E-01    0.438368720204455E-01
   -0.154320669805661E-01    0.428252175905194E-01
   -0.102337767137550E-01    0.419355720169683E-01
   -0.522229365952710E-02    0.408864388704500E-01
   -0.611935944926166E-03    0.398809255121504E-01
    0.357171667404139E-02    0.387014314861380E-01
    0.727765355276774E-02    0.374563271628290E-01
    0.105913309131411E-01    0.360176562339126E-01
    0.135216239124558E-01    0.344449432830294E-01
    0.161454964808281E-01    0.326694647071784E-01
    0.184716123376252E-01    0.307299424062965E-01
    0.205343918161827E-01    0.285895402187133E-01
    0.223197396982798E-01    0.262788940416302E-01
    0.238108905944415E-01    0.237811928113137E-01
    0.249525700833092E-01    0.211290558844015E-01
    0.256600877389247E-01    0.183239304967087E-01
    0.258124343609726E-01    0.154164354885404E-01
    0.252425416585664E-01    0.124385889677205E-01
    0.237731162004100E-01    0.948679061990899E-02
    0.212170712543303E-01    0.664739347248962E-02
    0.174699272274965E-01    0.409027597029079E-02
    0.125233366161203E-01    0.197017253495907E-02
    0.657471719313009E-02    0.535650989539333E-03
    0.000000000000000E+00    0.000000000000000E+00
    0.000000000000000E+00    0.000000000000000E+00
   -0.898753971672260E-02   -0.336323506098842E-04
   -0.142258323437487E-01    0.340308656606458E-03
   -0.162717913600235E-01    0.180940989153580E-02
   -0.159518737025399E-01    0.471798745963307E-02
   -0.144983609135979E-01    0.921998493585222E-02
   -0.131969999918210E-01    0.146578627793144E-01
   -0.129688392459213E-01    0.207364622588634E-01
   -0.142107548528940E-01    0.266212446601529E-01
   -0.169669147552160E-01    0.318886264257977E-01
   -0.205773398924665E-01    0.362043174839084E-01
   -0.244400887909558E-01    0.393091363654192E-01
   -0.275465279265187E-01    0.412723743016296E-01
   -0.293239399937018E-01    0.421620339016705E-01
   -0.292781267923192E-01    0.421994015858888E-01
   -0.273981650461926E-01    0.417492190606633E-01
   -0.240055696935522E-01    0.408868447084580E-01
   -0.194960076045397E-01    0.400117013321990E-01
   -0.144645097815765E-01    0.390040162840889E-01
   -0.926447157345435E-02    0.381269420830302E-01
   -0.425316038987577E-02    0.371752772774547E-01
    0.423750520456299E-03    0.362874815499760E-01
    0.468558158191734E-02    0.352844663454010E-01
    0.852396365264077E-02    0.342356376112873E-01
    0.119780612050425E-01    0.330275704413871E-01
    0.150786090386459E-01    0.316985748448983E-01
    0.178745334047668E-01    0.301848208618396E-01
    0.203855875633290E-01    0.285117399328473E-01
    0.226301125290800E-01    0.266456410464740E-01
    0.245985783440498E-01    0.246063685577945E-01
    0.262641776922918E-01    0.223789143612607E-01
    0.275676834460980E-01    0.199851557390605E-01
    0.284147692553495E-01    0.174268795133656E-01
    0.286669487780483E-01    0.147435590508810E-01
    0.281374024609197E-01    0.119661313558574E-01
    0.266206809453446E-01    0.918070965134506E-02
    0.238849882968059E-01    0.647368787432094E-02
    0.198072912949274E-01    0.400753600436133E-02
    0.143089968875990E-01    0.194459460013714E-02
    0.760211110817822E-02    0.530677743038991E-03
    0.000000000000000E+00    0.000000000000000E+00
    0.000000000000000E+00    0.000000000000000E+00
   -0.882237379196178E-02   -0.254177340620905E-03
   -0.146616102945531E-01   -0.537300559195294E-03
   -0.179353387264961E-01   -0.707954977384580E-04
   -0.190667619933386E-01    0.153552110605837E-02
   -0.190499289276546E-01    0.475627803964953E-02
   -0.185689381580666E-01    0.897003810491132E-02
   -0.187828513494778E-01    0.142315986156207E-01
   -0.196424311977647E-01    0.195554972448006E-01
   -0.217564515637487E-01    0.245435364321035E-01
   -0.242707462576267E-01    0.289358576155145E-01
   -0.269490895677038E-01    0.320274025974434E-01
   -0.289957099594803E-01    0.343319934551993E-01
   -0.297281132052349E-01    0.353254715306472E-01
   -0.291057019494299E-01    0.357003889944631E-01
   -0.267251054712284E-01    0.354223664367152E-01
   -0.231982483237524E-01    0.348314302033036E-01
   -0.186152219147866E-01    0.341779320462746E-01
   -0.136154093282918E-01    0.334188601502942E-01
   -0.845939408381735E-02    0.328038482914755E-01
   -0.345429542527065E-02    0.321222695064549E-01
    0.123335145987747E-02    0.315260247944927E-01
    0.556860027182061E-02    0.308217407478287E-01
    0.949972069106912E-02    0.300867180011444E-01
    0.130910673941833E-01    0.291978087092570E-01
    0.163391685102265E-01    0.281974700719136E-01
    0.193061437052211E-01    0.270147662027163E-01
    0.219909516773871E-01    0.256772170337618E-01
    0.244192906585375E-01    0.241452436065508E-01
    0.265695248880977E-01    0.224396694842172E-01
    0.284160098848564E-01    0.205384682590240E-01
    0.298921832728425E-01    0.184633274746044E-01
    0.308934447473648E-01    0.162072577823266E-01
    0.312721723869321E-01    0.138073115932021E-01
    0.308149441861468E-01    0.112845086131689E-01
    0.292893937607414E-01    0.872065044740632E-02
    0.264297890232597E-01    0.619290195622014E-02
    0.220541577726535E-01    0.386259473390153E-02
    0.160686004648872E-01    0.188593973092375E-02
    0.860801337380345E-02    0.519844838336405E-03
    0.000000000000000E+00    0.000000000000000E+00
    0.000000000000000E+00    0.000000000000000E+00
   -0.825758467344847E-02   -0.405424173862830E-03
   -0.142592016566864E-01   -0.121482890582301E-02
   -0.183149679351516E-01   -0.168475266616572E-02
   -0.207318041042019E-01   -0.127174759545226E-02
   -0.220181439878845E-01    0.375697162780472E-03
   -0.227455208175687E-01    0.323224258665052E-02
   -0.235362886795561E-01    0.708723297939251E-02
   -0.246216862098187E-01    0.114175860634762E-01
   -0.263026427892763E-01    0.157595954763653E-01
   -0.280670058595906E-01    0.196740736657329E-01
   -0.298314190333617E-01    0.228063621806942E-01
   -0.307595856830687E-01    0.250774608592843E-01
   -0.307382978925952E-01    0.264573077182294E-01
   -0.292920218559515E-01    0.271147033640928E-01
   -0.265972134011199E-01    0.272930196180296E-01
   -0.227605644010627E-01    0.271232496894941E-01
   -0.181638896958678E-01    0.268955668424951E-01
   -0.131452044668100E-01    0.265718918008569E-01
   -0.802942493807623E-02    0.263490101870199E-01
   -0.303505089097657E-02    0.260778692691997E-01
    0.168249523356447E-02    0.258605265997236E-01
    0.607819844741085E-02    0.255487289671793E-01
    0.101166585163077E-01    0.251932722685445E-01
    0.138351742201280E-01    0.246908356030534E-01
    0.172392832576892E-01    0.240722020150282E-01
    0.203721322810994E-01    0.232744617483335E-01
    0.232371367543634E-01    0.223191804049060E-01
    0.258499609326429E-01    0.211700402247450E-01
    0.281898321867706E-01    0.198426625523418E-01
    0.302267818719417E-01    0.183157343414809E-01
    0.318875430473223E-01    0.166040746681440E-01
    0.330646878541464E-01    0.146992653288400E-01
    0.335889639136858E-01    0.126291122407616E-01
    0.332350361769676E-01    0.104103073679980E-01
    0.317346742142351E-01    0.811405071770331E-02
    0.287826212734433E-01    0.581181132172991E-02
    0.241672029942117E-01    0.365541534991190E-02
    0.177211516710614E-01    0.180065209842636E-02
    0.958138393634509E-02    0.499228638708257E-03
    0.000000000000000E+00    0.000000000000000E+00
    0.000000000000000E+00    0.000000000000000E+00
   -0.737759630674039E-02   -0.546840006897797E-03
   -0.131985458425274E-01   -0.177598468930003E-02
   -0.177310263026351E-01   -0.302798254259654E-02
   -0.211072281311332E-01   -0.372121007462974E-02
   -0.235952804172971E-01   -0.348089396173965E-02
   -0.253912825219370E-01   -0.213923106451921E-02
   -0.270179742695379E-01    0.235386975579018E-03
   -0.284057626866710E-01    0.325590502368855E-02
   -0.300116038388690E-01    0.656738197141787E-02
   -0.312945152489509E-01    0.981814662124087E-02
   -0.323101550032117E-01    0.125180759144741E-01
   -0.325372106778418E-01    0.147913743365295E-01
   -0.317117925877120E-01    0.162497388171960E-01
   -0.298313016674489E-01    0.173150442738687E-01
   -0.266988303385599E-01    0.178803789305276E-01
   -0.227616276235489E-01    0.182508713646237E-01
   -0.180665632341757E-01    0.185177237910435E-01
   -0.130904842781838E-01    0.187241445984087E-01
   -0.798747171788983E-02    0.189904767807169E-01
   -0.300881137899621E-02    0.192058886782814E-01
    0.173699197760050E-02    0.194463451518309E-01
    0.619880775864968E-02    0.195868802396934E-01
    0.103375366329780E-01    0.196673963969495E-01
    0.141868090885633E-01    0.195990417989696E-01
    0.177409773218480E-01    0.194056336718260E-01
    0.210408495865065E-01    0.190337077992716E-01
    0.240825777764392E-01    0.184993415247962E-01
    0.268807610745071E-01    0.177709538414653E-01
    0.294114949301710E-01    0.168602786142217E-01
    0.316414472935792E-01    0.157457888525194E-01
    0.334980594672562E-01    0.144388038022632E-01
    0.348604155180613E-01    0.129260205910668E-01
    0.355593383270132E-01    0.112299033892346E-01
    0.353378380989360E-01    0.935829047544616E-02
    0.339098652214293E-01    0.737372641915606E-02
    0.309268848406956E-01    0.533721249749238E-02
    0.261211958844107E-01    0.339234568138092E-02
    0.192971418667438E-01    0.168691174126890E-02
    0.105063783507938E-01    0.473395958481239E-03
    0.000000000000000E+00    0.000000000000000E+00
    0.000000000000000E+00    0.000000000000000E+00
   -0.631451177412513E-02   -0.608155894224025E-03
   -0.116627786545336E-01   -0.210446254537404E-02
   -0.162811981696122E-01   -0.389534327307051E-02
   -0.202901627628206E-01   -0.545340788285999E-02
   -0.237028585228872E-01   -0.639840917797731E-02
   -0.265618732731098E-01   -0.641566355688365E-02
   -0.290356687014001E-01   -0.555221613933218E-02
   -0.310649853651950E-01   -0.390567077726006E-02
   -0.328546137263566E-01   -0.180721221563676E-02
   -0.340346112164218E-01    0.491599179799609E-03
   -0.347136169090781E-01    0.264006563059714E-02
   -0.343899664142251E-01    0.455746911974206E-02
   -0.331706500835022E-01    0.606610536058349E-02
   -0.307875204945089E-01    0.728648991458453E-02
   -0.274774332653988E-01    0.823032908908673E-02
   -0.233143473480897E-01    0.903111596647345E-02
   -0.186153359162584E-01    0.977503803929060E-02
   -0.135942542863437E-01    0.104824902598061E-01
   -0.850670394428901E-02    0.112215329872407E-01
   -0.349936893411975E-02    0.119204506100328E-01
    0.129543900487567E-02    0.126139626349542E-01
    0.584216084137061E-02    0.132117605993554E-01
    0.100971737798474E-01    0.137336386794878E-01
    0.140847904518837E-01    0.141085107736568E-01
    0.177978974513891E-01    0.143527178659180E-01
    0.212683972843894E-01    0.144201880180488E-01
    0.244920007318483E-01    0.143243919556648E-01
    0.274795248228790E-01    0.140358417878272E-01
    0.302060797730305E-01    0.135638975465605E-01
    0.326391207077322E-01    0.128869453155004E-01
    0.346991043496150E-01    0.120114368944791E-01
    0.362686273517225E-01    0.109217559602704E-01
    0.371559023780869E-01    0.963173667557227E-02
    0.371005359398936E-01    0.814295176591675E-02
    0.357760221613520E-01    0.650606981353776E-02
    0.328015728634560E-01    0.477193888380551E-02
    0.278701231180395E-01    0.307187597060208E-02
    0.207118788349677E-01    0.154575074026853E-02
    0.113669333520376E-01    0.437740937268348E-03
    0.000000000000000E+00    0.000000000000000E+00
    0.000000000000000E+00    0.000000000000000E+00
   -0.510665295504315E-02   -0.645536272454567E-03
   -0.978394724380112E-02   -0.226742635036571E-02
   -0.142621103904417E-01   -0.441049079465904E-02
   -0.185935610630053E-01   -0.654967246240457E-02
   -0.226678215359667E-01   -0.840917505850942E-02
   -0.263471033512385E-01   -0.954824338763241E-02
   -0.296340517600425E-01   -0.999251859600970E-02
   -0.322953512972819E-01   -0.967331475483508E-02
   -0.344750114117652E-01   -0.879821054109270E-02
   -0.357999231131242E-01   -0.754331997499287E-02
   -0.363726681203953E-01   -0.616739546528177E-02
   -0.359035089226611E-01   -0.473642925112610E-02
   -0.343936321515812E-01   -0.346584296308309E-02
   -0.318860189436993E-01   -0.222792698677225E-02
   -0.283907908579228E-01   -0.112814828096109E-02
   -0.242278393787639E-01   -0.235207220406612E-04
   -0.194866053279505E-01    0.106896270999675E-02
   -0.145098901853394E-01    0.218385378931371E-02
   -0.941440121907768E-02    0.332999007058634E-02
   -0.440260808341543E-02    0.445647422371442E-02
    0.447650849390833E-03    0.556733053722218E-02
    0.507227818082246E-02    0.659413153388045E-02
    0.944158205483524E-02    0.753724353783528E-02
    0.135617918515111E-01    0.834492154321214E-02
    0.174287772235890E-01    0.901817913107018E-02
    0.210637074414267E-01    0.952587045843572E-02
    0.244639173940870E-01    0.986987856178520E-02
    0.276347237184398E-01    0.100297761928060E-01
    0.305543588818867E-01    0.100070983848134E-01
    0.331854500862159E-01    0.978316484972338E-02
    0.354551400584858E-01    0.935892395929825E-02
    0.372327377039574E-01    0.871509326052827E-02
    0.383347606116266E-01    0.785937337782447E-02
    0.384680675068575E-01    0.678319625022474E-02
    0.372982461188567E-01    0.552689459956690E-02
    0.343950732958857E-01    0.412744645633776E-02
    0.294004243904041E-01    0.270279137600087E-02
    0.220039432895691E-01    0.138141725065191E-02
    0.121543486661377E-01    0.397730156749736E-03
    0.000000000000000E+00    0.000000000000000E+00
    0.000000000000000E+00    0.000000000000000E+00
   -0.390934070765634E-02   -0.626394379067099E-03
   -0.781010384635405E-02   -0.226585349466922E-02
   -0.119146249133450E-01   -0.453214313297684E-02
   -0.163009743608619E-01   -0.702577166029847E-02
   -0.207588134148418E-01   -0.944580888005435E-02
   -0.250645041669574E-01   -0.114376003217726E-01
   -0.290329250186375E-01   -0.129122563285106E-01
   -0.323675905651457E-01   -0.137328247037337E-01
   -0.350380131860903E-01   -0.140106724734253E-01
   -0.367133837539675E-01   -0.137943419209773E-01
   -0.374701065863252E-01   -0.132789390111203E-01
   -0.370386320076286E-01   -0.125007150842386E-01
   -0.355785278816305E-01   -0.116298949929813E-01
   -0.330150342878260E-01   -0.106069604782558E-01
   -0.295867048932901E-01   -0.953558751636789E-02
   -0.254144373768878E-01   -0.833475037772405E-02
   -0.207577652824028E-01   -0.706308713511432E-02
   -0.157996851111407E-01   -0.569506383801888E-02
   -0.107421382289741E-01   -0.427244956623539E-02
   -0.571116606191274E-02   -0.282609335199365E-02
   -0.820887473891379E-03   -0.138681864572611E-02
    0.388524483515630E-02   -0.436519107118997E-05
    0.836048696500057E-02    0.130414825279022E-02
    0.126114709167501E-01    0.249636604600923E-02
    0.166251296228839E-01    0.356653891247535E-02
    0.204206058761470E-01    0.448568179075629E-02
    0.239912041110676E-01    0.525349665650090E-02
    0.273424843919911E-01    0.584880313376565E-02
    0.304512841449600E-01    0.627109818304451E-02
    0.332839434704349E-01    0.650047669754641E-02
    0.357627137549137E-01    0.653298228336187E-02
    0.377647670764407E-01    0.634691575308333E-02
    0.390867105322328E-01    0.594017685944062E-02
    0.394396529100582E-01    0.529774945604990E-02
    0.384482910809831E-01    0.444514262483192E-02
    0.356585032541165E-01    0.340663851829651E-02
    0.306657676879738E-01    0.228370755524423E-02
    0.230872959514286E-01    0.119018373370991E-02
    0.128472105769161E-01    0.348313322010579E-03
    0.000000000000000E+00    0.000000000000000E+00
    0.000000000000000E+00    0.000000000000000E+00
   -0.272504120785810E-02   -0.587364106097361E-03
   -0.579614160636667E-02   -0.214158680291601E-02
   -0.942609363200326E-02   -0.440240122465382E-02
   -0.136616867645157E-01   -0.699760627231300E-02
   -0.182664577002219E-01   -0.975339831478930E-02
   -0.229502814441445E-01   -0.122714959171291E-01
   -0.274279452048320E-01   -0.145079971972814E-01
   -0.313182242930849E-01   -0.162237064759087E-01
   -0.344953617058717E-01   -0.174623953713676E-01
   -0.366153790341382E-01   -0.182098266564495E-01
   -0.376911741108946E-01   -0.185350049964815E-01
   -0.375470915583595E-01   -0.184926208939009E-01
   -0.362634921222075E-01   -0.181562402639460E-01
   -0.339142748965059E-01   -0.175306687232109E-01
   -0.306207732589429E-01   -0.166840877767766E-01
   -0.266313678900599E-01   -0.155973413223076E-01
   -0.220889040884848E-01   -0.143305519789321E-01
   -0.172555042010375E-01   -0.128932337193302E-01
   -0.122560786711264E-01   -0.113403677587050E-01
   -0.726276323702501E-02   -0.971091671724728E-02
   -0.235353838593188E-02   -0.805302692965222E-02
    0.239728890313165E-02   -0.640841482706736E-02
    0.695703331736562E-02   -0.481419902528708E-02
    0.113105882052488E-01   -0.329858446500209E-02
    0.154511292424857E-01   -0.188704628353493E-02
    0.193841001384675E-01   -0.594992028262249E-03
    0.231073964711947E-01    0.560983630858270E-03
    0.266196935787593E-01    0.156936727222948E-02
    0.299032361198133E-01    0.241826460254964E-02
    0.329206000554290E-01    0.309133538140854E-02
    0.356033692456854E-01    0.357791053490362E-02
    0.378190368014390E-01    0.385157256928337E-02
    0.393783203852349E-01    0.390529865467743E-02
    0.399631854284232E-01    0.370997929445553E-02
    0.391998564291149E-01    0.328239637031673E-02
    0.365830900365703E-01    0.262635493588868E-02
    0.316637956650029E-01    0.182788855620071E-02
    0.240085183767673E-01    0.983378872134896E-03
    0.134459354150010E-01    0.296089922320187E-03
    0.000000000000000E+00    0.000000000000000E+00
    0.000000000000000E+00    0.000000000000000E+00
   -0.166367651523892E-02   -0.524821775838553E-03
   -0.393121871303075E-02   -0.194972651960008E-02
   -0.699810079196466E-02   -0.406945514116441E-02
   -0.109382815163553E-01   -0.663480136811158E-02
   -0.154933672572758E-01   -0.945913645501044E-02
   -0.203520047128406E-01   -0.122857542711183E-01
   -0.251564655309129E-01   -0.149764975410279E-01
   -0.294840951125098E-01   -0.173482906659055E-01
   -0.331126531816081E-01   -0.193430792940943E-01
   -0.356922488419103E-01   -0.208969888040513E-01
   -0.371858119176557E-01   -0.220213188407332E-01
   -0.374149712483463E-01   -0.226991223061613E-01
   -0.364937551374283E-01   -0.229897587588823E-01
   -0.344411051275659E-01   -0.228638115908853E-01
   -0.314627646056778E-01   -0.224070909343378E-01
   -0.277123945083552E-01   -0.215902339008339E-01
   -0.234133168893836E-01   -0.205083691474676E-01
   -0.187451125321840E-01   -0.191605469993285E-01
   -0.138866828508628E-01   -0.176364482414074E-01
   -0.896578614016669E-02   -0.159627441789971E-01
   -0.409334165590361E-02   -0.142115113430677E-01
    0.671262582167564E-03   -0.124174657450102E-01
    0.527436759769930E-02   -0.106302151116206E-01
    0.970369441438624E-02   -0.887812295155165E-02
    0.139391683483994E-01   -0.719142608619849E-02
    0.179869421484871E-01   -0.558988269029921E-02
    0.218384024006127E-01   -0.409160725434198E-02
    0.254937353395557E-01   -0.271268466299494E-02
    0.289342070387111E-01   -0.146707949651900E-02
    0.321264983446923E-01   -0.374061782753792E-03
    0.350012374671648E-01    0.549863053740011E-03
    0.374353665206664E-01    0.127632873958891E-02
    0.392261521447301E-01    0.178582755299831E-02
    0.400653770028355E-01    0.204448060591797E-02
    0.395430479005451E-01    0.204918553169334E-02
    0.371383276313123E-01    0.179107199608670E-02
    0.323526907366147E-01    0.133333136856596E-02
    0.246838262186810E-01    0.752673937082099E-03
    0.139245142065427E-01    0.235642074912914E-03
    0.000000000000000E+00    0.000000000000000E+00
    0.000000000000000E+00    0.000000000000000E+00
   -0.701643082403709E-03   -0.453733120879470E-03
   -0.220177620156392E-02   -0.170156061563556E-02
   -0.469817551856396E-02   -0.362969273403952E-02
   -0.824582734309425E-02   -0.602062538026888E-02
   -0.126058729818431E-01   -0.879389741350773E-02
   -0.174561283651650E-01   -0.116881149866023E-01
   -0.224090776605431E-01   -0.146373052080058E-01
   -0.270187715394030E-01   -0.174095936524469E-01
   -0.310035540908455E-01   -0.199472441548328E-01
   -0.340045165447639E-01   -0.221353119230550E-01
   -0.359224877279449E-01   -0.239210491414264E-01
   -0.366054231069411E-01   -0.252782898867497E-01
   -0.361023549600346E-01   -0.261800716962526E-01
   -0.344818781754850E-01   -0.266312536365538E-01
   -0.318795191795571E-01   -0.266459104352939E-01
   -0.284975249397774E-01   -0.262433403526105E-01
   -0.244972615731570E-01   -0.254742005837471E-01
   -0.200957030651267E-01   -0.243744371403901E-01
   -0.154312841539958E-01   -0.230148274916890E-01
   -0.106610840210736E-01   -0.214384780336243E-01
   -0.587624664022606E-02   -0.197186219214199E-01
   -0.116104858324784E-02   -0.178898547792585E-01
    0.343916595120277E-02   -0.160159938562058E-01
    0.789179790961132E-02   -0.141160093233147E-01
    0.121814529103145E-01   -0.122400849373529E-01
    0.163001601998811E-01   -0.103954526676763E-01
    0.202435936756024E-01   -0.861988974904889E-02
    0.240050060583703E-01   -0.691864319378879E-02
    0.275705682586091E-01   -0.532071011618111E-02
    0.309056481468958E-01   -0.384081373001736E-02
    0.339499288190430E-01   -0.250355247255059E-02
    0.365770863255052E-01   -0.134346596741450E-02
    0.386013510781219E-01   -0.382593387496194E-03
    0.396939562831929E-01    0.325131376870699E-03
    0.394544883749480E-01    0.772828847321811E-03
    0.373148634860959E-01    0.920737086906321E-03
    0.327394310330403E-01    0.818717812125068E-03
    0.251677867241194E-01    0.516227928298493E-03
    0.142941353407810E-01    0.174750611125545E-03
    0.000000000000000E+00    0.000000000000000E+00
    0.000000000000000E+00    0.000000000000000E+00
    0.105226753596298E-03   -0.381541326641116E-03
   -0.715770541459818E-03   -0.145232424423746E-02
   -0.264289700296336E-02   -0.313563732752252E-02
   -0.575235264440476E-02   -0.530842412667241E-02
   -0.981203958029090E-02   -0.788778763001044E-02
   -0.145140330400835E-01   -0.107312359898694E-01
   -0.194615729494204E-01   -0.137231072723655E-01
   -0.242034727100218E-01   -0.167164520841427E-01
   -0.284232638795780E-01   -0.195879164224362E-01
   -0.317540064949155E-01   -0.222325263156684E-01
   -0.340613990496422E-01   -0.245508099254125E-01
   -0.351766859242782E-01   -0.264769703679548E-01
   -0.351383146082136E-01   -0.279646728563104E-01
   -0.339750296850709E-01   -0.289730324360662E-01
   -0.318362368853302E-01   -0.295175840238460E-01
   -0.288705081626922E-01   -0.295826512489494E-01
   -0.252627595085301E-01   -0.292313744647049E-01
   -0.211856118797727E-01   -0.284753470845900E-01
   -0.168006363823111E-01   -0.273993096214058E-01
   -0.122410373655296E-01   -0.260323810970898E-01
   -0.761860218120399E-02   -0.244571791247322E-01
   -0.300923904866935E-02   -0.227051629823139E-01
    0.152367659433045E-02   -0.208435063218750E-01
    0.594967962379441E-02   -0.188964821366255E-01
    0.102393852761568E-01   -0.169132625989427E-01
    0.143859829375076E-01   -0.149101940385348E-01
    0.183774580029962E-01   -0.129226646580243E-01
    0.222084873459740E-01   -0.109644933944556E-01
    0.258651495622712E-01   -0.906435680048213E-02
    0.293157453658410E-01   -0.724215854664699E-02
    0.325043221300427E-01   -0.552811462987531E-02
    0.353130102833901E-01   -0.395809061688721E-02
    0.375528283825967E-01   -0.256973722331066E-02
    0.389074959315013E-01   -0.141842243867178E-02
    0.389511535967330E-01   -0.538139942423952E-03
    0.371071305879192E-01    0.217786778787153E-04
    0.327925803968732E-01    0.278947338316251E-03
    0.253825019692627E-01    0.260978000866794E-03
    0.145255675836186E-01    0.107328644128810E-03
    0.000000000000000E+00    0.000000000000000E+00
    0.000000000000000E+00    0.000000000000000E+00
    0.789864357684128E-03   -0.309079726850642E-03
    0.576859221688173E-03   -0.119213327517666E-02
   -0.823195451890577E-03   -0.263078100444223E-02
   -0.347119853634101E-02   -0.452774044431859E-02
   -0.716804245214751E-02   -0.687556189599981E-02
   -0.116172284743603E-01   -0.953771840995191E-02
   -0.164323722242527E-01   -0.124684510661488E-01
   -0.211756157647234E-01   -0.155016756355931E-01
   -0.255099990099576E-01   -0.185501816908904E-01
   -0.290767400976562E-01   -0.214764052218209E-01
   -0.317007189961895E-01   -0.241734062398461E-01
   -0.332201524656217E-01   -0.265537049839997E-01
   -0.336218069824247E-01   -0.285301353448518E-01
   -0.329421813522344E-01   -0.300633819452206E-01
   -0.312775386223449E-01   -0.311147204624161E-01
   -0.287844849253378E-01   -0.316859273440802E-01
   -0.256048095071740E-01   -0.317907613385153E-01
   -0.219206739714363E-01   -0.314598097749545E-01
   -0.178670704913525E-01   -0.307447511067184E-01
   -0.135902181501101E-01   -0.296855617477500E-01
   -0.918945862930558E-02   -0.283519287713110E-01
   -0.475701815000027E-02   -0.267752665608838E-01
   -0.350878458888419E-03   -0.250275760217583E-01
    0.398157865475836E-02   -0.231236379758069E-01
    0.821485788176656E-02   -0.211292776679624E-01
    0.123284913398819E-01   -0.190455606994274E-01
    0.163145443064081E-01   -0.169292379362973E-01
    0.201608535620300E-01   -0.147784971998076E-01
    0.238577026845371E-01   -0.126410183774874E-01
    0.273748965021346E-01   -0.105276935179038E-01
    0.306639690953573E-01   -0.847939744989801E-02
    0.336123196152944E-01   -0.653744914741885E-02
    0.360481783388160E-01   -0.473957700547827E-02
    0.376485457310118E-01   -0.316784298104799E-02
    0.380032930166365E-01   -0.185199959392149E-02
    0.364990208967410E-01   -0.886857665957333E-03
    0.325237413403681E-01   -0.260971488772224E-03
    0.253891621061237E-01    0.111948888900041E-04
    0.146413781558539E-01    0.426603644649558E-04
    0.000000000000000E+00    0.000000000000000E+00
    0.000000000000000E+00    0.000000000000000E+00
    0.133174808969787E-02   -0.244450839323344E-03
    0.162246893798223E-02   -0.957448602781540E-03
    0.707462052225013E-03   -0.214296292305987E-02
   -0.149153302000300E-02   -0.376771200619472E-02
   -0.478698267289919E-02   -0.582520688468730E-02
   -0.891165092867778E-02   -0.826145083535353E-02
   -0.134968532926694E-01   -0.110105832754907E-01
   -0.181230893647276E-01   -0.139796939502106E-01
   -0.224572324038261E-01   -0.170514121625320E-01
   -0.261431928713666E-01   -0.201210469267267E-01
   -0.289958304842419E-01   -0.230560388259038E-01
   -0.308369184020030E-01   -0.257615851365381E-01
   -0.316394530216866E-01   -0.281349675627337E-01
   -0.314057886496669E-01   -0.301077474071404E-01
   -0.302218442555277E-01   -0.316345019128259E-01
   -0.282048910103959E-01   -0.326824763320851E-01
   -0.254919188277506E-01   -0.332640278253003E-01
   -0.222350910919414E-01   -0.333799796453713E-01
   -0.185705819290500E-01   -0.330816700897066E-01
   -0.146290774838303E-01   -0.323902866990681E-01
   -0.105169252579019E-01   -0.313727890601698E-01
   -0.632100553688574E-02   -0.300549423805052E-01
   -0.211044560761723E-02   -0.285020874226181E-01
    0.206915995066869E-02   -0.267343992678518E-01
    0.618053677703288E-02   -0.248076428165896E-01
    0.102050749073163E-01   -0.227345758124838E-01
    0.141271722359179E-01   -0.205610348623892E-01
    0.179365569480815E-01   -0.182976894267680E-01
    0.216246858332809E-01   -0.159847412558945E-01
    0.251631250012311E-01   -0.136413663592533E-01
    0.285143714470727E-01   -0.113101537024101E-01
    0.315714945950640E-01   -0.903372822369954E-02
    0.341739213315546E-01   -0.686713081917282E-02
    0.360104669219768E-01   -0.488945448249578E-02
    0.366638896933224E-01   -0.316649464856909E-02
    0.355165809186642E-01   -0.179622442546070E-02
    0.319182950340630E-01   -0.812960393620565E-03
    0.251194068051858E-01   -0.251393426826959E-03
    0.146106508205860E-01   -0.268791390265727E-04
    0.000000000000000E+00    0.000000000000000E+00
    0.000000000000000E+00    0.000000000000000E+00
    0.176072959001600E-02   -0.182815900496707E-03
    0.247966430494625E-02   -0.730983803144135E-03
    0.198736858145690E-02   -0.168282314391147E-02
    0.221252340292086E-03   -0.302236036629363E-02
   -0.266533043241632E-02   -0.479282411493388E-02
   -0.642173433533589E-02   -0.694651432235795E-02
   -0.107072463741337E-01   -0.947240921644817E-02
   -0.151318425103671E-01   -0.122731456012707E-01
   -0.193669627719500E-01   -0.152738727855399E-01
   -0.230798364666500E-01   -0.183561198516724E-01
   -0.260658598055058E-01   -0.214059684506962E-01
   -0.281562541606055E-01   -0.243140261873939E-01
   -0.292877585093105E-01   -0.269692782892633E-01
   -0.294602653450203E-01   -0.292959513972834E-01
   -0.287180787343169E-01   -0.312191375568618E-01
   -0.271708779896596E-01   -0.327073420579828E-01
   -0.249204127739209E-01   -0.337340811263834E-01
   -0.221132580329092E-01   -0.343056776707675E-01
   -0.188628467717404E-01   -0.344383584808475E-01
   -0.153007066634291E-01   -0.341569724095359E-01
   -0.115214885754519E-01   -0.335067145079023E-01
   -0.762009115970073E-02   -0.325103198819479E-01
   -0.365950548520402E-02   -0.312284729519605E-01
    0.301910202227649E-03   -0.296690589637545E-01
    0.423223113675928E-02   -0.278988864355352E-01
    0.809984054328136E-02   -0.259096947810083E-01
    0.118951327974831E-01   -0.237688172506251E-01
    0.156005210017724E-01   -0.214619586752373E-01
    0.192129519467350E-01   -0.190528309854609E-01
    0.227079690579905E-01   -0.165412952373188E-01
    0.260546342448855E-01   -0.139852224038530E-01
    0.291615909095844E-01   -0.114270734829553E-01
    0.318839501813773E-01   -0.892048966967801E-02
    0.339236114632009E-01   -0.657682048008459E-02
    0.348831206781970E-01   -0.444695263960469E-02
    0.341267580528589E-01   -0.269332766854489E-02
    0.309839448358890E-01   -0.134369328599973E-02
    0.246369299941475E-01   -0.496683971993183E-03
    0.144669417883313E-01   -0.894501058558647E-04
    0.000000000000000E+00    0.000000000000000E+00
    0.000000000000000E+00    0.000000000000000E+00
    0.207266396650379E-02   -0.129987147565568E-03
    0.312061097990458E-02   -0.532703879005464E-03
    0.299614381073231E-02   -0.125898713867105E-02
    0.162206360824444E-02   -0.233321483429281E-02
   -0.856488623390837E-03   -0.379939432001524E-02
   -0.422272853211327E-02   -0.566403959943413E-02
   -0.816090005014398E-02   -0.790923408777095E-02
   -0.123107869995473E-01   -0.104919894507959E-01
   -0.163658772134578E-01   -0.133276474698801E-01
   -0.200062290914505E-01   -0.163335357245768E-01
   -0.230363551878921E-01   -0.193872148995556E-01
   -0.252780722592714E-01   -0.223901638998443E-01
   -0.266646044716164E-01   -0.252249170485737E-01
   -0.271686730044033E-01   -0.278051484818809E-01
   -0.268234655103575E-01   -0.300509562881557E-01
   -0.257064239640503E-01   -0.319071022742751E-01
   -0.239064646679764E-01   -0.333426433808790E-01
   -0.215450575672867E-01   -0.343368755827175E-01
   -0.187261461186264E-01   -0.349004822981605E-01
   -0.155676642016422E-01   -0.350372297168649E-01
   -0.121613253802097E-01   -0.347834805762164E-01
   -0.859669767642138E-02   -0.341526941871808E-01
   -0.494087322471299E-02   -0.331913405802172E-01
   -0.124934829664378E-02   -0.319109171712379E-01
    0.243748280526116E-02   -0.303582672337457E-01
    0.609156486040849E-02   -0.285385401546982E-01
    0.969622237504873E-02   -0.264955532653199E-01
    0.132375599005095E-01   -0.242322192859045E-01
    0.167152789930996E-01   -0.217911324777259E-01
    0.201063944381603E-01   -0.191855623459566E-01
    0.233993456001918E-01   -0.164645166535140E-01
    0.265042758666563E-01   -0.136735784647976E-01
    0.293077961154296E-01   -0.108812777674282E-01
    0.315186983674035E-01   -0.819132683771591E-02
    0.327615800151161E-01   -0.570058751631873E-02
    0.323958793688882E-01   -0.356479916979873E-02
    0.297310684878627E-01   -0.187676674783549E-02
    0.238881872695211E-01   -0.749346916482781E-03
    0.141788592099406E-01   -0.155988132494236E-03
    0.000000000000000E+00    0.000000000000000E+00
    0.000000000000000E+00    0.000000000000000E+00
    0.228974576847145E-02   -0.803249373571520E-04
    0.359772169963684E-02   -0.345993825612831E-03
    0.377378370121579E-02   -0.867724691270227E-03
    0.275802638529626E-02   -0.167988563962725E-02
    0.664090542719406E-03   -0.285908124185745E-02
   -0.230597397765743E-02   -0.441576309788810E-02
   -0.587059118715989E-02   -0.637157536366925E-02
   -0.970231830083920E-02   -0.868484706630554E-02
   -0.135126222436573E-01   -0.113074916438067E-01
   -0.170121198352540E-01   -0.141550225816404E-01
   -0.200014966348530E-01   -0.171302760375596E-01
   -0.223187227495834E-01   -0.201306450618936E-01
   -0.238751021490194E-01   -0.230467665151679E-01
   -0.246439672217553E-01   -0.257881353678188E-01
   -0.246278143225030E-01   -0.282645730656729E-01
   -0.238952807577327E-01   -0.304185405925271E-01
   -0.225062683514465E-01   -0.321950782745061E-01
   -0.205719030148729E-01   -0.335731511451709E-01
   -0.181752744708677E-01   -0.345348302854171E-01
   -0.154284604123688E-01   -0.350832807606149E-01
   -0.124109237123938E-01   -0.352314284259311E-01
   -0.921366304703378E-02   -0.349878248744622E-01
   -0.589623549980585E-02   -0.343879668623158E-01
   -0.252284768417610E-02   -0.334290484418096E-01
    0.873684949850258E-03   -0.321634814778421E-01
    0.425272345013963E-02   -0.305696466380799E-01
    0.760677662735146E-02   -0.287118675948626E-01
    0.109130528124046E-01   -0.265556255535433E-01
    0.141804269936573E-01   -0.241722051590163E-01
    0.173911087637164E-01   -0.215380444728737E-01
    0.205412569162551E-01   -0.187248706037324E-01
    0.235688786833360E-01   -0.157646005206059E-01
    0.263736047566579E-01   -0.127246591636186E-01
    0.287050642194201E-01   -0.974339207064460E-02
    0.302091941663401E-01   -0.688979389515971E-02
    0.302573742695343E-01   -0.440855921851276E-02
    0.281491606858582E-01   -0.236602559468855E-02
    0.229299462089940E-01   -0.972184899668946E-03
    0.137906640665022E-01   -0.209958989637268E-03
    0.000000000000000E+00    0.000000000000000E+00
    0.000000000000000E+00    0.000000000000000E+00
    0.241275674664585E-02   -0.372537059558583E-04
    0.389291082219503E-02   -0.180697674834741E-03
    0.431396444302803E-02   -0.508431778036399E-03
    0.360462292499701E-02   -0.107947636227951E-02
    0.187487133890880E-02   -0.197093603071128E-02
   -0.707271240773706E-03   -0.322849299847670E-02
   -0.388399429379922E-02   -0.487226631234574E-02
   -0.736226131637360E-02   -0.689835421713764E-02
   -0.108808611826104E-01   -0.925846000512816E-02
   -0.141699535854261E-01   -0.118983902387052E-01
   -0.170492356910825E-01   -0.147223560249778E-01
   -0.193550586696746E-01   -0.176449766485399E-01
   -0.210055608650956E-01   -0.205580621470765E-01
   -0.219548492691728E-01   -0.233730450434966E-01
   -0.222017563471972E-01   -0.259994904188259E-01
   -0.217886465522167E-01   -0.283682015901950E-01
   -0.207656225341439E-01   -0.304222195526168E-01
   -0.192212172724648E-01   -0.321209993507881E-01
   -0.172278546096531E-01   -0.334422719014283E-01
   -0.148837511512900E-01   -0.343702511067644E-01
   -0.122616012803884E-01   -0.349089816156012E-01
   -0.944542109440088E-02   -0.350564441365987E-01
   -0.649457624799074E-02   -0.348316836582132E-01
   -0.346915918053029E-02   -0.342342212135229E-01
   -0.408178919089415E-03   -0.332897650034341E-01
    0.265301185883696E-02   -0.319924535466095E-01
    0.569991661812010E-02   -0.303688157706080E-01
    0.871506567654034E-02   -0.284086565290274E-01
    0.117122388932745E-01   -0.261415626378544E-01
    0.146731156336736E-01   -0.235660431042934E-01
    0.176260931351281E-01   -0.207244039627379E-01
    0.205025474336648E-01   -0.176563147130680E-01
    0.232651170173715E-01   -0.144342841264239E-01
    0.256572046862979E-01   -0.111845571682196E-01
    0.273942029996261E-01   -0.803240846006409E-02
    0.278331043192383E-01   -0.520247638760399E-02
    0.262863200731799E-01   -0.285310553394607E-02
    0.217336821954521E-01   -0.119813941354845E-02
    0.132704195862094E-01   -0.268114518433579E-03
    0.000000000000000E+00    0.000000000000000E+00
    0.000000000000000E+00    0.000000000000000E+00
    0.245628131778920E-02    0.390511252515420E-05
    0.404672438277749E-02   -0.230120236916269E-04
    0.464741968510887E-02   -0.172345645703147E-03
    0.420495560193717E-02   -0.508453727273183E-03
    0.280153062415894E-02   -0.113075198263675E-02
    0.593739670515179E-03   -0.208705241241335E-02
   -0.219624149547937E-02   -0.342488442100323E-02
   -0.530556772747085E-02   -0.514340872876502E-02
   -0.849760800814531E-02   -0.722200833920044E-02
   -0.115338598816515E-01   -0.961004984233051E-02
   -0.142401661242575E-01   -0.122352119382127E-01
   -0.164733549996676E-01   -0.150142924580177E-01
   -0.181406327484190E-01   -0.178538155047497E-01
   -0.192027477357928E-01   -0.206647923004911E-01
   -0.196372199330626E-01   -0.233596188815531E-01
   -0.194826631162749E-01   -0.258666028626480E-01
   -0.187659402748509E-01   -0.281200091758934E-01
   -0.175672993223216E-01   -0.300760297108441E-01
   -0.159404634054838E-01   -0.316962811738778E-01
   -0.139761780011890E-01   -0.329615186760663E-01
   -0.117353425741562E-01   -0.338587119797397E-01
   -0.929930231715347E-02   -0.343791834833163E-01
   -0.671974554616263E-02   -0.345326743887396E-01
   -0.406214178129217E-02   -0.343040451292301E-01
   -0.135853579429184E-02   -0.337227296844049E-01
    0.134436330345256E-02   -0.327524702820604E-01
    0.404195998278436E-02   -0.314407912381814E-01
    0.670425691755351E-02   -0.297268045479728E-01
    0.935756432164821E-02   -0.276755017770721E-01
    0.119880263493962E-01   -0.252243013680469E-01
    0.146334843845853E-01   -0.224464581367034E-01
    0.172688920575867E-01   -0.193437214347122E-01
    0.198660893837520E-01   -0.159893410887675E-01
    0.222501848105017E-01   -0.125435745683864E-01
    0.241538018669558E-01   -0.908409062506370E-02
    0.249949580621440E-01   -0.595910606206118E-02
    0.240921849920358E-01   -0.326981855105566E-02
    0.203318386193761E-01   -0.137779001361753E-02
    0.126762176183853E-01   -0.304513145676356E-03
    0.000000000000000E+00    0.000000000000000E+00
    0.000000000000000E+00    0.000000000000000E+00
    0.242016045776377E-02    0.414194692970489E-04
    0.404450531711003E-02    0.121787006114897E-03
    0.477313694888859E-02    0.143030562147236E-03
    0.454409278705183E-02    0.252931523661618E-04
    0.343937810002949E-02   -0.332635344042246E-03
    0.158219276464568E-02   -0.100028525286286E-02
   -0.825050427503879E-03   -0.202768519892992E-02
   -0.355581839664859E-02   -0.343680515654832E-02
   -0.639947934700168E-02   -0.521321587729377E-02
   -0.914131425978163E-02   -0.732600436159048E-02
   -0.116289182117557E-01   -0.971144857864331E-02
   -0.137239180717492E-01   -0.123001038033362E-01
   -0.153465871618630E-01   -0.150066373423947E-01
   -0.164455592229961E-01   -0.177470536942741E-01
   -0.170025353767943E-01   -0.204397415207989E-01
   -0.170350418891060E-01   -0.230078479555715E-01
   -0.165673036025962E-01   -0.253894919097205E-01
   -0.156586553835957E-01   -0.275273687511058E-01
   -0.143568150461831E-01   -0.293849361730895E-01
   -0.127370608304086E-01   -0.309265253294201E-01
   -0.108546070179270E-01   -0.321374878777031E-01
   -0.878191042921003E-02   -0.329961983797190E-01
   -0.656978220908329E-02   -0.335051250522694E-01
   -0.427931083162412E-02   -0.336476995140267E-01
   -0.194877558926935E-02   -0.334305645396873E-01
    0.381684148028788E-03   -0.328319303201672E-01
    0.269881769188112E-02   -0.318571531281869E-01
    0.497338545390715E-02   -0.304766397547794E-01
    0.723783332955640E-02   -0.286900568126825E-01
    0.946847341361472E-02   -0.264701989264794E-01
    0.117570767073831E-01   -0.238232480314817E-01
    0.140507581830885E-01   -0.207680848837928E-01
    0.164424716592382E-01   -0.173626099011781E-01
    0.187174698317966E-01   -0.137498329450525E-01
    0.207600045666423E-01   -0.100706481452206E-01
    0.219474035364401E-01   -0.663550469552165E-02
    0.216781023693666E-01   -0.368239252537855E-02
    0.187486200168535E-01   -0.155528359599517E-02
    0.119772869481505E-01   -0.345781684365286E-03
    0.000000000000000E+00    0.000000000000000E+00
    0.000000000000000E+00    0.000000000000000E+00
    0.231314437506696E-02    0.787124272825409E-04
    0.391414506047808E-02    0.264141847304310E-03
    0.471059374196187E-02    0.445794063916135E-03
    0.465624442372162E-02    0.539689925931218E-03
    0.380793852572537E-02    0.429998207509014E-03
    0.228012513590099E-02    0.441702611517545E-04
    0.239409978175818E-03   -0.683997354093608E-03
   -0.211339954952831E-02   -0.178202689736783E-02
   -0.459553820524229E-02   -0.325239781180783E-02
   -0.702096639599844E-02   -0.507183517004949E-02
   -0.924948476308632E-02   -0.719271043641256E-02
   -0.111643461674028E-01   -0.955242091064547E-02
   -0.126823624882029E-01   -0.120788412671486E-01
   -0.137635999264162E-01   -0.146911665127103E-01
   -0.143751662956186E-01   -0.173159137999450E-01
   -0.145372858610206E-01   -0.198748459660010E-01
   -0.142549687737727E-01   -0.223081749161184E-01
   -0.135847279817966E-01   -0.245539933050048E-01
   -0.125568493511295E-01   -0.265725049689992E-01
   -0.112413446221236E-01   -0.283213931159846E-01
   -0.968118232428690E-02   -0.297819399395808E-01
   -0.794541539621862E-02   -0.309230098339816E-01
   -0.607837528258804E-02   -0.317485094168411E-01
   -0.414104205433428E-02   -0.322289629539968E-01
   -0.217209261138561E-02   -0.323794296969943E-01
   -0.219193311642126E-03   -0.321432359206927E-01
    0.170667785048213E-02   -0.315615284856903E-01
    0.356267729907793E-02   -0.305470446621996E-01
    0.538269661709368E-02   -0.291359867626385E-01
    0.714342819934654E-02   -0.272114011208840E-01
    0.894631830332600E-02   -0.248200261705702E-01
    0.108023426363304E-01   -0.219059948219936E-01
    0.128038878821224E-01   -0.185214898130999E-01
    0.148833047137968E-01   -0.148420084984956E-01
    0.169286024658573E-01   -0.109258295686310E-01
    0.184640645997847E-01   -0.725692238424575E-02
    0.189151845913959E-01   -0.397532055843080E-02
    0.169506122350580E-01   -0.165789118872097E-02
    0.112477626409789E-01   -0.347721087440833E-03
    0.000000000000000E+00    0.000000000000000E+00
    0.000000000000000E+00    0.000000000000000E+00
    0.213369907477916E-02    0.113316639075492E-03
    0.364559998506433E-02    0.396279869318166E-03
    0.446426564919660E-02    0.730411439246773E-03
    0.453442584693214E-02    0.102098244768729E-02
    0.391454136626368E-02    0.114877983000336E-02
    0.268545359038944E-02    0.103061726007864E-02
    0.998636058786254E-03    0.593508445024155E-03
   -0.982784634725852E-03   -0.199041099255270E-03
   -0.309773052406848E-02   -0.136200140019628E-02
   -0.518743417442474E-02   -0.287884633559247E-02
   -0.713162970226742E-02   -0.471769825421543E-02
   -0.882387714931152E-02   -0.681991681436611E-02
   -0.101957737845793E-01   -0.912891253596007E-02
   -0.112013608974846E-01   -0.115637095718863E-01
   -0.118168650342680E-01   -0.140641684054945E-01
   -0.120457879986615E-01   -0.165459295342405E-01
   -0.118971941325130E-01   -0.189607394342311E-01
   -0.114073992164661E-01   -0.212340067455898E-01
   -0.106065449774346E-01   -0.233371062823956E-01
   -0.954673182068982E-02   -0.252092211807450E-01
   -0.826901277486098E-02   -0.268453763755630E-01
   -0.683170985457983E-02   -0.281941754524109E-01
   -0.528065666419925E-02   -0.292736128680969E-01
   -0.366585109471953E-02   -0.300400466190043E-01
   -0.203259336530950E-02   -0.305140948333259E-01
   -0.426447879778258E-03   -0.306337388250857E-01
    0.112093795545541E-02   -0.304348762453722E-01
    0.256849226720614E-02   -0.298537737711403E-01
    0.394590823903044E-02   -0.288458356836075E-01
    0.518651810868562E-02   -0.273428744717605E-01
    0.649618108335877E-02   -0.252906689152839E-01
    0.778554336601254E-02   -0.226489315673481E-01
    0.937245858953849E-02   -0.193966978344490E-01
    0.110788586133291E-01   -0.156892223649600E-01
    0.131337438202502E-01   -0.116717062285377E-01
    0.149204817865822E-01   -0.774262719271638E-02
    0.160514955030654E-01   -0.426261986846073E-02
    0.150868347536723E-01   -0.175837438731711E-02
    0.104480790030853E-01   -0.361488640199293E-03
    0.000000000000000E+00    0.000000000000000E+00
    0.000000000000000E+00    0.000000000000000E+00
    0.188873378976838E-02    0.147171335399021E-03
    0.326021173175011E-02    0.522411111825993E-03
    0.404919804687986E-02    0.995461735613742E-03
    0.421051049866146E-02    0.146640567428756E-02
    0.377688175885773E-02    0.181152784968602E-02
    0.282322487159102E-02    0.194136696567609E-02
    0.146521967482054E-02    0.177896780227453E-02
   -0.154666749178301E-03    0.127696384872057E-02
   -0.190534013173134E-02    0.416695907822422E-03
   -0.365244577064529E-02   -0.800153558106399E-03
   -0.529240217150066E-02   -0.234457017456861E-02
   -0.673884829243232E-02   -0.417310367759563E-02
   -0.792553133481467E-02   -0.623151969569217E-02
   -0.881992728054151E-02   -0.845045243367584E-02
   -0.938852644675003E-02   -0.107715693834719E-01
   -0.964240949866865E-02   -0.131164939991591E-01
   -0.957373049710883E-02   -0.154377266655415E-01
   -0.922190575102369E-02   -0.176614561595521E-01
   -0.859840348256768E-02   -0.197587685734285E-01
   -0.775545851991272E-02   -0.216647251251850E-01
   -0.671719908973268E-02   -0.233782209523816E-01
   -0.554036327084551E-02   -0.248440351348738E-01
   -0.426403750867260E-02   -0.260856551200230E-01
   -0.293223755814453E-02   -0.270428232364112E-01
   -0.158682096937045E-02   -0.277723521130626E-01
   -0.286079459028465E-03   -0.281801719180698E-01
    0.915442252348880E-03   -0.283759404726826E-01
    0.198723483195027E-02   -0.281956663267985E-01
    0.291436510854869E-02   -0.276803909289889E-01
    0.360970438932432E-02   -0.266780211555815E-01
    0.429708849450496E-02   -0.251421628943455E-01
    0.490482319600468E-02   -0.228934567061248E-01
    0.578515477092513E-02   -0.198793860304077E-01
    0.704486499286280E-02   -0.162998124484364E-01
    0.885993976620574E-02   -0.121420686737733E-01
    0.108748341040513E-01   -0.811302893567754E-02
    0.127800506191449E-01   -0.433018302529253E-02
    0.129511012472659E-01   -0.173085727951250E-02
    0.972191668483575E-02   -0.326464344649100E-03
    0.000000000000000E+00    0.000000000000000E+00
    0.000000000000000E+00    0.000000000000000E+00
    0.158318150741953E-02    0.173254403418407E-03
    0.276315508000040E-02    0.622996264189617E-03
    0.348670192306029E-02    0.121341457712712E-02
    0.369399122567935E-02    0.183716782386619E-02
    0.341981656882719E-02    0.237070072975527E-02
    0.270683266864202E-02    0.272223879090853E-02
    0.165954155210279E-02    0.280792771392502E-02
    0.382571541439817E-03    0.257930340784773E-02
   -0.100988377326022E-02    0.200404972738691E-02
   -0.241390343500306E-02    0.108436477205062E-02
   -0.374196963379862E-02   -0.167603257124074E-03
   -0.492315285132886E-02   -0.170688003045762E-02
   -0.590452837695703E-02   -0.349524055798946E-02
   -0.665310896243700E-02   -0.546138464584716E-02
   -0.714607357836417E-02   -0.755959887610347E-02
   -0.738176011888538E-02   -0.970827253560890E-02
   -0.736029325587603E-02   -0.118694184763377E-01
   -0.710152557053285E-02   -0.139625803115652E-01
   -0.662146109255602E-02   -0.159684212624446E-01
   -0.595249182759203E-02   -0.178090419001548E-01
   -0.512134679460933E-02   -0.195000907743624E-01
   -0.416678082492298E-02   -0.209685652416631E-01
   -0.312379471697736E-02   -0.222612252884644E-01
   -0.201843686533948E-02   -0.232818023477498E-01
   -0.897054313177978E-03   -0.241588031093764E-01
    0.165336514720291E-03   -0.247588990585033E-01
    0.110150933021984E-02   -0.252478068375669E-01
    0.191167041276404E-02   -0.253951533666061E-01
    0.252123119640398E-02   -0.253616897998209E-01
    0.272016129318187E-02   -0.250163095753312E-01
    0.288838495716362E-02   -0.240643540186213E-01
    0.256056672367205E-02   -0.223599125827171E-01
    0.284805007457685E-02   -0.197964253868129E-01
    0.336769012145297E-02   -0.164288399550409E-01
    0.493430149348160E-02   -0.123665530474383E-01
    0.693767376617058E-02   -0.822248190729195E-02
    0.951218876357697E-02   -0.437295253997326E-02
    0.108940331063920E-01   -0.165302447105640E-02
    0.897121869017236E-02   -0.278091004532971E-03
    0.000000000000000E+00    0.000000000000000E+00
    0.000000000000000E+00    0.000000000000000E+00
    0.122861545606686E-02    0.194779575079007E-03
    0.218725449882302E-02    0.692578063538594E-03
    0.280603326273966E-02    0.136388580292752E-02
    0.303332546978888E-02    0.209653051735558E-02
    0.287659272026474E-02    0.277581225644082E-02
    0.237749547721147E-02    0.330443951791804E-02
    0.160717840166548E-02    0.360234532434861E-02
    0.654084948892158E-03    0.360869438119784E-02
   -0.398786723479168E-03    0.329690322297659E-02
   -0.146721150039972E-02    0.264991525111399E-02
   -0.248458463879250E-02    0.168829877541124E-02
   -0.339625292033783E-02    0.435090021927240E-03
   -0.415710699722832E-02   -0.106266084147892E-02
   -0.474599729913035E-02   -0.275350621585171E-02
   -0.513580517253707E-02   -0.458394862793663E-02
   -0.533339843303627E-02   -0.648734084491700E-02
   -0.532530620098475E-02   -0.841860494730746E-02
   -0.513779931237032E-02   -0.103067632102293E-01
   -0.476701899805993E-02   -0.121263843259045E-01
   -0.425072355541573E-02   -0.138053755661753E-01
   -0.359277415854554E-02   -0.153539520648645E-01
   -0.283453298718164E-02   -0.167042162265652E-01
   -0.198943341900064E-02   -0.178994358226572E-01
   -0.109130095084616E-02   -0.188211902000844E-01
   -0.151439052110279E-03   -0.196655516398753E-01
    0.757124334924659E-03   -0.202988455503332E-01
    0.151002141540043E-02   -0.209707961640007E-01
    0.216535787350105E-02   -0.211893273311052E-01
    0.246178252352445E-02   -0.217138986283521E-01
    0.229075107058210E-02   -0.219645865910190E-01
    0.163929556556846E-02   -0.216530070604026E-01
    0.551159661256228E-03   -0.207498433854362E-01
   -0.159673041183706E-03   -0.187840250043598E-01
   -0.409209422909653E-03   -0.159318206890418E-01
    0.439304139790734E-03   -0.119731953561409E-01
    0.247026192275793E-02   -0.802354554663784E-02
    0.590786650191156E-02   -0.401308133505846E-02
    0.856495176904592E-02   -0.124394298993535E-02
    0.853777778746847E-02   -0.474955770543595E-04
    0.000000000000000E+00    0.000000000000000E+00
    0.000000000000000E+00    0.000000000000000E+00
    0.862262060267419E-03    0.194176283359946E-03
    0.157194647346064E-02    0.697229760180628E-03
    0.206233653299127E-02    0.139513193119212E-02
    0.226910953762392E-02    0.217597460492207E-02
    0.220073573957580E-02    0.293774904453230E-02
    0.187630549771751E-02    0.358378572640253E-02
    0.135641230654243E-02    0.403590796680002E-02
    0.695300818034990E-03    0.423133932704512E-02
   -0.381525818739588E-04    0.413845588420205E-02
   -0.791186008065514E-03    0.373887834667654E-02
   -0.150953673106605E-02    0.304485804434787E-02
   -0.215767313140426E-02    0.207606717052708E-02
   -0.270089096289611E-02    0.873407848521299E-03
   -0.312252472303222E-02   -0.519714446361944E-03
   -0.340508706499640E-02   -0.204947356997180E-02
   -0.354715510552451E-02   -0.366224386710902E-02
   -0.354433568067597E-02   -0.530477630761657E-02
   -0.340587963796741E-02   -0.692195151412008E-02
   -0.313598225209522E-02   -0.847417410128222E-02
   -0.275101970272292E-02   -0.990558137683854E-02
   -0.225924125640515E-02   -0.112100513881804E-01
   -0.167614263186940E-02   -0.123304670967916E-01
   -0.101067934856955E-02   -0.132999870780401E-01
   -0.289012367590622E-03   -0.139870282451751E-01
    0.478636421939313E-03   -0.146378028218019E-01
    0.125117572745985E-02   -0.151250264199020E-01
    0.196427241242680E-02   -0.156780947779622E-01
    0.270729790002368E-02   -0.156071383769161E-01
    0.310848967431876E-02   -0.164238021326350E-01
    0.293959569059202E-02   -0.169809509351052E-01
    0.213516460944415E-02   -0.174924406304101E-01
    0.169476091293609E-03   -0.176032858976573E-01
   -0.150440931813500E-02   -0.165171628348050E-01
   -0.331735200855679E-02   -0.141607499714528E-01
   -0.317748880518146E-02   -0.108519961737571E-01
   -0.126794507301277E-02   -0.701004577259045E-02
    0.308800844262606E-02   -0.339755367559659E-02
    0.724493608370075E-02   -0.686225308534208E-03
    0.855400524507271E-02    0.222028166618629E-03
    0.000000000000000E+00    0.000000000000000E+00
    0.000000000000000E+00    0.000000000000000E+00
    0.498673644081075E-03    0.176799938713560E-03
    0.977435622546788E-03    0.622859443913755E-03
    0.132034357285276E-02    0.127456261000198E-02
    0.148511926625397E-02    0.202730202396335E-02
    0.146645493804301E-02    0.278679987538274E-02
    0.128147073763509E-02    0.347070937339167E-02
    0.968514285999848E-03    0.399853633511007E-02
    0.564533764849638E-03    0.431121923611378E-02
    0.111025715045690E-03    0.438058925642711E-02
   -0.355860510998194E-03    0.417950683462700E-02
   -0.803763081531980E-03    0.372613533008604E-02
   -0.120855729124192E-02    0.302445532830563E-02
   -0.154820680239376E-02    0.211995183427827E-02
   -0.181274687297236E-02    0.103994529537004E-02
   -0.198794537574463E-02   -0.160020453859182E-03
   -0.207625101284100E-02   -0.143861562677920E-02
   -0.206822691637181E-02   -0.274274765044981E-02
   -0.197600093996195E-02   -0.402486444807573E-02
   -0.179160289928213E-02   -0.524448885394238E-02
   -0.153463493042185E-02   -0.635211493389359E-02
   -0.119528511031546E-02   -0.732869558147276E-02
   -0.794902192915606E-03   -0.812094857996540E-02
   -0.310049643090227E-03   -0.874733461186035E-02
    0.215593050842880E-03   -0.909175131794369E-02
    0.825587937892037E-03   -0.935718571836170E-02
    0.144982241624444E-02   -0.943091199659746E-02
    0.217521774578564E-02   -0.936571302902648E-02
    0.300049269609616E-02   -0.854665804803142E-02
    0.374053031484949E-02   -0.966029807008705E-02
    0.354938584900322E-02   -0.982342451255108E-02
    0.213601284760465E-02   -0.107428159820712E-01
   -0.918376050067618E-04   -0.118604714604012E-01
   -0.359154008484368E-02   -0.112809703584019E-01
   -0.590374630255924E-02   -0.102624771334858E-01
   -0.668510991604811E-02   -0.813381288604054E-02
   -0.527781089212685E-02   -0.488712246481354E-02
   -0.398792082822738E-03   -0.161374294356206E-02
    0.493670858409633E-02    0.418458811854311E-03
    0.885720691399278E-02    0.749597915177163E-03
    0.000000000000000E+00    0.000000000000000E+00
    0.000000000000000E+00    0.000000000000000E+00
    0.209412347827156E-03    0.122489041218150E-03
    0.461532559360169E-03    0.453254896738404E-03
    0.652724396175544E-03    0.975269116190981E-03
    0.754510386095064E-03    0.159697549865811E-02
    0.760583260002887E-03    0.225092372351454E-02
    0.677548046946918E-03    0.286024217086156E-02
    0.533338277378824E-03    0.336087325026183E-02
    0.336212906128993E-03    0.369907046778659E-02
    0.118681592370095E-03    0.385074806365202E-02
   -0.112537452194428E-03    0.379263262742275E-02
   -0.330519207020478E-03    0.353765743735390E-02
   -0.532010462889244E-03    0.308615505622614E-02
   -0.699058109442032E-03    0.247763716905529E-02
   -0.830654924230322E-03    0.172562813104405E-02
   -0.917805251490621E-03    0.886058276690528E-03
   -0.960263020017770E-03   -0.239604957385947E-04
   -0.956483674226488E-03   -0.940015513348121E-03
   -0.906216706026197E-03   -0.184848854386178E-02
   -0.813042934951755E-03   -0.268307089211022E-02
   -0.675577447246459E-03   -0.343842692499628E-02
   -0.498827451556575E-03   -0.404898556874016E-02
   -0.276898662617382E-03   -0.451403306582718E-02
   -0.152817331779295E-04   -0.477975178196863E-02
    0.280548874300694E-03   -0.482129086493450E-02
    0.603055347656766E-03   -0.466755321210068E-02
    0.100169156546757E-02   -0.432923786736142E-02
    0.154871934307562E-02   -0.373322555983946E-02
    0.236443399427058E-02   -0.256473791433057E-02
    0.332786328526271E-02   -0.257626314485557E-02
    0.346308124179140E-02   -0.818870395292343E-03
    0.322638104867449E-02   -0.214060016471747E-02
    0.143785889006704E-03   -0.173862898305029E-02
   -0.362416547968699E-02   -0.321110368995221E-02
   -0.644041243219452E-02   -0.328265604164121E-02
   -0.876137236141539E-02   -0.374336508327437E-02
   -0.723803429286359E-02   -0.145086498485738E-02
   -0.247590836732245E-02    0.152584527093666E-04
    0.400937512557424E-02    0.893735197819919E-03
    0.829266734811278E-02    0.647938811466029E-03
    0.000000000000000E+00    0.000000000000000E+00
    0.000000000000000E+00    0.000000000000000E+00
    0.368047835781229E-04    0.368047835780310E-04
    0.126639526419766E-03    0.212698403601789E-03
    0.189648770800592E-03    0.513251335022237E-03
    0.217151771835466E-03    0.909799550435771E-03
    0.223668481834142E-03    0.131649538066987E-02
    0.199009063309562E-03    0.171817808862816E-02
    0.161767179430894E-03    0.205215389036418E-02
    0.107162936985202E-03    0.229542438466431E-02
    0.470927618352923E-04    0.243143168694348E-02
   -0.166601221413463E-04    0.244101151430727E-02
   -0.781946945300110E-04    0.234010397269334E-02
   -0.133113157920556E-03    0.211729721621165E-02
   -0.180902047919651E-03    0.180797600547759E-02
   -0.216054090270476E-03    0.140886368054725E-02
   -0.241275259108918E-03    0.963065944130441E-03
   -0.251255805440733E-03    0.474415306239013E-03
   -0.250029335773411E-03   -0.141071388156717E-04
   -0.233552595246083E-03   -0.493599511764753E-03
   -0.205676165399739E-03   -0.925386686703866E-03
   -0.163760792651382E-03   -0.129813512687688E-02
   -0.108955444838847E-03   -0.157604720208483E-02
   -0.394774114056581E-04   -0.173995948848834E-02
    0.517128198959476E-04   -0.176924773978435E-02
    0.147225091395463E-03   -0.163239107738157E-02
    0.246279264182220E-03   -0.129965561719995E-02
    0.377517238433742E-03   -0.783786633338704E-03
    0.644898624713256E-03    0.101007652177008E-03
    0.100924433519803E-02    0.197312134984230E-02
    0.192424714578626E-02    0.348045345296718E-02
    0.164756743590085E-02    0.676259717812435E-02
    0.434282055905595E-02    0.115810434865925E-01
    0.219015928262772E-03    0.657008528227378E-02
   -0.200946834731888E-02    0.814573759829599E-02
   -0.499065699542696E-02    0.542884730860631E-02
   -0.779312891052725E-02    0.351460282479729E-02
   -0.783582908004073E-02    0.337303618501269E-02
   -0.383214549781984E-02    0.200737753584007E-02
    0.277496230319637E-02    0.160748561277277E-02
    0.115689150261380E-01   -0.135641347783392E-04
    0.000000000000000E+00    0.000000000000000E+00
    0.000000000000000E+00    0.000000000000000E+00
    0.000000000000000E+00    0.000000000000000E+00
    0.000000000000000E+00    0.000000000000000E+00
    0.000000000000000E+00    0.000000000000000E+00
    0.000000000000000E+00    0.000000000000000E+00
    0.000000000000000E+00    0.000000000000000E+00
    0.000000000000000E+00    0.000000000000000E+00
    0.000000000000000E+00    0.000000000000000E+00
    0.000000000000000E+00    0.000000000000000E+00
    0.000000000000000E+00    0.000000000000000E+00
    0.000000000000000E+00    0.000000000000000E+00
    0.000000000000000E+00    0.000000000000000E+00
    0.000000000000000E+00    0.000000000000000E+00
    0.000000000000000E+00    0.000000000000000E+00
    0.000000000000000E+00    0.000000000000000E+00
    0.000000000000000E+00    0.000000000000000E+00
    0.000000000000000E+00    0.000000000000000E+00
    0.000000000000000E+00    0.000000000000000E+00
    0.000000000000000E+00    0.000000000000000E+00
    0.000000000000000E+00    0.000000000000000E+00
    0.000000000000000E+00    0.000000000000000E+00
    0.000000000000000E+00    0.000000000000000E+00
    0.000000000000000E+00    0.000000000000000E+00
    0.000000000000000E+00    0.000000000000000E+00
    0.000000000000000E+00    0.000000000000000E+00
    0.000000000000000E+00    0.000000000000000E+00
    0.000000000000000E+00    0.000000000000000E+00
    0.000000000000000E+00    0.000000000000000E+00
    0.000000000000000E+00    0.000000000000000E+00
    0.000000000000000E+00    0.000000000000000E+00
    0.000000000000000E+00    0.000000000000000E+00
    0.000000000000000E+00    0.000000000000000E+00
    0.000000000000000E+00    0.000000000000000E+00
    0.166783802182027E-03    0.945879909890223E-02
   -0.542321495761353E-02    0.958972204662877E-02
   -0.593553067271306E-02    0.827148810125892E-02
   -0.684828890962539E-02    0.584057479323817E-02
   -0.337451184770516E-02    0.471837059634924E-02
    0.599431617460752E-02    0.216883467476062E-02
    0.135958664531841E-01    0.480173499606249E-03
    0.000000000000000E+00    0.000000000000000E+00
