    0.000000000000000E+00    0.000000000000000E+00
    0.000000000000000E+00    0.000000000000000E+00
    0.000000000000000E+00    0.000000000000000E+00
    0.000000000000000E+00    0.000000000000000E+00
    0.000000000000000E+00    0.000000000000000E+00
    0.000000000000000E+00    0.000000000000000E+00
    0.000000000000000E+00    0.000000000000000E+00
    0.000000000000000E+00    0.000000000000000E+00
    0.000000000000000E+00    0.000000000000000E+00
    0.000000000000000E+00    0.000000000000000E+00
    0.000000000000000E+00    0.000000000000000E+00
    0.000000000000000E+00    0.000000000000000E+00
    0.000000000000000E+00    0.000000000000000E+00
    0.000000000000000E+00    0.000000000000000E+00
    0.000000000000000E+00    0.000000000000000E+00
    0.000000000000000E+00    0.000000000000000E+00
    0.000000000000000E+00    0.000000000000000E+00
    0.000000000000000E+00    0.000000000000000E+00
    0.000000000000000E+00    0.000000000000000E+00
    0.000000000000000E+00    0.000000000000000E+00
    0.000000000000000E+00    0.000000000000000E+00
    0.000000000000000E+00    0.000000000000000E+00
    0.000000000000000E+00    0.000000000000000E+00
    0.000000000000000E+00    0.000000000000000E+00
    0.000000000000000E+00    0.000000000000000E+00
    0.000000000000000E+00    0.000000000000000E+00
    0.000000000000000E+00    0.000000000000000E+00
    0.000000000000000E+00    0.000000000000000E+00
    0.000000000000000E+00    0.000000000000000E+00
    0.000000000000000E+00    0.000000000000000E+00
    0.000000000000000E+00    0.000000000000000E+00
    0.000000000000000E+00    0.000000000000000E+00
    0.000000000000000E+00    0.000000000000000E+00
    0.000000000000000E+00    0.000000000000000E+00
    0.000000000000000E+00    0.000000000000000E+00
    0.000000000000000E+00    0.000000000000000E+00
    0.000000000000000E+00    0.000000000000000E+00
    0.000000000000000E+00    0.000000000000000E+00
    0.000000000000000E+00    0.000000000000000E+00
    0.000000000000000E+00    0.000000000000000E+00
    0.000000000000000E+00    0.000000000000000E+00
    0.000000000000000E+00    0.000000000000000E+00
   -0.916269379897967E-03    0.428860737192494E-03
   -0.284439037219489E-02    0.387208965068759E-02
   -0.415522626450511E-02    0.100811120184898E-01
   -0.475776986244588E-02    0.189651396733417E-01
   -0.431092686159784E-02    0.276781741191054E-01
   -0.337029520862664E-02    0.355388044927831E-01
   -0.106083597517337E-02    0.400338329742668E-01
    0.158804512929187E-02    0.377612452848953E-01
    0.293586772871899E-02    0.347395121752294E-01
    0.236375553727912E-02    0.308892389273158E-01
    0.171540130632786E-02    0.267266959844914E-01
    0.137557263917144E-02    0.238485082196208E-01
    0.115546410866184E-02    0.214088264134238E-01
    0.999659846883203E-03    0.193671995462534E-01
    0.869475335621150E-03    0.175534483520174E-01
    0.786477065700508E-03    0.159406480827286E-01
    0.715378942835757E-03    0.144881527694965E-01
    0.661323833237905E-03    0.131493653840406E-01
    0.612828451814404E-03    0.119096073061772E-01
    0.571580453148087E-03    0.107557156538332E-01
    0.533250435361391E-03    0.967968621500250E-02
    0.497560485637453E-03    0.867570750860387E-02
    0.462382993259882E-03    0.774158803228812E-02
    0.428163210053203E-03    0.687585587883293E-02
    0.394333130067991E-03    0.607696134051477E-02
    0.362275774838054E-03    0.534290230187601E-02
    0.331210483504006E-03    0.467166589511291E-02
    0.303513810238520E-03    0.405736092160928E-02
    0.277594347076176E-03    0.349763674752366E-02
    0.256145098213936E-03    0.298262891952963E-02
    0.236792666567268E-03    0.251038488236515E-02
    0.221164191106129E-03    0.207025246837033E-02
    0.206352924711742E-03    0.166202502921897E-02
    0.191924242038391E-03    0.127981206626819E-02
    0.176248915420328E-03    0.926418395004894E-03
    0.154401903069154E-03    0.612761218822058E-03
    0.125644022385361E-03    0.340972666158909E-03
    0.829358022500889E-04    0.138616370086354E-03
    0.245133002464751E-04    0.245133002489553E-04
    0.000000000000000E+00    0.000000000000000E+00
    0.000000000000000E+00    0.000000000000000E+00
   -0.338468100798186E-02    0.157841457969530E-02
   -0.894445203571886E-02    0.669584453531575E-02
   -0.139850249151581E-01    0.156970051097678E-01
   -0.162966338444075E-01    0.280501283686127E-01
   -0.161890340690632E-01    0.406553977856645E-01
   -0.105649666561897E-01    0.503524360651292E-01
   -0.246574639324888E-02    0.563739814173634E-01
    0.330330883771493E-02    0.575481170282199E-01
    0.711520514448523E-02    0.556286437720914E-01
    0.688061891178416E-02    0.516830953108564E-01
    0.567476678882900E-02    0.466991904662124E-01
    0.486707982643928E-02    0.424022362921352E-01
    0.417716755110309E-02    0.385250513759167E-01
    0.367974977297676E-02    0.349769933856668E-01
    0.325767038687774E-02    0.317870652279532E-01
    0.295402854511516E-02    0.288976657279050E-01
    0.269876987135067E-02    0.262565254758522E-01
    0.249952050452593E-02    0.238102018929029E-01
    0.232134013240215E-02    0.215365507401078E-01
    0.216713151700375E-02    0.194148913315943E-01
    0.202068944293219E-02    0.174371548604044E-01
    0.188341944822174E-02    0.155914894709959E-01
    0.174719541258982E-02    0.138785311722144E-01
    0.161526639663281E-02    0.122925464825614E-01
    0.148453772529877E-02    0.108349106285245E-01
    0.136008393175956E-02    0.949849279942622E-02
    0.124074166241973E-02    0.828210509039077E-02
    0.113198399582193E-02    0.717397004548406E-02
    0.103292869861018E-02    0.616933111746439E-02
    0.947182710437009E-03    0.525221607007291E-02
    0.872951106245752E-03    0.441610165819142E-02
    0.809611793755752E-03    0.364462448110138E-02
    0.753326281760991E-03    0.293415967299588E-02
    0.697796368211699E-03    0.227422313246491E-02
    0.636207157454926E-03    0.167181562305019E-02
    0.557252038378772E-03    0.113029115573471E-02
    0.448893833638898E-03    0.672089779039959E-03
    0.307521972792704E-03    0.306461763473362E-03
    0.139046808869788E-03    0.828208725684130E-04
    0.000000000000000E+00    0.000000000000000E+00
    0.000000000000000E+00    0.000000000000000E+00
   -0.699264820764307E-02    0.191690237442753E-02
   -0.165823049552465E-01    0.762217188459649E-02
   -0.245742874017680E-01    0.167500509868879E-01
   -0.289767379671901E-01    0.293353824948414E-01
   -0.275557007347718E-01    0.409429883769007E-01
   -0.202612382154928E-01    0.513606009146352E-01
   -0.807875272972360E-02    0.601971932660513E-01
    0.235604201630171E-02    0.639274420227284E-01
    0.934810409312331E-02    0.654553997428131E-01
    0.106557547431477E-01    0.636621357916049E-01
    0.103330547386536E-01    0.596001837789986E-01
    0.941072142097141E-02    0.554268987528790E-01
    0.837909672710049E-02    0.509291838769165E-01
    0.751357426427501E-02    0.466222643209033E-01
    0.677013620876968E-02    0.425751234282510E-01
    0.618815898687240E-02    0.388278386402490E-01
    0.570053334776038E-02    0.352967407766006E-01
    0.529081772989541E-02    0.320186032964900E-01
    0.492946539498674E-02    0.289311017229749E-01
    0.460447173169663E-02    0.260484505829998E-01
    0.429759165083302E-02    0.233461416232757E-01
    0.400166601605675E-02    0.208299584580774E-01
    0.371074148094265E-02    0.184902397244925E-01
    0.342423966152622E-02    0.163319450696251E-01
    0.314312568820277E-02    0.143493828106427E-01
    0.287185619433104E-02    0.125405600233548E-01
    0.261386287146683E-02    0.108983540677445E-01
    0.237577628804129E-02    0.941200366359753E-02
    0.215990965128577E-02    0.807075951571857E-02
    0.197121176823860E-02    0.685656078783684E-02
    0.180754218652874E-02    0.575693121016562E-02
    0.166830228105762E-02    0.475207304395609E-02
    0.154448662875024E-02    0.383279649670716E-02
    0.142703800283885E-02    0.298665455266649E-02
    0.129917704713421E-02    0.221480379994300E-02
    0.114329044180825E-02    0.152165582938929E-02
    0.936575724624191E-03    0.925201438363456E-03
    0.669251244922952E-03    0.440583342430594E-03
    0.338350628317690E-03    0.124112721469064E-03
    0.000000000000000E+00    0.000000000000000E+00
    0.000000000000000E+00    0.000000000000000E+00
   -0.104330663358444E-01    0.173957101416761E-02
   -0.235555467292811E-01    0.667846210658726E-02
   -0.349369559909029E-01    0.145072696169702E-01
   -0.405652424306282E-01    0.249618792306636E-01
   -0.389272912188494E-01    0.355814522640096E-01
   -0.293723306647631E-01    0.458876602634035E-01
   -0.144196726179694E-01    0.552373361799021E-01
   -0.158117472085472E-02    0.621523142736804E-01
    0.822029320569189E-02    0.663693924455233E-01
    0.125001132493982E-01    0.673693387782607E-01
    0.137798555984915E-01    0.656894564358061E-01
    0.135875869982665E-01    0.625116710563683E-01
    0.127733299413240E-01    0.584902445769660E-01
    0.118141825492852E-01    0.541824992360684E-01
    0.108895256694250E-01    0.498807123292992E-01
    0.100966924243191E-01    0.456891256937023E-01
    0.939246490971034E-02    0.416484868459880E-01
    0.877360015111461E-02    0.378091998116275E-01
    0.820736052025149E-02    0.341667732417481E-01
    0.768380888392082E-02    0.307311000063529E-01
    0.717840340019946E-02    0.274991903125968E-01
    0.668501413656600E-02    0.244800965310948E-01
    0.619486419722023E-02    0.216728577497725E-01
    0.570984389829490E-02    0.190844309356251E-01
    0.523199973298943E-02    0.167114994816953E-01
    0.476938785398376E-02    0.145534820554221E-01
    0.432904335332462E-02    0.126012198471381E-01
    0.392076724518030E-02    0.108448537569441E-01
    0.355085028990710E-02    0.926824221721652E-02
    0.322515837040797E-02    0.785330256463147E-02
    0.294358307862555E-02    0.658038210366718E-02
    0.270265483696431E-02    0.542841439829777E-02
    0.249138925106158E-02    0.438158982974888E-02
    0.229356248569356E-02    0.342417443350702E-02
    0.208531807458342E-02    0.255393004760197E-02
    0.183883054233431E-02    0.176911103645343E-02
    0.152367287759879E-02    0.108883664005652E-02
    0.111299504682931E-02    0.528609139082324E-03
    0.603567146489287E-03    0.147065847219273E-03
    0.000000000000000E+00    0.000000000000000E+00
    0.000000000000000E+00    0.000000000000000E+00
   -0.134468474243129E-01    0.123396332742665E-02
   -0.293242514408733E-01    0.475670787154198E-02
   -0.429652875108580E-01    0.103486160529260E-01
   -0.504583246626304E-01    0.184173091065394E-01
   -0.493358596192494E-01    0.269467823337789E-01
   -0.398098410541627E-01    0.362016568139658E-01
   -0.239751984211965E-01    0.462581918080132E-01
   -0.850241254003357E-02    0.545158167194051E-01
    0.413001354947548E-02    0.611030323842172E-01
    0.116124598296918E-01    0.648077640576537E-01
    0.153354425174981E-01    0.655886042030102E-01
    0.165671891833962E-01    0.641932009409920E-01
    0.165714221662285E-01    0.613366144144760E-01
    0.159595674676889E-01    0.577004887362005E-01
    0.151498009952304E-01    0.536812241487719E-01
    0.142938638075732E-01    0.495401607956536E-01
    0.134626429706197E-01    0.453409580478027E-01
    0.126785306273860E-01    0.412654528512551E-01
    0.119285859145113E-01    0.373199364746713E-01
    0.112047345513555E-01    0.335620498763714E-01
    0.104886884232010E-01    0.299917024796568E-01
    0.977373217290168E-02    0.266479799346649E-01
    0.905647840835630E-02    0.235281124171575E-01
    0.833973453317101E-02    0.206530322101472E-01
    0.763061588358706E-02    0.180190511965072E-01
    0.694062160656004E-02    0.156308309917285E-01
    0.628234422990228E-02    0.134787587983345E-01
    0.567005404938856E-02    0.115530035797033E-01
    0.511400236535726E-02    0.983630201523841E-02
    0.462356667779681E-02    0.830734000404472E-02
    0.419883179913661E-02    0.694422633943256E-02
    0.383692996949076E-02    0.572110034319684E-02
    0.352175753979365E-02    0.461849382375446E-02
    0.323332558859309E-02    0.361584265219090E-02
    0.293725738895299E-02    0.270611585798334E-02
    0.259756868756166E-02    0.188422183320064E-02
    0.216814374474206E-02    0.116676876942615E-02
    0.161093448268945E-02    0.572129531577373E-03
    0.893175398155368E-03    0.160517349119938E-03
    0.000000000000000E+00    0.000000000000000E+00
    0.000000000000000E+00    0.000000000000000E+00
   -0.153655827209057E-01    0.729170307324921E-03
   -0.329300596737307E-01    0.270361250407802E-02
   -0.483254500291845E-01    0.609691216086189E-02
   -0.571898189522961E-01    0.112068524228783E-01
   -0.572780550412702E-01    0.174562278692927E-01
   -0.484928206410680E-01    0.254056319597359E-01
   -0.331243657352977E-01    0.345285303761306E-01
   -0.168399945161293E-01    0.435670621161889E-01
   -0.222028325234737E-02    0.516428132685250E-01
    0.818506332611744E-02    0.573358489423176E-01
    0.145864456412401E-01    0.604448762871175E-01
    0.178919649724112E-01    0.611050758436879E-01
    0.192099550406538E-01    0.598807721114269E-01
    0.194097695838689E-01    0.574070588849193E-01
    0.190228642290131E-01    0.541535499713821E-01
    0.183539331569773E-01    0.504299213447303E-01
    0.175596589207363E-01    0.464698545766202E-01
    0.167134715228326E-01    0.424564396094339E-01
    0.158397356984062E-01    0.384877596380421E-01
    0.149484284022772E-01    0.346284683043132E-01
    0.140342226893533E-01    0.309282579461352E-01
    0.130974212762830E-01    0.274317670343355E-01
    0.121417811628538E-01    0.241605794465149E-01
    0.111755573329069E-01    0.211380417483809E-01
    0.102129633597969E-01    0.183707881619958E-01
    0.927073422578188E-02    0.158668792186072E-01
    0.836917183583696E-02    0.136185301623352E-01
    0.752715876026699E-02    0.116188774817547E-01
    0.676164553418189E-02    0.984748098792476E-02
    0.608434202079245E-02    0.828498545016869E-02
    0.549887608659898E-02    0.690350897774763E-02
    0.500062762751255E-02    0.567750702346247E-02
    0.457213859002324E-02    0.458048213774227E-02
    0.418625209247795E-02    0.359022655953187E-02
    0.380205821802117E-02    0.269319845177153E-02
    0.336962424729517E-02    0.188217023522880E-02
    0.283258439715479E-02    0.116926883146013E-02
    0.212740992972214E-02    0.575578976218946E-03
    0.120311257845208E-02    0.160358245946565E-03
    0.000000000000000E+00    0.000000000000000E+00
    0.000000000000000E+00    0.000000000000000E+00
   -0.162180800845184E-01    0.237130509653282E-03
   -0.346756065398635E-01    0.837386739741242E-03
   -0.513162363990281E-01    0.208181657769836E-02
   -0.618881326140182E-01    0.471501562512687E-02
   -0.636720915853838E-01    0.839480436465234E-02
   -0.566657723399362E-01    0.143074077177568E-01
   -0.423023979756431E-01    0.222099586138774E-01
   -0.256893408802026E-01    0.307454972179929E-01
   -0.963357905580621E-02    0.395830966141668E-01
    0.305969516455421E-02    0.466371744399276E-01
    0.119158935721598E-01    0.515807984118899E-01
    0.173497147424711E-01    0.542091397084391E-01
    0.203726151501339E-01    0.547067041071538E-01
    0.217308237075381E-01    0.536808257943363E-01
    0.221289321356848E-01    0.515031290928759E-01
    0.219115629265423E-01    0.485798833182021E-01
    0.213627482383200E-01    0.451620012090962E-01
    0.205996840181569E-01    0.415172648099073E-01
    0.197039341865705E-01    0.377704113777118E-01
    0.187066370407585E-01    0.340480892903830E-01
    0.176327079086480E-01    0.304107145810153E-01
    0.164937440853554E-01    0.269426283483125E-01
    0.153067332391922E-01    0.236723446655979E-01
    0.140887227015774E-01    0.206420144496014E-01
    0.128631799287207E-01    0.178635967197280E-01
    0.116557001829421E-01    0.153535806068547E-01
    0.104944384397725E-01    0.131078874744776E-01
    0.940637941384529E-02    0.111214615379978E-01
    0.841428607644524E-02    0.937618516164702E-02
    0.753558396528588E-02    0.785072301436611E-02
    0.677610803271683E-02    0.651759656825214E-02
    0.613271164107836E-02    0.534716441671694E-02
    0.558472075271005E-02    0.431123397111276E-02
    0.510094084361231E-02    0.338262777525409E-02
    0.463035674423984E-02    0.254457467929609E-02
    0.411313040482631E-02    0.178579945946318E-02
    0.347355836684481E-02    0.111512962190716E-02
    0.263164718210536E-02    0.553714050070391E-03
    0.150275867085661E-02    0.155765332073451E-03
    0.000000000000000E+00    0.000000000000000E+00
    0.000000000000000E+00    0.000000000000000E+00
   -0.163611712521716E-01   -0.126023597006683E-03
   -0.348574811569582E-01   -0.647956260521683E-03
   -0.518972011553155E-01   -0.108189548741662E-02
   -0.635338992154228E-01   -0.811493721735143E-03
   -0.672255430582025E-01    0.656226847742057E-03
   -0.621961448566635E-01    0.444613278927820E-02
   -0.498919137655441E-01    0.104322384947612E-01
   -0.341767434021642E-01    0.180320897582107E-01
   -0.177033227836099E-01    0.264119327769057E-01
   -0.361957408652923E-02    0.340588481669436E-01
    0.736438071971311E-02    0.402077327476866E-01
    0.149672188538573E-01    0.443964671840413E-01
    0.198538393166045E-01    0.465869958175838E-01
    0.227155260944784E-01    0.470603434098660E-01
    0.241704667666220E-01    0.461672010260053E-01
    0.246846681207123E-01    0.442621143226122E-01
    0.245834169381699E-01    0.416582139984884E-01
    0.240728170743798E-01    0.386164627294195E-01
    0.232754661116736E-01    0.353313929385881E-01
    0.222654774091299E-01    0.319437007018460E-01
    0.210944728673653E-01    0.285667969877141E-01
    0.197958652547111E-01    0.252899717066963E-01
    0.184036645500845E-01    0.221740540523583E-01
    0.169481196343561E-01    0.192660789038974E-01
    0.154660244842042E-01    0.165948662959208E-01
    0.139929132840069E-01    0.141819677828113E-01
    0.125682307312816E-01    0.120301597443216E-01
    0.112272547180499E-01    0.101386568650680E-01
    0.100013117822028E-01    0.849021329604382E-02
    0.891364004775423E-02    0.706669946445769E-02
    0.797431678553896E-02    0.583782795715345E-02
    0.718184466838068E-02    0.477531281206383E-02
    0.651396788751414E-02    0.384601564962617E-02
    0.593501349076092E-02    0.302203366125512E-02
    0.538570643714398E-02    0.228083025242177E-02
    0.479338329817513E-02    0.160899490863421E-02
    0.406656445675013E-02    0.101061987600677E-02
    0.310157611081382E-02    0.504155547281185E-03
    0.178702099812093E-02    0.142390883776350E-03
    0.000000000000000E+00    0.000000000000000E+00
    0.000000000000000E+00    0.000000000000000E+00
   -0.156990976903157E-01   -0.409958443027890E-03
   -0.336874509633339E-01   -0.171689729455792E-02
   -0.508077850016490E-01   -0.351795422428145E-02
   -0.634680014501148E-01   -0.499906617035023E-02
   -0.689047624527940E-01   -0.568881152231983E-02
   -0.662666179051104E-01   -0.410353010881312E-02
   -0.561770640862825E-01   -0.116380857668799E-03
   -0.418665148920580E-01    0.583019019936373E-02
   -0.257783351789144E-01    0.133769477461736E-01
   -0.108399457996310E-01    0.208621498681335E-01
    0.164507576543415E-02    0.276044401037171E-01
    0.111507200374523E-01    0.328574566964888E-01
    0.178756439014492E-01    0.363844768513283E-01
    0.223107793433515E-01    0.382414968789373E-01
    0.250303505634667E-01    0.386302505846553E-01
    0.264656681702003E-01    0.378752886000507E-01
    0.270221488354897E-01    0.362287542704487E-01
    0.269218917842574E-01    0.339896553888694E-01
    0.263628553929490E-01    0.313437067282436E-01
    0.254422606077892E-01    0.284844403457680E-01
    0.242561403336310E-01    0.255294171967087E-01
    0.228561099696643E-01    0.226040227441995E-01
    0.213013733409225E-01    0.197769613123344E-01
    0.196372526340284E-01    0.171175821608513E-01
    0.179175206065156E-01    0.146614699739161E-01
    0.161906909267857E-01    0.124422623374599E-01
    0.145086772388147E-01    0.104686378142241E-01
    0.129174558287320E-01    0.874494583954324E-02
    0.114579726356924E-01    0.725845967205742E-02
    0.101605416551432E-01    0.599215400385797E-02
    0.904125651223880E-02    0.491810425894742E-02
    0.810041272733626E-02    0.400656530594072E-02
    0.731634889419083E-02    0.322413603782325E-02
    0.664857689045708E-02    0.253993472580822E-02
    0.603073811205049E-02    0.192830329442889E-02
    0.537778398234046E-02    0.137274612371619E-02
    0.458083934689970E-02    0.871457342082047E-03
    0.351508023578254E-02    0.441793822073520E-03
    0.203960003043561E-02    0.126488629549773E-03
    0.000000000000000E+00    0.000000000000000E+00
    0.000000000000000E+00    0.000000000000000E+00
   -0.147383812244277E-01   -0.591299331436274E-03
   -0.317319868700823E-01   -0.246636221304220E-02
   -0.482855219386084E-01   -0.516846187113549E-02
   -0.612652775596057E-01   -0.810598103040534E-02
   -0.681613748960089E-01   -0.104026646828212E-01
   -0.676421867365506E-01   -0.108104496617642E-01
   -0.601011182489351E-01   -0.896703294254077E-02
   -0.478277350003637E-01   -0.477768541484521E-02
   -0.328579088333303E-01    0.123286723391901E-02
   -0.180174205353526E-01    0.800537544271893E-02
   -0.464150203793909E-02    0.146944689997718E-01
    0.628007603831234E-02    0.204634262518006E-01
    0.146212086699501E-01    0.249329353944809E-01
    0.206156668442853E-01    0.279163167574865E-01
    0.246541370970455E-01    0.294954878403003E-01
    0.271661654317529E-01    0.298702484156235E-01
    0.285139588286293E-01    0.292655630914705E-01
    0.289844134637996E-01    0.279263011564855E-01
    0.287870838032769E-01    0.260640106728588E-01
    0.280725068694196E-01    0.238635670872264E-01
    0.269579130397469E-01    0.214769835239829E-01
    0.255305645135661E-01    0.190288014098991E-01
    0.238688232726636E-01    0.166154364818863E-01
    0.220408859956788E-01    0.143111397502721E-01
    0.201166489718119E-01    0.121690885828888E-01
    0.181615173145915E-01    0.102282475569237E-01
    0.162403134911544E-01    0.850721392244357E-02
    0.144127423156126E-01    0.701569456178597E-02
    0.127288589547900E-01    0.574560241540187E-02
    0.112298947724061E-01    0.468432438489668E-02
    0.993594202486909E-02    0.380500899393488E-02
    0.885421897927497E-02    0.308029942380813E-02
    0.796049300615506E-02    0.247526923693432E-02
    0.721512628675025E-02    0.195869539714659E-02
    0.654118360984679E-02    0.150151749843199E-02
    0.584592769727047E-02    0.108368449905415E-02
    0.500043911473308E-02    0.699620159689515E-03
    0.386154493337343E-02    0.359634075482158E-03
    0.225672270983018E-02    0.104596069410283E-03
    0.000000000000000E+00    0.000000000000000E+00
    0.000000000000000E+00    0.000000000000000E+00
   -0.133421370820393E-01   -0.705272539250560E-03
   -0.290479075392766E-01   -0.289595446655095E-02
   -0.448420321720250E-01   -0.623705521287032E-02
   -0.579935525507445E-01   -0.101169394464116E-01
   -0.660166334680746E-01   -0.138224527949310E-01
   -0.675493918616033E-01   -0.159485091071533E-01
   -0.623938262240685E-01   -0.160810585518598E-01
   -0.522625906998385E-01   -0.138558571740921E-01
   -0.387992935188379E-01   -0.946186538340984E-02
   -0.244797213501411E-01   -0.388899806966826E-02
   -0.108470716401257E-01    0.228878539251601E-02
    0.995673554732249E-03    0.806340701848464E-02
    0.105686157891979E-01    0.130232717800114E-01
    0.178982110428083E-01    0.168149121269731E-01
    0.232008147409175E-01    0.193563663627605E-01
    0.268013057776267E-01    0.207670965026031E-01
    0.290380713333608E-01    0.211627951502293E-01
    0.301730748418887E-01    0.207697957506647E-01
    0.304546184435835E-01    0.197527233443651E-01
    0.300416595337212E-01    0.183146195133574E-01
    0.290933375730066E-01    0.165910344083296E-01
    0.277123751185633E-01    0.147299686601258E-01
    0.260096617466144E-01    0.128256124243793E-01
    0.240692898705263E-01    0.109718814697001E-01
    0.219843848211849E-01    0.922511715827046E-02
    0.198345931791525E-01    0.763705667012109E-02
    0.177023963201528E-01    0.623169852736066E-02
    0.156590584578932E-01    0.502653219949795E-02
    0.137688863662059E-01    0.401885183571722E-02
    0.120805069982575E-01    0.320050268073436E-02
    0.106248451670411E-01    0.254850113414032E-02
    0.941078011897908E-02    0.203752634470215E-02
    0.842010487752571E-02    0.163365310635444E-02
    0.760752435108772E-02    0.130578161450453E-02
    0.689492709102594E-02    0.102156521707421E-02
    0.617498450401576E-02    0.759880262075610E-03
    0.530747096375881E-02    0.506812737522624E-03
    0.412409565234259E-02    0.272085400231433E-03
    0.242901316880251E-02    0.816402596315870E-04
    0.000000000000000E+00    0.000000000000000E+00
    0.000000000000000E+00    0.000000000000000E+00
   -0.119015577210020E-01   -0.760568323330291E-03
   -0.261304455050353E-01   -0.314016800728941E-02
   -0.407781264436771E-01   -0.682249077754042E-02
   -0.535423998045814E-01   -0.113884507214673E-01
   -0.622374346857948E-01   -0.159946168286342E-01
   -0.653186133913854E-01   -0.195240177681680E-01
   -0.624443817279575E-01   -0.213525195181083E-01
   -0.545833600182204E-01   -0.209341212944244E-01
   -0.430317337944818E-01   -0.183755390946094E-01
   -0.299000326113593E-01   -0.142071421879031E-01
   -0.165799705638126E-01   -0.903818313935421E-02
   -0.442197672575633E-02   -0.368620196894902E-02
    0.599809204948459E-02    0.132083333620335E-02
    0.143875749166569E-01    0.554950979564145E-02
    0.208082705137934E-01    0.880856792219160E-02
    0.254615458841763E-01    0.110660309136330E-01
    0.285910526632535E-01    0.123816800861241E-01
    0.304595860910614E-01    0.128902075053597E-01
    0.312855238828304E-01    0.127411908246719E-01
    0.312651301186049E-01    0.120986079089183E-01
    0.305584358679238E-01    0.111056205885596E-01
    0.293048533199465E-01    0.989535017779905E-02
    0.276268439019283E-01    0.857589381423052E-02
    0.256372255854604E-01    0.723914990731737E-02
    0.234422109413252E-01    0.595386507833265E-02
    0.211442369052170E-01    0.477471327370198E-02
    0.188371456083126E-01    0.373500399114614E-02
    0.166111723378735E-01    0.285761395923113E-02
    0.145385319893172E-01    0.214633336636092E-02
    0.126840599207228E-01    0.159848630690224E-02
    0.110816229100757E-01    0.119538374998852E-02
    0.975301803052888E-02    0.915553846238669E-03
    0.867641753642803E-02    0.727152153400317E-03
    0.781443582187698E-02    0.599649952838203E-03
    0.707677464987450E-02    0.500266518972737E-03
    0.635637795820078E-02    0.403517805742026E-03
    0.549011687616464E-02    0.293189321288114E-03
    0.429930784218805E-02    0.168932853496342E-03
    0.255199953635704E-02    0.542128875437673E-04
    0.000000000000000E+00    0.000000000000000E+00
    0.000000000000000E+00    0.000000000000000E+00
   -0.102902150638769E-01   -0.776753750793861E-03
   -0.229326669931659E-01   -0.319468406189377E-02
   -0.363506938255289E-01   -0.704482080539090E-02
   -0.485970792629002E-01   -0.119409980257736E-01
   -0.576279872371770E-01   -0.172438251953559E-01
   -0.620096136971709E-01   -0.218093949899015E-01
   -0.610452541292594E-01   -0.250848812649347E-01
   -0.553347373265864E-01   -0.263367118781201E-01
   -0.457491956747354E-01   -0.254764866875476E-01
   -0.340290243838869E-01   -0.228736398916478E-01
   -0.215009472483391E-01   -0.188761601965062E-01
   -0.944063303722912E-02   -0.142989198094437E-01
    0.134833397927310E-02   -0.958439511492337E-02
    0.104764567862949E-01   -0.526573368874608E-02
    0.177727112370474E-01   -0.159540983959367E-02
    0.233357565553578E-01    0.128857646008651E-02
    0.273060226288693E-01    0.335229622052320E-02
    0.298936069050027E-01    0.467784084538739E-02
    0.313052063010195E-01    0.534178067309732E-02
    0.317228285473388E-01    0.549673927168655E-02
    0.313275669458700E-01    0.524550206544476E-02
    0.302627725956395E-01    0.472680683826963E-02
    0.286780605919762E-01    0.403106575547791E-02
    0.266968565312971E-01    0.326068245274525E-02
    0.244496040056121E-01    0.247927683279778E-02
    0.220503848800925E-01    0.175130217002029E-02
    0.196136194014212E-01    0.111170102273432E-02
    0.172395303180974E-01    0.591525182252769E-03
    0.150179922850044E-01    0.199231405890029E-03
    0.130203025419726E-01   -0.612156548106390E-04
    0.112954600841478E-01   -0.203441094677306E-03
    0.986654509499998E-02   -0.243758786870800E-03
    0.872357193993582E-02   -0.211109202971017E-03
    0.782333158996961E-02   -0.132677770592337E-03
    0.708200565587488E-02   -0.435344148818239E-04
    0.637710875004120E-02    0.321779029173404E-04
    0.554313522232058E-02    0.684521831158274E-04
    0.437367500472194E-02    0.654832875489098E-04
    0.262219715683535E-02    0.263093796081361E-04
    0.000000000000000E+00    0.000000000000000E+00
    0.000000000000000E+00    0.000000000000000E+00
   -0.875563274056625E-02   -0.764515186353380E-03
   -0.198013020533954E-01   -0.315796149527944E-02
   -0.318227283369131E-01   -0.700774979676987E-02
   -0.432016376614608E-01   -0.120686048499678E-01
   -0.521997253156046E-01   -0.176864274133596E-01
   -0.573719806341239E-01   -0.229989268795178E-01
   -0.580107428383308E-01   -0.273277298647299E-01
   -0.542470729736995E-01   -0.299642097557103E-01
   -0.466801195132418E-01   -0.307023904349192E-01
   -0.366586517536472E-01   -0.296047867056269E-01
   -0.252710301351648E-01   -0.269808295638871E-01
   -0.138112496218348E-01   -0.233828206085889E-01
   -0.304654445162481E-02   -0.192813468858117E-01
    0.641798656694124E-02   -0.151759444633798E-01
    0.143199166737049E-01   -0.113800241803246E-01
    0.205936649905411E-01   -0.811865279620015E-02
    0.252863619630241E-01   -0.548692873929429E-02
    0.285469106125881E-01   -0.349140001596060E-02
    0.305287949708674E-01   -0.209279775279965E-02
    0.314152836235685E-01   -0.119973888429866E-02
    0.313670572174726E-01   -0.723471117863245E-03
    0.305505498792336E-01   -0.557601754978555E-03
    0.291129849827049E-01   -0.613389351154008E-03
    0.272041217339420E-01   -0.801710829548153E-03
    0.249592480944651E-01   -0.105541382199577E-02
    0.225165803350022E-01   -0.131265906941814E-02
    0.199968763739169E-01   -0.153321149065314E-02
    0.175219582984479E-01   -0.168268269613610E-02
    0.151863500174287E-01   -0.174665794349732E-02
    0.130810535690045E-01   -0.171531130410014E-02
    0.112561330379258E-01   -0.159618319710902E-02
    0.975253155371346E-02   -0.139986799353201E-02
    0.855599936867244E-02   -0.115013964938459E-02
    0.763844037143129E-02   -0.871476418041521E-03
    0.690386344131283E-02   -0.596328992155425E-03
    0.623973226064275E-02   -0.352424953278136E-03
    0.545705076539606E-02   -0.166529523485439E-03
    0.434993128051325E-02   -0.504625367311006E-04
    0.263286112185259E-02   -0.502346765470156E-05
    0.000000000000000E+00    0.000000000000000E+00
    0.000000000000000E+00    0.000000000000000E+00
   -0.720567790450046E-02   -0.730909987330525E-03
   -0.166578687570658E-01   -0.301860477032141E-02
   -0.272834709363750E-01   -0.676652884885098E-02
   -0.377379053942054E-01   -0.117691798364059E-01
   -0.464584768803995E-01   -0.175505215769856E-01
   -0.521835195075118E-01   -0.232846250695891E-01
   -0.540384751928114E-01   -0.284256763430937E-01
   -0.519763411285259E-01   -0.321702365243829E-01
   -0.462611126939511E-01   -0.342565494025687E-01
   -0.379280574862860E-01   -0.345841032611442E-01
   -0.278899776266514E-01   -0.332706141856338E-01
   -0.172748461179550E-01   -0.307906961278725E-01
   -0.691945574649875E-02   -0.274636499615661E-01
    0.256417492006912E-02   -0.238213303437042E-01
    0.107506497830989E-01   -0.201505340329989E-01
    0.175038665058178E-01   -0.167463816693737E-01
    0.227476969392699E-01   -0.137592679525961E-01
    0.265732488789063E-01   -0.112511486180580E-01
    0.290772335491436E-01   -0.925174584609175E-02
    0.304133072466218E-01   -0.770097198255454E-02
    0.307325748878368E-01   -0.656205251853412E-02
    0.301922030661095E-01   -0.573972553048408E-02
    0.289516894635862E-01   -0.517737613135304E-02
    0.271620394834842E-01   -0.478601907827401E-02
    0.249770629534009E-01   -0.451450675371954E-02
    0.225402855961093E-01   -0.429665493124920E-02
    0.199914406188430E-01   -0.409713044708797E-02
    0.174580584102769E-01   -0.387531054102111E-02
    0.150526868086942E-01   -0.361471459301766E-02
    0.128702477951659E-01   -0.329841688059567E-02
    0.109779334192758E-01   -0.292824338233875E-02
    0.941725738847933E-02   -0.250765309934612E-02
    0.819017800382266E-02   -0.205462792190544E-02
    0.726385048664392E-02   -0.158769127706448E-02
    0.655650013198909E-02   -0.113849048871540E-02
    0.594203962632377E-02   -0.731226437774419E-03
    0.524007802960668E-02   -0.402088757111217E-03
    0.421760678109078E-02   -0.161332867421541E-03
    0.258694459827096E-02   -0.361367049154686E-04
    0.000000000000000E+00    0.000000000000000E+00
    0.000000000000000E+00    0.000000000000000E+00
   -0.578487101878972E-02   -0.684216048421966E-03
   -0.137278795036013E-01   -0.283790446074374E-02
   -0.229345955731504E-01   -0.639645879842574E-02
   -0.322944188088715E-01   -0.112488229933576E-01
   -0.405080928573476E-01   -0.169465140430020E-01
   -0.463833137984390E-01   -0.228887544222595E-01
   -0.491241057237134E-01   -0.284809085534815E-01
   -0.484288951363522E-01   -0.330399228605139E-01
   -0.444124294687743E-01   -0.362085909853948E-01
   -0.377707498236608E-01   -0.377522395866655E-01
   -0.292094933838611E-01   -0.377141609198322E-01
   -0.197345775934119E-01   -0.363463891070383E-01
   -0.100720191429104E-01   -0.339484231124741E-01
   -0.929813374879022E-03   -0.309304432246417E-01
    0.726608667708652E-02   -0.276066874951571E-01
    0.142331838414192E-01   -0.242738853955134E-01
    0.198441768230120E-01   -0.211267797767339E-01
    0.240965888149764E-01   -0.182871526923907E-01
    0.270357906118935E-01   -0.158225455550197E-01
    0.287819578359516E-01   -0.137347458525185E-01
    0.294535806726309E-01   -0.120120369624990E-01
    0.292092142194450E-01   -0.106017960491356E-01
    0.281926882492135E-01   -0.946098632467096E-02
    0.265706997608071E-01   -0.852491832305594E-02
    0.244913820151458E-01   -0.774798211963035E-02
    0.221178988207031E-01   -0.707432321051151E-02
    0.195885883567754E-01   -0.646893999134600E-02
    0.170509546556243E-01   -0.589207040375500E-02
    0.146168773221584E-01   -0.532375519187336E-02
    0.124009409690306E-01   -0.474209467208317E-02
    0.104684854975355E-01   -0.414264511867327E-02
    0.888084894478557E-02   -0.352128913255579E-02
    0.763553211703787E-02   -0.288863016116845E-02
    0.672019545298981E-02   -0.225699074631685E-02
    0.604326388441202E-02   -0.165251496978907E-02
    0.549871359444084E-02   -0.110010761362515E-02
    0.488592642718814E-02   -0.635174545023204E-03
    0.398655922324823E-02   -0.280567743495206E-03
    0.247491381875918E-02   -0.692785651661709E-04
    0.000000000000000E+00    0.000000000000000E+00
    0.000000000000000E+00    0.000000000000000E+00
   -0.443169352758662E-02   -0.626718905154956E-03
   -0.109352056715642E-01   -0.260522901170865E-02
   -0.187830678613800E-01   -0.591984019076740E-02
   -0.270603694901669E-01   -0.104907152641932E-01
   -0.346282306308410E-01   -0.160056100808907E-01
   -0.404872659259081E-01   -0.219143901575973E-01
   -0.437915877530845E-01   -0.277655639896590E-01
   -0.442047065696995E-01   -0.328505339754721E-01
   -0.416187670069903E-01   -0.368411852705796E-01
   -0.365272015355637E-01   -0.393935060483491E-01
   -0.294377078925280E-01   -0.404444195607552E-01
   -0.211805130964946E-01   -0.401501497447480E-01
   -0.124373305365365E-01   -0.386688707870202E-01
   -0.385290928098553E-02   -0.363867694686299E-01
    0.406739557883354E-02   -0.335396483783205E-01
    0.110260809276993E-01   -0.304558680792217E-01
    0.167883706662872E-01   -0.273279262064217E-01
    0.213139523482190E-01   -0.243250435438062E-01
    0.245735942579373E-01   -0.215541762302324E-01
    0.266560479503092E-01   -0.190538322705951E-01
    0.276469032734940E-01   -0.168605178154788E-01
    0.276862279756626E-01   -0.149419527772988E-01
    0.269121348803194E-01   -0.132944243690651E-01
    0.254826843646668E-01   -0.118618416572186E-01
    0.235537218466800E-01   -0.106241317892873E-01
    0.212852373149127E-01   -0.952668734646058E-02
    0.188285536832775E-01   -0.854742207206238E-02
    0.163301944194235E-01   -0.764328159957141E-02
    0.139166147894426E-01   -0.679689023268006E-02
    0.117017994122517E-01   -0.598010939475623E-02
    0.976651554653962E-02   -0.518329044087116E-02
    0.817115837990445E-02   -0.439445106294088E-02
    0.693043218478869E-02   -0.361488227516118E-02
    0.602966896058270E-02   -0.284924892143897E-02
    0.539735448571761E-02   -0.211730656784037E-02
    0.491981307894862E-02   -0.143883525437453E-02
    0.441712368093023E-02   -0.855497462891172E-03
    0.365010471678345E-02   -0.388041742203235E-03
    0.230768632316887E-02   -0.101178875525916E-03
    0.000000000000000E+00    0.000000000000000E+00
    0.000000000000000E+00    0.000000000000000E+00
   -0.322756539466568E-02   -0.563983001715926E-03
   -0.841988917679938E-02   -0.235639649794857E-02
   -0.149677542478943E-01   -0.538539075749322E-02
   -0.221179965895239E-01   -0.963033211484498E-02
   -0.289378236868427E-01   -0.148145226180423E-01
   -0.345168758973178E-01   -0.205530254941770E-01
   -0.381298922875710E-01   -0.263874576300958E-01
   -0.393224533308224E-01   -0.317568020641242E-01
   -0.379411260958437E-01   -0.362754680041261E-01
   -0.342376051305989E-01   -0.395834711457181E-01
   -0.285745613755816E-01   -0.415526845647107E-01
   -0.216207430235658E-01   -0.421915469153522E-01
   -0.139273929031304E-01   -0.416226170621050E-01
   -0.613749962335886E-02   -0.400913040182303E-01
    0.130078201930711E-02   -0.378330845608610E-01
    0.800219720679205E-02   -0.351199946225536E-01
    0.137275815542211E-01   -0.321668523284500E-01
    0.183475565784490E-01   -0.291562064017883E-01
    0.218033495268197E-01   -0.262247132672552E-01
    0.241303252364096E-01   -0.234519092266284E-01
    0.253839894736270E-01   -0.209006304360707E-01
    0.256850217451302E-01   -0.185799878596312E-01
    0.251491124911574E-01   -0.165051129731270E-01
    0.239355445462676E-01   -0.146504667533109E-01
    0.221852535457990E-01   -0.130076084817216E-01
    0.200689525319039E-01   -0.115395312323787E-01
    0.177278388664346E-01   -0.102296004540662E-01
    0.153226200788620E-01   -0.904120387145638E-02
    0.129720183883820E-01   -0.795683858382581E-02
    0.108054913106638E-01   -0.694589943818557E-02
    0.889750170949338E-02   -0.599357024778101E-02
    0.732587821866773E-02   -0.507909476591379E-02
    0.610052190244536E-02   -0.419512218396280E-02
    0.522891344817112E-02   -0.333557919781781E-02
    0.463466664086269E-02   -0.251206807748940E-02
    0.423312199732346E-02   -0.173973002125581E-02
    0.383292903624048E-02   -0.105775220438664E-02
    0.322685142134968E-02   -0.497927806958946E-03
    0.207325699752952E-02   -0.133108544182604E-03
    0.000000000000000E+00    0.000000000000000E+00
    0.000000000000000E+00    0.000000000000000E+00
   -0.213309281751119E-02   -0.496221970619398E-03
   -0.612016159331544E-02   -0.208377625545881E-02
   -0.114650794045737E-01   -0.480083932573917E-02
   -0.175493910439218E-01   -0.864802758451606E-02
   -0.235700773663023E-01   -0.134448831544233E-01
   -0.287850903156395E-01   -0.188526009516401E-01
   -0.324800347996472E-01   -0.245379022384976E-01
   -0.342449227054621E-01   -0.299520626598781E-01
   -0.337987852872129E-01   -0.347792829969457E-01
   -0.312928554885419E-01   -0.386044069047144E-01
   -0.269248204661107E-01   -0.412661447377826E-01
   -0.212215984711289E-01   -0.426949624605420E-01
   -0.146428031850410E-01   -0.429122111130075E-01
   -0.773868309190666E-02   -0.421204381277552E-01
   -0.965699351435253E-03   -0.404595243751771E-01
    0.531892686732018E-02   -0.382062506042841E-01
    0.108134816912126E-01   -0.355299316164570E-01
    0.153785479910519E-01   -0.326429680581327E-01
    0.188904168366784E-01   -0.296854081478660E-01
    0.213630131856091E-01   -0.267685659147625E-01
    0.228086471917805E-01   -0.239848756302118E-01
    0.233279973010120E-01   -0.213666920207548E-01
    0.230170673925352E-01   -0.189646838756860E-01
    0.220196454931571E-01   -0.167662835334351E-01
    0.204731998033686E-01   -0.147934914666821E-01
    0.185367371742644E-01   -0.130139842107629E-01
    0.163562926908369E-01   -0.114317076776843E-01
    0.140832755638255E-01   -0.100090182240204E-01
    0.118445270905013E-01   -0.873744054868067E-02
    0.976214890438599E-02   -0.758126270781644E-02
    0.792036816911400E-02   -0.652295700049253E-02
    0.639283312230376E-02   -0.553388433381066E-02
    0.520282687038476E-02   -0.459423636684409E-02
    0.435858970339579E-02   -0.368927911435229E-02
    0.380558832693238E-02   -0.281633392944964E-02
    0.346227457953564E-02   -0.198439215547328E-02
    0.316976007294414E-02   -0.123193454305548E-02
    0.271463091178810E-02   -0.588617651081396E-03
    0.179135307267345E-02   -0.162552365629097E-03
    0.000000000000000E+00    0.000000000000000E+00
    0.000000000000000E+00    0.000000000000000E+00
   -0.119148297007559E-02   -0.427488435488439E-03
   -0.411820141503897E-02   -0.180852155453431E-02
   -0.836170270234692E-02   -0.419801116702040E-02
   -0.134142109180246E-01   -0.763239453335523E-02
   -0.186246265664201E-01   -0.119623593821070E-01
   -0.233340143772446E-01   -0.169636908981476E-01
   -0.269522392779963E-01   -0.223156238006693E-01
   -0.290297745001666E-01   -0.276040448083899E-01
   -0.293049310835343E-01   -0.324888944829259E-01
   -0.277777702368939E-01   -0.366020197728403E-01
   -0.245693692078645E-01   -0.397392500488921E-01
   -0.200576647551902E-01   -0.417619280732111E-01
   -0.145950669801620E-01   -0.426577222819933E-01
   -0.867445835489840E-02   -0.425140038960969E-01
   -0.267227096846505E-02   -0.414596910469476E-01
    0.302387819617632E-02   -0.396868910050935E-01
    0.814721490710203E-02   -0.373742762663392E-01
    0.124939354816824E-01   -0.347047754275457E-01
    0.159410416603220E-01   -0.318381704207951E-01
    0.184471615490109E-01   -0.288971167212542E-01
    0.200084918290776E-01   -0.259952632691345E-01
    0.206939640221486E-01   -0.231935264843577E-01
    0.205788805015172E-01   -0.205607020800809E-01
    0.197955749860679E-01   -0.181133481272128E-01
    0.184615921636252E-01   -0.158869327395998E-01
    0.167367737769648E-01   -0.138711533482193E-01
    0.147491207937961E-01   -0.120783098706298E-01
    0.126564695077283E-01   -0.104830079141392E-01
    0.105694703093407E-01   -0.907956075434434E-02
    0.861853866352331E-02   -0.783393716903768E-02
    0.687472614445933E-02   -0.672521926826090E-02
    0.542226812895244E-02   -0.571620635445694E-02
    0.427762041925209E-02   -0.477795610878580E-02
    0.346763178211379E-02   -0.388010728166968E-02
    0.293953138497494E-02   -0.300926471130214E-02
    0.264679091051059E-02   -0.216181589342310E-02
    0.243470463638184E-02   -0.137162844241986E-02
    0.214178837260162E-02   -0.674649119156433E-03
    0.144849960849677E-02   -0.189715633387777E-03
    0.000000000000000E+00    0.000000000000000E+00
    0.000000000000000E+00    0.000000000000000E+00
   -0.378103063299684E-03   -0.356942686649264E-03
   -0.236725729509571E-02   -0.152603456099378E-02
   -0.562577310900432E-02   -0.357989291054003E-02
   -0.973717444032775E-02   -0.656882277894862E-02
   -0.141494431868651E-01   -0.104078650268938E-01
   -0.183359868560788E-01   -0.149090636281751E-01
   -0.217427230957383E-01   -0.198493569798378E-01
   -0.239950534567715E-01   -0.248416453443919E-01
   -0.247702688491747E-01   -0.296248193142712E-01
   -0.240409945111415E-01   -0.338157361590801E-01
   -0.218122720889809E-01   -0.372224706698537E-01
   -0.183715683459271E-01   -0.396608875292610E-01
   -0.139743243185763E-01   -0.410623567756482E-01
   -0.902508497351922E-02   -0.414764499318026E-01
   -0.386543985486237E-02   -0.409484288241944E-01
    0.116924014472695E-02   -0.396621912390983E-01
    0.579204501616353E-02   -0.377300735651895E-01
    0.981622532590375E-02   -0.353515269161652E-01
    0.130754759300126E-01   -0.326566889959145E-01
    0.155239896522038E-01   -0.297936983771796E-01
    0.171184111257925E-01   -0.268791585444361E-01
    0.179134077401751E-01   -0.239958968443437E-01
    0.179595918376461E-01   -0.212349609155719E-01
    0.173716034304865E-01   -0.186262793417622E-01
    0.162563593408869E-01   -0.162340822547871E-01
    0.147552166841051E-01   -0.140533245346696E-01
    0.129942191289056E-01   -0.121222975439199E-01
    0.111129219978740E-01   -0.104148641984579E-01
    0.922322686271863E-02   -0.894215684902519E-02
    0.743891677220313E-02   -0.766511192988272E-02
    0.583253369929599E-02   -0.656555105160196E-02
    0.447770039915557E-02   -0.559808770377061E-02
    0.339513920899381E-02   -0.472008856715614E-02
    0.261448034917676E-02   -0.389149690528630E-02
    0.210037087925935E-02   -0.307527342161511E-02
    0.182500091857252E-02   -0.226063577602587E-02
    0.167557608998829E-02   -0.146928930572770E-02
    0.151032022364824E-02   -0.735090632121507E-03
    0.107218261653098E-02   -0.213326561689344E-03
    0.000000000000000E+00    0.000000000000000E+00
    0.000000000000000E+00    0.000000000000000E+00
    0.287703364952357E-03   -0.288409196331909E-03
   -0.909901168046117E-03   -0.125019199012920E-02
   -0.330271225766873E-02   -0.296953918669232E-02
   -0.655083561396378E-02   -0.551760468257829E-02
   -0.102098472406675E-01   -0.883338415554038E-02
   -0.138227382220956E-01   -0.128048354366705E-01
   -0.169433942434035E-01   -0.172275426267342E-01
   -0.191970541480948E-01   -0.218218547156678E-01
   -0.203112137521164E-01   -0.263234414143489E-01
   -0.201743139356456E-01   -0.304194690810441E-01
   -0.187676311467736E-01   -0.338973377030060E-01
   -0.162654633426925E-01   -0.365605818199292E-01
   -0.128523317362871E-01   -0.383196347892065E-01
   -0.885963761505565E-02   -0.391490357042985E-01
   -0.455199167611261E-02   -0.390852354868355E-01
   -0.255768884954145E-03   -0.382281706193566E-01
    0.379718909319086E-02   -0.366948497711386E-01
    0.738629743369535E-02   -0.346302473870421E-01
    0.103712004053614E-01   -0.321775002452956E-01
    0.126619819804768E-01   -0.294671801339028E-01
    0.142179427863799E-01   -0.266313927211950E-01
    0.150597829411345E-01   -0.237614463368622E-01
    0.152262657305309E-01   -0.209626183004677E-01
    0.148137041769515E-01   -0.182854666670696E-01
    0.139092512508147E-01   -0.158056744763513E-01
    0.126483849138864E-01   -0.135404779702835E-01
    0.111331632840124E-01   -0.115364543291806E-01
    0.950358804725323E-02   -0.978462283142570E-02
    0.784564499180765E-02   -0.830045150168131E-02
    0.627435561193224E-02   -0.705225890598288E-02
    0.483832112537349E-02   -0.602021528874996E-02
    0.361225412894806E-02   -0.515297418840710E-02
    0.260350495225637E-02   -0.439850909981660E-02
    0.185133355420156E-02   -0.369709853317247E-02
    0.132798995904847E-02   -0.299799119427224E-02
    0.104201299969061E-02   -0.226740719772548E-02
    0.907700501995394E-03   -0.151925106965367E-02
    0.857518718178221E-03   -0.784676305781240E-03
    0.648664147691046E-03   -0.232767313086196E-03
    0.000000000000000E+00    0.000000000000000E+00
    0.000000000000000E+00    0.000000000000000E+00
    0.821587223707711E-03   -0.220245851991289E-03
    0.289707810546530E-03   -0.978717688078525E-03
   -0.135956309148244E-02   -0.236912416492730E-02
   -0.384827502634399E-02   -0.447165305110879E-02
   -0.680616621570699E-02   -0.726598800206903E-02
   -0.987365742518778E-02   -0.106666933793270E-01
   -0.126473333214580E-01   -0.145397092489971E-01
   -0.148289642295863E-01   -0.186348519266431E-01
   -0.161258791080806E-01   -0.227584910593419E-01
   -0.164400229575965E-01   -0.266064896847395E-01
   -0.156815295552834E-01   -0.299997829609279E-01
   -0.139796333739594E-01   -0.327260786778387E-01
   -0.114394994009246E-01   -0.346751396609557E-01
   -0.832480618678178E-02   -0.358004398372687E-01
   -0.485118752023195E-02   -0.360780146074303E-01
   -0.128716146625909E-02   -0.356011453495211E-01
    0.214320212623195E-02   -0.344180819827116E-01
    0.525393140389263E-02   -0.326854334728111E-01
    0.788474090306457E-02   -0.304953616341763E-01
    0.995801128307525E-02   -0.279996156468542E-01
    0.114054766364087E-01   -0.253074136516762E-01
    0.122436577245458E-01   -0.225300094861411E-01
    0.124897926381270E-01   -0.197754698717869E-01
    0.122249219808730E-01   -0.171068042605786E-01
    0.115249856333893E-01   -0.146199060097157E-01
    0.105029249485755E-01   -0.123358484386733E-01
    0.925717683233714E-02   -0.103291796386259E-01
    0.790048734639676E-02   -0.858809439891114E-02
    0.651664846054866E-02   -0.715370703104389E-02
    0.519187309621372E-02   -0.598736689445567E-02
    0.396832514266461E-02   -0.508139579587953E-02
    0.289844097966311E-02   -0.437453876446975E-02
    0.198039092321374E-02   -0.380391792162660E-02
    0.125385572973816E-02   -0.329758468880072E-02
    0.696033996139439E-03   -0.277224143201572E-02
    0.353225292368929E-03   -0.218435895856326E-02
    0.186150499752107E-03   -0.151956377047766E-02
    0.187613490134316E-03   -0.805917866656426E-03
    0.209608760555356E-03   -0.248457496800881E-03
    0.000000000000000E+00    0.000000000000000E+00
    0.000000000000000E+00    0.000000000000000E+00
    0.122073769732831E-02   -0.156900603150752E-03
    0.121761753649307E-02   -0.722372409723244E-03
    0.191329333057493E-03   -0.179793089938215E-02
   -0.163515818429983E-02   -0.347491853806673E-02
   -0.396576906462847E-02   -0.574993310543977E-02
   -0.649678025689986E-02   -0.858555962266589E-02
   -0.890956963757458E-02   -0.118657959664461E-01
   -0.109230262924630E-01   -0.154193193343525E-01
   -0.123017555621336E-01   -0.190601410768330E-01
   -0.129073945150856E-01   -0.225539345637287E-01
   -0.126580082178030E-01   -0.257175677143037E-01
   -0.116074819935903E-01   -0.283583400995466E-01
   -0.982415768482742E-02   -0.303589539070332E-01
   -0.750551632758769E-02   -0.316358553934901E-01
   -0.480794544067139E-02   -0.321637031798190E-01
   -0.197220701318330E-02   -0.319694658576631E-01
    0.835273693580459E-03   -0.311080491082396E-01
    0.341846713184540E-02   -0.296741467963299E-01
    0.565810586178762E-02   -0.277715819898496E-01
    0.744755081851629E-02   -0.255138559101031E-01
    0.873828211405077E-02   -0.230222705473879E-01
    0.951805045333865E-02   -0.203961400809142E-01
    0.980435148478376E-02   -0.177533349365982E-01
    0.965997660631539E-02   -0.151646330774470E-01
    0.914549833246756E-02   -0.127330732213971E-01
    0.836753970222647E-02   -0.104982286253825E-01
    0.739684344879900E-02   -0.854028746065713E-02
    0.634660387977922E-02   -0.686823894541082E-02
    0.526328570514148E-02   -0.552731707688254E-02
    0.423237575948001E-02   -0.449394139841256E-02
    0.325505089667541E-02   -0.375983271398321E-02
    0.237686298332825E-02   -0.326414937272888E-02
    0.156705461439194E-02   -0.293416638417911E-02
    0.861422399711149E-03   -0.267665648683195E-02
    0.245095858859053E-03   -0.239030070714964E-02
   -0.204132491237623E-03   -0.199647088897711E-02
   -0.468888594144837E-03   -0.146718465270391E-02
   -0.456832536557928E-03   -0.813935539812976E-03
   -0.258418346093746E-03   -0.259556974798048E-03
    0.000000000000000E+00    0.000000000000000E+00
    0.000000000000000E+00    0.000000000000000E+00
    0.149573133737502E-02   -0.957847723500208E-04
    0.190383115909208E-02   -0.480310597513269E-03
    0.138354559360186E-02   -0.125835881742374E-02
    0.115310673307546E-03   -0.252709083340625E-02
   -0.166085490044993E-02   -0.430656915816465E-02
   -0.370947005621856E-02   -0.657792329295616E-02
   -0.575283185238356E-02   -0.927232678616475E-02
   -0.757427681506097E-02   -0.122445572040039E-01
   -0.894060125159235E-02   -0.153643442971888E-01
   -0.974324702908941E-02   -0.184166618385420E-01
   -0.986300265270858E-02   -0.212567848671542E-01
   -0.933962395769769E-02   -0.236967421954215E-01
   -0.818654817884310E-02   -0.256205216859082E-01
   -0.655758070553331E-02   -0.269416114249999E-01
   -0.456412344781329E-02   -0.275975033256365E-01
   -0.239610346418770E-02   -0.276172620894100E-01
   -0.200341743188353E-03   -0.269964475830266E-01
    0.186860464849567E-02   -0.258431614475266E-01
    0.368743479067825E-02   -0.242015284521975E-01
    0.517439711163013E-02   -0.222063184586653E-01
    0.626557703873684E-02   -0.199354406073401E-01
    0.695562695600634E-02   -0.175089114880861E-01
    0.724836522843437E-02   -0.150256926651546E-01
    0.719693968685724E-02   -0.125696346080118E-01
    0.685682094771760E-02   -0.102494973021538E-01
    0.631078830841368E-02   -0.810748263902985E-02
    0.563222290724410E-02   -0.624962220630678E-02
    0.489842433070255E-02   -0.467882233183382E-02
    0.415796364311805E-02   -0.347548063136356E-02
    0.345187513165393E-02   -0.260482790969388E-02
    0.277208758104963E-02   -0.208609355371752E-02
    0.212166745184938E-02   -0.184371716146285E-02
    0.144584239116184E-02   -0.180502481486040E-02
    0.768728715823828E-03   -0.185832177856222E-02
    0.579773929080338E-04   -0.186391420906177E-02
   -0.551014425053729E-03   -0.172696836914908E-02
   -0.998981079219270E-03   -0.137021442080747E-02
   -0.107234269853752E-02   -0.797655331608391E-03
   -0.725477553821309E-03   -0.268679495106478E-03
    0.000000000000000E+00    0.000000000000000E+00
    0.000000000000000E+00    0.000000000000000E+00
    0.165673601181654E-02   -0.423564361040957E-04
    0.235607291452493E-02   -0.261859707623861E-03
    0.223180637928126E-02   -0.767875725467832E-03
    0.142228020754107E-02   -0.166187238557883E-02
    0.117444357579203E-03   -0.297459866407811E-02
   -0.149157895278254E-02   -0.471559419559507E-02
   -0.318895649967708E-02   -0.683040820939340E-02
   -0.478072054778665E-02   -0.922820378141131E-02
   -0.608498159857953E-02   -0.117897993924478E-01
   -0.697857866376328E-02   -0.143590979779834E-01
   -0.736451916239391E-02   -0.167964692255765E-01
   -0.723753482869978E-02   -0.189469170066807E-01
   -0.659895344405955E-02   -0.206972076900562E-01
   -0.555243751836941E-02   -0.219517270130945E-01
   -0.417121879351394E-02   -0.226537395652521E-01
   -0.261444447125537E-02   -0.227888758068251E-01
   -0.980100389120172E-03   -0.223633330844507E-01
    0.580415609858085E-03   -0.214295733629411E-01
    0.198839617228263E-02   -0.200443546879959E-01
    0.314607609431688E-02   -0.182954086386432E-01
    0.401992720175592E-02   -0.162712508040086E-01
    0.458375731151622E-02   -0.140644895374675E-01
    0.485295471711593E-02   -0.117799881790473E-01
    0.486783233162779E-02   -0.949595580360913E-02
    0.467532941158882E-02   -0.732262566488328E-02
    0.435877832633457E-02   -0.531467354130107E-02
    0.396219914071598E-02   -0.357900648692050E-02
    0.357341325785186E-02   -0.214242487298763E-02
    0.319006690229030E-02   -0.108768447233163E-02
    0.286200772994178E-02   -0.405434374990130E-03
    0.251382320021182E-02   -0.115960130406472E-03
    0.214044768223838E-02   -0.155655549981361E-03
    0.162655520677880E-02   -0.441353290096429E-03
    0.977806832424914E-03   -0.843897597903886E-03
    0.155579425284515E-03   -0.119711862641260E-02
   -0.683340439874174E-03   -0.135960085817289E-02
   -0.138947520336945E-02   -0.122887269406458E-02
   -0.161954038281787E-02   -0.772885630551829E-03
   -0.120569195796657E-02   -0.275217393389431E-03
    0.000000000000000E+00    0.000000000000000E+00
    0.000000000000000E+00    0.000000000000000E+00
    0.171156791300316E-02    0.709155030971879E-05
    0.260280104444832E-02   -0.668045664148721E-04
    0.277170014096275E-02   -0.328553856365039E-03
    0.232715396942332E-02   -0.882900829516670E-03
    0.141544953800821E-02   -0.177151969258307E-02
    0.182195259940138E-03   -0.301585482274495E-02
   -0.119271408658379E-02   -0.459073033737429E-02
   -0.256337718814813E-02   -0.642557772556996E-02
   -0.376057172548514E-02   -0.844153884861884E-02
   -0.469226429323022E-02   -0.105035885848021E-01
   -0.524642413561264E-02   -0.125070111243055E-01
   -0.542029391491473E-02   -0.143117411979492E-01
   -0.518246280605773E-02   -0.158169670964335E-01
   -0.461276534836967E-02   -0.169365174890224E-01
   -0.375146538335577E-02   -0.175953176000532E-01
   -0.271934516050234E-02   -0.177896739998785E-01
   -0.159509336293504E-02   -0.174809412351784E-01
   -0.490327045772349E-03   -0.167392724463052E-01
    0.518439067411797E-03   -0.155627670001580E-01
    0.136453323563795E-02   -0.140630379661979E-01
    0.200701787618565E-02   -0.122728710750434E-01
    0.243530552918144E-02   -0.103092445484749E-01
    0.265907705252962E-02   -0.823670235827543E-02
    0.271615143120375E-02   -0.615072536831539E-02
    0.265929214185719E-02   -0.414724658864277E-02
    0.254853814997333E-02   -0.228606111794499E-02
    0.244657655072264E-02   -0.691477204738528E-03
    0.239709398333244E-02    0.617531422722357E-03
    0.241741358481642E-02    0.151295388989365E-02
    0.249223611537781E-02    0.202186633568299E-02
    0.254607955102775E-02    0.207019699300852E-02
    0.249860181411881E-02    0.174483996315126E-02
    0.219723623451349E-02    0.110640606364242E-02
    0.160735736312999E-02    0.314093355272800E-03
    0.638672251453318E-03   -0.428276279951461E-03
   -0.480618188831293E-03   -0.947280554086305E-03
   -0.157722540567685E-02   -0.106857570372203E-02
   -0.209696968885096E-02   -0.738483752388700E-03
   -0.167955132649810E-02   -0.284577771056320E-03
    0.000000000000000E+00    0.000000000000000E+00
    0.000000000000000E+00    0.000000000000000E+00
    0.168111009685134E-02    0.462549822013685E-04
    0.266792566021840E-02    0.971719847878429E-04
    0.303954206218239E-02    0.445380934165839E-04
    0.287016325042990E-02   -0.215023141642399E-03
    0.227317801660775E-02   -0.728578099122105E-03
    0.135902027702935E-02   -0.153237381989286E-02
    0.265219967337016E-03   -0.261079602487230E-02
   -0.884537923414733E-03   -0.392891324079401E-02
   -0.196128812355198E-02   -0.541769367662500E-02
   -0.287145447644312E-02   -0.698784507785056E-02
   -0.352835688127505E-02   -0.854224088475647E-02
   -0.390464579614544E-02   -0.997647206522195E-02
   -0.397174010712074E-02   -0.111961368694227E-01
   -0.377532731792859E-02   -0.121239323131931E-01
   -0.333637555167761E-02   -0.126930136799009E-01
   -0.274950865253969E-02   -0.128787590403675E-01
   -0.205924604660954E-02   -0.126534814859353E-01
   -0.136879252965614E-02   -0.120471750680211E-01
   -0.716004294217328E-03   -0.110691894527568E-01
   -0.175621986469419E-03   -0.978702519323865E-02
    0.244091584532022E-03   -0.824158538979482E-02
    0.518210998759867E-03   -0.651620110569213E-02
    0.675431761902433E-03   -0.467426242432639E-02
    0.749000763368733E-03   -0.279662948150683E-02
    0.790802380923175E-03   -0.972107031160242E-03
    0.873294835045072E-03    0.731988162480470E-03
    0.103141619553031E-02    0.220023791632572E-02
    0.134278839788921E-02    0.338551786410115E-02
    0.175935640102668E-02    0.416010380551673E-02
    0.230167593926142E-02    0.451080961426858E-02
    0.278583120971968E-02    0.435871844703420E-02
    0.314054095928171E-02    0.375658547014392E-02
    0.309167273491049E-02    0.277882002645690E-02
    0.258067121289223E-02    0.158788271064058E-02
    0.146781377327496E-02    0.426962055239334E-03
   -0.161622477604389E-04   -0.472496559343944E-03
   -0.157324421461805E-02   -0.891367722969940E-03
   -0.248326062465359E-02   -0.712752721196669E-03
   -0.216417351862728E-02   -0.297710475654079E-03
    0.000000000000000E+00    0.000000000000000E+00
    0.000000000000000E+00    0.000000000000000E+00
    0.157142415358904E-02    0.799595694021477E-04
    0.258077203476675E-02    0.230320481297895E-03
    0.307333960080654E-02    0.351195910000827E-03
    0.310346115235699E-02    0.338369266207745E-03
    0.274942623818073E-02    0.142947095512259E-03
    0.209324108357720E-02   -0.277777815402180E-03
    0.124247275876981E-02   -0.924629395890369E-03
    0.288436235679988E-03   -0.177641966508614E-02
   -0.655752658501780E-03   -0.279179845403911E-02
   -0.152198599065736E-02   -0.389885121151275E-02
   -0.222106800661222E-02   -0.502950987746325E-02
   -0.273477549215829E-02   -0.609536576735375E-02
   -0.301783246517296E-02   -0.701972971222138E-02
   -0.310594776991732E-02   -0.773830660750389E-02
   -0.299967124271597E-02   -0.818086705466652E-02
   -0.276867695296300E-02   -0.833610973005306E-02
   -0.244422354934916E-02   -0.814807020205931E-02
   -0.209727304715262E-02   -0.766469365115336E-02
   -0.176396104412930E-02   -0.684693407101970E-02
   -0.148892137627955E-02   -0.578627299573514E-02
   -0.128602616666955E-02   -0.446491514336259E-02
   -0.115901436967498E-02   -0.299467771636492E-02
   -0.108184081169095E-02   -0.137817880264697E-02
   -0.101694730341531E-02    0.279662897287559E-03
   -0.893688920195951E-03    0.192867145031441E-02
   -0.660648940365344E-03    0.348650835048462E-02
   -0.238837995385394E-03    0.484473475232499E-02
    0.398004606583587E-03    0.596007770187509E-02
    0.126185760638015E-02    0.664858826674559E-02
    0.228077619308268E-02    0.692060021683604E-02
    0.329944514930820E-02    0.660264317116070E-02
    0.412164403399575E-02    0.578488672790128E-02
    0.443148289839612E-02    0.447357990024348E-02
    0.406751472541371E-02    0.288958359891781E-02
    0.279584434699619E-02    0.128816274542884E-02
    0.913841067667194E-03   -0.322278245044297E-04
   -0.130370197712359E-02   -0.753933351044248E-03
   -0.278048215994936E-02   -0.712448670326699E-03
   -0.266624945605979E-02   -0.326697215471110E-03
    0.000000000000000E+00    0.000000000000000E+00
    0.000000000000000E+00    0.000000000000000E+00
    0.141137229085334E-02    0.101769558750659E-03
    0.237555686541751E-02    0.328054993816059E-03
    0.292432892122890E-02    0.580974846164913E-03
    0.308215565233604E-02    0.763065644334874E-03
    0.290690218832617E-02    0.824104207360493E-03
    0.245304761126683E-02    0.715989368178947E-03
    0.180104994611533E-02    0.432760345636937E-03
    0.102357339344475E-02   -0.265667999306232E-04
    0.204829971591106E-03   -0.627110181915106E-03
   -0.590365054218593E-03   -0.133087321257838E-02
   -0.129597862698526E-02   -0.207532294411466E-02
   -0.188059940506087E-02   -0.280557969753911E-02
   -0.230986447412098E-02   -0.344919262091207E-02
   -0.259679532614049E-02   -0.396175270639820E-02
   -0.273782764640163E-02   -0.427733400503157E-02
   -0.278190669769450E-02   -0.438402391062200E-02
   -0.274258683120759E-02   -0.423050727729897E-02
   -0.268117634998038E-02   -0.384508973180138E-02
   -0.260815297742035E-02   -0.319338036960211E-02
   -0.257323412709866E-02   -0.233725608672160E-02
   -0.256410730890990E-02   -0.125641593140312E-02
   -0.259241004976514E-02   -0.365228353242676E-04
   -0.261181593588102E-02    0.133537661759205E-02
   -0.258559424339940E-02    0.276999481884657E-02
   -0.243755971063406E-02    0.424052835227097E-02
   -0.208967436388528E-02    0.565623967976203E-02
   -0.148204316761346E-02    0.694477713864052E-02
   -0.518360060937624E-03    0.802521611278208E-02
    0.737157181191612E-03    0.872145789856128E-02
    0.230735131857812E-02    0.897877088980125E-02
    0.386450322113871E-02    0.861438210749634E-02
    0.528171282521201E-02    0.764699824151901E-02
    0.601094856643839E-02    0.608883979736486E-02
    0.586719428826605E-02    0.414305230296492E-02
    0.446733623329453E-02    0.211979464567320E-02
    0.209104657473551E-02    0.378773395570838E-03
   -0.844442767857557E-03   -0.664994124910737E-03
   -0.302464820176102E-02   -0.761627641100272E-03
   -0.321999889906841E-02   -0.374147020589291E-03
    0.000000000000000E+00    0.000000000000000E+00
    0.000000000000000E+00    0.000000000000000E+00
    0.120521681849573E-02    0.117330550662924E-03
    0.208233785636535E-02    0.391092439380398E-03
    0.263088291152624E-02    0.737413447718460E-03
    0.286358829790050E-02    0.106042095328837E-02
    0.281003766705546E-02    0.131443781623538E-02
    0.250893961585784E-02    0.144897904675834E-02
    0.201713924525435E-02    0.145020397903644E-02
    0.138763881164422E-02    0.130923718085066E-02
    0.690025604915492E-03    0.104228440512225E-02
   -0.292338485630576E-04    0.676247729134220E-03
   -0.706793734505168E-03    0.249619601287934E-03
   -0.132202578836988E-02   -0.193244407332689E-03
   -0.183292829549612E-02   -0.601119052642304E-03
   -0.225185433243039E-02   -0.937442200310790E-03
   -0.256360071703377E-02   -0.114615375269092E-02
   -0.280478817278511E-02   -0.122212301764658E-02
   -0.298153471477249E-02   -0.110543806544589E-02
   -0.313443045929526E-02   -0.833340686859828E-03
   -0.327524040015198E-02   -0.344238109750733E-03
   -0.342976892559233E-02    0.282742755528538E-03
   -0.359674399233377E-02    0.112106679185784E-02
   -0.376481901340509E-02    0.206043213231965E-02
   -0.389222050898108E-02    0.318127339351347E-02
   -0.393740210979323E-02    0.436205236164190E-02
   -0.380030097382994E-02    0.565193593410860E-02
   -0.341418061708728E-02    0.692589220718575E-02
   -0.263924173844952E-02    0.817806977333018E-02
   -0.144526312567406E-02    0.930089302414863E-02
    0.247946880926416E-03    0.100771393916094E-01
    0.233358236070828E-02    0.104747654484764E-01
    0.458828570349351E-02    0.101492473049576E-01
    0.667015468563297E-02    0.919911043004066E-02
    0.801376860385434E-02    0.744466267825645E-02
    0.821011379721010E-02    0.520176446483120E-02
    0.671180333345718E-02    0.275833389357616E-02
    0.384728531347311E-02    0.587406152154639E-03
   -0.884312668161569E-04   -0.753242457163347E-03
   -0.319875715070287E-02   -0.908194092116489E-03
   -0.386433354389519E-02   -0.466469541300031E-03
    0.000000000000000E+00    0.000000000000000E+00
    0.000000000000000E+00    0.000000000000000E+00
    0.985657948998914E-03    0.121097251548863E-03
    0.173848071529161E-02    0.419731747460797E-03
    0.225022030071320E-02    0.817211401332771E-03
    0.250848668410350E-02    0.122966813971699E-02
    0.253206514380197E-02    0.161246158450267E-02
    0.233921067749487E-02    0.191626569475645E-02
    0.197103779404251E-02    0.212474739191964E-02
    0.146679450515300E-02    0.221646940230675E-02
    0.876611079549288E-03    0.220402289277605E-02
    0.243387160225111E-03    0.209032369262843E-02
   -0.388928107290675E-03    0.191171751857744E-02
   -0.991578489304230E-03    0.168355139581512E-02
   -0.153751038667027E-02    0.145780440895905E-02
   -0.202259955710782E-02    0.124546666309977E-02
   -0.243878838151585E-02    0.110613936082615E-02
   -0.280515771243437E-02    0.102959228591081E-02
   -0.312581686065408E-02    0.108127985769642E-02
   -0.343172370609083E-02    0.122184390732038E-02
   -0.372599627050777E-02    0.152025835649479E-02
   -0.403578444141096E-02    0.190240463617397E-02
   -0.434562908326671E-02    0.246228090729525E-02
   -0.464948854256935E-02    0.310059680603036E-02
   -0.489465378107776E-02    0.392160677772354E-02
   -0.505468566782150E-02    0.480745572608210E-02
   -0.501840737128117E-02    0.587950560446371E-02
   -0.467097790688563E-02    0.698874894307471E-02
   -0.387214291004528E-02    0.821513812186468E-02
   -0.250872264338182E-02    0.938570126585163E-02
   -0.552259950890416E-03    0.103614025816884E-01
    0.211083129801145E-02    0.109965480392954E-01
    0.500928154483185E-02    0.109236647107308E-01
    0.797336156014912E-02    0.101064886900746E-01
    0.998192096412686E-02    0.834421250594641E-02
    0.106638912173994E-01    0.586964804383661E-02
    0.908411525079316E-02    0.311928125346118E-02
    0.561713665074160E-02    0.585706544274165E-03
    0.698578239816805E-03   -0.100795715808263E-02
   -0.348673143926336E-02   -0.116562461294412E-02
   -0.465311349316742E-02   -0.590000142941953E-03
    0.000000000000000E+00    0.000000000000000E+00
    0.000000000000000E+00    0.000000000000000E+00
    0.754636801088327E-03    0.118726319081757E-03
    0.137227308292219E-02    0.415124061934440E-03
    0.181657473591988E-02    0.828894623413074E-03
    0.207123142154374E-02    0.128009343145166E-02
    0.213368694531939E-02    0.173262371551128E-02
    0.201580038131496E-02    0.213720255044204E-02
    0.174181268132360E-02    0.247487155058204E-02
    0.134026158121193E-02    0.272036211760005E-02
    0.850314893882760E-03    0.287366504865560E-02
    0.302026768646586E-03    0.293276836559839E-02
   -0.263728635713268E-03    0.291385466799645E-02
   -0.829385391776376E-03    0.282989074500606E-02
   -0.136338974352486E-02    0.270905957607167E-02
   -0.186773789348877E-02    0.256494229210974E-02
   -0.232618281017681E-02    0.243524039238233E-02
   -0.275695740424615E-02    0.231698506258698E-02
   -0.315853484834482E-02    0.226089472231278E-02
   -0.355411344368109E-02    0.223579101029309E-02
   -0.395032332216072E-02    0.230877364678484E-02
   -0.435961619574839E-02    0.240642419781347E-02
   -0.478417628351423E-02    0.265112268053877E-02
   -0.520167535688273E-02    0.293780303678383E-02
   -0.557613928263838E-02    0.340751482241244E-02
   -0.586815441636150E-02    0.390097082702384E-02
   -0.598302248732619E-02    0.468475347169079E-02
   -0.578842898551316E-02    0.556878858287954E-02
   -0.503725765834760E-02    0.675952542081535E-02
   -0.368723001817696E-02    0.794030957171505E-02
   -0.144511888530585E-02    0.916307961168201E-02
    0.163779378232695E-02    0.102862799295576E-01
    0.539495028397892E-02    0.105731782094466E-01
    0.930554232312102E-02    0.101424355011481E-01
    0.123168102685050E-01    0.842218423031979E-02
    0.136541732759635E-01    0.586821047900897E-02
    0.121583322836995E-01    0.282751414351591E-02
    0.813900230123645E-02    0.575223642533203E-04
    0.179752500452769E-02   -0.168124867478464E-02
   -0.377849643018286E-02   -0.165182753696694E-02
   -0.576034172763103E-02   -0.774458858535856E-03
    0.000000000000000E+00    0.000000000000000E+00
    0.000000000000000E+00    0.000000000000000E+00
    0.542862531629920E-03    0.106857988621604E-03
    0.101614462297555E-02    0.383596513722749E-03
    0.138241107261449E-02    0.777657707040629E-03
    0.160673340147044E-02    0.122566871914715E-02
    0.168385495451410E-02    0.169300981947498E-02
    0.161251480960728E-02    0.213624704721054E-02
    0.140952731998616E-02    0.253392238655831E-02
    0.109449177279230E-02    0.285582291744992E-02
    0.694325659487683E-03    0.309864819478562E-02
    0.236406685036375E-03    0.324599412725889E-02
   -0.253631832227956E-03    0.331318879766121E-02
   -0.752645022836159E-03    0.329184565286943E-02
   -0.124464479585960E-02    0.321394922005750E-02
   -0.171883776324514E-02    0.306878451381158E-02
   -0.217199280317291E-02    0.290283574456473E-02
   -0.260728076670103E-02    0.269073096312414E-02
   -0.303171157718895E-02    0.249505276094560E-02
   -0.345862515963576E-02    0.226692007236968E-02
   -0.389776861277969E-02    0.208825356785871E-02
   -0.436018222777096E-02    0.187278460780683E-02
   -0.484473735500017E-02    0.176080040178840E-02
   -0.535036626870373E-02    0.164799221719137E-02
   -0.584417590634523E-02    0.169206354413697E-02
   -0.631218200734601E-02    0.170773300247196E-02
   -0.664056145432578E-02    0.209239295837211E-02
   -0.666782197799585E-02    0.264291407698229E-02
   -0.616959273667858E-02    0.363321927220135E-02
   -0.504440562876026E-02    0.463204491229222E-02
   -0.290326864092217E-02    0.614028622156807E-02
    0.611625136423080E-03    0.775491336454437E-02
    0.493991825430791E-02    0.864775295922807E-02
    0.101308240084331E-01    0.864663398591224E-02
    0.140210241762951E-01    0.734338369590504E-02
    0.162969060444302E-01    0.486285074963346E-02
    0.150143487371228E-01    0.179457313478999E-02
    0.104020782595011E-01   -0.108626491060840E-02
    0.276440423123035E-02   -0.278386449502931E-02
   -0.447886651477295E-02   -0.246849926827587E-02
   -0.721230808457895E-02   -0.108907695819281E-02
    0.000000000000000E+00    0.000000000000000E+00
    0.000000000000000E+00    0.000000000000000E+00
    0.349565919487857E-03    0.904341872969944E-04
    0.693079964263552E-03    0.326237636602335E-03
    0.972134475149284E-03    0.676597349276686E-03
    0.115656217039962E-02    0.108369923319034E-02
    0.122809924237099E-02    0.152322433262188E-02
    0.118598099427308E-02    0.195267743524182E-02
    0.103723469374385E-02    0.235089282056080E-02
    0.795935184668676E-03    0.268590039297179E-02
    0.482378715291559E-03    0.294680631455946E-02
    0.114153104717298E-03    0.311625852310932E-02
   -0.284606163958161E-03    0.319441765488270E-02
   -0.702233727503891E-03    0.317672104393191E-02
   -0.111827777015418E-02    0.307261252225271E-02
   -0.153250176961514E-02    0.288303508686434E-02
   -0.193322431618631E-02    0.262579990049447E-02
   -0.233105386275439E-02    0.229579242954517E-02
   -0.272536111085699E-02    0.192220163487487E-02
   -0.313178276833434E-02    0.148129872478643E-02
   -0.356159982658304E-02    0.102430466485087E-02
   -0.402081422580020E-02    0.490442512827198E-03
   -0.452667387091158E-02   -0.678476530711143E-05
   -0.506594939019200E-02   -0.556634988012156E-03
   -0.565281759162324E-02   -0.101668650541735E-02
   -0.623933411917096E-02   -0.159645417750851E-02
   -0.679498303298747E-02   -0.174486908299080E-02
   -0.713460040584185E-02   -0.174044171398730E-02
   -0.704557987761570E-02   -0.119201343258351E-02
   -0.639306611121938E-02   -0.774975761806203E-03
   -0.434101449205425E-02    0.105575381933181E-02
   -0.848141892881153E-03    0.318644675644302E-02
    0.446545306108196E-02    0.446177890506531E-02
    0.107286484751319E-01    0.529651687357680E-02
    0.161133600180079E-01    0.428953364779204E-02
    0.193566359868661E-01    0.230580521559279E-02
    0.185157644378953E-01   -0.638586257441030E-03
    0.132951649614736E-01   -0.342646773677891E-02
    0.342830474037912E-02   -0.484705938421882E-02
   -0.562101934576429E-02   -0.390812923502527E-02
   -0.949105507109743E-02   -0.168546762299211E-02
    0.000000000000000E+00    0.000000000000000E+00
    0.000000000000000E+00    0.000000000000000E+00
    0.198819293005875E-03    0.687575468309769E-04
    0.423557013247527E-03    0.254950945515158E-03
    0.622587307999083E-03    0.538454418718928E-03
    0.758291541956460E-03    0.880304434213828E-03
    0.816022776739066E-03    0.125698662307495E-02
    0.790041033309144E-03    0.163452686898849E-02
    0.685468439989310E-03    0.198763755425493E-02
    0.510581708114011E-03    0.228674678148844E-02
    0.279326786980646E-03    0.251542488222680E-02
    0.538067187565467E-05    0.265353373456340E-02
   -0.296536311707667E-03    0.269751800304193E-02
   -0.613833147926631E-03    0.263452135530876E-02
   -0.936835887170363E-03    0.247455483557450E-02
   -0.125893054295836E-02    0.220559192955358E-02
   -0.157835124244252E-02    0.185031732544825E-02
   -0.189687275372398E-02    0.138859556098851E-02
   -0.222048563278379E-02    0.855538821992885E-03
   -0.255881699174222E-02    0.213183908847065E-03
   -0.292276578402538E-02   -0.485627416969397E-03
   -0.332478295431302E-02   -0.130704949826667E-02
   -0.377670381894079E-02   -0.215611412988818E-02
   -0.429990403155043E-02   -0.312089304381777E-02
   -0.489792000754577E-02   -0.407612745028702E-02
   -0.554984558214006E-02   -0.523526544182007E-02
   -0.622893622272873E-02   -0.608438832518192E-02
   -0.689130505049670E-02   -0.682765938376145E-02
   -0.737737698327573E-02   -0.706702655044718E-02
   -0.751484299791305E-02   -0.761271044016968E-02
   -0.628832765078691E-02   -0.605624854740417E-02
   -0.323154530343949E-02   -0.429112384483652E-02
    0.180109349060758E-02   -0.225395656805694E-02
    0.952875207322143E-02   -0.763504515770608E-03
    0.164436564856307E-01   -0.840293752625800E-03
    0.214250626865018E-01   -0.253633601355055E-02
    0.210432472882311E-01   -0.472590577299214E-02
    0.145915656298320E-01   -0.737782602939164E-02
    0.270009435209796E-02   -0.800647766425578E-02
   -0.855862716014223E-02   -0.585771215799933E-02
   -0.131498906221697E-01   -0.246502105854328E-02
    0.000000000000000E+00    0.000000000000000E+00
    0.000000000000000E+00    0.000000000000000E+00
    0.857255531402586E-04    0.447588068508415E-04
    0.221037735378965E-03    0.169662113294711E-03
    0.344708603449031E-03    0.378274324898949E-03
    0.433514063906458E-03    0.638318888049353E-03
    0.471286160023986E-03    0.933114199662158E-03
    0.454963461626723E-03    0.123239091248611E-02
    0.387269282245710E-03    0.151172081762103E-02
    0.272218781047377E-03    0.174278437542592E-02
    0.120539171428451E-03    0.190748083835873E-02
   -0.618834482003764E-04    0.198654182269127E-02
   -0.261682489060415E-03    0.197047023927177E-02
   -0.475518287626559E-03    0.185056481078154E-02
   -0.691370123597892E-03    0.162422985654922E-02
   -0.911438850047428E-03    0.129047670918313E-02
   -0.112800308271909E-02    0.850645802677346E-03
   -0.134944183870354E-02    0.304337023258428E-03
   -0.157479096551264E-02   -0.344630446592937E-03
   -0.181598384880446E-02   -0.110679332948073E-02
   -0.208159300089644E-02   -0.197020831877669E-02
   -0.238021976816775E-02   -0.296715165859284E-02
   -0.273355921196108E-02   -0.406818282614895E-02
   -0.314827995192430E-02   -0.533588654325603E-02
   -0.367575861485561E-02   -0.669828837118551E-02
   -0.425982183909627E-02   -0.835247325073849E-02
   -0.498131898753358E-02   -0.987204347000608E-02
   -0.571516630873524E-02   -0.115103086296845E-01
   -0.670323794223867E-02   -0.131444480194148E-01
   -0.757683840491320E-02   -0.153036008954045E-01
   -0.729382301883167E-02   -0.141736412007744E-01
   -0.492392231561784E-02   -0.138486846492890E-01
    0.879272532243743E-03   -0.124846309139295E-01
    0.853396630718966E-02   -0.899347996535455E-02
    0.179381861119406E-01   -0.946775634310324E-02
    0.236914830994385E-01   -0.100181865108498E-01
    0.231883753309109E-01   -0.112242509764571E-01
    0.163238488994783E-01   -0.133164438276204E-01
    0.230397043734309E-02   -0.122050318338962E-01
   -0.114002548044756E-01   -0.833353288196076E-02
   -0.175708097679617E-01   -0.349369825935069E-02
    0.000000000000000E+00    0.000000000000000E+00
    0.000000000000000E+00    0.000000000000000E+00
    0.202894582491271E-04    0.216292201743902E-04
    0.849768786841899E-04    0.891345676694002E-04
    0.148014407274820E-03    0.217787807300973E-03
    0.194915324673214E-03    0.391036907916046E-03
    0.216116820541880E-03    0.591924849824991E-03
    0.207862231124138E-03    0.801149409455951E-03
    0.175165543653230E-03    0.989547995453553E-03
    0.114902795398458E-03    0.114214392065458E-02
    0.383948539059289E-04    0.123195196375019E-02
   -0.574827805738270E-04    0.125330584546055E-02
   -0.159716565493866E-03    0.118593833285299E-02
   -0.272304186998107E-03    0.103220719262770E-02
   -0.383596177836148E-03    0.779369906638308E-03
   -0.499800816703672E-03    0.434531243528837E-03
   -0.611717531415500E-03   -0.106265475469100E-04
   -0.729828960647464E-03   -0.548711132407451E-03
   -0.846338088568098E-03   -0.118928673125062E-02
   -0.977987367211411E-03   -0.192900583993941E-02
   -0.111550718451830E-02   -0.278390015365219E-02
   -0.128571568491871E-02   -0.375428426412859E-02
   -0.147638858760606E-02   -0.487492331804308E-02
   -0.173156949064784E-02   -0.615401319706470E-02
   -0.202776792159187E-02   -0.764010663787584E-02
   -0.240251067909147E-02   -0.937376808791414E-02
   -0.280882570927252E-02   -0.113282853107405E-01
   -0.339614851831731E-02   -0.134716864670607E-01
   -0.416177123818684E-02   -0.160097413017024E-01
   -0.519706464313118E-02   -0.189681434219089E-01
   -0.576304450033781E-02   -0.203825268539621E-01
   -0.488418404517186E-02   -0.237749843037939E-01
   -0.163954413189541E-02   -0.223665769250287E-01
    0.736009276409262E-02   -0.198219735881225E-01
    0.189758815040668E-01   -0.191681228826616E-01
    0.246221154551614E-01   -0.193998113253695E-01
    0.241982913208766E-01   -0.195860957345468E-01
    0.150821206612749E-01   -0.198869545717310E-01
   -0.434688891543774E-03   -0.165915305538101E-01
   -0.172934548746010E-01   -0.107137721654834E-01
   -0.231307307566245E-01   -0.392579437301187E-02
    0.000000000000000E+00    0.000000000000000E+00
    0.000000000000000E+00    0.000000000000000E+00
   -0.911880703446345E-06   -0.911880703563283E-06
    0.202071196298056E-04    0.198215255962085E-04
    0.380908291032489E-04    0.771492396095614E-04
    0.498833452373561E-04    0.167726281407950E-03
    0.561660368913479E-04    0.271282447542460E-03
    0.523056558959344E-04    0.381511394993139E-03
    0.429029929778679E-04    0.477294496159787E-03
    0.241694972548109E-04    0.547447936435572E-03
    0.163033797050321E-05    0.579395823828607E-03
   -0.272483618643493E-04    0.562456629048653E-03
   -0.574746661244061E-04    0.492440933239032E-03
   -0.908607163379150E-04    0.361338138684816E-03
   -0.123734056619854E-03    0.170912702688778E-03
   -0.157915813463639E-03   -0.833543402445573E-04
   -0.190917728512690E-03   -0.398474408277799E-03
   -0.225654657664860E-03   -0.777026900538631E-03
   -0.260475443503990E-03   -0.121922186674556E-02
   -0.299723389070971E-03   -0.172949017735624E-02
   -0.341723724712340E-03   -0.231474262485450E-02
   -0.393616467506834E-03   -0.298439479591492E-02
   -0.455689620279768E-03   -0.375999147081988E-02
   -0.539304609711296E-03   -0.467335944098419E-02
   -0.653205646197824E-03   -0.573491989925705E-02
   -0.780507465090739E-03   -0.701568034087366E-02
   -0.915837603869180E-03   -0.855042510120794E-02
   -0.112540239193745E-02   -0.103591168824502E-01
   -0.152032790522996E-02   -0.127027845618778E-01
   -0.203833367630564E-02   -0.164234065174139E-01
   -0.309789558320652E-02   -0.194951570061487E-01
   -0.259317048328377E-02   -0.254974746968198E-01
   -0.496037901989126E-02   -0.294287488967453E-01
    0.352664548372041E-02   -0.199223160275530E-01
    0.183801597993629E-01   -0.234649441704331E-01
    0.264265204396999E-01   -0.272592027999424E-01
    0.238384560560977E-01   -0.284954091469750E-01
    0.128225188104463E-01   -0.270329452752191E-01
   -0.569035630640853E-02   -0.210751678193891E-01
   -0.239096597812768E-01   -0.136429457615709E-01
   -0.327929289998049E-01   -0.552413947896307E-02
    0.000000000000000E+00    0.000000000000000E+00
    0.000000000000000E+00    0.000000000000000E+00
    0.000000000000000E+00    0.000000000000000E+00
    0.000000000000000E+00    0.000000000000000E+00
    0.000000000000000E+00    0.000000000000000E+00
    0.000000000000000E+00    0.000000000000000E+00
    0.000000000000000E+00    0.000000000000000E+00
    0.000000000000000E+00    0.000000000000000E+00
    0.000000000000000E+00    0.000000000000000E+00
    0.000000000000000E+00    0.000000000000000E+00
    0.000000000000000E+00    0.000000000000000E+00
    0.000000000000000E+00    0.000000000000000E+00
    0.000000000000000E+00    0.000000000000000E+00
    0.000000000000000E+00    0.000000000000000E+00
    0.000000000000000E+00    0.000000000000000E+00
    0.000000000000000E+00    0.000000000000000E+00
    0.000000000000000E+00    0.000000000000000E+00
    0.000000000000000E+00    0.000000000000000E+00
    0.000000000000000E+00    0.000000000000000E+00
    0.000000000000000E+00    0.000000000000000E+00
    0.000000000000000E+00    0.000000000000000E+00
    0.000000000000000E+00    0.000000000000000E+00
    0.000000000000000E+00    0.000000000000000E+00
    0.000000000000000E+00    0.000000000000000E+00
    0.000000000000000E+00    0.000000000000000E+00
    0.000000000000000E+00    0.000000000000000E+00
    0.000000000000000E+00    0.000000000000000E+00
    0.000000000000000E+00    0.000000000000000E+00
    0.000000000000000E+00    0.000000000000000E+00
    0.000000000000000E+00    0.000000000000000E+00
    0.000000000000000E+00    0.000000000000000E+00
    0.000000000000000E+00    0.000000000000000E+00
    0.000000000000000E+00    0.000000000000000E+00
    0.000000000000000E+00    0.000000000000000E+00
    0.249329333448037E-01   -0.176383691253656E-01
    0.338360438825145E-01   -0.290834316341705E-01
    0.235252915437469E-01   -0.322867251358885E-01
    0.873420641134159E-02   -0.299731971837683E-01
   -0.117631597560570E-01   -0.246976314508578E-01
   -0.345033719415993E-01   -0.156652815658875E-01
   -0.399803825675835E-01   -0.786250710234683E-02
    0.000000000000000E+00    0.000000000000000E+00
