    0.000000      0.000000
    0.965926     -0.258819
    0.995436     -0.095436
    0.900000      0.000000
    0.995436      0.095436
    0.965926      0.258819
    0.487115      0.022318
    0.474229      0.000000
    0.487115     -0.022318
    0.500000      0.044636
    0.474229      0.044636
    0.461344      0.022318
    0.448459      0.000000
    0.461344     -0.022318
    0.474229     -0.044636
    0.500000     -0.044636
    0.512885      0.066954
    0.487115      0.066954
    0.461344      0.066954
    0.448459      0.044636
    0.435573      0.022318
    0.422688      0.000000
    0.435573     -0.022318
    0.448459     -0.044636
    0.461344     -0.066954
    0.487115     -0.066954
    0.512885     -0.066954
    0.551541      0.089272
    0.525771      0.089272
    0.500000      0.089272
    0.474229      0.089272
    0.448459      0.089272
    0.435573      0.066954
    0.422688      0.044636
    0.409802      0.022318
    0.396917      0.000000
    0.409802     -0.022318
    0.422688     -0.044636
    0.435573     -0.066954
    0.448459     -0.089272
    0.474229     -0.089272
    0.500000     -0.089272
    0.525771     -0.089272
    0.551541     -0.089272
    0.564427      0.111590
    0.538656      0.111590
    0.512885      0.111590
    0.487115      0.111590
    0.461344      0.111590
    0.435573      0.111590
    0.422688      0.089272
    0.409802      0.066954
    0.396917      0.044636
    0.384032      0.022318
    0.371146      0.000000
    0.384032     -0.022318
    0.396917     -0.044636
    0.409802     -0.066954
    0.422688     -0.089272
    0.435573     -0.111590
    0.461344     -0.111590
    0.487115     -0.111590
    0.512885     -0.111590
    0.538656     -0.111590
    0.564427     -0.111590
    0.590198      0.111590
    0.577312      0.133909
    0.551541      0.133909
    0.525771      0.133909
    0.500000      0.133909
    0.396917      0.089272
    0.384032      0.066954
    0.371146      0.044636
    0.358261      0.022318
    0.345376      0.000000
    0.358261     -0.022318
    0.371146     -0.044636
    0.384032     -0.066954
    0.396917     -0.089272
    0.500000     -0.133909
    0.525771     -0.133909
    0.551541     -0.133909
    0.577312     -0.133909
    0.590198     -0.111590
    0.615968      0.111590
    0.603083      0.133909
    0.590198      0.156227
    0.371146      0.089272
    0.358261      0.066954
    0.345376      0.044636
    0.332490      0.022318
    0.319605      0.000000
    0.332490     -0.022318
    0.345376     -0.044636
    0.358261     -0.066954
    0.371146     -0.089272
    0.590198     -0.156227
    0.603083     -0.133909
    0.615968     -0.111590
    0.654624      0.089272
    0.641739      0.111590
    0.628854      0.133909
    0.615968      0.156227
    0.345376      0.089272
    0.332490      0.066954
    0.319605      0.044636
    0.306720      0.022318
    0.293834      0.000000
    0.306720     -0.022318
    0.319605     -0.044636
    0.332490     -0.066954
    0.345376     -0.089272
    0.615968     -0.156227
    0.628854     -0.133909
    0.641739     -0.111590
    0.654624     -0.089272
    0.706166      0.000000
    0.719051      0.022318
    0.706166      0.044636
    0.693280      0.066954
    0.680395      0.089272
    0.667510      0.111590
    0.654624      0.133909
    0.641739      0.156227
    0.306720      0.066954
    0.293834      0.044636
    0.280949      0.022318
    0.268064      0.000000
    0.280949     -0.022318
    0.293834     -0.044636
    0.306720     -0.066954
    0.641739     -0.156227
    0.654624     -0.133909
    0.667510     -0.111590
    0.680395     -0.089272
    0.693280     -0.066954
    0.706166     -0.044636
    0.719051     -0.022318
    0.731936      0.000000
    0.744822      0.022318
    0.731936      0.044636
    0.719051      0.066954
    0.706166      0.089272
    0.693280      0.111590
    0.680395      0.133909
    0.667510      0.156227
    0.280949      0.066954
    0.268064      0.044636
    0.255178      0.022318
    0.242293      0.000000
    0.255178     -0.022318
    0.268064     -0.044636
    0.280949     -0.066954
    0.667510     -0.156227
    0.680395     -0.133909
    0.693280     -0.111590
    0.706166     -0.089272
    0.719051     -0.066954
    0.731936     -0.044636
    0.744822     -0.022318
    0.757707      0.000000
    0.770593      0.022318
    0.757707      0.044636
    0.744822      0.066954
    0.731936      0.089272
    0.719051      0.111590
    0.706166      0.133909
    0.693280      0.156227
    0.680395      0.178545
    0.255178      0.066954
    0.242293      0.044636
    0.229407      0.022318
    0.216522      0.000000
    0.229407     -0.022318
    0.242293     -0.044636
    0.255178     -0.066954
    0.680395     -0.178545
    0.693280     -0.156227
    0.706166     -0.133909
    0.719051     -0.111590
    0.731936     -0.089272
    0.744822     -0.066954
    0.757707     -0.044636
    0.770593     -0.022318
    0.783478      0.000000
    0.796363      0.022318
    0.783478      0.044636
    0.770593      0.066954
    0.757707      0.089272
    0.744822      0.111590
    0.731936      0.133909
    0.719051      0.156227
    0.706166      0.178545
    0.216522      0.044636
    0.203637      0.022318
    0.190751      0.000000
    0.203637     -0.022318
    0.216522     -0.044636
    0.706166     -0.178545
    0.719051     -0.156227
    0.731936     -0.133909
    0.744822     -0.111590
    0.757707     -0.089272
    0.770593     -0.066954
    0.783478     -0.044636
    0.796363     -0.022318
    0.809249      0.000000
    0.822134      0.022318
    0.809249      0.044636
    0.796363      0.066954
    0.783478      0.089272
    0.770593      0.111590
    0.757707      0.133909
    0.744822      0.156227
    0.731936      0.178545
    0.190751      0.044636
    0.177866      0.022318
    0.164981      0.000000
    0.177866     -0.022318
    0.190751     -0.044636
    0.731936     -0.178545
    0.744822     -0.156227
    0.757707     -0.133909
    0.770593     -0.111590
    0.783478     -0.089272
    0.796363     -0.066954
    0.809249     -0.044636
    0.822134     -0.022318
    0.835019      0.000000
    0.847905      0.022318
    0.835019      0.044636
    0.822134      0.066954
    0.809249      0.089272
    0.796363      0.111590
    0.783478      0.133909
    0.770593      0.156227
    0.757707      0.178545
    0.152095      0.022318
    0.139210      0.000000
    0.152095     -0.022318
    0.757707     -0.178545
    0.770593     -0.156227
    0.783478     -0.133909
    0.796363     -0.111590
    0.809249     -0.089272
    0.822134     -0.066954
    0.835019     -0.044636
    0.847905     -0.022318
    0.860790      0.000000
    0.873675      0.022318
    0.860790      0.044636
    0.847905      0.066954
    0.835019      0.089272
    0.822134      0.111590
    0.809249      0.133909
    0.796363      0.156227
    0.783478      0.178545
    0.770593      0.200863
    0.126325      0.022318
    0.113439      0.000000
    0.126325     -0.022318
    0.770593     -0.200863
    0.783478     -0.178545
    0.796363     -0.156227
    0.809249     -0.133909
    0.822134     -0.111590
    0.835019     -0.089272
    0.847905     -0.066954
    0.860790     -0.044636
    0.873675     -0.022318
    0.886561      0.000000
    0.899446      0.022318
    0.886561      0.044636
    0.873675      0.066954
    0.860790      0.089272
    0.847905      0.111590
    0.835019      0.133909
    0.822134      0.156227
    0.809249      0.178545
    0.796363      0.200863
    0.100554      0.022318
    0.087668      0.000000
    0.100554     -0.022318
    0.796363     -0.200863
    0.809249     -0.178545
    0.822134     -0.156227
    0.835019     -0.133909
    0.847905     -0.111590
    0.860790     -0.089272
    0.873675     -0.066954
    0.886561     -0.044636
    0.899446     -0.022318
    0.912332      0.044636
    0.899446      0.066954
    0.886561      0.089272
    0.873675      0.111590
    0.860790      0.133909
    0.847905      0.156227
    0.835019      0.178545
    0.822134      0.200863
    0.061898      0.000000
    0.822134     -0.200863
    0.835019     -0.178545
    0.847905     -0.156227
    0.860790     -0.133909
    0.873675     -0.111590
    0.886561     -0.089272
    0.899446     -0.066954
    0.912332     -0.044636
    0.938102      0.044636
    0.925217      0.066954
    0.912332      0.089272
    0.899446      0.111590
    0.886561      0.133909
    0.873675      0.156227
    0.860790      0.178545
    0.847905      0.200863
    0.835019      0.223181
    0.036127      0.000000
    0.835019     -0.223181
    0.847905     -0.200863
    0.860790     -0.178545
    0.873675     -0.156227
    0.886561     -0.133909
    0.899446     -0.111590
    0.912332     -0.089272
    0.925217     -0.066954
    0.938102     -0.044636
    0.950988      0.066954
    0.938102      0.089272
    0.925217      0.111590
    0.912332      0.133909
    0.899446      0.156227
    0.886561      0.178545
    0.873675      0.200863
    0.860790      0.223181
    0.010356      0.000000
    0.860790     -0.223181
    0.873675     -0.200863
    0.886561     -0.178545
    0.899446     -0.156227
    0.912332     -0.133909
    0.925217     -0.111590
    0.938102     -0.089272
    0.950988     -0.066954
    0.963873      0.089272
    0.950988      0.111590
    0.938102      0.133909
    0.925217      0.156227
    0.912332      0.178545
    0.899446      0.200863
    0.886561      0.223181
    0.886561     -0.223181
    0.899446     -0.200863
    0.912332     -0.178545
    0.925217     -0.156227
    0.938102     -0.133909
    0.950988     -0.111590
    0.963873     -0.089272
    0.976758      0.111590
    0.963873      0.133909
    0.950988      0.156227
    0.938102      0.178545
    0.925217      0.200863
    0.912332      0.223181
    0.912332     -0.223181
    0.925217     -0.200863
    0.938102     -0.178545
    0.950988     -0.156227
    0.963873     -0.133909
    0.976758     -0.111590
    0.989644      0.133909
    0.976758      0.156227
    0.963873      0.178545
    0.950988      0.200863
    0.938102      0.223181
    0.925217      0.245499
    0.925217     -0.245499
    0.938102     -0.223181
    0.950988     -0.200863
    0.963873     -0.178545
    0.976758     -0.156227
    0.989644     -0.133909
    0.976758      0.200863
    0.963873      0.223181
    0.950988      0.245499
    0.950988     -0.245499
    0.963873     -0.223181
    0.976758     -0.200863
