  0.436837       2.86895    
   1.65902       1.68509    
  0.830614      0.198356    
  0.515156      0.329870    
  0.876580E-01   1.90190    
  0.123454       1.34862    
  0.802613       2.26402    
   1.59457      0.551511E-02
   1.79501       1.05226    
  0.189090      0.408507E-01
   1.71819       2.52254    
  0.246208      0.225371E-01
  0.520606       2.73745    
  0.227328       1.05489    
   1.64577      0.801397    
   1.38413       1.68499    
   1.72243       1.36138    
   1.82395       1.79375    
  0.377909       2.28448    
  0.793977      0.555942    
   1.14873       1.10108    
   1.23441       1.08459    
  0.425860       2.14341    
  0.235414      0.897987    
   1.65001       2.47398    
  0.123724       2.13234    
  0.176567       2.33398    
   1.49061      0.926025    
   1.79875       2.29061    
   1.52346       1.22091    
   1.87750       1.68626    
  0.356400E-01   1.50331    
  0.838185E-01   1.10655    
  0.543447       2.57572    
  0.580731E-01  0.523268E-01
  0.304768      0.342956    
  0.707815      0.357923    
  0.413306      0.638772    
   1.22590       2.42856    
   1.17418      0.646475    
   1.53611       2.16989    
  0.896038       2.56553    
   1.89003       2.72717    
   1.03945      0.905839E-01
  0.962134      0.876939    
   1.80528       2.00352    
  0.824556      0.470845    
   1.66656       2.89321    
   1.48158       1.36830    
   1.30712       1.22048    
   1.08108       2.49684    
  0.291512       2.15138    
   1.55130       1.08678    
   1.06222       1.13993    
  0.538571       2.63225    
   1.52257       2.74103    
  0.271588      0.873586    
  0.236422       2.31534    
  0.641266       2.63224    
   1.35895       2.84753    
   1.58672      0.640987E-01
  0.204557       2.97422    
   1.12652       2.11358    
   1.98829       1.81300    
  0.922904E-01   1.68609    
  0.430308E-01   1.82740    
   1.45758       2.24522    
  0.939268      0.405581    
  0.404696       2.58036    
  0.812488E-01   2.32192    
  0.311881       2.68718    
  0.974255      0.446045    
   1.78669       1.33562    
   1.19869      0.686066    
   1.14460       1.91886    
  0.131969      0.635974E-02
   1.25881       1.23852    
   1.25679       1.40964    
  0.517017       2.26348    
   1.53703       1.21193    
   1.32047       1.75290    
  0.609470       2.05303    
   1.56160       2.73263    
  0.262462       1.78666    
  0.980645       2.56248    
   1.69716      0.249429    
  0.767943       1.23334    
   1.13005       1.18317    
   1.07607       2.32573    
   1.01961      0.915973    
   1.16815       1.67934    
  0.390058       2.56831    
   1.05900       1.03288    
   1.06020       1.21872    
   1.38563      0.365715    
   1.71794       2.16715    
  0.159992       1.47625    
  0.933287       2.63508    
   1.16846      0.521334    
   1.36946      0.834334    
  0.429829      0.206464    
   1.35875      0.783036    
   1.65877       1.32647    
  0.703044      0.982856E-01
   1.25770      0.260162    
   1.03398      0.330075E-01
   1.83821       1.19073    
   1.74246       2.16614    
  0.910807       2.90041    
  0.157062       2.61225    
   1.37637       1.01226    
  0.726143E-01  0.642930    
   1.81668       1.36773    
  0.948683      0.774196    
  0.604324       1.30302    
   1.94268       1.00625    
  0.717393       1.84752    
  0.848857       1.09944    
  0.877739      0.234518    
   1.69870      0.196526    
  0.773587E-02  0.250764E-01
  0.973121       1.86683    
   1.19680      0.871591    
   1.88883       2.47420    
  0.580953      0.116743    
  0.683656E-01   1.53091    
   1.35460       1.19274    
  0.302810       1.98675    
  0.857409      0.709638    
   1.25776       1.86552    
  0.563428       2.30791    
   1.32645       2.47200    
   1.97327       1.05191    
  0.303109      0.537771    
   1.54120       1.32539    
  0.526419       2.28599    
   1.73958       1.80043    
   1.25872       1.87169    
   1.66025       2.75931    
   1.14662       1.86108    
  0.737553      0.731880E-01
  0.471745E-01   1.29244    
   1.30533       1.12176    
  0.987995       1.85459    
  0.110114       1.02592    
   1.06527       2.90804    
   1.65044       1.45516    
  0.570753      0.959913    
   1.50997      0.447950E-01
   1.91350      0.227035    
   1.85490       2.07764    
   1.25832      0.985835    
   1.95193      0.163395    
  0.787827       1.52344    
   1.64466       2.80735    
   1.42683       1.07529    
  0.287048      0.623089    
   1.49991       1.47055    
   1.00498       1.12200    
   1.59186      0.576994    
   1.02323       2.12615    
  0.856223      0.803735    
   1.58243       2.96530    
   1.20216       1.05779    
  0.185157       2.90177    
   1.40801      0.646227    
  0.754731       1.13732    
   1.34300       2.81185    
   1.87260       1.18308    
  0.414734E-01   1.56618    
  0.529649       2.72266    
  0.535969      0.433189E-01
   1.37406       2.80474    
  0.149931       2.84385    
  0.386570       1.62689    
  0.752664      0.273467E-01
  0.410559      0.386110    
  0.238313       1.99521    
   1.68475       2.42096    
  0.275549E-01   1.67343    
  0.191137      0.651358    
  0.243905       1.97223    
  0.151982      0.538083    
   1.03979       2.54231    
   1.75118      0.867984E-01
  0.546656       2.47427    
   1.42532       2.14007    
  0.815367       2.79906    
  0.546312       2.79579    
   1.85236       1.02161    
  0.788042      0.930374    
  0.529900      0.558475E-01
   1.75269       2.18170    
   1.19533       2.91369    
  0.938016       1.86478    
  0.250838       2.75075    
   1.26801       2.12697    
  0.384635E-01  0.684803    
  0.993068      0.738368    
   1.16685       1.88520    
  0.998863       2.83559    
   1.84038       1.89423    
  0.266133       1.35037    
  0.449539       2.09372    
   1.41515      0.543526    
  0.294458E-01   1.34236    
  0.641404      0.103836    
   1.45059       2.98953    
  0.686435       1.35697    
  0.377219       2.88395    
   1.64286       2.37539    
   1.50209       2.51403    
  0.863006      0.801420    
   1.63841       1.17909    
   1.33935      0.675561    
   1.43150       1.76970    
  0.857490       2.75645    
   1.13420      0.814226    
   1.13123      0.857973    
   1.29850       2.95639    
   1.39438       2.08234    
   1.87890       1.06909    
  0.824499       2.03043    
  0.243034       1.00048    
  0.276931E-01   2.15655    
   1.45288      0.800000    
   1.73805       2.03124    
   1.34257      0.744529    
  0.201282       1.40773    
   1.13340       1.68639    
   1.38425       1.60156    
  0.970518       2.24075    
  0.862729       2.83244    
  0.598161       1.93115    
   1.94424       1.15454    
  0.251799       2.98528    
   1.03789       2.63047    
   1.52100       2.15633    
  0.951446       1.42746    
  0.187388       2.15039    
  0.409213       2.45558    
   1.98923       1.36971    
   1.13336      0.479442    
   1.98425       1.92680    
   1.15045       2.54123    
   1.66878       1.84696    
  0.516620       1.23593    
  0.167604       1.38166    
   1.05459      0.664427    
  0.679203       2.04442    
   1.04412      0.854064    
   1.50092       2.98288    
  0.136949       2.55084    
   1.30665       1.42260    
   1.81320      0.742689    
   1.58573       2.11381    
  0.575736      0.585983    
   1.74544       2.41436    
  0.883227E-01  0.658537    
  0.689965      0.368097    
  0.406816       2.02491    
  0.492526       2.83402    
  0.210466       1.94268    
   1.04920       2.78036    
  0.987527       2.04587    
   1.30132       2.00279    
  0.566766       2.45508    
  0.356588       1.75052    
   1.98297       2.72952    
   1.40348      0.537199    
   1.14017       1.13614    
  0.455021E-01   1.13114    
  0.714500E-01   1.29146    
  0.408007       2.05974    
  0.715845       1.82071    
  0.467482       1.46750    
  0.800274      0.316551    
  0.845104       2.50125    
   1.64708      0.832956    
  0.995556      0.460762    
  0.681324       1.52694    
  0.848607      0.807581    
  0.674032      0.692241    
  0.325900       2.09859    
   1.95599      0.399719    
  0.712657       2.42799    
  0.800447       1.66293    
  0.606560      0.672534    
   1.52003       1.65102    
   1.13095       2.73542    
   1.48091       2.46522    
   1.93824      0.698169E-01
  0.275129      0.128170    
  0.966689E-01   1.07107    
  0.977366      0.881315    
  0.842930       1.69305    
  0.694122E-01  0.916334    
   1.21495       2.44012    
  0.745216       1.27983    
  0.799877E-01  0.529468    
  0.513997       1.12404    
  0.536786       2.65335    
   1.90415       1.66065    
   1.07344       1.88176    
  0.447843       1.34263    
   1.72279       1.29614    
  0.866830       1.20849    
  0.737614       1.61635    
  0.689426       1.77184    
  0.865175       1.50180    
   1.17304       1.87680    
  0.877146      0.294738    
  0.446438       1.93017    
  0.932550       2.04728    
   1.07468      0.257803    
  0.600382      0.924600    
   1.84007      0.207973    
  0.267027       2.87465    
   1.53136       2.45539    
   1.82916       1.12003    
   1.57564       2.70078    
   1.29226       1.48054    
  0.930469      0.585044    
   1.21936       2.79211    
  0.710236       1.41614    
   1.39401       1.63162    
   1.75024      0.373486    
  0.791496       1.01842    
   1.09135      0.368258    
  0.206943      0.140277    
   1.76147       1.63333    
  0.937208       2.48947    
   1.68728      0.254054    
  0.595241      0.311285    
   1.84716       1.88415    
   1.24409       2.24808    
  0.960341      0.673622    
   1.71051      0.696145    
  0.704830E-01  0.911250    
  0.254178       2.96317    
   1.38517      0.887061    
   1.22560       1.04288    
   1.06860       2.94876    
   1.89592      0.990082    
   1.54106      0.937564    
   1.08844       2.14335    
   1.56721      0.248073    
   1.57881       1.52754    
   1.52253       1.68623    
   1.60132       2.16629    
  0.522069      0.610920    
   1.15837       1.19409    
   1.36414       1.67443    
   1.43002      0.571605    
  0.643526       2.61970    
  0.822388       2.82172    
  0.425920      0.654764    
  0.410259       1.84176    
  0.267990      0.155197    
  0.929371       2.91818    
   1.22022      0.262913    
   1.85403       1.01221    
   1.46249      0.859793E-02
  0.336971       2.19725    
   1.48039       1.34382    
   1.10013       2.89963    
   1.35348       2.82308    
   1.66244      0.855220    
  0.452404       2.34055    
   1.11559       2.68301    
  0.235021       2.99372    
   1.69043       1.69435    
  0.601524       2.72616    
   1.75567       2.41921    
  0.410385       2.00373    
   1.18200       2.79505    
   1.59050       2.40637    
  0.563299       2.04058    
   1.99233       1.62891    
   1.38585       2.98394    
  0.202889E-01   1.49253    
   1.27093      0.699768    
  0.669007       2.98918    
  0.813744      0.880635    
   1.21806       2.86868    
  0.561842       1.32789    
  0.602830       2.64545    
   1.33969      0.281029    
  0.839416      0.905052E-01
  0.809943E-01   1.90681    
   1.22448       2.62790    
  0.692365      0.862418    
   1.10140       1.89869    
  0.216432       2.36672    
  0.342227       2.70298    
  0.166198E-01   1.99339    
   1.25987      0.912435    
   1.52675      0.247957E-01
   1.82777       1.88970    
   1.46265       1.14336    
  0.998257       2.55623    
   1.72605       2.66856    
  0.277231       2.13491    
  0.937675       2.26584    
   1.97793       1.60478    
   1.05398      0.304488    
   1.68950       2.10634    
  0.880715      0.267126    
   1.05320       1.78363    
  0.972316       2.57630    
  0.599149       2.84735    
   1.58732      0.125993    
   1.71290      0.950415    
   1.08038       2.85859    
   1.50019       2.45918    
  0.239491       1.69490    
  0.767294       2.87655    
  0.740606       2.03961    
   1.09536       2.64299    
   1.87155       1.59691    
  0.884950       2.04229    
   1.16999       2.94994    
   1.11130       2.52908    
   1.53117      0.593407    
  0.928053       2.67012    
   1.78890      0.177111    
  0.469404       1.90656    
  0.392519       1.59955    
  0.417739       1.41301    
  0.342079       1.98321    
   1.21614       2.60662    
  0.296367       1.57047    
  0.556884       2.33029    
  0.111308       1.13886    
  0.541028       1.59146    
   1.76544       2.52977    
   1.27626      0.484203E-01
  0.533371      0.557599    
   1.70579       1.79144    
  0.480234       1.94844    
   1.62588      0.362835    
   1.44265      0.983455    
   1.28211      0.550092    
   1.59865      0.697310    
   1.12294       1.91974    
  0.526904E-01   2.35135    
  0.764354E-01  0.975314    
  0.724723E-01  0.633992E-01
  0.366620       2.67273    
   1.01966       2.08835    
   1.32090      0.600995    
   1.94413       1.56771    
   1.63711       1.26934    
  0.564017       2.14102    
   1.42637       1.59342    
   1.75335      0.945029    
  0.738382       2.97572    
   1.97279       1.14166    
   1.95553      0.802401    
  0.636355       1.81582    
   1.67352       1.31859    
  0.329733       2.73707    
   1.92807       1.57514    
  0.974133      0.385943    
  0.357605      0.410249    
  0.703406      0.229005    
   1.92934      0.520960    
   1.18168      0.790974    
  0.600397       1.30973    
   1.06875      0.790273    
  0.743255       2.81764    
  0.706431       1.47391    
  0.665065       2.61687    
   1.11079       1.45451    
   1.26576       2.45425    
   1.10313      0.378643    
  0.563907       2.38216    
   1.25693       1.91690    
  0.220452       1.69894    
  0.158396E-01  0.325105    
  0.691142      0.449381E-01
   1.51682       1.86857    
  0.672420       2.05263    
   1.02012       1.61108    
   1.60610       2.53884    
  0.808120      0.107513    
  0.647263      0.822572    
  0.649564       1.84285    
  0.544526       2.78460    
  0.505030      0.692838E-01
  0.302028      0.273690    
  0.603559      0.240932E-01
   1.95624      0.747929    
  0.297746      0.328586    
   1.69388       1.68498    
   1.66240      0.191287E-01
  0.331133       2.02398    
  0.531984E-01  0.159037    
   1.96177       2.21737    
  0.945299       2.45931    
   1.77348       1.19923    
  0.921655      0.391282    
  0.184673       2.69726    
   1.93423      0.906348    
   1.32568       1.11240    
  0.591426E-01  0.139263E-01
  0.397554E-01  0.254153    
   1.69870       2.97502    
  0.152749       1.88325    
   1.16243       1.48848    
   1.87487       1.41486    
   1.06936       1.02732    
  0.795392      0.240946    
   1.72026      0.549686    
   1.04802      0.121549    
   1.91956      0.116881    
   1.60803      0.279890    
  0.784267E-01  0.177474    
  0.535891       1.09096    
   1.85067      0.256668    
   1.88109       2.26157    
  0.160129       1.92397    
   1.47706       1.42524    
   1.37381       2.34136    
  0.179140       1.21094    
  0.135338      0.934941    
   1.70720       1.41922    
   1.93658      0.166536    
   1.97875       1.33853    
   1.72928      0.137325E-01
   1.86809       1.59597    
  0.333893       2.61711    
   1.89971      0.690714    
   1.22232       2.41602    
  0.708179      0.537715    
  0.912895       1.54494    
  0.531153       1.63710    
   1.18577       1.73522    
  0.516927       2.98248    
   1.74479       1.04078    
   1.59984      0.741552    
  0.839567      0.899638    
  0.147113      0.795154    
   1.43278       1.10618    
  0.379553       1.71235    
  0.336084      0.855895    
  0.203782E-01  0.745348    
   1.37247       1.69176    
   1.62932      0.384734E-01
   1.08160      0.673412    
   1.35723       1.33910    
  0.128573       1.40090    
  0.604630      0.203244E-01
   1.72770       2.21268    
  0.306517       2.44071    
   1.36293       1.10188    
  0.249855       1.96564    
  0.375867       1.78906    
   1.86474       1.03813    
   1.84885       2.46053    
   1.39109      0.117852    
  0.491694       2.84445    
   1.06368       2.00666    
   1.96693      0.195274    
   1.97576      0.901467    
  0.634904       1.25479    
   1.48917      0.699452    
   1.12598      0.464919    
   1.26196       2.75665    
   1.35861      0.319445    
   1.27590      0.168716    
  0.402722      0.826300    
  0.415203      0.477078    
   1.50337       1.69142    
   1.78496       2.81233    
   1.21371       1.12836    
  0.893605       1.23998    
   1.53082      0.767728    
  0.134304       1.88236    
   1.20623       1.55499    
   1.14271       2.39853    
  0.687025       1.23213    
   1.64550       2.87276    
  0.307722       2.82688    
  0.249171       2.72270    
  0.988020       2.47728    
   1.13747       2.25217    
  0.785564       1.46775    
   1.68360      0.465959    
  0.913065       2.81985    
   1.49055       2.62059    
  0.796705      0.322868    
   1.62879       1.64571    
   1.61598       2.64428    
  0.279124       1.86282    
  0.233790       1.96003    
   1.44287      0.555986    
   1.63938       1.65160    
   1.64327      0.625692    
  0.669508      0.627378    
   1.55649       2.97823    
  0.100281       2.12453    
  0.635966       1.00914    
   1.05605       1.42611    
   1.10743      0.872806    
   1.49593      0.212645    
  0.617438       1.93124    
  0.908210      0.418590    
  0.159334       2.89040    
   1.97852       1.43494    
  0.637858E-02   1.80709    
   1.88975       1.61345    
  0.138273       2.92221    
  0.410893       2.82586    
  0.858814      0.128929    
  0.602993      0.757835    
   1.28995      0.364393    
  0.897929       2.23371    
   1.92188       1.64154    
  0.892523      0.962231    
   1.48320      0.179541    
   1.69537      0.132703    
  0.895894       1.94324    
   1.37935       1.16029    
  0.706646      0.897325    
  0.229356       1.17017    
   1.38143       2.56871    
   1.59274       1.82082    
   1.66730      0.371106    
  0.118588       1.66629    
  0.193669       1.47990    
   1.77493       1.84779    
   1.85176      0.700341    
   1.08381       2.43819    
   1.16003      0.871829    
  0.556531       2.42990    
  0.211076       2.34269    
   1.10891       2.17329    
  0.982485      0.933832    
   1.27570       1.11751    
   1.37554       1.10651    
  0.105640       2.23991    
   1.49635       1.71976    
   1.30551       2.47763    
   1.03198      0.819531    
  0.572363       2.55787    
  0.119680       2.20078    
  0.972718      0.700681    
  0.892248      0.266674E-01
  0.799493       1.61072    
   1.61853      0.995021    
  0.874040       2.99229    
   1.60873       2.95067    
   1.22942       1.40980    
  0.308567      0.130719    
  0.662541       1.99043    
  0.134322       2.33079    
   1.68666       2.47314    
  0.660453      0.362928    
  0.490024       2.74751    
  0.919955       2.51892    
   1.70696       1.34541    
  0.915751       1.54414    
   1.57350       2.66859    
  0.625458      0.984269E-01
  0.840881       1.03429    
  0.923391       2.15984    
  0.257132       2.41456    
  0.303780       2.44491    
  0.422151       1.63521    
  0.253133E-01   2.16086    
   1.69431      0.296905    
  0.719844      0.631994    
   1.28328      0.243768    
   1.33384       2.84801    
   1.00712       1.12068    
  0.849813       1.21272    
  0.125341      0.900361    
  0.242678       1.03801    
  0.555637      0.898972    
  0.678863       2.47210    
   1.09892       2.27740    
   1.50539       1.63453    
  0.387419       2.01816    
  0.859480       1.91774    
   1.58304      0.315190    
   1.59552       2.79863    
   1.74405      0.415579    
  0.426665       1.44019    
  0.811166       1.89528    
   1.95339      0.970442    
   1.47807       2.84027    
  0.320584      0.848398E-01
  0.601642       2.69425    
  0.191575       2.69281    
  0.593865E-02   2.71639    
  0.195160      0.893912E-01
   1.59914       1.13391    
   1.09879       2.13545    
  0.994847      0.588700    
  0.183411      0.881335    
   1.06077      0.527244    
   1.58795       1.01799    
  0.258234      0.205110    
  0.185064      0.560625    
   1.61615      0.892567    
  0.910822      0.276994    
   1.62623      0.735368E-01
   1.95530       1.17343    
   1.84539       2.28873    
  0.439066       2.07289    
  0.273990E-01  0.743658    
  0.442707      0.862582    
  0.946844       2.41975    
  0.440195      0.542434    
   1.79127       2.91031    
   1.04303      0.407151    
   1.99377       1.98565    
  0.549614       2.03735    
   1.79445       1.94148    
   1.60927       1.51264    
  0.680724       1.38160    
  0.369670       1.56744    
  0.635036       1.58295    
  0.452108      0.862715    
  0.438378       2.73263    
  0.191289       1.47970    
   1.50585       1.11603    
  0.711903       1.42717    
  0.944203       1.83973    
   1.60854       1.03738    
   1.50818       2.96700    
  0.220754      0.317813    
  0.988042      0.389978E-01
  0.957560       2.55735    
  0.277077       1.23792    
  0.442750       1.95215    
   1.23204       1.28149    
  0.676239       2.33169    
   1.83128      0.367689    
   1.83514       1.69418    
  0.710830       1.37787    
  0.621938       1.37090    
  0.501171       1.76339    
  0.143614       2.58760    
   1.16478      0.741667    
  0.131419       1.12983    
   1.38402       1.73322    
  0.124056       1.52488    
   1.75208       1.90079    
   1.71802       1.07816    
  0.407297       2.16141    
   1.83636       2.60804    
  0.220650      0.687542    
   1.68353       1.71353    
   1.47820      0.209737    
  0.334614E-01  0.577388    
   1.44521       2.37467    
   1.41932      0.670292    
  0.399245      0.160101    
   1.88077      0.883067E-01
   1.44742       1.15148    
   1.91681       2.81280    
  0.484938      0.519578    
   1.70142       2.67121    
   1.98610      0.511369    
   1.71831       2.36511    
  0.280078       1.89798    
  0.228949       2.92915    
  0.128869       2.84767    
   1.23286      0.973182    
  0.183185       1.17354    
   1.12510       2.29895    
  0.976509      0.273445    
   1.86392       1.42537    
  0.801993       1.65396    
  0.607555E-01   1.67695    
   1.63189       1.75718    
  0.596947       1.34271    
  0.661903      0.914170    
  0.971861      0.104386    
   1.60950       1.29926    
   1.76110       1.31109    
  0.358097      0.810834    
   1.12132      0.149021    
   1.73289      0.963484    
   1.52187      0.197670    
  0.831743       1.65151    
  0.652278       1.25898    
  0.412401       1.83187    
   1.50336       1.40310    
   1.21689      0.312260    
  0.766466       2.98333    
   1.25599       2.11632    
  0.613375       1.48814    
  0.767801E-01  0.665824    
  0.340128      0.791639    
  0.516797E-01  0.871891    
   1.25028       2.08882    
  0.578046       1.84019    
  0.662369      0.643581    
   1.11136      0.823181    
   1.46771       2.68904    
   1.76670       1.26559    
  0.535850      0.514467E-01
  0.442603       1.24656    
   1.32921      0.515644E-01
   1.76210       2.36396    
   1.36411      0.918027    
  0.187256       1.82843    
  0.898226      0.731735    
  0.844095       1.05365    
   1.81448      0.157325E-01
  0.277588       2.13297    
   1.23230       2.01643    
   1.37915       1.95807    
   1.57736       1.01724    
   1.84450      0.656395    
  0.683438      0.824139    
  0.197568      0.782674    
   1.59616       1.00619    
  0.251354E-01  0.676865    
  0.468978E-01  0.317238    
  0.550055       1.16759    
  0.508311       1.78362    
  0.882047      0.841029    
   1.44736       2.74142    
  0.650003      0.913111    
   1.10029      0.911948    
  0.756326E-01   1.73679    
  0.187225       1.03652    
   1.88519      0.562814    
  0.140796      0.533501    
   1.70361      0.853285    
  0.779247       1.20544    
  0.588316       2.74222    
   1.62835       2.56049    
   1.48107      0.555160    
  0.388254       2.07712    
   1.39459       1.29493    
   1.28759      0.881834    
  0.656076      0.993559    
  0.500947       2.12622    
   1.53928      0.941732    
   1.79253       1.68867    
  0.995573      0.880709    
  0.510818E-01  0.797318    
   1.68113       1.03201    
   1.28205       2.01226    
  0.674552       1.78513    
   1.79026       1.35419    
   1.27512       1.36653    
   1.51398       2.30735    
   1.04188       1.20618    
  0.899545      0.968008    
  0.211467      0.197838    
  0.714376      0.773920    
   1.51253       1.69283    
   1.57136       2.78028    
  0.857882E-01   2.76456    
   1.96731      0.876438    
  0.191206       2.39578    
   1.97000       2.59810    
  0.809685      0.560397    
   1.06112      0.363864    
  0.974917       2.14199    
  0.302836       2.63583    
   1.58172       2.83703    
  0.235583E-01   2.91636    
  0.816840      0.953153    
   1.75665       2.91942    
   1.14348      0.796707    
  0.834321      0.648751    
   1.03319       1.16609    
   1.65011       2.06016    
   1.37230      0.377429    
  0.966029      0.709815E-01
   1.32352      0.537185    
  0.980413       2.71214    
  0.629665       1.18140    
   1.22660       2.19910    
  0.133301      0.579840    
  0.917609      0.393624    
  0.423077      0.977016    
   1.13563      0.787671    
   1.58621       2.14073    
  0.145857       2.12989    
  0.715293       2.88513    
  0.957614      0.920032    
  0.657373      0.702985    
  0.715463       1.18693    
   1.13855       2.40780    
  0.577115       2.34610    
   1.24386       2.44841    
   1.60994      0.394452    
   1.70313      0.796998    
  0.101580       1.87476    
  0.758333E-01  0.796001    
  0.923176       2.74055    
  0.994142      0.820861    
   1.47798      0.631805    
   1.16880      0.108207    
  0.421524      0.836897    
   1.15152       2.50187    
  0.617672       1.81870    
   1.89819       1.32266    
   1.95239       2.83965    
   1.32422      0.170887    
  0.735076      0.642053    
   1.98522       2.50276    
  0.565363      0.825131E-01
  0.531755       1.82198    
  0.683973       2.29345    
   1.28957       2.63186    
   1.07312       2.94605    
   1.53381       1.21408    
   1.40661       1.30043    
  0.836056       2.37899    
   1.76631      0.439726    
  0.985628       2.17033    
   1.78598       1.56980    
   1.11776      0.382710    
  0.140456      0.953766    
  0.626523       2.96278    
  0.916832       1.79376    
  0.456580       2.61125    
  0.138676       1.08263    
  0.525002       2.56769    
  0.126892       1.00679    
  0.713331       1.44290    
   1.19830       2.65805    
  0.513665       1.75226    
   1.52008       2.95186    
  0.570175       1.40723    
   1.58473      0.773282    
  0.367761       1.44957    
   1.91668       2.34238    
   1.54708       2.71837    
  0.466722      0.293423    
   1.70935       1.65833    
   1.08844       1.99776    
  0.235565       1.72226    
   1.39987       2.45862    
   1.99070       2.51523    
  0.321105       1.21525    
  0.460773      0.321773    
   1.35653       1.74575    
  0.600826      0.127633    
  0.882243E-01   1.17961    
   1.17062      0.938345    
   1.84496      0.330137    
   1.07074       2.92228    
   1.13685       1.59909    
   1.29729       2.33233    
   1.02640       1.08214    
   1.05446      0.564504    
   1.07394       2.59917    
  0.807587       1.67730    
   1.57610       2.22197    
  0.477542      0.753409E-01
  0.169939      0.235238    
   1.76483       2.17164    
  0.543371      0.655174    
   1.00208      0.398921E-01
  0.977785       2.45950    
   1.86077       2.89137    
  0.861085      0.376558    
   1.20689      0.319754    
  0.733374       2.73633    
   1.67712       2.00542    
  0.632091E-01  0.533572    
  0.497564      0.826969    
   1.91676       1.53737    
   1.69348      0.542641    
  0.116488       2.72560    
   1.38426       1.83844    
   1.14001      0.147037    
   1.50509      0.984194E-01
  0.756622      0.830554    
  0.764927E-01   2.41886    
  0.485054      0.442657    
   1.82144       1.45860    
   1.11705      0.279637    
   1.24195       2.10587    
   1.52139       2.99189    
   1.15188       2.50357    
   1.68902       1.92576    
   1.48095      0.412717    
  0.353124       1.42815    
   1.92728       2.59377    
  0.292597       2.52753    
  0.148664      0.900688    
   1.90656       2.37206    
  0.164802       2.73596    
   1.52999      0.772968    
  0.847821       1.98001    
   1.40060       2.74523    
   1.35099      0.635416E-01
   1.96240      0.110618    
   1.43364       1.85525    
