    0.000000000000000E+00    0.000000000000000E+00
    0.000000000000000E+00    0.000000000000000E+00
    0.000000000000000E+00    0.000000000000000E+00
    0.000000000000000E+00    0.000000000000000E+00
    0.000000000000000E+00    0.000000000000000E+00
    0.000000000000000E+00    0.000000000000000E+00
    0.000000000000000E+00    0.000000000000000E+00
    0.000000000000000E+00    0.000000000000000E+00
    0.000000000000000E+00    0.000000000000000E+00
    0.000000000000000E+00    0.000000000000000E+00
    0.000000000000000E+00    0.000000000000000E+00
    0.000000000000000E+00    0.000000000000000E+00
    0.000000000000000E+00    0.000000000000000E+00
    0.000000000000000E+00    0.000000000000000E+00
    0.000000000000000E+00    0.000000000000000E+00
    0.000000000000000E+00    0.000000000000000E+00
    0.000000000000000E+00    0.000000000000000E+00
    0.000000000000000E+00    0.000000000000000E+00
    0.000000000000000E+00    0.000000000000000E+00
    0.000000000000000E+00    0.000000000000000E+00
    0.000000000000000E+00    0.000000000000000E+00
    0.000000000000000E+00    0.000000000000000E+00
    0.000000000000000E+00    0.000000000000000E+00
    0.000000000000000E+00    0.000000000000000E+00
    0.000000000000000E+00    0.000000000000000E+00
    0.000000000000000E+00    0.000000000000000E+00
    0.000000000000000E+00    0.000000000000000E+00
    0.000000000000000E+00    0.000000000000000E+00
    0.000000000000000E+00    0.000000000000000E+00
    0.000000000000000E+00    0.000000000000000E+00
    0.000000000000000E+00    0.000000000000000E+00
    0.000000000000000E+00    0.000000000000000E+00
    0.000000000000000E+00    0.000000000000000E+00
    0.000000000000000E+00    0.000000000000000E+00
    0.000000000000000E+00    0.000000000000000E+00
    0.000000000000000E+00    0.000000000000000E+00
    0.000000000000000E+00    0.000000000000000E+00
    0.000000000000000E+00    0.000000000000000E+00
    0.000000000000000E+00    0.000000000000000E+00
    0.000000000000000E+00    0.000000000000000E+00
    0.000000000000000E+00    0.000000000000000E+00
    0.000000000000000E+00    0.000000000000000E+00
   -0.324847679748842E-03    0.324152379233484E-03
   -0.296747226382081E-03    0.782928721684357E-03
   -0.837402638377444E-04    0.108388686437713E-02
    0.259391052244150E-03    0.754891556534442E-03
    0.625417462317451E-03   -0.155725251029662E-03
    0.998320978876335E-03   -0.182764749376695E-02
    0.136761794165677E-02   -0.418613206438560E-02
    0.170874355199600E-02   -0.724392920179082E-02
    0.203315310214469E-02   -0.109379995478032E-01
    0.231179612278862E-02   -0.152123667012971E-01
    0.256414652782991E-02   -0.200107794333496E-01
    0.275879736724974E-02   -0.252256438800232E-01
    0.291869809154620E-02   -0.308108864133839E-01
    0.301130400376021E-02   -0.366108586842141E-01
    0.306066375993039E-02   -0.425939661763084E-01
    0.303601147936948E-02   -0.485562587207468E-01
    0.296086075308622E-02   -0.544881710243974E-01
    0.281088965378722E-02   -0.601414742287415E-01
    0.260655244822420E-02   -0.655384762192473E-01
    0.233681473242395E-02   -0.704010505955620E-01
    0.201538486569406E-02   -0.747941749032213E-01
    0.165311482374334E-02   -0.784390843833045E-01
    0.125145829215890E-02   -0.814529100301929E-01
    0.854552981064036E-03   -0.836074764051334E-01
    0.447705650462670E-03   -0.850771392303040E-01
    0.120414757909870E-03   -0.857543308400008E-01
   -0.151472750787636E-03   -0.858922350181165E-01
   -0.257409745382234E-03   -0.855816003563322E-01
   -0.286990896733811E-03   -0.851015327521627E-01
    0.183177935707738E-06   -0.850247776045236E-01
    0.712663617612500E-03   -0.856058206827272E-01
    0.182855096130684E-02   -0.871702449580845E-01
    0.376178592407793E-02   -0.912622498790942E-01
    0.458031279166874E-02   -0.974091647021914E-01
    0.164259497672507E-02   -0.102048250605431E+00
    0.216134842280219E-02   -0.112372737135915E+00
    0.134230856156434E-01   -0.121595187430064E+00
    0.112402066637271E-01   -0.927421039094691E-01
   -0.576640888795018E-01   -0.576640888794460E-01
    0.000000000000000E+00    0.000000000000000E+00
    0.000000000000000E+00    0.000000000000000E+00
   -0.782233421072445E-03    0.297878602093658E-03
   -0.573066859241242E-03    0.576286323374452E-03
    0.270385076354620E-03    0.358887264872567E-03
    0.142725378430699E-02   -0.837261642287196E-03
    0.276169186274072E-02   -0.316653228118216E-02
    0.410640863110254E-02   -0.669734408592260E-02
    0.545701115965572E-02   -0.114977161398026E-01
    0.671757670736030E-02   -0.174602974397025E-01
    0.790204683513133E-02   -0.245998363839630E-01
    0.894943517674823E-02   -0.327282070075076E-01
    0.986516518872615E-02   -0.418271636676204E-01
    0.106150775565073E-01   -0.516517653665208E-01
    0.111848824303536E-01   -0.621625910969524E-01
    0.115686795557233E-01   -0.730675894475185E-01
    0.117265099404520E-01   -0.843120013306282E-01
    0.116884090134982E-01   -0.955621732692217E-01
    0.113858728843302E-01   -0.106757178276672E+00
    0.108957297679007E-01   -0.117532381886262E+00
    0.101206890527894E-01   -0.127837721758087E+00
    0.919541920364144E-02   -0.137296775131311E+00
    0.799816569295590E-02   -0.145899728274539E+00
    0.672893541088966E-02   -0.153286818447276E+00
    0.525405434344882E-02   -0.159534992204498E+00
    0.383762930992085E-02   -0.164336285353267E+00
    0.236281373025846E-02   -0.167923024233783E+00
    0.113500443756770E-02   -0.170064430580547E+00
    0.105302888666027E-03   -0.171257451351284E+00
   -0.436588314443492E-03   -0.171358788543331E+00
   -0.394241879460720E-03   -0.171261293006855E+00
    0.344571219616337E-03   -0.170794688046251E+00
    0.222371620738024E-02   -0.171315007813368E+00
    0.453795718306473E-02   -0.171799304748988E+00
    0.776379747616267E-02   -0.174644674868188E+00
    0.102057824217367E-01   -0.178114933304947E+00
    0.111845666760287E-01   -0.181817262814039E+00
    0.389310398103043E-02   -0.175859896420795E+00
   -0.194720738397636E-01   -0.155219480341275E+00
   -0.726729894869046E-01   -0.100319926380369E+00
   -0.134912612523657E+00   -0.322301498543308E-01
    0.000000000000000E+00    0.000000000000000E+00
    0.000000000000000E+00    0.000000000000000E+00
   -0.108224575295662E-02    0.877506435007212E-04
   -0.365654297259006E-03   -0.240685093866591E-03
    0.140955485787920E-02   -0.135608927325786E-02
    0.381519722191020E-02   -0.383947958873660E-02
    0.651643230800301E-02   -0.775511136212414E-02
    0.932155180167457E-02   -0.133036297812276E-01
    0.120976293155889E-01   -0.204393896856951E-01
    0.147456999116010E-01   -0.291753074392993E-01
    0.172077961740749E-01   -0.393962451927632E-01
    0.194176499292241E-01   -0.509993030142313E-01
    0.213460305964662E-01   -0.638319125181454E-01
    0.229367044992010E-01   -0.777073509842750E-01
    0.241690449735170E-01   -0.924492520925217E-01
    0.249934048312009E-01   -0.107800589511394E+00
    0.253936871048118E-01   -0.123572150932096E+00
    0.253323211415476E-01   -0.139440688734420E+00
    0.248014691468159E-01   -0.155221558976131E+00
    0.237869994050430E-01   -0.170532840110356E+00
    0.222969918175165E-01   -0.185221561123436E+00
    0.203564655791608E-01   -0.198865430311478E+00
    0.179990423600558E-01   -0.211381584335074E+00
    0.153072451163696E-01   -0.222341092309474E+00
    0.123513725530609E-01   -0.231780725029480E+00
    0.928897002339027E-02   -0.239312861956989E+00
    0.624188900446293E-02   -0.245154548703077E+00
    0.344522618027455E-02   -0.249006556297442E+00
    0.108603779636009E-02   -0.251331581052553E+00
   -0.557042419898937E-03   -0.251940180780771E+00
   -0.120606201389315E-02   -0.251586833741264E+00
   -0.742269312032154E-03   -0.249989351734001E+00
    0.117557165429964E-02   -0.248207780186757E+00
    0.367714121034883E-02   -0.245168387776794E+00
    0.630570237044646E-02   -0.241427195129099E+00
    0.684242648898315E-02   -0.234918609138085E+00
    0.285434253011733E-02   -0.222806222402783E+00
   -0.137067922613714E-01   -0.196173356497713E+00
   -0.630677821124774E-01   -0.150584184227635E+00
   -0.124160227660096E+00   -0.803337745516891E-01
   -0.161375575952937E+00   -0.237576070995441E-01
    0.000000000000000E+00    0.000000000000000E+00
    0.000000000000000E+00    0.000000000000000E+00
   -0.791810480936578E-03   -0.224645192590255E-03
    0.752549053149626E-03   -0.128213625907345E-02
    0.383248946988964E-02   -0.353120685152760E-02
    0.776627366944836E-02   -0.740073472406075E-02
    0.121770451336848E-01   -0.130259213679224E-01
    0.167325691468992E-01   -0.205164146708593E-01
    0.212591009942780E-01   -0.298994877297228E-01
    0.255872415373523E-01   -0.411180362895493E-01
    0.296197092721482E-01   -0.541115209742897E-01
    0.332607559186437E-01   -0.687041321721375E-01
    0.364344708479318E-01   -0.847772146283516E-01
    0.390831525315467E-01   -0.102074017662204E+00
    0.411264891460654E-01   -0.120428512813209E+00
    0.425367635844009E-01   -0.139519150486785E+00
    0.432241687254567E-01   -0.159142094215321E+00
    0.431975442971811E-01   -0.178918457685406E+00
    0.423646300775342E-01   -0.198623453298212E+00
    0.407852185518713E-01   -0.217829326459767E+00
    0.383807489171105E-01   -0.236320842344441E+00
    0.352788446067853E-01   -0.253635221849387E+00
    0.314390513764404E-01   -0.269615773436375E+00
    0.270700464618395E-01   -0.283784706835404E+00
    0.222022634265798E-01   -0.296112695114926E+00
    0.171260727451536E-01   -0.306126745934596E+00
    0.119820309817192E-01   -0.314010227175333E+00
    0.711393598215274E-02   -0.319297210026914E+00
    0.280263370297605E-02   -0.322466478852548E+00
   -0.654080508171720E-03   -0.322997520834221E+00
   -0.287004464559372E-02   -0.321674967407077E+00
   -0.388667072875365E-02   -0.317667370787692E+00
   -0.358609657259448E-02   -0.311876669484328E+00
   -0.303301641733613E-02   -0.302691983326698E+00
   -0.373305674922087E-02   -0.290026161335858E+00
   -0.941603649356638E-02   -0.270120445260899E+00
   -0.268552511991825E-01   -0.239687820382209E+00
   -0.635818447164603E-01   -0.193577730420939E+00
   -0.130387914781066E+00   -0.130221699978995E+00
   -0.201036059577356E+00   -0.624030216418218E-01
   -0.201138059665373E+00   -0.111748003889788E-01
    0.000000000000000E+00    0.000000000000000E+00
    0.000000000000000E+00    0.000000000000000E+00
    0.146896807359377E-04   -0.540637892155986E-03
    0.285528780264481E-02   -0.240856244846786E-02
    0.749561499783994E-02   -0.578575019394303E-02
    0.132534655827575E-01   -0.110788390716077E-01
    0.195901304207988E-01   -0.183150492029283E-01
    0.261490841802869E-01   -0.276560776201218E-01
    0.326465515902339E-01   -0.390354154906483E-01
    0.388865837180749E-01   -0.524751276500966E-01
    0.447082202278243E-01   -0.678222838952769E-01
    0.499833693951080E-01   -0.849798606850191E-01
    0.546046710674065E-01   -0.103735047881339E+00
    0.584688138709885E-01   -0.123901233237682E+00
    0.614918081910066E-01   -0.145217529799053E+00
    0.635819461193647E-01   -0.167416750218059E+00
    0.646750519263363E-01   -0.190203888003624E+00
    0.646956955885724E-01   -0.213231973708273E+00
    0.636116171233034E-01   -0.236193715947135E+00
    0.613807411088305E-01   -0.258663097673607E+00
    0.580245057465943E-01   -0.280356136780859E+00
    0.535591267082100E-01   -0.300773751482904E+00
    0.480855866629152E-01   -0.319707176914093E+00
    0.417055369442040E-01   -0.336597090510581E+00
    0.346240428564348E-01   -0.351376346314482E+00
    0.270461489992919E-01   -0.363437309072122E+00
    0.192962218523859E-01   -0.372927120114991E+00
    0.116641575452528E-01   -0.379176800088202E+00
    0.458014707130296E-02   -0.382604232461992E+00
   -0.171227337857630E-02   -0.382380282634915E+00
   -0.679261779720844E-02   -0.379169091215557E+00
   -0.109029183098694E-01   -0.371707409685883E+00
   -0.141346442979616E-01   -0.360584760694812E+00
   -0.181953363260151E-01   -0.343690033689429E+00
   -0.250977408851245E-01   -0.320606996804258E+00
   -0.397069214063061E-01   -0.287941899158048E+00
   -0.703035621386370E-01   -0.242709354711046E+00
   -0.119288962607360E+00   -0.184984903683780E+00
   -0.197135161443353E+00   -0.115169642873149E+00
   -0.259713816792837E+00   -0.502267567695325E-01
   -0.231375601172151E+00   -0.978448993179688E-02
    0.000000000000000E+00    0.000000000000000E+00
    0.000000000000000E+00    0.000000000000000E+00
    0.142199416768345E-02   -0.818802778331357E-03
    0.589745452935927E-02   -0.341031483623128E-02
    0.124302240097885E-01   -0.787934253430521E-02
    0.202051336152399E-01   -0.144571582582300E-01
    0.286724289397277E-01   -0.231822734782557E-01
    0.373763748390032E-01   -0.341273748461452E-01
    0.460010401360086E-01   -0.472626464321590E-01
    0.542865753632694E-01   -0.625484954163336E-01
    0.620307065899150E-01   -0.798768463170602E-01
    0.690718975082778E-01   -0.991017501826513E-01
    0.752514917016136E-01   -0.120050116536407E+00
    0.804554860186086E-01   -0.142493986682164E+00
    0.845375438670861E-01   -0.166198805342346E+00
    0.874134958911279E-01   -0.190861916395398E+00
    0.889462332601118E-01   -0.216194260073716E+00
    0.890863394165261E-01   -0.241820697384270E+00
    0.877218869421360E-01   -0.267412459334553E+00
    0.848577367397554E-01   -0.292522954768192E+00
    0.804368526694484E-01   -0.316813418509022E+00
    0.745447508248882E-01   -0.339769719681666E+00
    0.672164657796374E-01   -0.361090536538592E+00
    0.586419771494517E-01   -0.380201337229313E+00
    0.489836134925675E-01   -0.396899344246119E+00
    0.385431690281924E-01   -0.410553219846751E+00
    0.276233830539893E-01   -0.421117385496496E+00
    0.166019651805213E-01   -0.427885031981767E+00
    0.586093653672074E-02   -0.430984024291203E+00
   -0.428861780528326E-02   -0.429554019332660E+00
   -0.136666269486014E-01   -0.423787031014366E+00
   -0.224227409094568E-01   -0.412500951585682E+00
   -0.314204090391317E-01   -0.395544572171975E+00
   -0.421884467026443E-01   -0.371154088427703E+00
   -0.584930934224651E-01   -0.338116227494525E+00
   -0.844096948280254E-01   -0.294467969873426E+00
   -0.128100424098690E+00   -0.238474111763252E+00
   -0.191414554708511E+00   -0.172954993796009E+00
   -0.266155862588302E+00   -0.103252675460276E+00
   -0.312912526465863E+00   -0.450942102536561E-01
   -0.251419503873499E+00   -0.106458026191120E-01
    0.000000000000000E+00    0.000000000000000E+00
    0.000000000000000E+00    0.000000000000000E+00
    0.333631661697403E-02   -0.107044044159151E-02
    0.983915991727807E-02   -0.430653650450025E-02
    0.184705942863816E-01   -0.969271335955348E-02
    0.284600290381516E-01   -0.173901118740319E-01
    0.391717821061268E-01   -0.273498274160986E-01
    0.501424441583758E-01   -0.396522987254770E-01
    0.609824217913416E-01   -0.541921945718935E-01
    0.714077691380241E-01   -0.709789586106026E-01
    0.811658913690264E-01   -0.898367354623339E-01
    0.900584199507736E-01   -0.110687755887344E+00
    0.978976014927051E-01   -0.133293262741406E+00
    0.104518044212935E+00   -0.157495906953160E+00
    0.109764644734235E+00   -0.182997374930903E+00
    0.113484284508045E+00   -0.209554790735321E+00
    0.115552778459865E+00   -0.236819348503439E+00
    0.115833242758308E+00   -0.264452013482069E+00
    0.114253249762597E+00   -0.292072910581056E+00
    0.110714197999055E+00   -0.319232797629320E+00
    0.105230758883273E+00   -0.345557428899468E+00
    0.977752897158752E-01   -0.370474291696287E+00
    0.884890246271914E-01   -0.393670055236878E+00
    0.774473659217517E-01   -0.414437984836294E+00
    0.649481438663954E-01   -0.432593160572387E+00
    0.511802190891169E-01   -0.447279830694742E+00
    0.365968105969156E-01   -0.458502575173842E+00
    0.214440838721723E-01   -0.465221679497679E+00
    0.624989998366691E-02   -0.467644679413572E+00
   -0.890296211732625E-02   -0.464474338125711E+00
   -0.237000599361564E-01   -0.455999292543755E+00
   -0.387798068047694E-01   -0.440584708359887E+00
   -0.548218099004665E-01   -0.418207696060099E+00
   -0.741901488001562E-01   -0.387053769627284E+00
   -0.100297025599181E+00   -0.346095380896928E+00
   -0.137079235447715E+00   -0.295011820510493E+00
   -0.191559022231179E+00   -0.232258132881835E+00
   -0.258892702224181E+00   -0.164270662126682E+00
   -0.331221381841119E+00   -0.952890895969906E-01
   -0.359969597151647E+00   -0.395844145854803E-01
   -0.272144166172918E+00   -0.974715726935547E-02
    0.000000000000000E+00    0.000000000000000E+00
    0.000000000000000E+00    0.000000000000000E+00
    0.565558762638832E-02   -0.125355336951715E-02
    0.144595265688733E-01   -0.498990451034840E-02
    0.254326714568277E-01   -0.111279283325609E-01
    0.377628838610290E-01   -0.196979443276222E-01
    0.508296749430908E-01   -0.306404193531098E-01
    0.641192134641602E-01   -0.439626185248883E-01
    0.772287922724680E-01   -0.595780798292033E-01
    0.898299800842263E-01   -0.774452097253185E-01
    0.101640511637484E+00   -0.974266063847622E-01
    0.112430363149786E+00   -0.119410701240858E+00
    0.121968507510522E+00   -0.143202012564763E+00
    0.130069196456211E+00   -0.168618723852156E+00
    0.136520523415010E+00   -0.195398619546308E+00
    0.141159491305368E+00   -0.223281594179785E+00
    0.143791919651896E+00   -0.251935220665428E+00
    0.144283384270112E+00   -0.281011128934214E+00
    0.142481165075466E+00   -0.310112689294179E+00
    0.138305565207557E+00   -0.338791891842013E+00
    0.131686271781721E+00   -0.366610198791893E+00
    0.122635371097987E+00   -0.393011842880304E+00
    0.111210594390182E+00   -0.417555990902872E+00
    0.975502364442942E-01   -0.439576131410756E+00
    0.818700771970928E-01   -0.458678046888616E+00
    0.644454151264354E-01   -0.474083724731266E+00
    0.456275413210411E-01   -0.485481586897508E+00
    0.257781746612134E-01   -0.491974724506786E+00
    0.523403397393843E-02   -0.493316506310027E+00
   -0.157454337306413E-01   -0.488470967871175E+00
   -0.372665249672648E-01   -0.477127087445236E+00
   -0.596424182593474E-01   -0.458107987352203E+00
   -0.843400983756362E-01   -0.430791806358563E+00
   -0.113069137764519E+00   -0.394108446014636E+00
   -0.149788799212944E+00   -0.347139854356400E+00
   -0.197583321659650E+00   -0.290331069739524E+00
   -0.259649429022148E+00   -0.224423391507406E+00
   -0.331873083561638E+00   -0.155329576035839E+00
   -0.392956400709006E+00   -0.896646295724009E-01
   -0.401634189748904E+00   -0.383500592558985E-01
   -0.290768602401195E+00   -0.898492565063774E-02
    0.000000000000000E+00    0.000000000000000E+00
    0.000000000000000E+00    0.000000000000000E+00
    0.831625531285434E-02   -0.140374768226341E-02
    0.196692061140654E-01   -0.551273928025818E-02
    0.331109502075113E-01   -0.121785713159454E-01
    0.478848731367836E-01   -0.213761291639703E-01
    0.633430400791744E-01   -0.329828617769751E-01
    0.789834952397722E-01   -0.470036796010867E-01
    0.943672042280014E-01   -0.632974925403074E-01
    0.109154982754103E+00   -0.818583130302368E-01
    0.123030855023038E+00   -0.102501928949653E+00
    0.135736143836133E+00   -0.125177675082316E+00
    0.147012446634399E+00   -0.149646122417455E+00
    0.156627819673461E+00   -0.175794965214250E+00
    0.164351143108638E+00   -0.203319981275281E+00
    0.169953429417044E+00   -0.232023117581130E+00
    0.173233082871193E+00   -0.261533792154140E+00
    0.173968593710867E+00   -0.291539788863394E+00
    0.172018600421167E+00   -0.321616795247683E+00
    0.167196428128948E+00   -0.351305494271826E+00
    0.159470473436602E+00   -0.380161658831079E+00
    0.148729723473727E+00   -0.407547438407165E+00
    0.135105163562361E+00   -0.433053475064158E+00
    0.118599164532513E+00   -0.455839155547098E+00
    0.995384000732532E-01   -0.475594060676295E+00
    0.780437909497002E-01   -0.491262160617968E+00
    0.546155950200696E-01   -0.502677186047392E+00
    0.294129013181339E-01   -0.508571925979407E+00
    0.296848143647423E-02   -0.508902064791380E+00
   -0.247762265040387E-01   -0.502235909342744E+00
   -0.536397072572243E-01   -0.488497137589776E+00
   -0.844257632275863E-01   -0.466287149472975E+00
   -0.118112449380281E+00   -0.435189027135629E+00
   -0.156777448874199E+00   -0.394552681828027E+00
   -0.203505612582965E+00   -0.343495924679927E+00
   -0.259891058272671E+00   -0.284084246958641E+00
   -0.328259195816997E+00   -0.216499078839397E+00
   -0.398345617761785E+00   -0.148363626197862E+00
   -0.451542058103708E+00   -0.850474334837299E-01
   -0.442096023036026E+00   -0.357798865922898E-01
   -0.308858079995918E+00   -0.876158919455146E-02
    0.000000000000000E+00    0.000000000000000E+00
    0.000000000000000E+00    0.000000000000000E+00
    0.111696830736780E-01   -0.148283732201758E-02
    0.252118432413843E-01   -0.581591665933004E-02
    0.412344638535390E-01   -0.128064120094439E-01
    0.584905143188152E-01   -0.223533416697725E-01
    0.763634377699350E-01   -0.343260146923442E-01
    0.943378261006241E-01   -0.486759588377562E-01
    0.111982542848549E+00   -0.652838259985354E-01
    0.128932310220410E+00   -0.841034995333473E-01
    0.144860638526296E+00   -0.104995308964944E+00
    0.159478899893521E+00   -0.127882101026326E+00
    0.172501066412034E+00   -0.152578856694727E+00
    0.183663881299361E+00   -0.178955048785249E+00
    0.192690101612020E+00   -0.206757159986982E+00
    0.199320655686156E+00   -0.235776094773567E+00
    0.203288389254411E+00   -0.265672220485754E+00
    0.204347677615320E+00   -0.296131118603644E+00
    0.202273552292416E+00   -0.326721182745300E+00
    0.196868977342235E+00   -0.356996091262026E+00
    0.188004597356559E+00   -0.386445561922211E+00
    0.175582511793388E+00   -0.414471821694762E+00
    0.159625692273033E+00   -0.440519826666559E+00
    0.140183207460767E+00   -0.463834230929558E+00
    0.117460457352970E+00   -0.483860561892632E+00
    0.916699525768946E-01   -0.499697727855874E+00
    0.631561244755363E-01   -0.510825548581600E+00
    0.322341994302713E-01   -0.516230376072827E+00
   -0.802471085856633E-03   -0.515416357443920E+00
   -0.357486522876896E-01   -0.507327019249128E+00
   -0.727972808054418E-01   -0.491423607898005E+00
   -0.112302441984277E+00   -0.466786792848720E+00
   -0.155612367232457E+00   -0.432810857796825E+00
   -0.204142141255888E+00   -0.389257950986040E+00
   -0.260303978489981E+00   -0.335942298327674E+00
   -0.325282311751872E+00   -0.274758424533562E+00
   -0.396850906443331E+00   -0.207811211206537E+00
   -0.466267530011733E+00   -0.141298202395863E+00
   -0.506743825361882E+00   -0.813581750518928E-01
   -0.478766606177149E+00   -0.354309282429535E-01
   -0.326333941019943E+00   -0.870163101031049E-02
    0.000000000000000E+00    0.000000000000000E+00
    0.000000000000000E+00    0.000000000000000E+00
    0.141715685971030E-01   -0.153017861757843E-02
    0.309837376321807E-01   -0.595334502261370E-02
    0.496020225040398E-01   -0.130473928198027E-01
    0.693354868433112E-01   -0.226809964586906E-01
    0.895788568938732E-01   -0.346880623988209E-01
    0.109843679933295E+00   -0.490250272403999E-01
    0.129689878023615E+00   -0.655392071196905E-01
    0.148758524324002E+00   -0.842227769870851E-01
    0.166701339343292E+00   -0.104905180452608E+00
    0.183216749810066E+00   -0.127573753245705E+00
    0.197989114709054E+00   -0.152012666825855E+00
    0.210721389447129E+00   -0.178168183483524E+00
    0.221102328536673E+00   -0.205755595592449E+00
    0.228814772861819E+00   -0.234638140941947E+00
    0.233559127866048E+00   -0.264447421824869E+00
    0.235004904842372E+00   -0.294915206732825E+00
    0.232906333768332E+00   -0.325592368354537E+00
    0.226954991142130E+00   -0.356026714798249E+00
    0.217025885888366E+00   -0.385717374834257E+00
    0.202886577863441E+00   -0.413982006959891E+00
    0.184603779677757E+00   -0.440322554842258E+00
    0.162072634941287E+00   -0.463801269498694E+00
    0.135593535107210E+00   -0.483987140871074E+00
    0.105203070153210E+00   -0.499700542789819E+00
    0.714025192617592E-01   -0.510617023089931E+00
    0.342924722739560E-01   -0.515389831891169E+00
   -0.559567597376590E-02   -0.513770155488446E+00
   -0.483308529701132E-01   -0.504423047370238E+00
   -0.937408463348946E-01   -0.487046791033241E+00
   -0.142444068517940E+00   -0.460712597472485E+00
   -0.195221153200705E+00   -0.424925086668655E+00
   -0.253246251194854E+00   -0.380015099429687E+00
   -0.318202012022192E+00   -0.325580542919082E+00
   -0.389105900439203E+00   -0.264734713215874E+00
   -0.463697120145766E+00   -0.198773633143723E+00
   -0.528284580797003E+00   -0.134629602920288E+00
   -0.559435464466081E+00   -0.774900165166908E-01
   -0.515227035472340E+00   -0.335494356048095E-01
   -0.343707648398251E+00   -0.847016921361077E-02
    0.000000000000000E+00    0.000000000000000E+00
    0.000000000000000E+00    0.000000000000000E+00
    0.171673157559387E-01   -0.151168739422318E-02
    0.367362029095240E-01   -0.588708844524659E-02
    0.579244977163583E-01   -0.128822102351643E-01
    0.800743213854737E-01   -0.223282894358099E-01
    0.102625114920192E+00   -0.340677943869782E-01
    0.125096671955347E+00   -0.480232243483695E-01
    0.147076618304882E+00   -0.640783414579026E-01
    0.168192325088514E+00   -0.821956359336385E-01
    0.188105632057304E+00   -0.102264255983585E+00
    0.206485040946298E+00   -0.124247914075383E+00
    0.223005142771021E+00   -0.148003871019820E+00
    0.237326180950352E+00   -0.173459156442902E+00
    0.249103191459667E+00   -0.200402103095718E+00
    0.257967854127283E+00   -0.228681657131776E+00
    0.263559870011554E+00   -0.257984567541166E+00
    0.265496611717929E+00   -0.288036857095572E+00
    0.263444735574857E+00   -0.318404617678501E+00
    0.257054792957141E+00   -0.348647887665621E+00
    0.246091564301431E+00   -0.378216771361486E+00
    0.230308666445389E+00   -0.406475310414282E+00
    0.209646361755557E+00   -0.432790415981900E+00
    0.184030606055440E+00   -0.456326802303833E+00
    0.153622300027519E+00   -0.476420895208078E+00
    0.118551518785470E+00   -0.492074189523948E+00
    0.791604017771257E-01   -0.502642609657478E+00
    0.357262398134121E-01   -0.507050671098668E+00
   -0.114103532757802E-01   -0.504696376880250E+00
   -0.620298217248690E-01   -0.494583320437347E+00
   -0.116146483608661E+00   -0.476160072713415E+00
   -0.173955403519448E+00   -0.448802378789150E+00
   -0.236136730849294E+00   -0.412141300656337E+00
   -0.303400596594613E+00   -0.366534674299478E+00
   -0.376078620734494E+00   -0.312424341133379E+00
   -0.453226640630988E+00   -0.252301561310747E+00
   -0.528411194088361E+00   -0.188828942630336E+00
   -0.589767359824549E+00   -0.127553103943614E+00
   -0.608775213547419E+00   -0.737624845879291E-01
   -0.548502305674305E+00   -0.327371124700025E-01
   -0.360293471615506E+00   -0.828822329346947E-02
    0.000000000000000E+00    0.000000000000000E+00
    0.000000000000000E+00    0.000000000000000E+00
    0.201245335686474E-01   -0.146421898144843E-02
    0.423664780331403E-01   -0.566409030711316E-02
    0.660131583820048E-01   -0.123547590168528E-01
    0.904647936841635E-01   -0.213602771368722E-01
    0.115192779688378E+00   -0.325119851245612E-01
    0.139757343175481E+00   -0.457538326946538E-01
    0.163752419381403E+00   -0.609530871495131E-01
    0.186829758988008E+00   -0.781233816775158E-01
    0.208635425315963E+00   -0.971333766038640E-01
    0.228843271769143E+00   -0.118023696003025E+00
    0.247093071592950E+00   -0.140626562177309E+00
    0.263026721739128E+00   -0.164961699561294E+00
    0.276248623181194E+00   -0.190788155200210E+00
    0.286342793703832E+00   -0.218047750038768E+00
    0.292889414806593E+00   -0.246397421587989E+00
    0.295424942050863E+00   -0.275633481350336E+00
    0.293560476618253E+00   -0.305301911060317E+00
    0.286832675665067E+00   -0.334981846650866E+00
    0.274973657457015E+00   -0.364131180469256E+00
    0.257596041497960E+00   -0.392053139609138E+00
    0.234652094639448E+00   -0.418173760729687E+00
    0.205909536776321E+00   -0.441500456934976E+00
    0.171605301338175E+00   -0.461499135285774E+00
    0.131703010707713E+00   -0.476930484545195E+00
    0.866989125323382E-01   -0.487348970775433E+00
    0.367014825810599E-01   -0.491415529702478E+00
   -0.177034472628545E-01   -0.488757472115817E+00
   -0.764426846065222E-01   -0.478213204136432E+00
   -0.139174096656446E+00   -0.459406518114057E+00
   -0.206071971399235E+00   -0.431823545808773E+00
   -0.277345156724100E+00   -0.395084814597699E+00
   -0.353011075969652E+00   -0.350095037836728E+00
   -0.432997759077547E+00   -0.296935566136934E+00
   -0.514033995399494E+00   -0.238945678351502E+00
   -0.590231813883835E+00   -0.177983527287960E+00
   -0.645864520655212E+00   -0.119901380351277E+00
   -0.655607838486986E+00   -0.692735717211344E-01
   -0.580972296327435E+00   -0.305670433521009E-01
   -0.376158349909693E+00   -0.781418070165761E-02
    0.000000000000000E+00    0.000000000000000E+00
    0.000000000000000E+00    0.000000000000000E+00
    0.228962134790260E-01   -0.135690272550481E-02
    0.476475170093247E-01   -0.525606439835109E-02
    0.735956151545324E-01   -0.114532827610694E-01
    0.100184326846760E+00   -0.197619851777133E-01
    0.126941679687287E+00   -0.300423145098142E-01
    0.153446489296631E+00   -0.422214067320848E-01
    0.179338071170111E+00   -0.562208744590967E-01
    0.204260210512579E+00   -0.720327552636103E-01
    0.227888615853492E+00   -0.896035336451345E-01
    0.249865288342148E+00   -0.108950442701087E+00
    0.269837944301257E+00   -0.130000360982924E+00
    0.287394833890578E+00   -0.152748931334214E+00
    0.302119665644873E+00   -0.177055180516768E+00
    0.313524814265692E+00   -0.202838252577048E+00
    0.321135867175888E+00   -0.229842625881305E+00
    0.324408144603667E+00   -0.257848544663387E+00
    0.322863717978248E+00   -0.286453057190224E+00
    0.315964095742677E+00   -0.315236891197059E+00
    0.303324481832826E+00   -0.343645528827550E+00
    0.284510273522908E+00   -0.371019099014052E+00
    0.259342040008032E+00   -0.396685904836024E+00
    0.227592668645829E+00   -0.419746791980803E+00
    0.189367954868684E+00   -0.439480393909811E+00
    0.144710106790883E+00   -0.454812653256588E+00
    0.939979835476391E-01   -0.465049613021267E+00
    0.375052391736566E-01   -0.469081453307389E+00
   -0.242651414533577E-01   -0.466303154877880E+00
   -0.909858211521350E-01   -0.455790890016220E+00
   -0.162277286174203E+00   -0.437094710351070E+00
   -0.237999314963391E+00   -0.409816733548721E+00
   -0.317894378303406E+00   -0.373864658381777E+00
   -0.401759370451503E+00   -0.329925133544847E+00
   -0.487879425773939E+00   -0.278863458869894E+00
   -0.573348886903292E+00   -0.223269762818707E+00
   -0.648724350973961E+00   -0.165916404621117E+00
   -0.700137242140362E+00   -0.111515518459356E+00
   -0.698913914000385E+00   -0.644891317232961E-01
   -0.610510433757368E+00   -0.288393655266267E-01
   -0.391223457766461E+00   -0.731450346478213E-02
    0.000000000000000E+00    0.000000000000000E+00
    0.000000000000000E+00    0.000000000000000E+00
    0.254559737994213E-01   -0.122251869953931E-02
    0.524809095435293E-01   -0.470276754339018E-02
    0.804944061124301E-01   -0.102208592981517E-01
    0.109001991359832E+00   -0.176032152777807E-01
    0.137572810093652E+00   -0.267188162281801E-01
    0.165837578193821E+00   -0.375339228899358E-01
    0.193448286923305E+00   -0.499654886811408E-01
    0.220089504877573E+00   -0.640714291204371E-01
    0.245422552790642E+00   -0.797830487336038E-01
    0.269112749709495E+00   -0.972092962013948E-01
    0.290766825254671E+00   -0.116252593514965E+00
    0.309971190731328E+00   -0.137020265283958E+00
    0.326243075496934E+00   -0.159339062060658E+00
    0.339059875257805E+00   -0.183247076787143E+00
    0.347860625641798E+00   -0.208452837476396E+00
    0.352027304891597E+00   -0.234841016772785E+00
    0.350988929378806E+00   -0.261979357655048E+00
    0.344096546015571E+00   -0.289508426502094E+00
    0.330889081534560E+00   -0.316869742202295E+00
    0.310794828291106E+00   -0.343387329145788E+00
    0.283604289050251E+00   -0.368435092474101E+00
    0.248945741775165E+00   -0.391004535629520E+00
    0.206967930525671E+00   -0.410487736485902E+00
    0.157584348885197E+00   -0.425625374236884E+00
    0.101304515331503E+00   -0.435898050204162E+00
    0.383155024651912E-01   -0.440002630709731E+00
   -0.306616363254731E-01   -0.437520734820427E+00
   -0.105291493025121E+00   -0.427443736116860E+00
   -0.184902259331518E+00   -0.409426568254184E+00
   -0.269084918208168E+00   -0.383229304852358E+00
   -0.357267816030558E+00   -0.348660289452793E+00
   -0.448288470502609E+00   -0.306873677376592E+00
   -0.540331511375390E+00   -0.258315523895587E+00
   -0.628251554481382E+00   -0.206166508834751E+00
   -0.703468412909196E+00   -0.152454567367640E+00
   -0.749084183957478E+00   -0.102043243247740E+00
   -0.739259293811712E+00   -0.587304089820221E-01
   -0.638341459007315E+00   -0.260364392176098E-01
   -0.404820969168661E+00   -0.658237442658936E-02
    0.000000000000000E+00    0.000000000000000E+00
    0.000000000000000E+00    0.000000000000000E+00
    0.276680839236422E-01   -0.103485710649178E-02
    0.566661309727219E-01   -0.398632694517460E-02
    0.864713451961112E-01   -0.865754053845696E-02
    0.116636069690751E+00   -0.148867760433490E-01
    0.146795029739185E+00   -0.225893934624462E-01
    0.176599608032549E+00   -0.317289326392774E-01
    0.205761094583999E+00   -0.422905117215575E-01
    0.233957174678428E+00   -0.543163270785879E-01
    0.260895260135200E+00   -0.678287108224021E-01
    0.286206781078324E+00   -0.829126342436886E-01
    0.309522791926472E+00   -0.995820347522150E-01
    0.330367799421176E+00   -0.117914997648176E+00
    0.348252235850525E+00   -0.137862796037937E+00
    0.362564203319758E+00   -0.159432368841980E+00
    0.372697489727583E+00   -0.182454322076516E+00
    0.377924071416074E+00   -0.206786187948294E+00
    0.377588344846288E+00   -0.232090949644457E+00
    0.370927325971015E+00   -0.257997210975165E+00
    0.357365747065417E+00   -0.283985291166326E+00
    0.336240853410874E+00   -0.309399427913209E+00
    0.307221112393290E+00   -0.333571932264725E+00
    0.269898083593627E+00   -0.355565106897198E+00
    0.224320195668995E+00   -0.374647516149218E+00
    0.170442483941434E+00   -0.389689188961449E+00
    0.108727291878661E+00   -0.400002784079740E+00
    0.394859130261172E-01   -0.404452059185237E+00
   -0.365137564947856E-01   -0.402491372793864E+00
   -0.118752669696636E+00   -0.393247034440827E+00
   -0.206317295873693E+00   -0.376414306944865E+00
   -0.298621841656322E+00   -0.351729672641024E+00
   -0.394380232198110E+00   -0.319341817925309E+00
   -0.492432158319059E+00   -0.280064556654912E+00
   -0.589242667205225E+00   -0.234999684278637E+00
   -0.680247410452788E+00   -0.186588835569559E+00
   -0.753897805394436E+00   -0.137459295487248E+00
   -0.795074292178635E+00   -0.915521859724836E-01
   -0.775613137938487E+00   -0.524396516882861E-01
   -0.663039755503242E+00   -0.233034537822693E-01
   -0.417359815678670E+00   -0.580549159140381E-02
    0.000000000000000E+00    0.000000000000000E+00
    0.000000000000000E+00    0.000000000000000E+00
    0.295117977687193E-01   -0.822501668957597E-03
    0.601143217353182E-01   -0.314157671570075E-02
    0.913661568406132E-01   -0.680949280507543E-02
    0.122881198584192E+00   -0.116949658130167E-01
    0.154335607230963E+00   -0.177376757199890E-01
    0.185439616167473E+00   -0.249536043846592E-01
    0.215917207886334E+00   -0.333300840773883E-01
    0.245499294198298E+00   -0.429843533711706E-01
    0.273878451062966E+00   -0.539251872785616E-01
    0.300725061105888E+00   -0.663378044396445E-01
    0.325625526561617E+00   -0.802105759920340E-01
    0.348119121237185E+00   -0.957462078763852E-01
    0.367638536457937E+00   -0.112861224898757E+00
    0.383552563708546E+00   -0.131703945064779E+00
    0.395144740313171E+00   -0.152065128806193E+00
    0.401627440542649E+00   -0.173941990713901E+00
    0.402213014044337E+00   -0.196961744907318E+00
    0.396041038149940E+00   -0.220860718490610E+00
    0.382407603721105E+00   -0.245104928909385E+00
    0.360530096691908E+00   -0.269078851168731E+00
    0.329988934185745E+00   -0.292145703526317E+00
    0.290261989671374E+00   -0.313317238607300E+00
    0.241386825973522E+00   -0.331956201730360E+00
    0.183247348169897E+00   -0.346804800093359E+00
    0.116389870372109E+00   -0.357324038729998E+00
    0.411368832387778E-01   -0.362239287621934E+00
   -0.415779578125153E-01   -0.361153326090690E+00
   -0.131080264082881E+00   -0.353152288419184E+00
   -0.226252719610167E+00   -0.337983613895406E+00
   -0.326054838945946E+00   -0.315546467593536E+00
   -0.429049137643374E+00   -0.285833757375021E+00
   -0.532984199931504E+00   -0.250045842690948E+00
   -0.634466596485931E+00   -0.208834088784830E+00
   -0.726872977531059E+00   -0.165079644076823E+00
   -0.799680350357349E+00   -0.120685560009042E+00
   -0.835360729806829E+00   -0.797278224787845E-01
   -0.808240437525110E+00   -0.450973654930776E-01
   -0.685071412688887E+00   -0.197200409496799E-01
   -0.427724541169512E+00   -0.481013308603220E-02
    0.000000000000000E+00    0.000000000000000E+00
    0.000000000000000E+00    0.000000000000000E+00
    0.308685712515155E-01   -0.567261102976035E-03
    0.626614832216501E-01   -0.216820383234893E-02
    0.949919309098023E-01   -0.469885238127607E-02
    0.127515357376206E+00   -0.806190308445056E-02
    0.159975269382334E+00   -0.122533839937514E-01
    0.192098244681493E+00   -0.172980283090374E-01
    0.223674724411725E+00   -0.232548843053847E-01
    0.254427919415701E+00   -0.302297730526515E-01
    0.284107857598800E+00   -0.383237742308309E-01
    0.312351816126592E+00   -0.476980065104996E-01
    0.338784777144814E+00   -0.584569232998079E-01
    0.362881947639265E+00   -0.707713096039791E-01
    0.384084711240508E+00   -0.846962305800490E-01
    0.401661533237811E+00   -0.100344695588212E+00
    0.414865555540693E+00   -0.117658018645013E+00
    0.422773789145109E+00   -0.136600736970603E+00
    0.424527310833546E+00   -0.156940072852825E+00
    0.419109772087005E+00   -0.178392504453421E+00
    0.405717323077053E+00   -0.200521382827696E+00
    0.383421213748845E+00   -0.222719063137341E+00
    0.351702840204850E+00   -0.244373912084414E+00
    0.309943148913588E+00   -0.264548198981217E+00
    0.258124164862619E+00   -0.282551540537056E+00
    0.196112827703185E+00   -0.297221811360414E+00
    0.124488814735501E+00   -0.307925853647478E+00
    0.436376746195366E-01   -0.313501913888597E+00
   -0.453354532513180E-01   -0.313501879220514E+00
   -0.141657451763995E+00   -0.307069781966639E+00
   -0.243807082829115E+00   -0.294053622167821E+00
   -0.350702898048756E+00   -0.274243192927526E+00
   -0.460044768659504E+00   -0.247964232256380E+00
   -0.569767756960490E+00   -0.216025767471547E+00
   -0.674799475259856E+00   -0.179599649601867E+00
   -0.769235755613923E+00   -0.140867998429028E+00
   -0.840093948331703E+00   -0.102126746511193E+00
   -0.871507514148993E+00   -0.666460121272223E-01
   -0.836176198273457E+00   -0.370888945701588E-01
   -0.703481509278548E+00   -0.159734969015716E-01
   -0.436746400799406E+00   -0.375427929774612E-02
    0.000000000000000E+00    0.000000000000000E+00
    0.000000000000000E+00    0.000000000000000E+00
    0.317274052597474E-01   -0.292416893366921E-03
    0.642401026954014E-01   -0.109761148991628E-02
    0.972229892525617E-01   -0.238242492061711E-02
    0.130383401077849E+00   -0.409413910683667E-02
    0.163497045786961E+00   -0.626261409703424E-02
    0.196348534894283E+00   -0.896989802467653E-02
    0.228736686061729E+00   -0.122795985832815E-01
    0.260443915316744E+00   -0.163700028778084E-01
    0.291206225555693E+00   -0.213284223424093E-01
    0.320711410789692E+00   -0.274107425721046E-01
    0.348542431984505E+00   -0.346961138759796E-01
    0.374205333344185E+00   -0.434779349453330E-01
    0.397061837771689E+00   -0.537789104694978E-01
    0.416380538512599E+00   -0.658622610904663E-01
    0.431289488501229E+00   -0.796339927668815E-01
    0.440828006478233E+00   -0.952241726192551E-01
    0.443969761222112E+00   -0.112369361286584E+00
    0.439625700268515E+00   -0.130938362840449E+00
    0.426805192911780E+00   -0.150483599630274E+00
    0.404490439941146E+00   -0.170495624609832E+00
    0.372000652868208E+00   -0.190393759409468E+00
    0.328647253957684E+00   -0.209249346375986E+00
    0.274324985450501E+00   -0.226462651656537E+00
    0.208896690324330E+00   -0.240792494320410E+00
    0.132957619085040E+00   -0.251746977155803E+00
    0.470008712203889E-01   -0.258056795909426E+00
   -0.477698000456995E-01   -0.259408998734701E+00
   -0.150303116314035E+00   -0.254917864877638E+00
   -0.258967701841490E+00   -0.244458231538229E+00
   -0.372103048646477E+00   -0.227964094527411E+00
   -0.487407605890700E+00   -0.205566750717385E+00
   -0.601684486837730E+00   -0.178402911928195E+00
   -0.710194560757442E+00   -0.147146689336809E+00
   -0.805186601611816E+00   -0.114354042457632E+00
   -0.874789078205924E+00   -0.815386965349390E-01
   -0.901222973362397E+00   -0.521546774692865E-01
   -0.859401571447170E+00   -0.280255913628314E-01
   -0.718295602438462E+00   -0.115578407043269E-01
   -0.442895057476696E+00   -0.251836879672533E-02
    0.000000000000000E+00    0.000000000000000E+00
    0.000000000000000E+00    0.000000000000000E+00
    0.320000160187126E-01    0.781893096453589E-05
    0.647404193594277E-01    0.454692583589606E-04
    0.979457278113645E-01    0.869682075767611E-04
    0.131347113708363E+00    0.130480018625303E-03
    0.164778591044874E+00    0.910558634191515E-04
    0.198030758420874E+00   -0.130134349046439E-03
    0.230966867475313E+00   -0.658031993360858E-03
    0.263360897627297E+00   -0.166242061082307E-02
    0.295010928357993E+00   -0.330783039483428E-02
    0.325577984904366E+00   -0.582718314322969E-02
    0.354694822224605E+00   -0.940217495890255E-02
    0.381811251409977E+00   -0.142957718116505E-01
    0.406314884714138E+00   -0.206650328665379E-01
    0.427375137051551E+00   -0.287410590461183E-01
    0.444111292092692E+00   -0.385934394312294E-01
    0.455412407098263E+00   -0.503247876868121E-01
    0.460204946690046E+00   -0.638469403352819E-01
    0.457205895407214E+00   -0.790150835221572E-01
    0.445350728325742E+00   -0.955350845840142E-01
    0.423414460262215E+00   -0.112910193766739E+00
    0.390649117175565E+00   -0.130652566372497E+00
    0.346195082777348E+00   -0.147883781249462E+00
    0.289938213058398E+00   -0.164017490408909E+00
    0.221650832456624E+00   -0.177897716236967E+00
    0.142032904838058E+00   -0.188995327377310E+00
    0.515710793736424E-01   -0.196128646421969E+00
   -0.482619419686245E-01   -0.198976756976689E+00
   -0.156396351615616E+00   -0.196673093883968E+00
   -0.270690620195928E+00   -0.189209335016732E+00
   -0.389557129358265E+00   -0.176370128971074E+00
   -0.509772232413032E+00   -0.158579545091438E+00
   -0.628467827246780E+00   -0.136565588239592E+00
   -0.739346322120374E+00   -0.111401428146307E+00
   -0.835460262008325E+00   -0.849637342734831E-01
   -0.902941091357104E+00   -0.590242387868974E-01
   -0.925533672238567E+00   -0.362467372878924E-01
   -0.877111368387523E+00   -0.182446007967618E-01
   -0.728833075806115E+00   -0.685279335928711E-02
   -0.447432618487504E+00   -0.120302810516404E-02
    0.000000000000000E+00    0.000000000000000E+00
    0.000000000000000E+00    0.000000000000000E+00
    0.316912159742117E-01    0.317926435973361E-03
    0.641348047940340E-01    0.123290804807601E-02
    0.970955701665937E-01    0.263686077579065E-02
    0.130334983346608E+00    0.447458671797498E-02
    0.163698850446711E+00    0.662649459676842E-02
    0.197025600268758E+00    0.894250202449547E-02
    0.230179150214981E+00    0.112952162979062E-01
    0.262990822897244E+00    0.134596186126076E-01
    0.295248535250720E+00    0.152859121363648E-01
    0.326670123145680E+00    0.164699335935943E-01
    0.356857995153781E+00    0.168523109816131E-01
    0.385307429784466E+00    0.160703196221811E-01
    0.411338622649131E+00    0.139903896427866E-01
    0.434143949839531E+00    0.102443896222221E-01
    0.452719504339778E+00    0.478224154110754E-02
    0.465946713128406E+00   -0.266990330268118E-02
    0.472563516470785E+00   -0.120155646421541E-01
    0.471249981411419E+00   -0.232919651401436E-01
    0.460701892974159E+00   -0.362208776280573E-01
    0.439646263738727E+00   -0.504528863638085E-01
    0.407091226253500E+00   -0.655598737083531E-01
    0.362156068644619E+00   -0.807238729378691E-01
    0.304546775736212E+00   -0.954798295474904E-01
    0.234091749584050E+00   -0.108623203674774E+00
    0.151424261494358E+00   -0.119799713477726E+00
    0.572141370404676E-01   -0.127717542095656E+00
   -0.470379137495288E-01   -0.132220858671339E+00
   -0.159898194744209E+00   -0.132385851168236E+00
   -0.279200932833483E+00   -0.128241025674005E+00
   -0.402714210613221E+00   -0.119679013663219E+00
   -0.527344485692150E+00   -0.106901174296001E+00
   -0.649120687285703E+00   -0.909323887535362E-01
   -0.762238308086129E+00   -0.722621635267127E-01
   -0.858136179103055E+00   -0.531431565817811E-01
   -0.924111182674687E+00   -0.344191494832475E-01
   -0.942438143182478E+00   -0.190197929385410E-01
   -0.888981473733641E+00   -0.749679092163959E-02
   -0.734920976019134E+00   -0.163676387599135E-02
   -0.448463211345516E+00    0.227894154560802E-03
    0.000000000000000E+00    0.000000000000000E+00
    0.000000000000000E+00    0.000000000000000E+00
    0.307621498516232E-01    0.627498174982987E-03
    0.623889760349070E-01    0.241242750022633E-02
    0.946571951726088E-01    0.518243989163779E-02
    0.127318913465916E+00    0.881469468018118E-02
    0.160258236386144E+00    0.131483380849923E-01
    0.193303017665234E+00    0.180140925693101E-01
    0.226370227079243E+00    0.232476011530753E-01
    0.259282701920692E+00    0.286311512612128E-01
    0.291887710880923E+00    0.339695677994057E-01
    0.323889354055624E+00    0.389791393227534E-01
    0.354946789371326E+00    0.434318717352543E-01
    0.384519793754654E+00    0.469895209387827E-01
    0.411971854827847E+00    0.494122436129043E-01
    0.436415824271199E+00    0.503525885760492E-01
    0.456866157847654E+00    0.496090705141780E-01
    0.472060126774526E+00    0.469165090268261E-01
    0.480722175627850E+00    0.421833948748568E-01
    0.481318042448896E+00    0.353590765733347E-01
    0.472505026144322E+00    0.265289586130522E-01
    0.452750481644663E+00    0.159956053892347E-01
    0.421029158663923E+00    0.403847953465107E-02
    0.376213176384508E+00   -0.861162040257834E-02
    0.318033691704947E+00   -0.215554650966693E-01
    0.246149251885691E+00   -0.337072292501667E-01
    0.161337675159594E+00   -0.447047748209266E-01
    0.641987765769468E-01   -0.533692083631874E-01
   -0.434524557840366E-01   -0.595356600726500E-01
   -0.160215771755161E+00   -0.623135481898588E-01
   -0.283383842572900E+00   -0.618207511711763E-01
   -0.410867818264284E+00   -0.578045304912261E-01
   -0.538687567628667E+00   -0.506984733317579E-01
   -0.663295839338830E+00   -0.411184060867324E-01
   -0.777531551151733E+00   -0.298481206830815E-01
   -0.873680377570238E+00   -0.184463286521402E-01
   -0.937506856394713E+00   -0.792238496668893E-02
   -0.952649386331882E+00   -0.349852751243793E-03
   -0.894509012731553E+00    0.392408010356164E-02
   -0.736030170140050E+00    0.388482057194258E-02
   -0.447647298723187E+00    0.176185009568378E-02
    0.000000000000000E+00    0.000000000000000E+00
    0.000000000000000E+00    0.000000000000000E+00
    0.292382404608442E-01    0.932001079174442E-03
    0.595363357052752E-01    0.355992190658705E-02
    0.906545477245576E-01    0.763728198096991E-02
    0.122345104314334E+00    0.129871878486478E-01
    0.154471993267839E+00    0.194249456666528E-01
    0.186893304730068E+00    0.267468731253867E-01
    0.219515619086129E+00    0.347929515250691E-01
    0.252210263428672E+00    0.433204381940231E-01
    0.284820917762273E+00    0.521504589318587E-01
    0.317109083463970E+00    0.609682954739519E-01
    0.348724433538001E+00    0.695631637493099E-01
    0.379183743220571E+00    0.775417631253085E-01
    0.407812384143388E+00    0.846739199682027E-01
    0.433769833383839E+00    0.905155487700401E-01
    0.455974400765957E+00    0.948592367842834E-01
    0.473190724859432E+00    0.972929976134422E-01
    0.483963261258272E+00    0.976941291428814E-01
    0.486763299508256E+00    0.958281685041248E-01
    0.479981579241753E+00    0.917107604728366E-01
    0.462080764460762E+00    0.854696860049989E-01
    0.431724104072289E+00    0.772572763328316E-01
    0.387800567654922E+00    0.677104406766344E-01
    0.329769641207889E+00    0.570264715241507E-01
    0.257378706292802E+00    0.463329955646269E-01
    0.171253549247940E+00    0.357271073999153E-01
    0.722104497751116E-01    0.265401852864650E-01
   -0.379685873900024E-01    0.186810364042057E-01
   -0.157491468766552E+00    0.131781681353816E-01
   -0.283683225620567E+00    0.980672055375822E-02
   -0.413817598363337E+00    0.878346306458248E-02
   -0.544145241816374E+00    0.989850456711892E-02
   -0.670114030746349E+00    0.122527675938033E-01
   -0.785200688116677E+00    0.157696602950270E-01
   -0.880342215771386E+00    0.184581074126051E-01
   -0.942523238785063E+00    0.204646662605055E-01
   -0.954344887014403E+00    0.193533457158887E-01
   -0.893007577862251E+00    0.160979065442319E-01
   -0.731960040052481E+00    0.976411260584817E-02
   -0.442830551093529E+00    0.330314954631125E-02
    0.000000000000000E+00    0.000000000000000E+00
    0.000000000000000E+00    0.000000000000000E+00
    0.271502795932604E-01    0.120344205302639E-02
    0.556348968499366E-01    0.460177814387434E-02
    0.851917248075312E-01    0.989355195085186E-02
    0.115516007879290E+00    0.168368739226657E-01
    0.146483948870357E+00    0.252302036016539E-01
    0.177920888066582E+00    0.348564351277425E-01
    0.209768827052253E+00    0.455525660566742E-01
    0.241890404747827E+00    0.570842766206573E-01
    0.274179508425458E+00    0.692711602545663E-01
    0.306402098200422E+00    0.818155134790167E-01
    0.338265771149365E+00    0.944893574299996E-01
    0.369285314024204E+00    0.106914585030047E+00
    0.398843310621688E+00    0.118808206585925E+00
    0.426062234760390E+00    0.129728976245299E+00
    0.449906421364519E+00    0.139363403662501E+00
    0.469035290740634E+00    0.147277253014694E+00
    0.482018032334635E+00    0.153184487690587E+00
    0.487128917554259E+00    0.156788277633615E+00
    0.482759828473893E+00    0.157907109275839E+00
    0.467093393199357E+00    0.156552424080749E+00
    0.438786900243973E+00    0.152700807982039E+00
    0.396425013751822E+00    0.146813178648327E+00
    0.339495990501907E+00    0.138998741998064E+00
    0.267513482919207E+00    0.130163503893781E+00
    0.181226138388193E+00    0.120428221334255E+00
    0.813493463370443E-01    0.110908757409152E+00
   -0.300631234231644E-01    0.101579840496417E+00
   -0.151249193105950E+00    0.933530339099652E-01
   -0.279066135091295E+00    0.859910022768371E-01
   -0.410930317088884E+00    0.797973487361281E-01
   -0.542356853944914E+00    0.744157552478457E-01
   -0.669249252102527E+00    0.693324597254707E-01
   -0.784029229383247E+00    0.642674585277066E-01
   -0.878497191161716E+00    0.579657176613503E-01
   -0.938609079802314E+00    0.504777547065216E-01
   -0.948158741361239E+00    0.403474700399072E-01
   -0.884474259310202E+00    0.287894219205675E-01
   -0.722304806286957E+00    0.158379149636318E-01
   -0.436002466955084E+00    0.498709941603792E-02
    0.000000000000000E+00    0.000000000000000E+00
    0.000000000000000E+00    0.000000000000000E+00
    0.245445175373775E-01    0.145109974593159E-02
    0.507957594563087E-01    0.551877812899936E-02
    0.783982814453402E-01    0.118612597770062E-01
    0.107018400093851E+00    0.201919196189180E-01
    0.136471675609599E+00    0.303091741073532E-01
    0.166594872790491E+00    0.419856977640086E-01
    0.197305138551197E+00    0.550741396256517E-01
    0.228501124948922E+00    0.693518089512881E-01
    0.260079857769604E+00    0.846569308525717E-01
    0.291860001516810E+00    0.100710552129057E+00
    0.323566115051123E+00    0.117296234894187E+00
    0.354775901615612E+00    0.134042249216899E+00
    0.384878485598068E+00    0.150660151938729E+00
    0.413062463990672E+00    0.166679588262832E+00
    0.438252786984665E+00    0.181752010971363E+00
    0.459169556032327E+00    0.195358037839642E+00
    0.474255506387379E+00    0.207131352634221E+00
    0.481831772740998E+00    0.216631402066444E+00
    0.480050477329386E+00    0.223532070241375E+00
    0.467125060894866E+00    0.227679114442746E+00
    0.441381514597932E+00    0.228818946898984E+00
    0.401434176000670E+00    0.227308287649375E+00
    0.346438266843360E+00    0.222926526799510E+00
    0.275974650458427E+00    0.216633702080102E+00
    0.190580278943162E+00    0.208133020352533E+00
    0.911294820207747E-01    0.198780198386756E+00
   -0.203673230226488E-01    0.188110699429654E+00
   -0.141839399103704E+00    0.177332647618364E+00
   -0.270162822060159E+00    0.165935393227296E+00
   -0.402215247562345E+00    0.154323251144648E+00
   -0.533797628342253E+00    0.142303736278632E+00
   -0.659979812314679E+00    0.129106897634621E+00
   -0.773964434135553E+00    0.115275116306964E+00
   -0.866518003713334E+00    0.990349276039660E-01
   -0.924912749494703E+00    0.818774840345252E-01
   -0.932340142521244E+00    0.618839957198845E-01
   -0.867769612011610E+00    0.418777983737871E-01
   -0.706926104413908E+00    0.221222111165696E-01
   -0.424927297789184E+00    0.650662408830142E-02
    0.000000000000000E+00    0.000000000000000E+00
    0.000000000000000E+00    0.000000000000000E+00
    0.215352394566186E-01    0.163190411539383E-02
    0.451726521360826E-01    0.623213700849923E-02
    0.705060126414901E-01    0.134289457528586E-01
    0.970899194103712E-01    0.228960570565116E-01
    0.124729486209014E+00    0.344445052212124E-01
    0.153203726681343E+00    0.478488975453538E-01
    0.182447283889588E+00    0.629941151381987E-01
    0.212348350259599E+00    0.796694745103402E-01
    0.242840930663719E+00    0.977578193925101E-01
    0.273767206989701E+00    0.116993298428657E+00
    0.304903558400981E+00    0.137202181644809E+00
    0.335867011423029E+00    0.158017274408866E+00
    0.366109050813160E+00    0.179170606923275E+00
    0.394844871282147E+00    0.200174847560815E+00
    0.421065411460313E+00    0.220655397697720E+00
    0.443464170386831E+00    0.240034908142635E+00
    0.460542259976229E+00    0.257856755262470E+00
    0.470497995191138E+00    0.273556584875802E+00
    0.471520406710275E+00    0.286660798176732E+00
    0.461585084950935E+00    0.296800720182323E+00
    0.439025715795448E+00    0.303571062078460E+00
    0.402150320080959E+00    0.307010661872564E+00
    0.350106183842913E+00    0.306832700347930E+00
    0.282216535560310E+00    0.303597890375489E+00
    0.199041456633463E+00    0.297090826638717E+00
    0.101356564608905E+00    0.288261363665230E+00
   -0.871213056476983E-02    0.276829263836180E+00
   -0.129053445760562E+00    0.263697669233031E+00
   -0.256282562588860E+00    0.248510519539081E+00
   -0.387293271308256E+00    0.231604738957809E+00
   -0.517445854489234E+00    0.212763770772119E+00
   -0.642205332736949E+00    0.191537338999541E+00
   -0.754155524199827E+00    0.168323288974979E+00
   -0.844939449706581E+00    0.142130779953796E+00
   -0.901378942944316E+00    0.114418426203430E+00
   -0.907717194477219E+00    0.843946518988419E-01
   -0.843620322781398E+00    0.552433906354679E-01
   -0.685604895981854E+00    0.283641100606603E-01
   -0.411764290289572E+00    0.824522095816292E-02
    0.000000000000000E+00    0.000000000000000E+00
    0.000000000000000E+00    0.000000000000000E+00
    0.181827696448594E-01    0.176995987736310E-02
    0.389584858621606E-01    0.672767813883833E-02
    0.617459701943637E-01    0.145213402684737E-01
    0.860570215676275E-01    0.247990740010723E-01
    0.111594317144663E+00    0.374068445845658E-01
    0.138137147967655E+00    0.521342833052277E-01
    0.165578624162134E+00    0.688962654822210E-01
    0.193831801904521E+00    0.875269413317590E-01
    0.222837193323615E+00    0.107930235288490E+00
    0.252480749945129E+00    0.129906535917983E+00
    0.282580835309615E+00    0.153288288270807E+00
    0.312814855878549E+00    0.177781349049539E+00
    0.342692529606088E+00    0.203099359620027E+00
    0.371504110715288E+00    0.228812555640787E+00
    0.398282498944726E+00    0.254486481609973E+00
    0.421804759355802E+00    0.279557382239727E+00
    0.440549500208527E+00    0.303443331414482E+00
    0.452793136552406E+00    0.325528106025629E+00
    0.456587882910702E+00    0.345117353176616E+00
    0.449961114540635E+00    0.361736181911058E+00
    0.430981310590138E+00    0.374637939615435E+00
    0.397965054161812E+00    0.383776355071826E+00
    0.349739928775435E+00    0.388383508302273E+00
    0.285598121063152E+00    0.389093549925083E+00
    0.205885388402917E+00    0.385073469111550E+00
    0.111362054841222E+00    0.377605733983070E+00
    0.415374515966182E-02    0.365729706187988E+00
   -0.113522617755373E+00    0.350835696182189E+00
   -0.238205485180693E+00    0.332061428719707E+00
   -0.366473981240762E+00    0.310076322531856E+00
   -0.493897878988515E+00    0.284591692927823E+00
   -0.615442645854424E+00    0.255042432760643E+00
   -0.724557529069479E+00    0.222619114358853E+00
   -0.812245340993283E+00    0.185740321828733E+00
   -0.866863106015526E+00    0.147596756927841E+00
   -0.872467778971037E+00    0.106837597305578E+00
   -0.810312522457345E+00    0.685734740069650E-01
   -0.658228125747994E+00    0.347229380127447E-01
   -0.394469881271586E+00    0.957631606198126E-02
    0.000000000000000E+00    0.000000000000000E+00
    0.000000000000000E+00    0.000000000000000E+00
    0.146844413562228E-01    0.181420589585774E-02
    0.323853477730399E-01    0.694574524198141E-02
    0.524638614215516E-01    0.150506421320164E-01
    0.742722624267621E-01    0.257871852215881E-01
    0.974947367662090E-01    0.390405023454263E-01
    0.121831285514348E+00    0.546256684757564E-01
    0.147181026629000E+00    0.725160054682038E-01
    0.173443024092939E+00    0.925625725362812E-01
    0.200580423434849E+00    0.114749841356295E+00
    0.228517018347082E+00    0.138886512795351E+00
    0.257108945655676E+00    0.164901826388562E+00
    0.286111937460822E+00    0.192495523412156E+00
    0.315089848139400E+00    0.221480503769094E+00
    0.343432275961786E+00    0.251393264571887E+00
    0.370241893635156E+00    0.281877523144782E+00
    0.394379745442811E+00    0.312282708995317E+00
    0.414401077492733E+00    0.342056540200097E+00
    0.428596188733967E+00    0.370405321656925E+00
    0.435077786733427E+00    0.396602375370640E+00
    0.431766463882188E+00    0.419860313419007E+00
    0.416739952257107E+00    0.439371523881868E+00
    0.388094043968869E+00    0.454613888913447E+00
    0.344581360858696E+00    0.464818126419344E+00
    0.285262853659033E+00    0.469992902029906E+00
    0.210327245258670E+00    0.469488569840500E+00
    0.120492240279143E+00    0.463883410378477E+00
    0.176939788525989E-01    0.452614682128327E+00
   -0.955995911187304E-01    0.436441341373853E+00
   -0.216057526521967E+00    0.414917503726680E+00
   -0.339962232239284E+00    0.388406231488361E+00
   -0.462930869348491E+00    0.356709202223292E+00
   -0.580149381471893E+00    0.319429513937846E+00
   -0.685046884419335E+00    0.277671810604760E+00
   -0.769498132548050E+00    0.230600790439052E+00
   -0.822050112312581E+00    0.181377807835644E+00
   -0.827919328095694E+00    0.129955456616940E+00
   -0.769463288878929E+00    0.819952530819275E-01
   -0.624874620385121E+00    0.407331553013691E-01
   -0.375079296021117E+00    0.112865845469402E-01
    0.000000000000000E+00    0.000000000000000E+00
    0.000000000000000E+00    0.000000000000000E+00
    0.111007625337441E-01    0.180135809036457E-02
    0.257130045990568E-01    0.687602759195683E-02
    0.429605013710054E-01    0.149786401056351E-01
    0.621677298456143E-01    0.257679204160478E-01
    0.828854172413296E-01    0.392039049919819E-01
    0.104818530640619E+00    0.551356809701524E-01
    0.127809864080985E+00    0.735802543579538E-01
    0.151777956654240E+00    0.944531745366095E-01
    0.176690478983306E+00    0.117760156924510E+00
    0.202503083483636E+00    0.143408232971689E+00
    0.229129516487196E+00    0.171326438760514E+00
    0.256373006805911E+00    0.201343278113016E+00
    0.283900167236838E+00    0.233243290007152E+00
    0.311168782911694E+00    0.266708884329166E+00
    0.337410783282346E+00    0.301308994890700E+00
    0.361575442697940E+00    0.336528906510000E+00
    0.382333593694769E+00    0.371664430012601E+00
    0.398068157709299E+00    0.406010889363195E+00
    0.406931771032488E+00    0.438572811642596E+00
    0.406904015926530E+00    0.468579055841246E+00
    0.395971252098701E+00    0.494802392963575E+00
    0.372196065953668E+00    0.516698495358096E+00
    0.334132023101410E+00    0.532892750329358E+00
    0.280666542562041E+00    0.543455989998586E+00
    0.211832036179632E+00    0.546982608099050E+00
    0.128057262286519E+00    0.544369590256761E+00
    0.313918364632475E-01    0.534203588106839E+00
   -0.760206447860781E-01    0.517880892721142E+00
   -0.190434203088737E+00    0.494143959949388E+00
   -0.308385288533068E+00    0.464056606957497E+00
   -0.425258230542616E+00    0.426846395090232E+00
   -0.536283383890908E+00    0.382257156620876E+00
   -0.635774906169586E+00    0.332028819953895E+00
   -0.715361191413544E+00    0.274673763978351E+00
   -0.765598384329142E+00    0.215068976041543E+00
   -0.771947962860926E+00    0.152565816271885E+00
   -0.718647768643057E+00    0.951371763312133E-01
   -0.585238134088929E+00    0.469343437107582E-01
   -0.352045289434417E+00    0.122371629370694E-01
    0.000000000000000E+00    0.000000000000000E+00
    0.000000000000000E+00    0.000000000000000E+00
    0.769069111591455E-02    0.168384997648491E-02
    0.192100851166506E-01    0.650594990080822E-02
    0.336519921410815E-01    0.142720709712818E-01
    0.501596965851049E-01    0.247188621449407E-01
    0.682801941113210E-01    0.378610140684883E-01
    0.876313286407164E-01    0.535992113437420E-01
    0.108061191330557E+00    0.720174395803589E-01
    0.129471891254153E+00    0.930513245546530E-01
    0.151840585006889E+00    0.116801641173554E+00
    0.175166421368755E+00    0.143176198616821E+00
    0.199379874359877E+00    0.172233513673646E+00
    0.224387070656406E+00    0.203784496558862E+00
    0.249886143517016E+00    0.237776284910218E+00
    0.275494675878948E+00    0.273845612704392E+00
    0.300497735550776E+00    0.311743584591123E+00
    0.324043112330211E+00    0.350855406063194E+00
    0.344873722320703E+00    0.390652034890344E+00
    0.361562164627759E+00    0.430228176665020E+00
    0.372327981297998E+00    0.468726662214918E+00
    0.375258593590777E+00    0.505012856238494E+00
    0.368346959647243E+00    0.537955047296581E+00
    0.349621567676577E+00    0.566427458641678E+00
    0.317496266050014E+00    0.589166202246385E+00
    0.270736015253587E+00    0.605414930707781E+00
    0.209024982609785E+00    0.614063718054505E+00
    0.132835454457146E+00    0.615017773223964E+00
    0.436801080743933E-01    0.607413150010310E+00
   -0.559087096977674E-01    0.591711691447319E+00
   -0.162760369279966E+00    0.567338976717764E+00
   -0.272801631806885E+00    0.534688169627461E+00
   -0.382001493723687E+00    0.493424154360531E+00
   -0.485356858865522E+00    0.443023880657099E+00
   -0.577820445477102E+00    0.385188082288277E+00
   -0.651828366704180E+00    0.319129581212801E+00
   -0.698994130318936E+00    0.249084590002175E+00
   -0.706594687535163E+00    0.175911820937568E+00
   -0.660506838008629E+00    0.108596891707571E+00
   -0.540015710248860E+00    0.526390471154479E-01
   -0.326942147480431E+00    0.139500156433533E-01
    0.000000000000000E+00    0.000000000000000E+00
    0.000000000000000E+00    0.000000000000000E+00
    0.449674713327982E-02    0.150484178609925E-02
    0.131664849464657E-01    0.582676011792983E-02
    0.248502866278072E-01    0.129505054326750E-01
    0.387154712644089E-01    0.226402070139116E-01
    0.541704985618253E-01    0.350197519134011E-01
    0.708617780144398E-01    0.500305784829972E-01
    0.885758987985010E-01    0.678070889707383E-01
    0.107236050499065E+00    0.883493062295396E-01
    0.126818507799057E+00    0.111773064415284E+00
    0.147340261097171E+00    0.138091612864391E+00
    0.168790879177204E+00    0.167352486799412E+00
    0.191101100296959E+00    0.199523874060277E+00
    0.214094538200404E+00    0.234514514709658E+00
    0.237432954316123E+00    0.272172516805247E+00
    0.260595949358256E+00    0.312168063831103E+00
    0.282802327079288E+00    0.354138005910391E+00
    0.303042087934489E+00    0.397399243908595E+00
    0.319974992549764E+00    0.441301447711629E+00
    0.332068688792185E+00    0.484718008652018E+00
    0.337469669354400E+00    0.526716160626678E+00
    0.334337629409915E+00    0.565733560402787E+00
    0.320643624685044E+00    0.600749099067594E+00
    0.294827902766437E+00    0.629876644592592E+00
    0.255375349702964E+00    0.652390087339141E+00
    0.201925700951954E+00    0.666444720285894E+00
    0.134374101448638E+00    0.672111944870605E+00
    0.544336703504161E-01    0.667616389957685E+00
   -0.361751774524669E-01    0.653982210599417E+00
   -0.133623796673492E+00    0.629771816473537E+00
   -0.234577476043183E+00    0.596169849674591E+00
   -0.334294281728009E+00    0.552175819596655E+00
   -0.428295713445688E+00    0.497559334546645E+00
   -0.511969577382791E+00    0.434284218457697E+00
   -0.578523257303459E+00    0.360965784384513E+00
   -0.621567457322639E+00    0.282427387530489E+00
   -0.629590988216167E+00    0.198685416615604E+00
   -0.591543218035413E+00    0.121925303236234E+00
   -0.487782780447550E+00    0.591082487962954E-01
   -0.298684858375901E+00    0.144260416648398E-01
    0.000000000000000E+00    0.000000000000000E+00
    0.000000000000000E+00    0.000000000000000E+00
    0.179404656900986E-02    0.123532212526950E-02
    0.782262545211466E-02    0.489882843399793E-02
    0.169641496908527E-01    0.110653310003318E-01
    0.282315142443152E-01    0.196461576734815E-01
    0.410670521222076E-01    0.308179273512657E-01
    0.550479593455588E-01    0.445924611077271E-01
    0.699750974521199E-01    0.611583158367598E-01
    0.857596648107307E-01    0.805323689275851E-01
    0.102376087683575E+00    0.102913584615680E+00
    0.119882179107628E+00    0.128303285422391E+00
    0.138259197203676E+00    0.156878989465305E+00
    0.157542617333642E+00    0.188576509588910E+00
    0.177555184660936E+00    0.223494370986359E+00
    0.198143895686675E+00    0.261424562896366E+00
    0.218808611636748E+00    0.302290326073340E+00
    0.239042976682753E+00    0.345628756484387E+00
    0.257883471546840E+00    0.391061310622096E+00
    0.274335545323003E+00    0.437752432781487E+00
    0.286923157998888E+00    0.484900507255983E+00
    0.294141185628848E+00    0.531237480330084E+00
    0.294159155002034E+00    0.575500788166912E+00
    0.285184200411752E+00    0.616104196314809E+00
    0.265515704977517E+00    0.651425974082043E+00
    0.233700504863410E+00    0.679886688165546E+00
    0.188970601448122E+00    0.699944855605692E+00
    0.131200818356618E+00    0.710610301547571E+00
    0.613378141612429E-01    0.710605912122133E+00
   -0.186340489347783E-01    0.699773338601430E+00
   -0.105936066784104E+00    0.677741693374202E+00
   -0.196051127834371E+00    0.644558511719225E+00
   -0.285530623833261E+00    0.600290093960612E+00
   -0.368542459780244E+00    0.544181078601977E+00
   -0.441920118674943E+00    0.477937237806445E+00
   -0.499406018653231E+00    0.400557416025973E+00
   -0.536845273451460E+00    0.315367827962603E+00
   -0.545260022147936E+00    0.223064922192954E+00
   -0.516317850786489E+00    0.136942494904844E+00
   -0.430221769195535E+00    0.660444578075986E-01
   -0.266841538848285E+00    0.167951687397931E-01
    0.000000000000000E+00    0.000000000000000E+00
    0.000000000000000E+00    0.000000000000000E+00
   -0.412671193670656E-03    0.915807885807991E-03
    0.344016270390676E-02    0.371347018773315E-02
    0.102394372370686E-01    0.870839013582063E-02
    0.191086846943004E-01    0.158586220199836E-01
    0.293887431053287E-01    0.254611111975398E-01
    0.407206355622711E-01    0.375609864016145E-01
    0.528573313081180E-01    0.523887859943470E-01
    0.657357267486045E-01    0.700071428622391E-01
    0.793265485252621E-01    0.906135778713249E-01
    0.936894840933674E-01    0.114295687720617E+00
    0.108853994679104E+00    0.141201885308701E+00
    0.124850831329096E+00    0.171417011663553E+00
    0.141621809749738E+00    0.204986987623282E+00
    0.159022077893698E+00    0.241934092921850E+00
    0.176764607469239E+00    0.282096772467496E+00
    0.194379047163020E+00    0.325332321877416E+00
    0.211222723137506E+00    0.371122614460045E+00
    0.226364452593291E+00    0.419027706328559E+00
    0.238737850848551E+00    0.468016355244656E+00
    0.246895107495729E+00    0.517235592298789E+00
    0.249429264895086E+00    0.565057302677922E+00
    0.244514471375030E+00    0.610216960899539E+00
    0.230756179821695E+00    0.650582497824635E+00
    0.206444076137761E+00    0.684679012429433E+00
    0.170910233777884E+00    0.710355673762222E+00
    0.123402298182886E+00    0.726536094318168E+00
    0.649096989574508E-01    0.731237835611306E+00
   -0.355401293765418E-02    0.724204607374299E+00
   -0.788107293940108E-01    0.704972639576844E+00
   -0.157586104388825E+00    0.673854565289103E+00
   -0.234995330186053E+00    0.630654706591927E+00
   -0.306921035342275E+00    0.575374568580299E+00
   -0.368540686990182E+00    0.509529541282946E+00
   -0.415727545021013E+00    0.431390778894385E+00
   -0.445206097681453E+00    0.344109014957985E+00
   -0.450423442257140E+00    0.245856388466707E+00
   -0.428784546039230E+00    0.152865195424907E+00
   -0.363618774501999E+00    0.757360090595693E-01
   -0.233287004280904E+00    0.183738347864608E-01
    0.000000000000000E+00    0.000000000000000E+00
    0.000000000000000E+00    0.000000000000000E+00
   -0.190129921424895E-02    0.551333105708843E-03
    0.146270854581868E-03    0.242548494278648E-02
    0.496353084366299E-02    0.604590338145110E-02
    0.116129787725205E-01    0.115643057735225E-01
    0.195181010379560E-01    0.193058802702299E-01
    0.283002327616829E-01    0.293839610530126E-01
    0.377385305376097E-01    0.420526491233473E-01
    0.477738420973740E-01    0.573778999610707E-01
    0.583647783428484E-01    0.756062671696084E-01
    0.696052675065094E-01    0.967949964619473E-01
    0.814919222078905E-01    0.121190677859100E+00
    0.941407005082519E-01    0.148826524757459E+00
    0.107458776980464E+00    0.179919005223877E+00
    0.121468295894583E+00    0.214419593613107E+00
    0.135863277837131E+00    0.252430751909429E+00
    0.150455556170651E+00    0.293710378379267E+00
    0.164609997255568E+00    0.338110862970464E+00
    0.177811427939735E+00    0.385040280815766E+00
    0.189022464858998E+00    0.433934620353234E+00
    0.197315792532473E+00    0.483692944097661E+00
    0.201299161955237E+00    0.533197149510827E+00
    0.199658161048583E+00    0.580769305949347E+00
    0.190928262564739E+00    0.624735125189292E+00
    0.173695836682605E+00    0.662990031268550E+00
    0.147023814931490E+00    0.693650561113296E+00
    0.110027530298378E+00    0.714793809104565E+00
    0.631089252801048E-01    0.724655666815947E+00
    0.705783434084459E-02    0.721977125948904E+00
   -0.558072144161390E-01    0.706765564140298E+00
   -0.121929409663171E+00    0.678880081732413E+00
   -0.187340202136650E+00    0.638685085388978E+00
   -0.247346442468645E+00    0.586332187950008E+00
   -0.297551403136619E+00    0.524145896268138E+00
   -0.333561705332353E+00    0.449581941872342E+00
   -0.353583157322750E+00    0.365237827974088E+00
   -0.353367477685843E+00    0.268115750712440E+00
   -0.334924514090520E+00    0.171281881141478E+00
   -0.290306815594136E+00    0.860902230024072E-01
   -0.189916612633806E+00    0.230721555550113E-01
    0.000000000000000E+00    0.000000000000000E+00
    0.000000000000000E+00    0.000000000000000E+00
   -0.271731470997526E-02    0.162894558840441E-03
   -0.190476487993709E-02    0.103203483920996E-02
    0.123141489931302E-02    0.325521655958691E-02
    0.595766178388851E-02    0.703573136912940E-02
    0.116806563865921E-01    0.127866076936313E-01
    0.181147025274689E-01    0.206346369072939E-01
    0.250260239678305E-01    0.308481192144127E-01
    0.323820009113934E-01    0.435093474928373E-01
    0.401432405450691E-01    0.588366258137864E-01
    0.483878390892142E-01    0.769363447375971E-01
    0.571450898045883E-01    0.980021026479680E-01
    0.664966518184157E-01    0.122173729261428E+00
    0.764392778826705E-01    0.149596710694492E+00
    0.869652342336210E-01    0.180414512822458E+00
    0.979498694391932E-01    0.214637244662754E+00
    0.109197781257747E+00    0.252331348777302E+00
    0.120382742170934E+00    0.293223535532503E+00
    0.131013665918602E+00    0.337170794156539E+00
    0.140507537966960E+00    0.383429007372710E+00
    0.147981181466174E+00    0.431474075505808E+00
    0.152607101265824E+00    0.479925666025301E+00
    0.153089990528105E+00    0.527709428428612E+00
    0.148506174712171E+00    0.572807093388822E+00
    0.137343318936948E+00    0.613522457738155E+00
    0.118955513083137E+00    0.647546656617309E+00
    0.921194586007058E-01    0.672828669389160E+00
    0.570347146565500E-01    0.687357749054026E+00
    0.138393586080354E-01    0.689031464566782E+00
   -0.357539008834815E-01    0.678310437156240E+00
   -0.890962916111179E-01    0.654260753490200E+00
   -0.142499666340830E+00    0.617186438657603E+00
   -0.191524730427470E+00    0.567620378342507E+00
   -0.231422149864737E+00    0.510308086915925E+00
   -0.257236811355864E+00    0.441750015697437E+00
   -0.266424610775221E+00    0.366962127249280E+00
   -0.258603853319201E+00    0.278283277451941E+00
   -0.239127187788753E+00    0.189368873265948E+00
   -0.209255152731434E+00    0.101621956174027E+00
   -0.144916919376916E+00    0.250408561624016E-01
    0.000000000000000E+00    0.000000000000000E+00
    0.000000000000000E+00    0.000000000000000E+00
   -0.281005919322100E-02   -0.177129919341242E-03
   -0.280033666609030E-02   -0.197987464533851E-03
   -0.929813871239819E-03    0.653248808374511E-03
    0.215815030841501E-02    0.275727521162952E-02
    0.598875141873116E-02    0.651133946867269E-02
    0.103303053055797E-01    0.120744113314758E-01
    0.149789427595929E-01    0.197021018894134E-01
    0.199328759144044E-01    0.294555006167418E-01
    0.251297239780024E-01    0.415587009638120E-01
    0.306761631419258E-01    0.560682422634036E-01
    0.365501993788522E-01    0.732225268788550E-01
    0.428881425096894E-01    0.930922992783382E-01
    0.496273751445335E-01    0.115931553798906E+00
    0.568777646790898E-01    0.141796862120083E+00
    0.644629133381363E-01    0.170902369935153E+00
    0.724110394889931E-01    0.203207970673972E+00
    0.803625525432384E-01    0.238776943369565E+00
    0.881982932029138E-01    0.277336810187563E+00
    0.953224131570403E-01    0.318640410054499E+00
    0.101391378097678E+00    0.362003354407480E+00
    0.105574280371041E+00    0.406689304010381E+00
    0.107233783482613E+00    0.451415813039911E+00
    0.105432414266716E+00    0.494844756302019E+00
    0.992216538821115E-01    0.535018447438648E+00
    0.879056233552080E-01    0.570064705914108E+00
    0.703331350201700E-01    0.597580798526455E+00
    0.466877531992802E-01    0.615482107148241E+00
    0.161901423467987E-01    0.621456470763984E+00
   -0.193520015319844E-01    0.614687050132294E+00
   -0.598265982907262E-01    0.594835066827109E+00
   -0.101407866196740E+00    0.561069325782912E+00
   -0.141158599772556E+00    0.514674356713010E+00
   -0.174716380987261E+00    0.461463692457706E+00
   -0.193535264548992E+00    0.400109418179693E+00
   -0.196800213711909E+00    0.337146115031278E+00
   -0.180601592653886E+00    0.266511404519860E+00
   -0.151319974364583E+00    0.195223787086978E+00
   -0.123589181819925E+00    0.119605123171384E+00
   -0.910834715292336E-01    0.400160566414623E-01
    0.000000000000000E+00    0.000000000000000E+00
    0.000000000000000E+00    0.000000000000000E+00
   -0.228491434060989E-02   -0.460032897529429E-03
   -0.259947346721261E-02   -0.121838587617668E-02
   -0.167148578303441E-02   -0.146517174991043E-02
    0.113214440787669E-03   -0.809604592166993E-03
    0.236298891904455E-02    0.116221273678004E-02
    0.494282278454725E-02    0.458660255674693E-02
    0.768369395871178E-02    0.968783264192031E-02
    0.105974005033026E-01    0.165188158907488E-01
    0.136413733241500E-01    0.252410853347354E-01
    0.168857437196808E-01    0.359241221538035E-01
    0.203313425329936E-01    0.487311742559258E-01
    0.240584839307255E-01    0.637780346708412E-01
    0.280578920973176E-01    0.812335534691289E-01
    0.323837183153822E-01    0.101258008267456E+00
    0.369783319290279E-01    0.123966313571556E+00
    0.418278265928179E-01    0.149525324037174E+00
    0.467964541321914E-01    0.177879896182937E+00
    0.517464593690654E-01    0.209126142524025E+00
    0.564463313306799E-01    0.242873009077347E+00
    0.605635153801575E-01    0.279019376340664E+00
    0.637780691237399E-01    0.316655021989253E+00
    0.654931027824304E-01    0.355296071690677E+00
    0.653577409356346E-01    0.393401633877194E+00
    0.624833588651039E-01    0.429883312018655E+00
    0.566196264807712E-01    0.462657343468166E+00
    0.466902310840405E-01    0.489812000967196E+00
    0.327445989888528E-01    0.509349048691612E+00
    0.140967190246601E-01    0.518375513952536E+00
   -0.862813508036399E-02    0.516400982489654E+00
   -0.351500472020602E-01    0.500725475580540E+00
   -0.642476119972339E-01    0.471826304938159E+00
   -0.925144847846665E-01    0.427023471334434E+00
   -0.118366889038443E+00    0.378358132757146E+00
   -0.132728800720484E+00    0.321447258220377E+00
   -0.137820495259497E+00    0.264632818907086E+00
   -0.119932494088097E+00    0.212142667285703E+00
   -0.812770572647441E-01    0.171579296301524E+00
   -0.456077387793243E-01    0.118929599796755E+00
    0.132764699950660E-03    0.371878995620963E-01
    0.000000000000000E+00    0.000000000000000E+00
    0.000000000000000E+00    0.000000000000000E+00
   -0.137267550904495E-02   -0.527529675420262E-03
   -0.167682681637898E-02   -0.164783917173934E-02
   -0.134989313175124E-02   -0.260930975166118E-02
   -0.521496024309619E-03   -0.296517196398884E-02
    0.516698349493903E-03   -0.237730400301688E-02
    0.174595530987968E-02   -0.750949570574839E-03
    0.301227420172944E-02    0.209532239065706E-02
    0.437745109144557E-02    0.616930399039445E-02
    0.576773551268549E-02    0.116010832684922E-01
    0.727378102925653E-02    0.184050754184007E-01
    0.884093162801841E-02    0.267315689969187E-01
    0.105785026445485E-01    0.366241579591057E-01
    0.124081675856499E-01    0.482741115959829E-01
    0.144563100843658E-01    0.617435702894641E-01
    0.165872446321426E-01    0.772399336596533E-01
    0.189402070071605E-01    0.948042457021912E-01
    0.212939771293128E-01    0.114594686822831E+00
    0.237869999904192E-01    0.136563832270540E+00
    0.260935683431072E-01    0.160713800039601E+00
    0.283211551074810E-01    0.186806843430503E+00
    0.300434668478428E-01    0.214550546059430E+00
    0.312825569734361E-01    0.243377377452341E+00
    0.315670001753301E-01    0.272562545107069E+00
    0.307362599251853E-01    0.301052915793057E+00
    0.284288218740554E-01    0.327600121752045E+00
    0.241753181876233E-01    0.350511624050138E+00
    0.180830773142500E-01    0.368193007328005E+00
    0.924123796808292E-02    0.378433902729040E+00
   -0.124846509380634E-02    0.379603616716500E+00
   -0.152077795899843E-01    0.369938708809068E+00
   -0.297265479741293E-01    0.347497319458597E+00
   -0.460423470055367E-01    0.311338518157351E+00
   -0.582021445478085E-01    0.265166884580448E+00
   -0.681837547553597E-01    0.215147604365594E+00
   -0.694292515247555E-01    0.154248401493643E+00
   -0.689151060337383E-01    0.105216241121752E+00
   -0.607286442654645E-01    0.727357404622208E-01
   -0.350867595312173E-01    0.353024932180198E-01
   -0.156857951576862E-03    0.405306254971023E-01
    0.000000000000000E+00    0.000000000000000E+00
    0.000000000000000E+00    0.000000000000000E+00
   -0.381707766104319E-03   -0.381707766101563E-03
   -0.538896513723977E-03   -0.137908206909221E-02
   -0.506175053574089E-03   -0.234097705320065E-02
   -0.287688030980028E-03   -0.300967592778634E-02
   -0.174541237074635E-04   -0.315928156546364E-02
    0.312635687043900E-03   -0.273783381663914E-02
    0.640577141644008E-03   -0.166603093509859E-02
    0.993096120010789E-03    0.700970374289746E-04
    0.134781080738636E-02    0.251289260162667E-02
    0.173496144686122E-02    0.567387788921541E-02
    0.213310885737952E-02    0.962768982101580E-02
    0.258248319507868E-02    0.143989948601278E-01
    0.305215840863349E-02    0.200937381342839E-01
    0.358891830261868E-02    0.267649737906457E-01
    0.414844711704289E-02    0.345143689203615E-01
    0.477516005815299E-02    0.434316358954110E-01
    0.541467851041200E-02    0.535483971914973E-01
    0.609190895916010E-02    0.649938422552306E-01
    0.675390994356931E-02    0.776325743332882E-01
    0.737814851672435E-02    0.916229488844053E-01
    0.793560737952732E-02    0.106542850403751E+00
    0.831690074352254E-02    0.122541862565724E+00
    0.855569245944874E-02    0.138792504896296E+00
    0.839948112185409E-02    0.155339630736685E+00
    0.799233043190037E-02    0.170908722035703E+00
    0.690148251887950E-02    0.185196646365310E+00
    0.546318959695213E-02    0.196739013347745E+00
    0.308180289525661E-02    0.204606271095882E+00
    0.383544162980496E-03    0.207422805481875E+00
   -0.365520533199867E-02    0.203141586599951E+00
   -0.852878091267860E-02    0.192183377470294E+00
   -0.138213972394832E-01    0.169268046570505E+00
   -0.184889975302972E-01    0.141669796603664E+00
   -0.213142468701026E-01    0.108746313166993E+00
   -0.217752816813735E-01    0.610966125075020E-01
   -0.276229549580211E-01    0.576228964955198E-02
   -0.426728328347643E-01   -0.250426399319980E-01
   -0.468931095606995E-01   -0.700831450287331E-01
    0.108312452227606E+00   -0.380724492477384E-01
    0.000000000000000E+00    0.000000000000000E+00
    0.000000000000000E+00    0.000000000000000E+00
    0.000000000000000E+00    0.000000000000000E+00
    0.000000000000000E+00    0.000000000000000E+00
    0.000000000000000E+00    0.000000000000000E+00
    0.000000000000000E+00    0.000000000000000E+00
    0.000000000000000E+00    0.000000000000000E+00
    0.000000000000000E+00    0.000000000000000E+00
    0.000000000000000E+00    0.000000000000000E+00
    0.000000000000000E+00    0.000000000000000E+00
    0.000000000000000E+00    0.000000000000000E+00
    0.000000000000000E+00    0.000000000000000E+00
    0.000000000000000E+00    0.000000000000000E+00
    0.000000000000000E+00    0.000000000000000E+00
    0.000000000000000E+00    0.000000000000000E+00
    0.000000000000000E+00    0.000000000000000E+00
    0.000000000000000E+00    0.000000000000000E+00
    0.000000000000000E+00    0.000000000000000E+00
    0.000000000000000E+00    0.000000000000000E+00
    0.000000000000000E+00    0.000000000000000E+00
    0.000000000000000E+00    0.000000000000000E+00
    0.000000000000000E+00    0.000000000000000E+00
    0.000000000000000E+00    0.000000000000000E+00
    0.000000000000000E+00    0.000000000000000E+00
    0.000000000000000E+00    0.000000000000000E+00
    0.000000000000000E+00    0.000000000000000E+00
    0.000000000000000E+00    0.000000000000000E+00
    0.000000000000000E+00    0.000000000000000E+00
    0.000000000000000E+00    0.000000000000000E+00
    0.000000000000000E+00    0.000000000000000E+00
    0.000000000000000E+00    0.000000000000000E+00
    0.000000000000000E+00    0.000000000000000E+00
    0.000000000000000E+00    0.000000000000000E+00
    0.000000000000000E+00    0.000000000000000E+00
    0.000000000000000E+00    0.000000000000000E+00
    0.000000000000000E+00    0.000000000000000E+00
    0.000000000000000E+00    0.000000000000000E+00
    0.000000000000000E+00    0.000000000000000E+00
    0.000000000000000E+00    0.000000000000000E+00
    0.000000000000000E+00    0.000000000000000E+00
    0.000000000000000E+00    0.000000000000000E+00
    0.000000000000000E+00    0.000000000000000E+00
