  0.2150000000000000      0.5450000000000000    
  0.9550000000000000      0.8350000000000000    
  0.8350000000000000      0.1650000000000000    
  0.5750000000000000      0.7250000000000000    
  0.4350000000000000      0.7850000000000000    
  0.1150000000000000      0.3950000000000000    
  0.3050000000000000      0.5550000000000000    
  0.1750000000000000      0.4250000000000000    
  0.1250000000000000      0.3250000000000000    
  0.6650000000000000      0.8850000000000000    
  0.1550000000000000      0.4500000000000000E-01
  0.5150000000000000      0.9250000000000000    
  0.4750000000000000      0.2350000000000000    
  0.7850000000000000      0.3850000000000000    
  0.8250000000000000      0.2450000000000000    
  0.1050000000000000      0.8050000000000000    
  0.9150000000000000      0.7500000000000000E-01
  0.4650000000000000      0.8950000000000000    
  0.2550000000000000      0.7350000000000000    
  0.2050000000000000      0.9550000000000000    
  0.8850000000000000      0.1500000000000000E-01
  0.8750000000000000      0.2250000000000000    
  0.3150000000000000      0.2950000000000000    
  0.2350000000000000      0.9950000000000000    
  0.4500000000000000E-01  0.6650000000000000    
  0.9350000000000001      0.7750000000000000    
  0.3450000000000000      0.1250000000000000    
  0.5250000000000000      0.7150000000000000    
  0.5000000000000000E-02  0.3150000000000000    
  0.8500000000000001E-01  0.6850000000000001    
  0.1350000000000000      0.2850000000000000    
  0.6950000000000000      0.1850000000000000    
  0.9050000000000000      0.8149999999999999    
  0.6350000000000000      0.2050000000000000    
  0.9450000000000000      0.6450000000000000    
  0.7350000000000000      0.4350000000000000    
  0.4850000000000000      0.4850000000000000    
  0.8450000000000000      0.9150000000000000    
  0.6250000000000000      0.4050000000000000    
  0.5050000000000000      0.8650000000000000    
  0.7450000000000000      0.4950000000000000    
  0.3850000000000000      0.9350000000000001    
  0.7750000000000000      0.7050000000000000    
  0.3350000000000000      0.5150000000000000    
  0.5550000000000000      0.9450000000000000    
  0.3750000000000000      0.6950000000000000    
  0.2750000000000000      0.1050000000000000    
  0.4150000000000000      0.5950000000000000    
  0.3250000000000000      0.2550000000000000    
  0.1650000000000000      0.8500000000000001E-01
  0.5350000000000000      0.5350000000000000    
  0.8550000000000000      0.3550000000000000    
  0.5649999999999999      0.8250000000000000    
  0.8950000000000000      0.3500000000000000E-01
  0.1950000000000000      0.5250000000000000    
  0.6850000000000001      0.7650000000000000    
  0.1500000000000000E-01  0.6750000000000000    
  0.3950000000000000      0.1750000000000000    
  0.3500000000000000E-01  0.9050000000000000    
  0.7550000000000000      0.7550000000000000    
  0.9750000000000000      0.5500000000000000E-01
  0.1450000000000000      0.3350000000000000    
  0.2950000000000000      0.3050000000000000    
  0.8149999999999999      0.9500000000000000E-01
  0.6550000000000000      0.1150000000000000    
  0.4250000000000000      0.9650000000000000    
  0.5950000000000000      0.2500000000000000E-01
  0.7500000000000000E-01  0.6050000000000000    
  0.4450000000000000      0.6150000000000000    
  0.2250000000000000      0.1950000000000000    
  0.4050000000000000      0.4550000000000000    
  0.7050000000000000      0.6250000000000000    
  0.2450000000000000      0.5000000000000000E-02
  0.7650000000000000      0.8450000000000000    
  0.7950000000000000      0.6350000000000000    
  0.8050000000000000      0.2750000000000000    
  0.3650000000000000      0.7450000000000000    
  0.6750000000000000      0.4450000000000000    
  0.3550000000000000      0.5750000000000000    
  0.2500000000000000E-01  0.8550000000000000    
  0.6450000000000000      0.3750000000000000    
  0.2650000000000000      0.1550000000000000    
  0.6500000000000000E-01  0.7950000000000000    
  0.6050000000000000      0.9750000000000000    
  0.9950000000000000      0.3450000000000000    
  0.9850000000000000      0.5850000000000000    
  0.1850000000000000      0.4150000000000000    
  0.2850000000000000      0.4750000000000000    
  0.8650000000000000      0.6550000000000000    
  0.9250000000000000      0.5050000000000000    
  0.4550000000000000      0.9850000000000000    
  0.7150000000000000      0.2150000000000000    
  0.9500000000000000E-01  0.8750000000000000    
  0.7250000000000000      0.6500000000000000E-01
  0.5500000000000000E-01  0.5649999999999999    
  0.6150000000000000      0.2650000000000000    
  0.5450000000000000      0.4650000000000000    
  0.9650000000000000      0.1350000000000000    
  0.5850000000000000      0.1450000000000000    
  0.4950000000000000      0.3650000000000000    
