 9 September 2010   4:44:29.369 PM
 
SPHERE_MONTE_CARLO_PRB
  FORTRAN90 version
  Test the SPHERE_MONTE_CARLO library.
 
TEST01
 
         N        1              X^2             Y^2             Z^2             X^4           X^2Y^2           Z^4
 
         1     12.5664         10.5339        0.835154         1.19727         8.83023        0.700080        0.114071    
         2     12.5664         2.02991         6.36558         4.17088        0.546977        0.520766         1.76406    
         4     12.5664         4.27199         5.38250         2.91188         3.44706        0.695182         1.46305    
         8     12.5664         4.83622         5.37852         2.35164         2.92291        0.874630        0.604385    
        16     12.5664         2.57633         3.95536         6.03468         1.12817        0.570568         4.07994    
        32     12.5664         3.67889         4.63079         4.25669         1.97245        0.878244         2.39905    
        64     12.5664         3.80333         4.34982         4.41322         2.29856        0.619851         2.59377    
       128     12.5664         3.60244         4.13029         4.83364         2.09410        0.781529         3.22897    
       256     12.5664         4.02522         4.20375         4.33740         2.42728        0.805943         2.67757    
       512     12.5664         4.39013         4.06726         4.10898         2.65774        0.872809         2.49488    
      1024     12.5664         4.12778         4.34168         4.09691         2.49215        0.819200         2.43625    
      2048     12.5664         4.36766         4.03220         4.16651         2.64980        0.869514         2.51247    
      4096     12.5664         4.16328         4.18156         4.22153         2.50272        0.812828         2.52502    
      8192     12.5664         4.18992         4.13776         4.23869         2.52222        0.828661         2.54903    
     16384     12.5664         4.21660         4.19516         4.15461         2.54373        0.839896         2.48455    
     32768     12.5664         4.17265         4.25492         4.13880         2.49913        0.840884         2.46844    
     65536     12.5664         4.22724         4.15424         4.18489         2.54553        0.837108         2.50358    
 
     Exact     12.5664         4.18879         4.18879         4.18879         2.51327        0.837758         2.51327    
 
TETRAHEDRON_MONTE_CARLO_PRB
  Normal end of execution.
 
 9 September 2010   4:44:29.525 PM
