    0.000000000000000D+00    0.000000000000000D+00
    0.000000000000000D+00    0.000000000000000D+00
    0.000000000000000D+00    0.000000000000000D+00
    0.000000000000000D+00    0.000000000000000D+00
    0.000000000000000D+00    0.000000000000000D+00
    0.000000000000000D+00    0.000000000000000D+00
    0.000000000000000D+00    0.000000000000000D+00
    0.000000000000000D+00    0.000000000000000D+00
    0.000000000000000D+00    0.000000000000000D+00
    0.000000000000000D+00    0.000000000000000D+00
    0.000000000000000D+00    0.000000000000000D+00
    0.000000000000000D+00    0.000000000000000D+00
    0.000000000000000D+00    0.000000000000000D+00
    0.000000000000000D+00    0.000000000000000D+00
    0.000000000000000D+00    0.000000000000000D+00
    0.000000000000000D+00    0.000000000000000D+00
    0.000000000000000D+00    0.000000000000000D+00
    0.000000000000000D+00    0.000000000000000D+00
    0.000000000000000D+00    0.000000000000000D+00
    0.000000000000000D+00    0.000000000000000D+00
    0.000000000000000D+00    0.000000000000000D+00
    0.000000000000000D+00    0.000000000000000D+00
    0.000000000000000D+00    0.000000000000000D+00
    0.000000000000000D+00    0.000000000000000D+00
    0.000000000000000D+00    0.000000000000000D+00
    0.000000000000000D+00    0.000000000000000D+00
    0.000000000000000D+00    0.000000000000000D+00
    0.000000000000000D+00    0.000000000000000D+00
    0.000000000000000D+00    0.000000000000000D+00
    0.000000000000000D+00    0.000000000000000D+00
    0.000000000000000D+00    0.000000000000000D+00
    0.000000000000000D+00    0.000000000000000D+00
    0.000000000000000D+00    0.000000000000000D+00
    0.000000000000000D+00    0.000000000000000D+00
    0.000000000000000D+00    0.000000000000000D+00
    0.000000000000000D+00    0.000000000000000D+00
    0.000000000000000D+00    0.000000000000000D+00
    0.000000000000000D+00    0.000000000000000D+00
    0.000000000000000D+00    0.000000000000000D+00
    0.000000000000000D+00    0.000000000000000D+00
    0.000000000000000D+00    0.000000000000000D+00
    0.000000000000000D+00    0.000000000000000D+00
    0.263064811663666D-04   -0.258529370360611D-04
    0.147727399446960D-04   -0.473422523596056D-04
   -0.110338178979461D-04   -0.452632972110390D-04
   -0.435740222709067D-04    0.219910817304856D-04
   -0.750123881643189D-04    0.143966527925616D-03
   -0.102810377549713D-03    0.325474578574688D-03
   -0.128212819703292D-03    0.559262972298918D-03
   -0.148950866782577D-03    0.836894914645469D-03
   -0.167364962609092D-03    0.115518116902437D-02
   -0.182142869708807D-03    0.150416179603427D-02
   -0.195495306461728D-03    0.188351706085589D-02
   -0.207217616291597D-03    0.228590283407594D-02
   -0.218928988338836D-03    0.271315790831205D-02
   -0.231541981881012D-03    0.316356640343502D-02
   -0.245943090055300D-03    0.364016509489655D-02
   -0.264034538357836D-03    0.414926803938698D-02
   -0.286039277058763D-03    0.469395976710238D-02
   -0.314448997160326D-03    0.529047330670315D-02
   -0.349097401195754D-03    0.594050047008113D-02
   -0.392328909178991D-03    0.667115531300948D-02
   -0.444261834740132D-03    0.748126238290279D-02
   -0.505670297398459D-03    0.840798424564158D-02
   -0.577746757483234D-03    0.944584497430510D-02
   -0.658056797074856D-03    0.106397050775378D-01
   -0.751030527162906D-03    0.119777596551732D-01
   -0.848336030442166D-03    0.135036498712650D-01
   -0.964356500874538D-03    0.152068758036947D-01
   -0.106690696220430D-02    0.171058221898980D-01
   -0.115960891765790D-02    0.191731356647583D-01
   -0.122756453786174D-02    0.214435919420675D-01
   -0.134938357268944D-02    0.238465181091341D-01
   -0.142260440808867D-02    0.261318749050441D-01
   -0.162530173023184D-02    0.286846313589401D-01
   -0.136027864451887D-02    0.308583949651011D-01
    0.196614378710710D-03    0.315881210825074D-01
    0.587934648103263D-03    0.327956770632200D-01
   -0.131233299761260D-02    0.318633942911113D-01
   -0.588637883234795D-03    0.225561575952338D-01
    0.131439006741545D-01    0.131439006741670D-01
    0.000000000000000D+00    0.000000000000000D+00
    0.000000000000000D+00    0.000000000000000D+00
    0.468887082515496D-04   -0.130408445230528D-04
    0.198596004447940D-05    0.180423066397719D-05
   -0.947411170742323D-04    0.802379218786731D-04
   -0.204994140025782D-03    0.259172876041506D-03
   -0.319519071376392D-03    0.541710072205930D-03
   -0.422922146275042D-03    0.923184536366307D-03
   -0.517870817476761D-03    0.139989570639600D-02
   -0.598811654772866D-03    0.195807485964297D-02
   -0.669705562236753D-03    0.259120010325353D-02
   -0.729679472850675D-03    0.328642008633039D-02
   -0.782930921383698D-03    0.403847834775744D-02
   -0.830869184427252D-03    0.483901077185919D-02
   -0.878444889431242D-03    0.568690783728686D-02
   -0.927445065117074D-03    0.658003031880383D-02
   -0.984752780382168D-03    0.752351294764758D-02
   -0.105049286805735D-02    0.852206987177525D-02
   -0.113494849569111D-02    0.958865831359896D-02
   -0.123409030153218D-02    0.107345324771921D-01
   -0.136318803670883D-02    0.119812649299209D-01
   -0.151106078818766D-02    0.133448598299795D-01
   -0.169957379115919D-02    0.148553169455479D-01
   -0.190693383873188D-02    0.165293804454819D-01
   -0.216295423627998D-02    0.184040190793046D-01
   -0.243123348478072D-02    0.204893868897402D-01
   -0.275096859579345D-02    0.228254060212541D-01
   -0.306424396340440D-02    0.253996494948294D-01
   -0.341922937822945D-02    0.282513508986719D-01
   -0.372990657932157D-02    0.313260668243622D-01
   -0.404625027028899D-02    0.346435018444730D-01
   -0.424145466827014D-02    0.380640834300639D-01
   -0.439754384128096D-02    0.415350275399428D-01
   -0.423390325478150D-02    0.446056959803379D-01
   -0.374473919076642D-02    0.473349758408364D-01
   -0.272534590775609D-02    0.492442280438737D-01
   -0.691527181106171D-03    0.493990845542574D-01
    0.309507589052337D-02    0.458375303679990D-01
    0.990409558208217D-02    0.375919129658639D-01
    0.203590614271103D-01    0.224269597967956D-01
    0.306213593021064D-01    0.602733278505969D-02
    0.000000000000000D+00    0.000000000000000D+00
    0.000000000000000D+00    0.000000000000000D+00
    0.403234923594571D-04    0.158847748201732D-04
   -0.810358188744345D-04    0.109803585923090D-03
   -0.279973577102442D-03    0.299235512272415D-03
   -0.511769031972253D-03    0.629173567899742D-03
   -0.745431252258675D-03    0.109124041125741D-02
   -0.965998139240074D-03    0.168943384443076D-02
   -0.116584463215823D-02    0.241219673011238D-02
   -0.134163005658363D-02    0.324869434956408D-02
   -0.149470905695229D-02    0.418849330831897D-02
   -0.162672301660279D-02    0.521561734618121D-02
   -0.174326057408202D-02    0.632473374448779D-02
   -0.184857840904925D-02    0.750137923371134D-02
   -0.195054240938669D-02    0.874690094539252D-02
   -0.205512827105935D-02    0.100529150442367D-01
   -0.217173025122297D-02    0.114280361765829D-01
   -0.230708850411382D-02    0.128731726278580D-01
   -0.247158253910683D-02    0.144037655746719D-01
   -0.267109730766620D-02    0.160320421097907D-01
   -0.291649387596484D-02    0.177784105076162D-01
   -0.321005533921407D-02    0.196664028955914D-01
   -0.356280660742326D-02    0.217178355163137D-01
   -0.396897041245180D-02    0.239640811933799D-01
   -0.443982983723594D-02    0.264225957527110D-01
   -0.495423747132475D-02    0.291231191835711D-01
   -0.552449107272506D-02    0.320702043992082D-01
   -0.609984078963036D-02    0.352714579493633D-01
   -0.669098425456216D-02    0.387026933058357D-01
   -0.719915900239194D-02    0.423204585427083D-01
   -0.763056374301767D-02    0.460330928648243D-01
   -0.780159092329206D-02    0.496685061202770D-01
   -0.770084818919101D-02    0.530359120959508D-01
   -0.693426606672375D-02    0.556697851565362D-01
   -0.521980482325964D-02    0.570500610582414D-01
   -0.238196316459230D-02    0.568037175551158D-01
    0.246482905183395D-02    0.532054146839486D-01
    0.958520094728021D-02    0.450784839897286D-01
    0.227224704477767D-01    0.323583428151925D-01
    0.341335659740209D-01    0.149118662208292D-01
    0.343588112036134D-01    0.408154599203942D-02
    0.000000000000000D+00    0.000000000000000D+00
    0.000000000000000D+00    0.000000000000000D+00
   -0.408820376062093D-04    0.540114455768142D-04
   -0.275299331516231D-03    0.237809999668061D-03
   -0.617615599378078D-03    0.563766570816691D-03
   -0.997547104237675D-03    0.105738729533235D-02
   -0.138280194699871D-02    0.171439379571800D-02
   -0.174592207247195D-02    0.253059463435001D-02
   -0.207929357974542D-02    0.349761044427123D-02
   -0.237428773592073D-02    0.460023735702772D-02
   -0.263466735969910D-02    0.582892544818224D-02
   -0.286017496631737D-02    0.716370370543993D-02
   -0.306111728932698D-02    0.859909093376070D-02
   -0.324113259352506D-02    0.101160933438839D-01
   -0.341535756984812D-02    0.117167578460434D-01
   -0.358876885713078D-02    0.133861644611455D-01
   -0.378100852185071D-02    0.151366595047748D-01
   -0.399584749084123D-02    0.169590464566725D-01
   -0.425714328067747D-02    0.188774049940789D-01
   -0.456409407427789D-02    0.208884352119947D-01
   -0.494396810485448D-02    0.230272435187612D-01
   -0.538683070652878D-02    0.252943294538549D-01
   -0.592164290378652D-02    0.277320190427807D-01
   -0.652317461140549D-02    0.303387937899914D-01
   -0.721876638070365D-02    0.331558294634410D-01
   -0.795888878239289D-02    0.361673248294758D-01
   -0.876246619467413D-02    0.393982260814590D-01
   -0.954143155143019D-02    0.427962113101571D-01
   -0.102916031618784D-01    0.463423857965668D-01
   -0.108616048689223D-01    0.499079990857625D-01
   -0.111961154404915D-01    0.533766917709127D-01
   -0.110305324375468D-01    0.564617458215699D-01
   -0.101791232131218D-01    0.588792415638811D-01
   -0.822297439403432D-02    0.601099905314439D-01
   -0.465227849813419D-02    0.595149217830073D-01
    0.112894553338699D-02    0.562107287864172D-01
    0.102345221988979D-01    0.491224113124844D-01
    0.227681897797892D-01    0.377390820356212D-01
    0.387135495540430D-01    0.231392728611727D-01
    0.488777188840525D-01    0.938803033840390D-02
    0.412999785211961D-01    0.920993001519910D-03
    0.000000000000000D+00    0.000000000000000D+00
    0.000000000000000D+00    0.000000000000000D+00
   -0.186515192959610D-03    0.926888165299225D-04
   -0.590098049428753D-03    0.375371276841083D-03
   -0.110364174099941D-02    0.837883655913744D-03
   -0.166275798438071D-02    0.149978131969452D-02
   -0.222003844936012D-02    0.234636721723432D-02
   -0.274943024733422D-02    0.337378139453661D-02
   -0.323470037540241D-02    0.456846987341904D-02
   -0.366885261503463D-02    0.591569498831710D-02
   -0.405210227045794D-02    0.740332226662111D-02
   -0.438713754636858D-02    0.900965071594250D-02
   -0.468353072575534D-02    0.107277807701546D-01
   -0.494973290157902D-02    0.125351979110609D-01
   -0.520126140140923D-02    0.144325737805871D-01
   -0.545037680601445D-02    0.164009674994032D-01
   -0.571637676040423D-02    0.184500314031153D-01
   -0.601330649051707D-02    0.205678968500751D-01
   -0.636181759980671D-02    0.227725743904916D-01
   -0.677445402909098D-02    0.250613769753550D-01
   -0.727006569536107D-02    0.274571033021830D-01
   -0.785413208867578D-02    0.299657234721032D-01
   -0.853965486783483D-02    0.326072187013018D-01
   -0.931591007391149D-02    0.353909743685077D-01
   -0.101845692680538D-01    0.383209882091725D-01
   -0.111035909654843D-01    0.413969263099353D-01
   -0.120537961921301D-01    0.445849903743198D-01
   -0.129375327191155D-01    0.478505646424314D-01
   -0.136951121012745D-01    0.510850190409247D-01
   -0.141351216932466D-01    0.541757328846595D-01
   -0.141114568144253D-01    0.568804848405183D-01
   -0.132854696887361D-01    0.589412610519067D-01
   -0.112962342120151D-01    0.598818524263306D-01
   -0.769333204688253D-02    0.592873280051729D-01
   -0.166578303318275D-02    0.563535911772385D-01
    0.704765971933879D-02    0.505734361603126D-01
    0.201011834596395D-01    0.412601308226698D-01
    0.352484110815646D-01    0.288573561788610D-01
    0.521462206704087D-01    0.157158383791717D-01
    0.595826181870055D-01    0.484381926088965D-02
    0.447088008994735D-01    0.193210699024499D-03
    0.000000000000000D+00    0.000000000000000D+00
    0.000000000000000D+00    0.000000000000000D+00
   -0.406011111628823D-03    0.127206832893433D-03
   -0.101937289875895D-02    0.498899994619874D-03
   -0.174348299927660D-02    0.109492039589406D-02
   -0.250299745605301D-02    0.191223596246652D-02
   -0.325478716580621D-02    0.293610919301443D-02
   -0.396427379717856D-02    0.415293311489754D-02
   -0.461734969005260D-02    0.555052351666198D-02
   -0.520141291964225D-02    0.710847943757439D-02
   -0.571954573578723D-02    0.881571091057077D-02
   -0.617138144988416D-02    0.106459425237458D-01
   -0.657116316975261D-02    0.125925717419586D-01
   -0.692574054903479D-02    0.146277046332557D-01
   -0.725769858492379D-02    0.167524065462568D-01
   -0.757783324003915D-02    0.189400559247243D-01
   -0.791509460269281D-02    0.212021047783896D-01
   -0.828066149906514D-02    0.235153088821587D-01
   -0.870707106950231D-02    0.259021266773262D-01
   -0.920075349892608D-02    0.283431394602908D-01
   -0.979331986961065D-02    0.308689339921887D-01
   -0.104788957939023D-01    0.334615134387212D-01
   -0.112809923949647D-01    0.361514782662094D-01
   -0.121704104188984D-01    0.389150560637290D-01
   -0.131510110787420D-01    0.417673470475131D-01
   -0.141537390124197D-01    0.446641142100254D-01
   -0.151429828820806D-01    0.475788272138601D-01
   -0.159838552293133D-01    0.504210287473288D-01
   -0.165656327493889D-01    0.530810034828046D-01
   -0.166468681966657D-01    0.553810629941493D-01
   -0.159758014248877D-01    0.570708568451909D-01
   -0.141567738807758D-01    0.578397791218000D-01
   -0.106886223514976D-01    0.572357222547753D-01
   -0.502481641209846D-02    0.548070490687332D-01
    0.364416172391191D-02    0.499748370269197D-01
    0.156245451433943D-01    0.424359011957335D-01
    0.313977147933045D-01    0.322345872308568D-01
    0.488067174617047D-01    0.204848234487125D-01
    0.634973869732759D-01    0.954584561718775D-02
    0.652589711295349D-01    0.244139948437325D-02
    0.450651014571765D-01    0.726907256504820D-05
    0.000000000000000D+00    0.000000000000000D+00
    0.000000000000000D+00    0.000000000000000D+00
   -0.687884503766582D-03    0.158853217073840D-03
   -0.155872482991633D-02    0.610302964159121D-03
   -0.251690168922533D-02    0.131917650409206D-02
   -0.349900654864764D-02    0.227146795784894D-02
   -0.445611174809976D-02    0.344484753721377D-02
   -0.535754805807292D-02    0.482112368981428D-02
   -0.618370055224129D-02    0.638406627309908D-02
   -0.692414902440382D-02    0.811067007756536D-02
   -0.757851206391721D-02    0.998763459786569D-02
   -0.814910757992694D-02    0.119859029571703D-01
   -0.864854015263387D-02    0.140970478645418D-01
   -0.908811260688059D-02    0.162894382363023D-01
   -0.948967345267080D-02    0.185617360109137D-01
   -0.987095108220574D-02    0.208831362193118D-01
   -0.102594327434079D-01    0.232608270900279D-01
   -0.106759887370356D-01    0.256683314438345D-01
   -0.111487455305582D-01    0.281199760672532D-01
   -0.116961053769832D-01    0.305959343512880D-01
   -0.123395876761912D-01    0.331118552942961D-01
   -0.130857377993294D-01    0.356540842339232D-01
   -0.139392847978872D-01    0.382276921502699D-01
   -0.148799928852553D-01    0.408194699784000D-01
   -0.158810635782259D-01    0.434042798459282D-01
   -0.168725505088375D-01    0.459554376881440D-01
   -0.177724382849171D-01    0.483883876321899D-01
   -0.184274185527890D-01    0.506380238269908D-01
   -0.186578145791410D-01    0.525207160437030D-01
   -0.181850522569828D-01    0.538981241143480D-01
   -0.166529354309349D-01    0.544428383534306D-01
   -0.136451060744159D-01    0.539218034531538D-01
   -0.851163952623149D-02    0.518569516203858D-01
   -0.857165186381810D-03    0.479820431352857D-01
    0.103089216802801D-01    0.418683264070803D-01
    0.244894717570857D-01    0.336143050111945D-01
    0.421336748175447D-01    0.236746896724828D-01
    0.592824476704905D-01    0.133396989340154D-01
    0.716578642912129D-01    0.493565548763869D-02
    0.696965643073442D-01    0.112472833850456D-03
    0.453648615970235D-01   -0.630384471519744D-03
    0.000000000000000D+00    0.000000000000000D+00
    0.000000000000000D+00    0.000000000000000D+00
   -0.102090046436486D-02    0.181631078541422D-03
   -0.218249638832442D-02    0.694359981577155D-03
   -0.340395262817676D-02    0.149515032183524D-02
   -0.462297551963155D-02    0.255306351135749D-02
   -0.579768735392997D-02    0.384324965761219D-02
   -0.689484263075246D-02    0.533964376294906D-02
   -0.789775187611642D-02    0.702440305986939D-02
   -0.879269024242250D-02    0.886953172589934D-02
   -0.958142881563079D-02    0.108603995180987D-01
   -0.102639102937362D-01    0.129641472413523D-01
   -0.108560099459639D-01    0.151706417501259D-01
   -0.113675951806766D-01    0.174439103508927D-01
   -0.118258677592595D-01    0.197808343025878D-01
   -0.122473145176542D-01    0.221446111001943D-01
   -0.126670469797523D-01    0.245413899593420D-01
   -0.131034713804026D-01    0.269358905709102D-01
   -0.135939046024661D-01    0.293432307198979D-01
   -0.141511080263918D-01    0.317305569282664D-01
   -0.148052922498093D-01    0.341170625062325D-01
   -0.155519844591424D-01    0.364701936151743D-01
   -0.164000503423612D-01    0.388016645497135D-01
   -0.173108912869881D-01    0.410719844390383D-01
   -0.182506850969422D-01    0.432655018164918D-01
   -0.191225191609437D-01    0.453213728769663D-01
   -0.198172910587579D-01    0.471676973528644D-01
   -0.201459661012272D-01    0.486999431820699D-01
   -0.198744480598511D-01    0.497553245292133D-01
   -0.186817801590224D-01    0.501613064233346D-01
   -0.161438720306485D-01    0.496403054046292D-01
   -0.117964945425248D-01    0.479513670740570D-01
   -0.500375918631580D-02    0.447528192868521D-01
    0.467316863319758D-02    0.398494620148375D-01
    0.177823558309729D-01    0.331265589677204D-01
    0.339106436708358D-01    0.248552460644734D-01
    0.519665490277099D-01    0.158471362394021D-01
    0.683715264813657D-01    0.747568774340625D-02
    0.773261021596021D-01    0.138988137041585D-02
    0.705745937990387D-01   -0.113202046162215D-02
    0.441774979592803D-01   -0.847232231251957D-03
    0.000000000000000D+00    0.000000000000000D+00
    0.000000000000000D+00    0.000000000000000D+00
   -0.139531769121895D-02    0.199587396525823D-03
   -0.287638487237329D-02    0.755350012715452D-03
   -0.437525306036649D-02    0.161815943568388D-02
   -0.584201237870602D-02    0.274719739408413D-02
   -0.723649733606958D-02    0.411385885991333D-02
   -0.853009767799397D-02    0.568550162592320D-02
   -0.970458721774888D-02    0.744217436233503D-02
   -0.107480623113404D-01    0.935052880975983D-02
   -0.116604455125332D-01    0.113950223893403D-01
   -0.124431968270338D-01    0.135375683986169D-01
   -0.131111016508699D-01    0.157674706971476D-01
   -0.136769728455185D-01    0.180428639096259D-01
   -0.141674791134903D-01    0.203598689918670D-01
   -0.146044256185159D-01    0.226754513790866D-01
   -0.150216542844495D-01    0.249938416907519D-01
   -0.154455122522605D-01    0.272745549678166D-01
   -0.159090383260779D-01    0.295278618618241D-01
   -0.164348072419131D-01    0.317190098454770D-01
   -0.170427009128746D-01    0.338566348647007D-01
   -0.177377353525810D-01    0.359123949419456D-01
   -0.185090574459080D-01    0.378783437650420D-01
   -0.193233192508157D-01    0.397281241978313D-01
   -0.201145474653246D-01    0.414147158035768D-01
   -0.207819777613959D-01    0.429019539112405D-01
   -0.211695963733258D-01    0.440759655456400D-01
   -0.210736902341515D-01    0.448722225563412D-01
   -0.201972510698624D-01    0.450849285922593D-01
   -0.182086062165073D-01    0.446062874544627D-01
   -0.146073897654579D-01    0.431404885308566D-01
   -0.898861333781437D-02    0.405595680216961D-01
   -0.639943439602032D-03    0.365720254287820D-01
    0.105666014061270D-01    0.311789719702915D-01
    0.252095590589461D-01    0.244081945199392D-01
    0.420511425485328D-01    0.167416088647302D-01
    0.600308887299569D-01    0.907341438607130D-02
    0.746615964871201D-01    0.256363725765033D-02
    0.807389214830434D-01   -0.135330997551296D-02
    0.713679909313754D-01   -0.231559576802354D-02
    0.429593189299305D-01   -0.108077006481263D-02
    0.000000000000000D+00    0.000000000000000D+00
    0.000000000000000D+00    0.000000000000000D+00
   -0.179052006030635D-02    0.207157137497120D-03
   -0.360754610103705D-02    0.785454224098217D-03
   -0.539604279021531D-02    0.168111066743912D-02
   -0.711459292713071D-02    0.284525948223685D-02
   -0.872950746023564D-02    0.424573151868710D-02
   -0.102142887361960D-01    0.584585862533476D-02
   -0.115530041532915D-01    0.762170438083372D-02
   -0.127331193567610D-01    0.953735470850027D-02
   -0.137553751864090D-01    0.115729278537241D-01
   -0.146203822763999D-01    0.136888989992786D-01
   -0.153443278542148D-01    0.158695454124729D-01
   -0.159397451019478D-01    0.180717256090519D-01
   -0.164365276413320D-01    0.202861431953256D-01
   -0.168564917459656D-01    0.224680573924528D-01
   -0.172388781941601D-01    0.246167741741641D-01
   -0.176090696781167D-01    0.266888646020223D-01
   -0.180068916300054D-01    0.286916605654121D-01
   -0.184509322295171D-01    0.305850429060047D-01
   -0.189669527612897D-01    0.323785297741662D-01
   -0.195505543593325D-01    0.340344467391454D-01
   -0.201918259527587D-01    0.355514778627211D-01
   -0.208405808186526D-01    0.368886063454171D-01
   -0.214215676089485D-01    0.380133947984611D-01
   -0.218091913717807D-01    0.388698467202298D-01
   -0.218241055158532D-01    0.393705658323493D-01
   -0.212316438581948D-01    0.394300468291713D-01
   -0.197041987890957D-01    0.388903694011999D-01
   -0.168772235072756D-01    0.376321156803185D-01
   -0.122550828296241D-01    0.354495743919908D-01
   -0.540208259987877D-02    0.322310322166669D-01
    0.422032297739562D-02    0.278474960940516D-01
    0.167847751430219D-01    0.223543670552831D-01
    0.322597261993093D-01    0.159943923244956D-01
    0.495611123492220D-01    0.929443260453176D-02
    0.665401341029561D-01    0.315517685200968D-02
    0.791965086717265D-01   -0.135488676649761D-02
    0.822548065749391D-01   -0.346149091354812D-02
    0.697469982310463D-01   -0.297473686835005D-02
    0.410097725840918D-01   -0.114665623939533D-02
    0.000000000000000D+00    0.000000000000000D+00
    0.000000000000000D+00    0.000000000000000D+00
   -0.219952405543471D-02    0.209379893355493D-03
   -0.435740625897272D-02    0.788818949583685D-03
   -0.643635094975563D-02    0.168674742373075D-02
   -0.840376464429620D-02    0.284710875674499D-02
   -0.102323372703628D-01    0.423866365965351D-02
   -0.118985793815637D-01    0.581778413792550D-02
   -0.133881450887896D-01    0.756129838566753D-02
   -0.146888853550663D-01    0.942607125913724D-02
   -0.158015547333621D-01    0.113936141913860D-01
   -0.167266514230110D-01    0.134164939561542D-01
   -0.174805719921968D-01    0.154811805392681D-01
   -0.180770230968357D-01    0.175354336755430D-01
   -0.185466471929347D-01    0.195730512550968D-01
   -0.189148662355970D-01    0.215394935588946D-01
   -0.192212371604685D-01    0.234375899998648D-01
   -0.194975571705348D-01    0.252151441468354D-01
   -0.197812877130205D-01    0.268820194961346D-01
   -0.200994926351989D-01    0.283934391803656D-01
   -0.204696692076299D-01    0.297578831232844D-01
   -0.208958047581854D-01    0.309412004692473D-01
   -0.213504270350712D-01    0.319342905393413D-01
   -0.217883854931828D-01    0.327122057458284D-01
   -0.221052799599859D-01    0.332259965780247D-01
   -0.221748628498427D-01    0.334523745033680D-01
   -0.217774070817599D-01    0.332810759392575D-01
   -0.206766986235949D-01    0.326802971684449D-01
   -0.184980951814143D-01    0.314733245205986D-01
   -0.149013521937504D-01    0.296223121970177D-01
   -0.934684738535179D-02    0.269256300116724D-01
   -0.152418226337439D-02    0.233903569937933D-01
    0.913366149712490D-02    0.189283057392503D-01
    0.224390055375668D-01    0.137375153856114D-01
    0.383909577624183D-01    0.810519490820054D-02
    0.552748653661167D-01    0.260357292749227D-02
    0.711333972774233D-01   -0.192734621047782D-02
    0.816942314127350D-01   -0.473578686883621D-02
    0.822963695551223D-01   -0.518610843157504D-02
    0.683760525408185D-01   -0.363891326087519D-02
    0.391533793399731D-01   -0.128398665351537D-02
    0.000000000000000D+00    0.000000000000000D+00
    0.000000000000000D+00    0.000000000000000D+00
   -0.259841421054699D-02    0.202065332006319D-03
   -0.509377339957465D-02    0.764676915948818D-03
   -0.745656261675841D-02    0.163482803325456D-02
   -0.966538361137805D-02    0.275710320018852D-02
   -0.116963550685374D-01    0.409653778666949D-02
   -0.135307349433400D-01    0.561032519577566D-02
   -0.151543101402636D-01    0.726959838274480D-02
   -0.165565144882778D-01    0.903238336130221D-02
   -0.177368703892908D-01    0.108729620606758D-01
   -0.186968430934327D-01    0.127461269336263D-01
   -0.194521218107477D-01    0.146295895132176D-01
   -0.200179953251824D-01    0.164743707206203D-01
   -0.204262907803106D-01    0.182644445853802D-01
   -0.207047605091183D-01    0.199495592091792D-01
   -0.208965975811899D-01    0.215229092175478D-01
   -0.210356254945522D-01    0.229371693232724D-01
   -0.211647593881917D-01    0.241950543082802D-01
   -0.213106582555875D-01    0.252561743201900D-01
   -0.214959684795347D-01    0.261275490817734D-01
   -0.217191254799477D-01    0.267772084559758D-01
   -0.219540916127021D-01    0.272040327929301D-01
   -0.221427863808888D-01    0.273812563759481D-01
   -0.221753673920882D-01    0.272814324554883D-01
   -0.219050146450082D-01    0.268749694873601D-01
   -0.211013331734120D-01    0.260915745135450D-01
   -0.195026653721617D-01    0.248913523006680D-01
   -0.167358151724633D-01    0.231632428179341D-01
   -0.124347714114996D-01    0.208664001456931D-01
   -0.612792352060376D-02    0.178993126210890D-01
    0.252371229166319D-02    0.142777455964631D-01
    0.138380293219510D-01    0.100436121127138D-01
    0.276931243827948D-01    0.540617159836143D-02
    0.435435199210557D-01    0.740516942596357D-03
    0.598781971914048D-01   -0.340891373273414D-02
    0.741538859479229D-01   -0.635572968209399D-02
    0.825653331886458D-01   -0.745059697251746D-02
    0.809559151418231D-01   -0.655934086565977D-02
    0.652994092815975D-01   -0.406687507904828D-02
    0.367494251954805D-01   -0.131261936574669D-02
    0.000000000000000D+00    0.000000000000000D+00
    0.000000000000000D+00    0.000000000000000D+00
   -0.298376188649019D-02    0.189968737435967D-03
   -0.579860134321983D-02    0.715650827879979D-03
   -0.843205648438829D-02    0.153257850154600D-02
   -0.108659380688219D-01    0.258116136643266D-02
   -0.130842331049687D-01    0.383171216380939D-02
   -0.150680141249702D-01    0.523508703249850D-02
   -0.168063822830386D-01    0.676650093818791D-02
   -0.182868106000955D-01    0.837567769996900D-02
   -0.195104218568004D-01    0.100414633983205D-01
   -0.204765355173449D-01    0.117082651739408D-01
   -0.212026735528577D-01    0.133598666177724D-01
   -0.217034652846890D-01    0.149345802968957D-01
   -0.220135798276264D-01    0.164247031923161D-01
   -0.221628929923210D-01    0.177656448598714D-01
   -0.221978968972540D-01    0.189612712309283D-01
   -0.221579001169339D-01    0.199504779133697D-01
   -0.220875088091779D-01    0.207480045010012D-01
   -0.220216647773080D-01    0.213042635119648D-01
   -0.219797494928482D-01    0.216372262644645D-01
   -0.219694138156199D-01    0.217158232643721D-01
   -0.219527702316722D-01    0.215453821934339D-01
   -0.218794763106307D-01    0.211160717548175D-01
   -0.216172098640270D-01    0.203996500304864D-01
   -0.210253503810786D-01    0.194043905553971D-01
   -0.198421453655197D-01    0.180526975369087D-01
   -0.178197658805324D-01    0.163663412157006D-01
   -0.145514563061619D-01    0.142265891377953D-01
   -0.972336302322626D-02    0.116783342765731D-01
   -0.283677310850701D-02    0.862023512290423D-02
    0.629308511027778D-02    0.517026659341800D-02
    0.180086413525985D-01    0.137448071136478D-02
    0.318636361682669D-01   -0.247786625433365D-02
    0.473885875319908D-01   -0.603772323119774D-02
    0.626755093573475D-01   -0.881100913851544D-02
    0.754468275443514D-01   -0.102059110372064D-01
    0.819910745429992D-01   -0.986595081196766D-02
    0.786270694535711D-01   -0.772736453594432D-02
    0.625167452968453D-01   -0.449236711428922D-02
    0.344710665788614D-01   -0.139452150384212D-02
    0.000000000000000D+00    0.000000000000000D+00
    0.000000000000000D+00    0.000000000000000D+00
   -0.333330650216706D-02    0.170691384796430D-03
   -0.644572721067965D-02    0.646772155226128D-03
   -0.932616711745667D-02    0.138483186078291D-02
   -0.119667769870695D-01    0.233304377618209D-02
   -0.143505719019730D-01    0.345821814919697D-02
   -0.164640287054070D-01    0.471678182322080D-02
   -0.182932707575070D-01    0.607731519296500D-02
   -0.198286346859944D-01    0.749483043657388D-02
   -0.210674898114360D-01    0.893878751754488D-02
   -0.220117073505286D-01    0.103600665312339D-01
   -0.226758520275034D-01    0.117303342469474D-01
   -0.230783112836447D-01    0.129963318848381D-01
   -0.232529999697804D-01    0.141360050618036D-01
   -0.232353516825578D-01    0.150956609402778D-01
   -0.230741175418545D-01    0.158641810518656D-01
   -0.228152626499525D-01    0.163937123334735D-01
   -0.225083624097810D-01    0.166865655133850D-01
   -0.221939588498753D-01    0.167077118020059D-01
   -0.218973847792999D-01    0.164699812230445D-01
   -0.216276099089809D-01    0.159560435262998D-01
   -0.213509748444365D-01    0.151789641427196D-01
   -0.210111257201423D-01    0.141391101961274D-01
   -0.204767442745931D-01    0.128341616185945D-01
   -0.195928363207655D-01    0.112769988660152D-01
   -0.181004205416359D-01    0.943802775621215D-02
   -0.157310370193658D-01    0.733817879225306D-02
   -0.121037461094828D-01    0.493013927258823D-02
   -0.688038211439707D-02    0.225479232468841D-02
    0.338962941764964D-03   -0.699611718684633D-03
    0.977521672163590D-02   -0.382235783422948D-02
    0.215258488849990D-01   -0.698586719420157D-02
    0.352325865757326D-01   -0.992214535299760D-02
    0.500314322961965D-01   -0.122846939690983D-01
    0.642331861522482D-01   -0.136336382396451D-01
    0.753398505129192D-01   -0.135769274207221D-01
    0.800223147734376D-01   -0.118293936657457D-01
    0.752575610565810D-01   -0.867266383825257D-02
    0.584873099010218D-01   -0.478512763683617D-02
    0.318008954469785D-01   -0.141276628032232D-02
    0.000000000000000D+00    0.000000000000000D+00
    0.000000000000000D+00    0.000000000000000D+00
   -0.364708336452558D-02    0.147867430619844D-03
   -0.702096956077506D-02    0.558533932898613D-03
   -0.101231950981918D-01    0.120080171601873D-02
   -0.129431526459852D-01    0.202137832618922D-02
   -0.154707788420519D-01    0.299570458531680D-02
   -0.176885635744608D-01    0.407500398817235D-02
   -0.195862953648774D-01    0.523518661130613D-02
   -0.211495594084024D-01    0.642270027027074D-02
   -0.223782204739506D-01    0.761501466761601D-02
   -0.232697559930899D-01    0.875093220634874D-02
   -0.238419997687929D-01    0.981235411669792D-02
   -0.241107857795429D-01    0.107301447060169D-01
   -0.241153398780441D-01    0.114959700841891D-01
   -0.238917640847894D-01    0.120370778738637D-01
   -0.234962707280683D-01    0.123602244406712D-01
   -0.229795200748479D-01    0.123977132666691D-01
   -0.223990981226659D-01    0.121733959074521D-01
   -0.218039861704136D-01    0.116364210022489D-01
   -0.212246554659996D-01    0.108225884810805D-01
   -0.206807414988171D-01    0.970973184296900D-02
   -0.201365038507926D-01    0.833136971741004D-02
   -0.195466735692375D-01    0.670162388790688D-02
   -0.187675329957770D-01    0.483174266961591D-02
   -0.176566533635183D-01    0.277256160194284D-02
   -0.159331307992082D-01    0.498655583697997D-03
   -0.133528309156301D-01   -0.190610181467483D-02
   -0.950872138018851D-02   -0.449362689534543D-02
   -0.412632126558121D-02   -0.714179939855077D-02
    0.322042164412923D-02   -0.987514906788310D-02
    0.126055500595829D-01   -0.125030635091178D-01
    0.241673114264307D-01   -0.149268638317683D-01
    0.373019327127045D-01   -0.168456478389960D-01
    0.512591978408630D-01   -0.179760600597624D-01
    0.641528832381851D-01   -0.179688224993814D-01
    0.737542582022667D-01   -0.165223474327575D-01
    0.770067815782098D-01   -0.135944577544889D-01
    0.712002591225276D-01   -0.948017919928255D-02
    0.547299649964535D-01   -0.506358515020039D-02
    0.292499382492422D-01   -0.145723689934373D-02
    0.000000000000000D+00    0.000000000000000D+00
    0.000000000000000D+00    0.000000000000000D+00
   -0.390773789467786D-02    0.120898459079592D-03
   -0.750690117967517D-02    0.459845470579718D-03
   -0.107943985215402D-01    0.988223505856440D-03
   -0.137668555646440D-01    0.166517631758475D-02
   -0.164087992049924D-01    0.246320848322308D-02
   -0.187071903543564D-01    0.334291616415241D-02
   -0.206455830422209D-01    0.427357303619518D-02
   -0.222126555336314D-01    0.521072576835795D-02
   -0.234018776477529D-01    0.612146760809163D-02
   -0.242142561280798D-01    0.695518894927812D-02
   -0.246623029217520D-01    0.767934663297762D-02
   -0.247676224840574D-01    0.823817643646325D-02
   -0.245665849595088D-01    0.860498490481670D-02
   -0.241045437215828D-01    0.872410067879232D-02
   -0.234384066171997D-01    0.858156431521649D-02
   -0.226315127472516D-01    0.813066091391657D-02
   -0.217458538379772D-01    0.737594548371348D-02
   -0.208445555341895D-01    0.629045319854018D-02
   -0.199649858805816D-01    0.489825072267545D-02
   -0.191385307949555D-01    0.320144912272001D-02
   -0.183366183879787D-01    0.123690452190935D-02
   -0.175187347432511D-01   -0.960335505633086D-03
   -0.165476317202403D-01   -0.335405680113560D-02
   -0.152754610096013D-01   -0.587967873933826D-02
   -0.134324772085343D-01   -0.851352634679137D-02
   -0.107587257494083D-01   -0.111676632790936D-01
   -0.688236339444853D-02   -0.138254509252585D-01
   -0.150269274411094D-02   -0.163714792722659D-01
    0.570952990459588D-02   -0.187583329798403D-01
    0.148752705738672D-01   -0.208152018717395D-01
    0.259387998370676D-01   -0.224033537885644D-01
    0.383988340832039D-01   -0.232607323150372D-01
    0.512681004900574D-01   -0.231571128789397D-01
    0.628673692510257D-01   -0.218017004836364D-01
    0.709768696308181D-01   -0.190876572076309D-01
    0.728274642396549D-01   -0.150179124637730D-01
    0.663543892638048D-01   -0.101264736450103D-01
    0.500512243201525D-01   -0.524772914542917D-02
    0.264079994979004D-01   -0.146613043675913D-02
    0.000000000000000D+00    0.000000000000000D+00
    0.000000000000000D+00    0.000000000000000D+00
   -0.411812888485836D-02    0.919053180726163D-04
   -0.789501775632011D-02    0.349067923318794D-03
   -0.113341330175982D-01    0.756097930427843D-03
   -0.144244363549093D-01    0.127278553130422D-02
   -0.171549469665290D-01    0.188230555126004D-02
   -0.195052381890990D-01    0.254161346123277D-02
   -0.214616945464100D-01    0.322993460262873D-02
   -0.230056366612050D-01    0.389510012136033D-02
   -0.241330058704051D-01    0.451521858021456D-02
   -0.248382073941443D-01    0.502735770797385D-02
   -0.251377986486740D-01    0.541275361315872D-02
   -0.250487714179159D-01    0.559797209363209D-02
   -0.246150311548374D-01    0.557442203779121D-02
   -0.238806935018594D-01    0.526345784684741D-02
   -0.229148462413987D-01    0.467470604423650D-02
   -0.217839868009461D-01    0.373520549753286D-02
   -0.205663026800175D-01    0.247869092130305D-02
   -0.193325415298373D-01    0.853769496317094D-03
   -0.181370952596874D-01   -0.108253093127148D-02
   -0.170222687060974D-01   -0.334246781177739D-02
   -0.159719099272671D-01   -0.585665734159760D-02
   -0.149581014941959D-01   -0.858472515484309D-02
   -0.138457857400678D-01   -0.114643849283499D-01
   -0.125022084081630D-01   -0.143988278571150D-01
   -0.106468900972879D-01   -0.173508259025046D-01
   -0.804593636160064D-02   -0.201734307670680D-01
   -0.430537003129938D-02   -0.228534314851680D-01
    0.817940341948540D-03   -0.252013089567008D-01
    0.768669327939727D-02   -0.271939789706774D-01
    0.163081534620679D-01   -0.285982223942483D-01
    0.266879194953355D-01   -0.293265086622347D-01
    0.381709574451209D-01   -0.291108543417623D-01
    0.499043363531408D-01   -0.278006491984579D-01
    0.601617472967351D-01   -0.252068297468985D-01
    0.669605636217658D-01   -0.212966905221992D-01
    0.678753960256381D-01   -0.162754186476518D-01
    0.610197106554539D-01   -0.106494952444103D-01
    0.456223255751287D-01   -0.540859622092697D-02
    0.237119163361781D-01   -0.147783493907798D-02
    0.000000000000000D+00    0.000000000000000D+00
    0.000000000000000D+00    0.000000000000000D+00
   -0.426732996451839D-02    0.617605071017232D-04
   -0.817709800182880D-02    0.236801164849187D-03
   -0.117239158303901D-01    0.512974827234854D-03
   -0.149000116128872D-01    0.864462164360240D-03
   -0.176856471072622D-01    0.127252842516958D-02
   -0.200629119871387D-01    0.170591799630284D-02
   -0.220093917093254D-01    0.213836647018319D-02
   -0.235086794663158D-01    0.252971937336931D-02
   -0.245480813258467D-01    0.284833226757910D-02
   -0.251255169217789D-01    0.304518049417653D-02
   -0.252499068605361D-01    0.308645403949022D-02
   -0.249451993728766D-01    0.291605459930673D-02
   -0.242499318205167D-01    0.250434508322688D-02
   -0.232207850805742D-01    0.179463332681333D-02
   -0.219250740054695D-01    0.770327108077889D-03
   -0.204485544511418D-01   -0.614482925281981D-03
   -0.188719693121949D-01   -0.235381589858593D-02
   -0.172908008728986D-01   -0.446771340130619D-02
   -0.157657910089606D-01   -0.692132730205907D-02
   -0.143651881680059D-01   -0.969387358873778D-02
   -0.130811329240997D-01   -0.127229633036709D-01
   -0.119061662429096D-01   -0.159378686965602D-01
   -0.107139855680408D-01   -0.192593783519534D-01
   -0.938005387318703D-02   -0.225682528216290D-01
   -0.763633528389950D-02   -0.257837315542450D-01
   -0.524053175487606D-02   -0.287491008467013D-01
   -0.182840906154245D-02   -0.313894727341751D-01
    0.287129256532272D-02   -0.335217449480559D-01
    0.915044577897532D-02   -0.350661250393942D-01
    0.170735281061234D-01   -0.358148988046756D-01
    0.265243284960812D-01   -0.356669616445952D-01
    0.369579265407256D-01   -0.344000399042253D-01
    0.474207681719894D-01   -0.319386085226395D-01
    0.563704871357669D-01   -0.281490005093106D-01
    0.619662103032964D-01   -0.231734985045593D-01
    0.619832667733842D-01   -0.172422561590360D-01
    0.551014664904827D-01   -0.110383120547723D-01
    0.405292513506449D-01   -0.548335196582647D-02
    0.207902626664429D-01   -0.146660486340575D-02
    0.000000000000000D+00    0.000000000000000D+00
    0.000000000000000D+00    0.000000000000000D+00
   -0.435998792268928D-02    0.310269829432113D-04
   -0.835053224675031D-02    0.119671760368069D-03
   -0.119670412726456D-01    0.265886626037659D-03
   -0.151912579809697D-01    0.446019910024617D-03
   -0.180049939498810D-01    0.652708037107213D-03
   -0.203808166802861D-01    0.853137158336476D-03
   -0.222974560617066D-01    0.103260021942193D-02
   -0.237293699128931D-01    0.114548269442610D-02
   -0.246652913486117D-01    0.117314317263321D-02
   -0.250947254349910D-01    0.105604815950235D-02
   -0.250302761773545D-01    0.776383695630844D-03
   -0.244890639009539D-01    0.260920450717239D-03
   -0.235182828335828D-01   -0.499397461705800D-03
   -0.221706229338026D-01   -0.158613306021339D-02
   -0.205296599624569D-01   -0.298926000266292D-02
   -0.186811858960033D-01   -0.478645337466711D-02
   -0.167309114570807D-01   -0.693837611075377D-02
   -0.147788942599004D-01   -0.949923748907131D-02
   -0.129174428084974D-01   -0.123951392935210D-01
   -0.112232339858787D-01   -0.156328459873730D-01
   -0.972034578423274D-02   -0.191090083578289D-01
   -0.841201130962677D-02   -0.227616591396648D-01
   -0.719504401540636D-02   -0.264755906097495D-01
   -0.595741272121941D-02   -0.301110033879369D-01
   -0.443679534747299D-02   -0.335648663449854D-01
   -0.240970626858100D-02   -0.366289772206107D-01
    0.504566765441107D-03   -0.392286040396717D-01
    0.454017782894666D-02   -0.411118922560248D-01
    0.100313871910650D-01   -0.422289642352814D-01
    0.169773987397614D-01   -0.423174599517842D-01
    0.253428756766871D-01   -0.413389499991103D-01
    0.345187889842458D-01   -0.390750810914975D-01
    0.436955976074810D-01   -0.355342342752681D-01
    0.513896715279288D-01   -0.306830576250438D-01
    0.559565327090059D-01   -0.247191501009380D-01
    0.555253014918728D-01   -0.180511208075301D-01
    0.488515849152212D-01   -0.113003529704749D-01
    0.356786178304303D-01   -0.553241830111887D-02
    0.180672630984007D-01   -0.144274918241902D-02
    0.000000000000000D+00    0.000000000000000D+00
    0.000000000000000D+00    0.000000000000000D+00
   -0.439159600226794D-02    0.154432262089322D-05
   -0.841509437740486D-02    0.797845896587513D-05
   -0.120554244555047D-01    0.226435017855381D-04
   -0.152940241858643D-01    0.357933238722721D-04
   -0.181025023919493D-01    0.397849075963042D-04
   -0.204535494646705D-01    0.144684021715014D-04
   -0.223159491157500D-01   -0.579068819036096D-04
   -0.236646803987508D-01   -0.209330525074011D-03
   -0.244785698126689D-01   -0.465611188168622D-03
   -0.247493460334562D-01   -0.870360153891369D-03
   -0.244800530714699D-01   -0.145461673210617D-02
   -0.236943790387577D-01   -0.227187878086754D-02
   -0.224312439377237D-01   -0.335250971001424D-02
   -0.207575705341043D-01   -0.475328436282220D-02
   -0.187513538347304D-01   -0.649430552495001D-02
   -0.165231119440309D-01   -0.862273240661035D-02
   -0.141770275276491D-01   -0.111358107793153D-01
   -0.118488758154539D-01   -0.140519806424433D-01
   -0.963396140694572D-02   -0.173333231127888D-01
   -0.765195057330579D-02   -0.209478015795209D-01
   -0.593329589211546D-02   -0.248158952591933D-01
   -0.452295348450179D-02   -0.288380175258074D-01
   -0.332521574217812D-02   -0.328982193025127D-01
   -0.225696243966549D-02   -0.368260824628533D-01
   -0.106390963551295D-02   -0.404870637373914D-01
    0.472320213284973D-03   -0.436555778952048D-01
    0.271830086381576D-02   -0.462029928419839D-01
    0.593480516230662D-02   -0.478787776448595D-01
    0.104250439406033D-01   -0.485836586648936D-01
    0.162544789541609D-01   -0.480793037399610D-01
    0.233439952164058D-01   -0.463227293812642D-01
    0.312014045759435D-01   -0.431409119222635D-01
    0.390266860485148D-01   -0.386199341552253D-01
    0.454991810054662D-01   -0.327759749379594D-01
    0.491852395182394D-01   -0.259620528802294D-01
    0.483470932384703D-01   -0.185960612107048D-01
    0.421979926250464D-01   -0.114465586309220D-01
    0.303851829486506D-01   -0.549351686651127D-02
    0.151714607031978D-01   -0.140868294108942D-02
    0.000000000000000D+00    0.000000000000000D+00
    0.000000000000000D+00    0.000000000000000D+00
   -0.436737480828650D-02   -0.274622767859669D-04
   -0.837295040578757D-02   -0.102755451851477D-03
   -0.119985426502906D-01   -0.212821623985527D-03
   -0.152148360868973D-01   -0.364153257699294D-03
   -0.179923707348002D-01   -0.553472250514736D-03
   -0.202940008206904D-01   -0.799858550631581D-03
   -0.220875341740298D-01   -0.110912337157495D-02
   -0.233383938239647D-01   -0.151499249068795D-02
   -0.240248647457175D-01   -0.202963856443706D-02
   -0.241292702028432D-01   -0.270299571712415D-02
   -0.236565333721285D-01   -0.354956259032746D-02
   -0.226214024921031D-01   -0.463631453156045D-02
   -0.210705473533081D-01   -0.597284573823912D-02
   -0.190633079847081D-01   -0.763927570601101D-02
   -0.166956291920133D-01   -0.962934917859778D-02
   -0.140730396052628D-01   -0.120246666666039D-01
   -0.113315371298536D-01   -0.147895278592041D-01
   -0.860559740972660D-02   -0.179852894713384D-01
   -0.603663365757915D-02   -0.215346757979989D-01
   -0.374691417976238D-02   -0.254483764117955D-01
   -0.182178311154727D-02   -0.296036940283846D-01
   -0.311465725200867D-03   -0.339289383039597D-01
    0.828371149124031D-03   -0.382672228763974D-01
    0.167514416880666D-02   -0.424454169532236D-01
    0.245143897450676D-02   -0.462996479545306D-01
    0.337023578025632D-02   -0.495635440200943D-01
    0.480095066071056D-02   -0.521025906708652D-01
    0.699639780913779D-02   -0.535988875834029D-01
    0.103071418315056D-01   -0.539808797835255D-01
    0.147891690113249D-01   -0.529513226325767D-01
    0.204624706072312D-01   -0.505302040475081D-01
    0.268533552046353D-01   -0.465429103624882D-01
    0.333151524948719D-01   -0.411549100519662D-01
    0.386589510248919D-01   -0.344756099769203D-01
    0.416145744816068D-01   -0.268935198793593D-01
    0.407730719524913D-01   -0.189990945980378D-01
    0.353496687556702D-01   -0.114671208345681D-01
    0.253371525833059D-01   -0.543669398416415D-02
    0.125435888237259D-01   -0.134994287218656D-02
    0.000000000000000D+00    0.000000000000000D+00
    0.000000000000000D+00    0.000000000000000D+00
   -0.428810701622087D-02   -0.536970222600523D-04
   -0.822975772468880D-02   -0.203919464623982D-03
   -0.117974064451883D-01   -0.434166583502204D-03
   -0.149591379759530D-01   -0.739248665138934D-03
   -0.176760558453064D-01   -0.111398214801196D-02
   -0.199088658869117D-01   -0.156537508757125D-02
   -0.216161114435170D-01   -0.209870026072556D-02
   -0.227613909116502D-01   -0.273397278610308D-02
   -0.233132745321373D-01   -0.348598070744772D-02
   -0.232537453271293D-01   -0.438835125312655D-02
   -0.225771965169323D-01   -0.546407364113586D-02
   -0.213023892034696D-01   -0.675994680403827D-02
   -0.194649596856948D-01   -0.830340516490653D-02
   -0.171369922912485D-01   -0.101495057902278D-01
   -0.144040357837263D-01   -0.123221446789700D-01
   -0.113980833254990D-01   -0.148724085722787D-01
   -0.824719696091445D-02   -0.178073593883015D-01
   -0.512954924120128D-02   -0.211526283132963D-01
   -0.218287352660855D-02   -0.248811855857907D-01
    0.410802488817367D-03   -0.289642723733641D-01
    0.256506504799668D-02   -0.333247361115531D-01
    0.416256639342518D-02   -0.378508849727020D-01
    0.524392920790873D-02   -0.424095583875340D-01
    0.582866069996592D-02   -0.467919757273820D-01
    0.613741827036232D-02   -0.508224804393204D-01
    0.635452943273121D-02   -0.542094155834581D-01
    0.685322891667862D-02   -0.567731070836990D-01
    0.790392808957430D-02   -0.581877670636842D-01
    0.986908655784640D-02   -0.583287853858964D-01
    0.128789423380894D-01   -0.569144492707480D-01
    0.169851138268830D-01   -0.539493658137844D-01
    0.218428604035475D-01   -0.492963583126026D-01
    0.269034576521855D-01   -0.431850149479793D-01
    0.311330354625131D-01   -0.357649456518838D-01
    0.335023902455141D-01   -0.275648524049196D-01
    0.326936727614302D-01   -0.191708251749181D-01
    0.282567747705761D-01   -0.114030548962409D-01
    0.200423549949913D-01   -0.529579985451420D-02
    0.977752587643871D-02   -0.129505622159863D-02
    0.000000000000000D+00    0.000000000000000D+00
    0.000000000000000D+00    0.000000000000000D+00
   -0.415847202675721D-02   -0.788942710018235D-04
   -0.799053160831241D-02   -0.300383004024059D-03
   -0.114642180847776D-01   -0.640878896668221D-03
   -0.145388943269615D-01   -0.109113529005135D-02
   -0.171728705528884D-01   -0.163638973306557D-02
   -0.193186068490769D-01   -0.227966310718294D-02
   -0.209316377390784D-01   -0.301517594147702D-02
   -0.219672193156613D-01   -0.385992141732122D-02
   -0.223909235717792D-01   -0.481583701029409D-02
   -0.221756059417748D-01   -0.591659803350987D-02
   -0.213144195090209D-01   -0.716973136479392D-02
   -0.198157752756312D-01   -0.862844897574023D-02
   -0.177195123856343D-01   -0.103013492189418D-01
   -0.150863779927382D-01   -0.122605459187836D-01
   -0.120172498074080D-01   -0.145069832688857D-01
   -0.863284409001741D-02   -0.171233263581701D-01
   -0.509427300405609D-02   -0.200890200076234D-01
   -0.157025969866568D-02   -0.234765362180998D-01
    0.174601183305684D-02   -0.272263824020872D-01
    0.467849217370171D-02   -0.313658396125736D-01
    0.706464466434387D-02   -0.357815492387257D-01
    0.878954625526558D-02   -0.404116785328137D-01
    0.980941688576069D-02   -0.450865079842670D-01
    0.101457711790508D-01   -0.496187264362486D-01
    0.995010937400134D-02   -0.538032650549519D-01
    0.941447492315073D-02   -0.573230799048420D-01
    0.888682442745304D-02   -0.599876806415130D-01
    0.865948003033597D-02   -0.614020640332219D-01
    0.913562494447606D-02   -0.614597607003243D-01
    0.104925257016381D-01   -0.598012036010540D-01
    0.128970677800287D-01   -0.564830098544638D-01
    0.160990053810644D-01   -0.513415351804039D-01
    0.197210173912113D-01   -0.446711034862836D-01
    0.229163763070937D-01   -0.367008144277075D-01
    0.248057865482615D-01   -0.279706448842034D-01
    0.243593755995759D-01   -0.192495280623934D-01
    0.210830075395715D-01   -0.112347799003543D-01
    0.149863984946352D-01   -0.515822033660590D-02
    0.735329610713958D-02   -0.120747824380498D-02
    0.000000000000000D+00    0.000000000000000D+00
    0.000000000000000D+00    0.000000000000000D+00
   -0.398287620142331D-02   -0.100654784147142D-03
   -0.766465685241189D-02   -0.385704464891370D-03
   -0.110071695400061D-01   -0.827873803332391D-03
   -0.139664673085155D-01   -0.140926390707135D-02
   -0.164940639079926D-01   -0.211089806025065D-02
   -0.185386308391472D-01   -0.292556216627986D-02
   -0.200489053922710D-01   -0.384289632807838D-02
   -0.209760139085367D-01   -0.486764920572037D-02
   -0.212777511185034D-01   -0.599848206210239D-02
   -0.209233187006178D-01   -0.725409761531937D-02
   -0.198960169402000D-01   -0.864301904278538D-02
   -0.182035487826654D-01   -0.101998717806920D-01
   -0.158732396968897D-01   -0.119429678413401D-01
   -0.129727752294197D-01   -0.139217766528123D-01
   -0.958823623970441D-02   -0.161608580930837D-01
   -0.586181237722367D-02   -0.187162189907044D-01
   -0.193930389429405D-02   -0.216088890840486D-01
    0.196703716288919D-02   -0.248812813064848D-01
    0.567679979554373D-02   -0.285326665018880D-01
    0.894438161659121D-02   -0.325579675409602D-01
    0.116143031734391D-01   -0.369103285046104D-01
    0.134809927184921D-01   -0.414947600444628D-01
    0.145018127354246D-01   -0.461959961343843D-01
    0.146049895184235D-01   -0.507946371177054D-01
    0.139431615338773D-01   -0.551044117906434D-01
    0.126421693661942D-01   -0.587805381040590D-01
    0.110646013456938D-01   -0.616017004322656D-01
    0.949735924797144D-02   -0.631555290816052D-01
    0.838984608996149D-02   -0.632704576247236D-01
    0.799500488641500D-02   -0.615858893680154D-01
    0.857777844560466D-02   -0.581103731914591D-01
    0.100360210399597D-01   -0.526986986224933D-01
    0.121655415015608D-01   -0.456716563332925D-01
    0.142925611981205D-01   -0.372826607820222D-01
    0.157929305028000D-01   -0.281951647164729D-01
    0.157198934394698D-01   -0.191594110302445D-01
    0.137887837479046D-01   -0.110435941983328D-01
    0.984429124982739D-02   -0.495816145883889D-02
    0.479610792223253D-02   -0.114441569434637D-02
    0.000000000000000D+00    0.000000000000000D+00
    0.000000000000000D+00    0.000000000000000D+00
   -0.376476461625173D-02   -0.121249850274962D-03
   -0.725803990120335D-02   -0.464469910574470D-03
   -0.104382234896522D-01   -0.997414959974063D-03
   -0.132559732575956D-01   -0.169759921402374D-02
   -0.156593857033632D-01   -0.253851753200335D-02
   -0.175919385422052D-01   -0.350640995360770D-02
   -0.189980226632296D-01   -0.458194096904415D-02
   -0.198232041930290D-01   -0.576208767802270D-02
   -0.200201582395372D-01   -0.703470856552811D-02
   -0.195508570380804D-01   -0.841129723020574D-02
   -0.183937168963809D-01   -0.988728289462794D-02
   -0.165462319226843D-01   -0.114938820089436D-01
   -0.140340325542808D-01   -0.132340004958407D-01
   -0.109109178372022D-01   -0.151625474017131D-01
   -0.727028816614194D-02   -0.172867589150976D-01
   -0.323727017747632D-02   -0.196831639073310D-01
    0.101728245157429D-02   -0.223544312268009D-01
    0.529917388406231D-02   -0.253838311862673D-01
    0.937542519084338D-02   -0.287517175319320D-01
    0.130159723231439D-01   -0.325138313455343D-01
    0.159798153016326D-01   -0.366047652678044D-01
    0.180711431492612D-01   -0.409983966941196D-01
    0.191352922917559D-01   -0.455616875044500D-01
    0.191061989929954D-01   -0.501259933586399D-01
    0.180228282398867D-01   -0.544914624499989D-01
    0.160235856577346D-01   -0.583132330577771D-01
    0.133968009626188D-01   -0.613638295616158D-01
    0.104709793584793D-01   -0.631628012901996D-01
    0.770536051644024D-02   -0.635484165267864D-01
    0.544699824054471D-02   -0.620474005618033D-01
    0.408009775466340D-02   -0.586996677753904D-01
    0.367161824422559D-02   -0.532809350473494D-01
    0.421492026147774D-02   -0.461418487485777D-01
    0.528273355507040D-02   -0.375810636275330D-01
    0.642052101242827D-02   -0.282418204873914D-01
    0.693357898119109D-02   -0.190731281688580D-01
    0.648306538756418D-02   -0.108003298991673D-01
    0.489112966722752D-02   -0.480049820936367D-02
    0.263709568651718D-02   -0.104308840570840D-02
    0.000000000000000D+00    0.000000000000000D+00
    0.000000000000000D+00    0.000000000000000D+00
   -0.351066001177328D-02   -0.138243889389057D-03
   -0.678236174162893D-02   -0.531889057915651D-03
   -0.977098569344135D-02   -0.114464392633408D-02
   -0.124243707605297D-01   -0.194834328946403D-02
   -0.146873974486939D-01   -0.291067369944673D-02
   -0.164991415924539D-01   -0.401043560075706D-02
   -0.178009221460486D-01   -0.522039863411254D-02
   -0.185328127240033D-01   -0.652812690575354D-02
   -0.186432998274192D-01   -0.791237798044689D-02
   -0.180877917284884D-01   -0.937254185103970D-02
   -0.168377020662162D-01   -0.108960828820907D-01
   -0.148839868161218D-01   -0.124989890347636D-01
   -0.122409390360434D-01   -0.141815724826542D-01
   -0.895943086197824D-02   -0.159807606243106D-01
   -0.511643159083321D-02   -0.179128464198965D-01
   -0.845047687259413D-03   -0.200348553505019D-01
    0.370445039038037D-02   -0.223776268230817D-01
    0.830817439374276D-02   -0.250055014384410D-01
    0.127544843045183D-01   -0.279514521172368D-01
    0.167508580940274D-01   -0.312547396425900D-01
    0.200724928783505D-01   -0.349257047894656D-01
    0.224233711032175D-01   -0.389249892987929D-01
    0.236549866051854D-01   -0.432023365395076D-01
    0.235760807596554D-01   -0.475775915913012D-01
    0.222234790379137D-01   -0.519105296762311D-01
    0.196203832483611D-01   -0.558436617106297D-01
    0.160632228944138D-01   -0.591485869345460D-01
    0.118302139800257D-01   -0.613275500066151D-01
    0.743352770640940D-02   -0.621487229788174D-01
    0.327621264799221D-02   -0.611183905251489D-01
   -0.117686121392703D-03   -0.581708925033903D-01
   -0.250690467776997D-02   -0.530687070774548D-01
   -0.365598064011911D-02   -0.461100429045545D-01
   -0.376935685330955D-02   -0.375798117311270D-01
   -0.301263148534650D-02   -0.282163426700274D-01
   -0.197057115713013D-02   -0.189210808055119D-01
   -0.869368518023420D-03   -0.106434225178269D-01
   -0.440641043732180D-04   -0.463376536377035D-02
    0.296073079204832D-03   -0.100213495223381D-02
    0.000000000000000D+00    0.000000000000000D+00
    0.000000000000000D+00    0.000000000000000D+00
   -0.322277814133587D-02   -0.154096994054367D-03
   -0.624333257102960D-02   -0.591697535541632D-03
   -0.901590065876311D-02   -0.127303240498905D-02
   -0.114860885598866D-01   -0.216529348216315D-02
   -0.135956366406482D-01   -0.323138698690821D-02
   -0.152821237368043D-01   -0.444228800300914D-02
   -0.164824474168141D-01   -0.576486929009785D-02
   -0.171350443310720D-01   -0.717566397899631D-02
   -0.171825418907110D-01   -0.864563593971556D-02
   -0.165766883884636D-01   -0.101606537317963D-01
   -0.152812803859156D-01   -0.116983165233215D-01
   -0.132794992080141D-01   -0.132606513370024D-01
   -0.105773307131574D-01   -0.148367581938750D-01
   -0.721205827443728D-02   -0.164533770038392D-01
   -0.325570838408664D-02   -0.181159880736770D-01
    0.117844897167424D-02   -0.198821588387795D-01
    0.593326064090040D-02   -0.217750618748221D-01
    0.108089746559386D-01   -0.238795051554329D-01
    0.155621848237336D-01   -0.262264224041404D-01
    0.199234900918798D-01   -0.289029461882457D-01
    0.235977337406646D-01   -0.319267024195975D-01
    0.263034692220197D-01   -0.353322751327756D-01
    0.277762163436698D-01   -0.390843401327548D-01
    0.278274629851461D-01   -0.430824561216029D-01
    0.263467772521474D-01   -0.472102689374591D-01
    0.233566297942048D-01   -0.511516987802523D-01
    0.190181778494317D-01   -0.547010223698297D-01
    0.136381562419703D-01   -0.573126266729474D-01
    0.767535862761448D-02   -0.587817383053549D-01
    0.164091509935669D-02   -0.584637137180187D-01
   -0.385687377482304D-02   -0.563005391155472D-01
   -0.834051327729678D-02   -0.518778671975982D-01
   -0.113551841364762D-01   -0.454778196813228D-01
   -0.127760557476035D-01   -0.373284639230881D-01
   -0.125361777555249D-01   -0.281051826447819D-01
   -0.109408252458090D-01   -0.189121676449818D-01
   -0.824062267551100D-02   -0.105191312971151D-01
   -0.493193119226501D-02   -0.457273273048500D-02
   -0.163122181468163D-02   -0.920495824672991D-03
    0.000000000000000D+00    0.000000000000000D+00
    0.000000000000000D+00    0.000000000000000D+00
   -0.290911432803724D-02   -0.166082570380944D-03
   -0.565470419729441D-02   -0.639504598014687D-03
   -0.819095939752745D-02   -0.137652062129928D-02
   -0.104613600695173D-01   -0.234113324855754D-02
   -0.124077820598085D-01   -0.349056891502590D-02
   -0.139640140618759D-01   -0.479182159012063D-02
   -0.150680002001589D-01   -0.620265595186208D-02
   -0.156531820727571D-01   -0.769396355975177D-02
   -0.156626339768262D-01   -0.922381730397030D-02
   -0.150405702981150D-01   -0.107699315298433D-01
   -0.137486716424503D-01   -0.122941053078642D-01
   -0.117588757652292D-01   -0.137877121695621D-01
   -0.907040877248560D-02   -0.152236317104884D-01
   -0.570640687752076D-02   -0.166166247026051D-01
   -0.172574959914003D-02   -0.179605838932912D-01
    0.277043146756067D-02   -0.193024386968740D-01
    0.764491921332413D-02   -0.206665569742055D-01
    0.126973926450252D-01   -0.221327675672018D-01
    0.177087963883980D-01   -0.237565826475877D-01
    0.223795341496934D-01   -0.256304037726541D-01
    0.264362569595735D-01   -0.278293779900334D-01
    0.295199826084993D-01   -0.304078897596069D-01
    0.313758720511155D-01   -0.334179403376851D-01
    0.316867974990880D-01   -0.367908755611804D-01
    0.303318334665623D-01   -0.405080771696203D-01
    0.271746064508612D-01   -0.442865735656915D-01
    0.223588938707842D-01   -0.479757675116977D-01
    0.160670219004745D-01   -0.510427701092810D-01
    0.877540765948581D-02   -0.532467458077691D-01
    0.982153735115596D-03   -0.539200862942583D-01
   -0.656908417799864D-02   -0.528443135850618D-01
   -0.132302678797330D-01   -0.495375648033477D-01
   -0.182472835503789D-01   -0.441191490520507D-01
   -0.212305403954818D-01   -0.367134630623174D-01
   -0.217229610370828D-01   -0.279893995608851D-01
   -0.198166036681819D-01   -0.189542862155001D-01
   -0.156553638583319D-01   -0.106438724357746D-01
   -0.980133869564733D-02   -0.459072701004432D-02
   -0.389146215870538D-02   -0.958461452052579D-03
    0.000000000000000D+00    0.000000000000000D+00
    0.000000000000000D+00    0.000000000000000D+00
   -0.257140171176034D-02   -0.176672870035531D-03
   -0.502249224546159D-02   -0.677777288131712D-03
   -0.730616463217106D-02   -0.145772722666121D-02
   -0.936544918069751D-02   -0.247665972293154D-02
   -0.111397279667361D-01   -0.369062450571237D-02
   -0.125648287164112D-01   -0.505961366670181D-02
   -0.135757759042363D-01   -0.653923262448970D-02
   -0.141087278638520D-01   -0.808899398458176D-02
   -0.141023841524265D-01   -0.966272134279376D-02
   -0.135020462980849D-01   -0.112215560940310D-01
   -0.122615400860965D-01   -0.127211543961260D-01
   -0.103497933433018D-01   -0.141310045567271D-01
   -0.775314595070077D-02   -0.154173122789881D-01
   -0.448526364931335D-02   -0.165691254562105D-01
   -0.587651974751067D-03   -0.175758849552340D-01
    0.385595492937383D-02   -0.184597016472069D-01
    0.872533101872446D-02   -0.192468158562126D-01
    0.138445006785006D-01   -0.200026630484180D-01
    0.189996682432502D-01   -0.207963066479352D-01
    0.239168457727891D-01   -0.217301940478069D-01
    0.282981641322769D-01   -0.229118849255906D-01
    0.318007116561437D-01   -0.244450393979548D-01
    0.340941290524843D-01   -0.264320576402242D-01
    0.348541247080043D-01   -0.288925327142747D-01
    0.338266920144449D-01   -0.318868473336522D-01
    0.308398535462280D-01   -0.352245202794125D-01
    0.258642109606937D-01   -0.388373885871044D-01
    0.190524656936795D-01   -0.422135968868665D-01
    0.107358042375766D-01   -0.452068623698239D-01
    0.146632177234616D-02   -0.470047301106117D-01
   -0.804230624563968D-02   -0.474051078085182D-01
   -0.168906563587670D-01   -0.456221269696992D-01
   -0.241518143543893D-01   -0.417465396840398D-01
   -0.289594004729238D-01   -0.356373445429704D-01
   -0.305894973018442D-01   -0.277621757501649D-01
   -0.286374667631846D-01   -0.192497885128570D-01
   -0.231449278795764D-01   -0.108955879094049D-01
   -0.148792727098161D-01   -0.478250516396204D-02
   -0.577816142861718D-02   -0.924323392568376D-03
    0.000000000000000D+00    0.000000000000000D+00
    0.000000000000000D+00    0.000000000000000D+00
   -0.221977846463404D-02   -0.182420096122998D-03
   -0.436342198954130D-02   -0.701234578766272D-03
   -0.638385234881043D-02   -0.150832046677777D-02
   -0.822170693777377D-02   -0.256290250538961D-02
   -0.981883347578047D-02   -0.381789775014063D-02
   -0.111090863754933D-01   -0.523311465588134D-02
   -0.120321464819564D-01   -0.675688403220942D-02
   -0.125220435305545D-01   -0.834708213490259D-02
   -0.125225019504338D-01   -0.994472305255257D-02
   -0.119734680794365D-01   -0.115071338121733D-01
   -0.108323918516793D-01   -0.129707204570426D-01
   -0.905601869048867D-02   -0.142994803463732D-01
   -0.663100512459628D-02   -0.154335333676238D-01
   -0.354916349161596D-02   -0.163564643333104D-01
    0.152898494745375D-03   -0.170260396161579D-01
    0.442317836996016D-02   -0.174624934311316D-01
    0.915279261920319D-02   -0.176593308988595D-01
    0.142019119933485D-01   -0.176896765881861D-01
    0.193735017068482D-01   -0.175991360352174D-01
    0.244189137067010D-01   -0.175161612534445D-01
    0.290570550637017D-01   -0.175492504766666D-01
    0.329357455014283D-01   -0.178575856858900D-01
    0.357310373851743D-01   -0.185859383230371D-01
    0.370449330352474D-01   -0.198414637219643D-01
    0.366029578197857D-01   -0.217787167073588D-01
    0.340793626528619D-01   -0.243240647945337D-01
    0.293931387006407D-01   -0.275144453802758D-01
    0.225084568919959D-01   -0.309474963391713D-01
    0.136888464852913D-01   -0.345300282794800D-01
    0.335542992264220D-02   -0.374982519169685D-01
   -0.775612490853606D-02   -0.395159018714047D-01
   -0.186716435628129D-01   -0.397007931434503D-01
   -0.282157822140389D-01   -0.378751945790744D-01
   -0.352400900849550D-01   -0.336642088181800D-01
   -0.384684781693378D-01   -0.272544797756244D-01
   -0.370247733511919D-01   -0.195042071541240D-01
   -0.306213995871092D-01   -0.115104504403922D-01
   -0.199553875561435D-01   -0.515351142929509D-02
   -0.822220100046710D-02   -0.111286948504984D-02
    0.000000000000000D+00    0.000000000000000D+00
    0.000000000000000D+00    0.000000000000000D+00
   -0.185662545461720D-02   -0.185901787712658D-03
   -0.368610919118493D-02   -0.710827152809518D-03
   -0.543673909273815D-02   -0.152837027671285D-02
   -0.704913287192123D-02   -0.259581628663767D-02
   -0.846316706867373D-02   -0.386942273680953D-02
   -0.961776463939767D-02   -0.530517154583814D-02
   -0.104526620596393D-01   -0.685297908402653D-02
   -0.109085352074808D-01   -0.846259548027262D-02
   -0.109285443743484D-01   -0.100742259536522D-01
   -0.104584797006532D-01   -0.116306634354088D-01
   -0.945100292182914D-02   -0.130660456087184D-01
   -0.786577933358816D-02   -0.143209161880124D-01
   -0.567656274609284D-02   -0.153335748007612D-01
   -0.287291911336132D-02   -0.160528230594201D-01
    0.532916219926157D-03   -0.164381385600326D-01
    0.449830793202612D-02   -0.164630642295577D-01
    0.895125266202395D-02   -0.161308723227681D-01
    0.137686356465635D-01   -0.154602100498710D-01
    0.187987075291941D-01   -0.145216169827335D-01
    0.238128917255034D-01   -0.133944875691610D-01
    0.285704680073535D-01   -0.122350682174199D-01
    0.327315889977482D-01   -0.111837223160770D-01
    0.359841433943682D-01   -0.104617245838437D-01
    0.379130345891758D-01   -0.102162875806930D-01
    0.381997483501199D-01   -0.107276496570368D-01
    0.364499041861807D-01   -0.120360768137194D-01
    0.324569663834422D-01   -0.143139923427085D-01
    0.260594446054893D-01   -0.173015104030613D-01
    0.173463818558938D-01   -0.211089918811258D-01
    0.660597458703177D-02   -0.249742375181355D-01
   -0.559602556364244D-02   -0.286626577765759D-01
   -0.182058297793810D-01   -0.309952616049120D-01
   -0.300576495793186D-01   -0.318838928608711D-01
   -0.394722011191883D-01   -0.303035394414268D-01
   -0.449697390316153D-01   -0.261008452188782D-01
   -0.447940023759640D-01   -0.197437760112353D-01
   -0.382096301830191D-01   -0.121093191713712D-01
   -0.256481626980505D-01   -0.573926862115503D-02
   -0.104850557747811D-01   -0.110506566126451D-02
    0.000000000000000D+00    0.000000000000000D+00
    0.000000000000000D+00    0.000000000000000D+00
   -0.149631271897526D-02   -0.182551613398969D-03
   -0.301145399079979D-02   -0.700157966767427D-03
   -0.449206610844873D-02   -0.150765522547824D-02
   -0.587471982100301D-02   -0.256446435807200D-02
   -0.710321757967870D-02   -0.382848872096497D-02
   -0.811749221805750D-02   -0.525908587857186D-02
   -0.886438305432674D-02   -0.680368195366151D-02
   -0.928738712055572D-02   -0.841358855182494D-02
   -0.933783270242998D-02   -0.100209428511904D-01
   -0.896142973099994D-02   -0.115685523989430D-01
   -0.811897163585959D-02   -0.129747165136329D-01
   -0.676214699051243D-02   -0.141796238060983D-01
   -0.487176507347653D-02   -0.150947016123039D-01
   -0.241594847266659D-02   -0.156699155178158D-01
    0.588165377877574D-03   -0.158231697591154D-01
    0.413849549257747D-02   -0.155340447751740D-01
    0.816091792246115D-02   -0.147471050932782D-01
    0.125952939625892D-01   -0.134978188194528D-01
    0.172894820805089D-01   -0.117830497297931D-01
    0.220970209505002D-01   -0.972067142734029D-02
    0.267749388203615D-01   -0.738747797809834D-02
    0.310687970434894D-01   -0.499925908923973D-02
    0.346537817694838D-01   -0.271900832969548D-02
    0.371635159322036D-01   -0.823810596279157D-03
    0.382404561304426D-01    0.416070045957453D-03
    0.374630687988866D-01    0.749274438163229D-03
    0.345418637485025D-01   -0.582462648860302D-04
    0.291722847604808D-01   -0.200328090789503D-02
    0.212947536328546D-01   -0.534044545077465D-02
    0.109359456085462D-01   -0.955219233802661D-02
   -0.146991183552112D-02   -0.144701492226712D-01
   -0.150989222470765D-01   -0.189243968404701D-01
   -0.287319130285342D-01   -0.226941919522216D-01
   -0.406554095730111D-01   -0.243932641783223D-01
   -0.487416882981426D-01   -0.233161685478076D-01
   -0.507760260588026D-01   -0.192114866479685D-01
   -0.448561031750306D-01   -0.129745892813041D-01
   -0.311933812612061D-01   -0.664330352652647D-02
   -0.139240205532961D-01   -0.164224084546080D-02
    0.000000000000000D+00    0.000000000000000D+00
    0.000000000000000D+00    0.000000000000000D+00
   -0.114261720698513D-02   -0.175090546568048D-03
   -0.235376492253991D-02   -0.668499114441625D-03
   -0.356864524256314D-02   -0.144354638050190D-02
   -0.472471863149199D-02   -0.246092669064594D-02
   -0.576431374994108D-02   -0.368677804789913D-02
   -0.663528110042341D-02   -0.508149201982676D-02
   -0.728848698919808D-02   -0.659662980448566D-02
   -0.767664940931976D-02   -0.818174865623907D-02
   -0.775572127154108D-02   -0.977054286429772D-02
   -0.748033169145675D-02   -0.112988347958930D-01
   -0.681208070083970D-02   -0.126861263279209D-01
   -0.571037732356434D-02   -0.138562470939019D-01
   -0.414817627641661D-02   -0.147238274798843D-01
   -0.209888682328159D-02   -0.152072912471905D-01
    0.442624042426517D-03   -0.152326938044148D-01
    0.347286576705965D-02   -0.147261244699828D-01
    0.696061786085930D-02   -0.136495618333126D-01
    0.108489258492551D-01   -0.119575825505381D-01
    0.150539924876165D-01   -0.968042126829552D-02
    0.194354394270756D-01   -0.682913068890286D-02
    0.238431593973927D-01   -0.353644077565786D-02
    0.280242678385687D-01    0.987683097318367D-04
    0.317610427729479D-01    0.382213209678277D-02
    0.346660226462376D-01    0.744168697375430D-02
    0.364758623334945D-01    0.105537768729766D-01
    0.366924260385288D-01    0.128905865577520D-01
    0.350688055106612D-01    0.140679530646466D-01
    0.311101012556653D-01    0.139133918429964D-01
    0.247153390249356D-01    0.118864260511380D-01
    0.155870561680718D-01    0.824395555751461D-02
    0.396455709487480D-02    0.295982470688235D-02
   -0.966831402979577D-02   -0.291339810513996D-02
   -0.243557148335013D-01   -0.959190778807599D-02
   -0.383378116711937D-01   -0.149154335916880D-01
   -0.498144042063034D-01   -0.178843820053378D-01
   -0.549347548937491D-01   -0.171541353715901D-01
   -0.516541179773409D-01   -0.130109406809076D-01
   -0.375985682890104D-01   -0.771142726433321D-02
   -0.168638648242434D-01   -0.195181262894658D-02
    0.000000000000000D+00    0.000000000000000D+00
    0.000000000000000D+00    0.000000000000000D+00
   -0.815726291093461D-03   -0.158475527182296D-03
   -0.173742206445524D-02   -0.610537886467427D-03
   -0.269793621309963D-02   -0.132721941932688D-02
   -0.362924976749687D-02   -0.227582904731493D-02
   -0.447927388833195D-02   -0.342986503515625D-02
   -0.520148556156593D-02   -0.475513885252561D-02
   -0.575458795274102D-02   -0.620716572452878D-02
   -0.609999056794349D-02   -0.773809273114016D-02
   -0.620217410104107D-02   -0.928219585641309D-02
   -0.602230395909104D-02   -0.107776554270901D-01
   -0.553125152934851D-02   -0.121385820297988D-01
   -0.468841268564423D-02   -0.132928916950891D-01
   -0.347680055277934D-02   -0.141389456078923D-01
   -0.185742586742449D-02   -0.146028235837482D-01
    0.163872926033906D-03   -0.145762587654480D-01
    0.261655822688693D-02   -0.139990891372515D-01
    0.545663405857946D-02   -0.127719283446892D-01
    0.869089000765076D-02   -0.108735710697810D-01
    0.122183135412611D-01   -0.823666197066717D-02
    0.160037520950181D-01   -0.491528757359656D-02
    0.198705924544044D-01   -0.902862041572184D-03
    0.237164627986304D-01    0.362741552383215D-02
    0.272784098426380D-01    0.859250133441710D-02
    0.303541904772894D-01    0.136670199656863D-01
    0.326065114963905D-01    0.186383210714407D-01
    0.337266114824306D-01    0.230091971411580D-01
    0.333491516860272D-01    0.265142671317364D-01
    0.310497645448359D-01    0.286425440308706D-01
    0.265397137869233D-01    0.288655839728696D-01
    0.194113504711487D-01    0.268887311853735D-01
    0.960223358850610D-02    0.225805955508439D-01
   -0.272570020073668D-02    0.164470082056677D-01
   -0.171115623933764D-01    0.814049744612038D-02
   -0.321545032012730D-01   -0.398071686095320D-03
   -0.460512465679325D-01   -0.790101588121489D-02
   -0.551203180805045D-01   -0.116760622131552D-01
   -0.555628324840405D-01   -0.117996688781099D-01
   -0.430554301121386D-01   -0.818546365343393D-02
   -0.224092220278207D-01   -0.274614586922243D-02
    0.000000000000000D+00    0.000000000000000D+00
    0.000000000000000D+00    0.000000000000000D+00
   -0.520845144287500D-03   -0.136068897982955D-03
   -0.118529215871678D-02   -0.524480042188633D-03
   -0.190661515998109D-02   -0.115629332914768D-02
   -0.262371654231328D-02   -0.200346106980086D-02
   -0.328499719322109D-02   -0.305089877772871D-02
   -0.385469698334313D-02   -0.427052917696610D-02
   -0.430000027954896D-02   -0.562126660539337D-02
   -0.459135104362207D-02   -0.706181048919468D-02
   -0.470269925263388D-02   -0.852814086683730D-02
   -0.460373649634805D-02   -0.996333411041578D-02
   -0.427204829939093D-02   -0.112848937355815D-01
   -0.367591876657619D-02   -0.124194651861592D-01
   -0.279828847514564D-02   -0.132728649671712D-01
   -0.160956379855436D-02   -0.137567238486824D-01
   -0.103001576014584D-03   -0.137769416736702D-01
    0.174111419358911D-02   -0.132354177566135D-01
    0.391187967489981D-02   -0.120576547168805D-01
    0.640588391091629D-02   -0.101474449897135D-01
    0.918567405536829D-02   -0.747900172043872D-02
    0.122043939709472D-01   -0.397967643707154D-02
    0.153895350387432D-01    0.290943866445092D-03
    0.186221252980024D-01    0.534769471731545D-02
    0.217908043966902D-01    0.110033660603785D-01
    0.246641287245719D-01    0.171686171019214D-01
    0.270975140033009D-01    0.234965348840664D-01
    0.287213820401938D-01    0.297194415994505D-01
    0.293900635414947D-01    0.353894841030139D-01
    0.285409217576946D-01    0.400912013709785D-01
    0.260907659052787D-01    0.430471732635052D-01
    0.213055835275554D-01    0.437307808475165D-01
    0.142690395862209D-01    0.419500218632273D-01
    0.439062515419648D-02    0.374017946784989D-01
   -0.790439757952129D-02    0.292452984351599D-01
   -0.222950201565708D-01    0.188976716010587D-01
   -0.375616508772827D-01    0.755105849364349D-02
   -0.498406759424647D-01   -0.128540598121592D-02
   -0.557439083564934D-01   -0.798408389103275D-02
   -0.470728838477431D-01   -0.836987875407682D-02
   -0.261897146147902D-01   -0.265551963334995D-02
    0.000000000000000D+00    0.000000000000000D+00
    0.000000000000000D+00    0.000000000000000D+00
   -0.284907812687560D-03   -0.104371337243131D-03
   -0.721109810039449D-03   -0.412254760864021D-03
   -0.122562212247002D-02   -0.931720866032622D-03
   -0.173795644396081D-02   -0.164579919487435D-02
   -0.221413057033155D-02   -0.255070699583973D-02
   -0.263080040706887D-02   -0.362153393857655D-02
   -0.296083554019331D-02   -0.482768084596697D-02
   -0.318798657036343D-02   -0.612818730037851D-02
   -0.329144681992236D-02   -0.747048520383042D-02
   -0.325249477909538D-02   -0.880038521982645D-02
   -0.305482904678018D-02   -0.100450462311215D-01
   -0.267456364431230D-02   -0.111381565130059D-01
   -0.210228747572261D-02   -0.119886659736238D-01
   -0.130859965381568D-02   -0.125210985217170D-01
   -0.296692419590587D-03   -0.126305067569561D-01
    0.967289425606202D-03   -0.122394082712117D-01
    0.245857414825950D-02   -0.112373947592603D-01
    0.421274506374310D-02   -0.955942305475923D-02
    0.617110111843833D-02   -0.710357069604014D-02
    0.836555867775605D-02   -0.384304669640924D-02
    0.106884457430785D-01    0.296521768527037D-03
    0.131572885350923D-01    0.526294969073553D-02
    0.156003608230401D-01    0.110780028650168D-01
    0.180034148986050D-01    0.175474642691853D-01
    0.201240617375397D-01    0.246217492963714D-01
    0.218915234343832D-01    0.318812613128966D-01
    0.230025977293740D-01    0.392138503284488D-01
    0.232521326931507D-01    0.459326014852268D-01
    0.223329193431377D-01    0.517208567046191D-01
    0.199421326778001D-01    0.554815295919625D-01
    0.158324613868537D-01    0.572298655953546D-01
    0.940240666416084D-02    0.559075971545013D-01
    0.740742941862715D-03    0.505404937506576D-01
   -0.108270968867683D-01    0.412860567160653D-01
   -0.242063969330603D-01    0.285525022960560D-01
   -0.381282632144817D-01    0.153468640968357D-01
   -0.488222134598830D-01    0.184780174725701D-02
   -0.475951659070606D-01   -0.596355348208627D-02
   -0.316455466203936D-01   -0.443636383354068D-02
    0.000000000000000D+00    0.000000000000000D+00
    0.000000000000000D+00    0.000000000000000D+00
   -0.108286798157054D-03   -0.675706614021765D-04
   -0.370216843403124D-03   -0.273439815161438D-03
   -0.683447556866670D-03   -0.659765570193066D-03
   -0.100980148013100D-02   -0.121529119373609D-02
   -0.131357922314486D-02   -0.194103016729842D-02
   -0.158092795801675D-02   -0.282385479878667D-02
   -0.179731119243995D-02   -0.383030945456113D-02
   -0.195056562251602D-02   -0.493604794968971D-02
   -0.203199851113937D-02   -0.608790781274425D-02
   -0.202673268927331D-02   -0.725072577258741D-02
   -0.192894558036899D-02   -0.835533869278028D-02
   -0.171997836471960D-02   -0.935350804992545D-02
   -0.139707518422226D-02   -0.101635695714550D-01
   -0.938371267682450D-03   -0.107219231162033D-01
   -0.345999948377820D-03   -0.109406776839834D-01
    0.403154047403901D-03   -0.107390791478651D-01
    0.129934407371218D-02   -0.100348517079551D-01
    0.236290722757112D-02   -0.873003948665064D-02
    0.357324640671744D-02   -0.676762470939837D-02
    0.494060108587125D-02   -0.403640806408073D-02
    0.643055417037864D-02   -0.533630960158676D-03
    0.802999461891240D-02    0.385359386140364D-02
    0.968914888025460D-02    0.903537700090066D-02
    0.113519591290451D-01    0.150958122242161D-01
    0.129578631091579D-01    0.218216451946775D-01
    0.143805007509391D-01    0.292129437152401D-01
    0.155659998853033D-01    0.368912117796403D-01
    0.162378802648259D-01    0.447089855357604D-01
    0.163834789277730D-01    0.520912301526289D-01
    0.156013248858638D-01    0.584373745758157D-01
    0.139762599983736D-01    0.635271269749199D-01
    0.106992381186884D-01    0.663562067937742D-01
    0.604288461911040D-02    0.653040033509919D-01
   -0.145964449402722D-02    0.598798063719963D-01
   -0.995342325941109D-02    0.504812093727020D-01
   -0.220491085204984D-01    0.362334726712946D-01
   -0.355870460536438D-01    0.165484881284816D-01
   -0.409393233877914D-01    0.218148861003940D-03
   -0.389926518924048D-01   -0.214113581567542D-02
    0.000000000000000D+00    0.000000000000000D+00
    0.000000000000000D+00    0.000000000000000D+00
   -0.116441097868443D-04   -0.291689281654300D-04
   -0.135459520223306D-03   -0.132654030792608D-03
   -0.288867362450339D-03   -0.372982063351361D-03
   -0.456445548848098D-03   -0.745512416390707D-03
   -0.607473420565589D-03   -0.126227004084264D-02
   -0.745330746827675D-03   -0.190355465953889D-02
   -0.854767892785074D-03   -0.265412738793930D-02
   -0.937671506543957D-03   -0.348583846064217D-02
   -0.984119432801282D-03   -0.436879112162930D-02
   -0.992188686389612D-03   -0.526974339342724D-02
   -0.955755700644682D-03   -0.614501347791123D-02
   -0.867783764887824D-03   -0.695448817061720D-02
   -0.726919034652429D-03   -0.764136922377974D-02
   -0.519763914286835D-03   -0.815770815329417D-02
   -0.252524397073627D-03   -0.843484465081052D-02
    0.964231345572190D-04   -0.841708371451100D-02
    0.508911078301357D-03   -0.802742688666754D-02
    0.101718674480613D-02   -0.720469703214418D-02
    0.158494533438102D-02   -0.587047627760525D-02
    0.225767784641753D-02   -0.396421242013181D-02
    0.297275770968328D-02   -0.141755185229925D-02
    0.379080713603315D-02    0.181602346361581D-02
    0.461342341217008D-02    0.577914412550979D-02
    0.551806042675622D-02    0.104759237505616D-01
    0.636277260295532D-02    0.159124273913689D-01
    0.723372874540066D-02    0.220075411077084D-01
    0.793694043097119D-02    0.287060994972095D-01
    0.854826340530368D-02    0.357430230007580D-01
    0.884503782182189D-02    0.430477087626718D-01
    0.891767461158531D-02    0.499682259645745D-01
    0.853266478139374D-02    0.566394335863761D-01
    0.743405484617571D-02    0.620076829054417D-01
    0.535076393593402D-02    0.655761065550561D-01
    0.192424782562502D-02    0.651928259210375D-01
   -0.264148980274200D-02    0.628260495988387D-01
   -0.859183997550813D-02    0.535846727507106D-01
   -0.149396217403594D-01    0.382175193206521D-01
   -0.215941850518984D-01    0.214400734242087D-01
   -0.247751991077521D-01    0.149934411188206D-02
    0.000000000000000D+00    0.000000000000000D+00
    0.000000000000000D+00    0.000000000000000D+00
    0.889534489999814D-05    0.889534490058650D-05
   -0.300390847510820D-04   -0.118130800146888D-04
   -0.720792956701993D-04   -0.114197805147925D-03
   -0.117881061149838D-03   -0.306495922543560D-03
   -0.161080800962392D-03   -0.577304543994735D-03
   -0.199052334731378D-03   -0.933632954950977D-03
   -0.231809576295430D-03   -0.134863597887491D-02
   -0.254938072423489D-03   -0.182392026100508D-02
   -0.271349756706804D-03   -0.232615204345298D-02
   -0.274445749082319D-03   -0.285487777092599D-02
   -0.269598352724703D-03   -0.336915357392929D-02
   -0.247327255895694D-03   -0.386497577516757D-02
   -0.215451252990674D-03   -0.429451538784135D-02
   -0.161467114487221D-03   -0.464815507080101D-02
   -0.962635093733522D-04   -0.487290411819250D-02
   -0.409326092950516D-05   -0.495035382235313D-02
    0.100544965885117D-03   -0.482713482906182D-02
    0.236508105345820D-03   -0.447132824286014D-02
    0.385320249922569D-03   -0.383836790375482D-02
    0.568117548964946D-03   -0.287613113264569D-02
    0.762451328061153D-03   -0.156461300367774D-02
    0.989502369399958D-03    0.176549511524706D-03
    0.122340874171712D-02    0.232032887041334D-02
    0.148301383110884D-02    0.498314472071668D-02
    0.174341307376008D-02    0.806000655108216D-02
    0.201043426794749D-02    0.117162047353604D-01
    0.226180667798094D-02    0.157158074270294D-01
    0.247581571082564D-02    0.202433673460094D-01
    0.263757461076744D-02    0.249765979577525D-01
    0.275510907799504D-02    0.300882198434008D-01
    0.290459221757008D-02    0.350291682665088D-01
    0.278057997785345D-02    0.402184640411479D-01
    0.243377382276401D-02    0.443311148461955D-01
    0.152689333368596D-02    0.465161183302709D-01
    0.116970034319318D-03    0.489887550174629D-01
   -0.594849973114335D-03    0.489719175218653D-01
    0.288539410173204D-03    0.431072755213897D-01
    0.182483760956488D-02    0.362904877962431D-01
   -0.281512934122757D-01    0.166360047236789D-01
    0.000000000000000D+00    0.000000000000000D+00
    0.000000000000000D+00    0.000000000000000D+00
    0.000000000000000D+00    0.000000000000000D+00
    0.000000000000000D+00    0.000000000000000D+00
    0.000000000000000D+00    0.000000000000000D+00
    0.000000000000000D+00    0.000000000000000D+00
    0.000000000000000D+00    0.000000000000000D+00
    0.000000000000000D+00    0.000000000000000D+00
    0.000000000000000D+00    0.000000000000000D+00
    0.000000000000000D+00    0.000000000000000D+00
    0.000000000000000D+00    0.000000000000000D+00
    0.000000000000000D+00    0.000000000000000D+00
    0.000000000000000D+00    0.000000000000000D+00
    0.000000000000000D+00    0.000000000000000D+00
    0.000000000000000D+00    0.000000000000000D+00
    0.000000000000000D+00    0.000000000000000D+00
    0.000000000000000D+00    0.000000000000000D+00
    0.000000000000000D+00    0.000000000000000D+00
    0.000000000000000D+00    0.000000000000000D+00
    0.000000000000000D+00    0.000000000000000D+00
    0.000000000000000D+00    0.000000000000000D+00
    0.000000000000000D+00    0.000000000000000D+00
    0.000000000000000D+00    0.000000000000000D+00
    0.000000000000000D+00    0.000000000000000D+00
    0.000000000000000D+00    0.000000000000000D+00
    0.000000000000000D+00    0.000000000000000D+00
    0.000000000000000D+00    0.000000000000000D+00
    0.000000000000000D+00    0.000000000000000D+00
    0.000000000000000D+00    0.000000000000000D+00
    0.000000000000000D+00    0.000000000000000D+00
    0.000000000000000D+00    0.000000000000000D+00
    0.000000000000000D+00    0.000000000000000D+00
    0.000000000000000D+00    0.000000000000000D+00
    0.000000000000000D+00    0.000000000000000D+00
    0.000000000000000D+00    0.000000000000000D+00
    0.000000000000000D+00    0.000000000000000D+00
    0.000000000000000D+00    0.000000000000000D+00
    0.000000000000000D+00    0.000000000000000D+00
    0.000000000000000D+00    0.000000000000000D+00
    0.000000000000000D+00    0.000000000000000D+00
    0.000000000000000D+00    0.000000000000000D+00
    0.000000000000000D+00    0.000000000000000D+00
