    0.000000000000000E+00    0.000000000000000E+00
    0.000000000000000E+00    0.000000000000000E+00
    0.000000000000000E+00    0.000000000000000E+00
    0.000000000000000E+00    0.000000000000000E+00
    0.000000000000000E+00    0.000000000000000E+00
    0.000000000000000E+00    0.000000000000000E+00
    0.000000000000000E+00    0.000000000000000E+00
    0.000000000000000E+00    0.000000000000000E+00
    0.000000000000000E+00    0.000000000000000E+00
    0.000000000000000E+00    0.000000000000000E+00
    0.000000000000000E+00    0.000000000000000E+00
    0.000000000000000E+00    0.000000000000000E+00
    0.000000000000000E+00    0.000000000000000E+00
    0.000000000000000E+00    0.000000000000000E+00
    0.000000000000000E+00    0.000000000000000E+00
    0.000000000000000E+00    0.000000000000000E+00
    0.000000000000000E+00    0.000000000000000E+00
    0.000000000000000E+00    0.000000000000000E+00
    0.000000000000000E+00    0.000000000000000E+00
    0.000000000000000E+00    0.000000000000000E+00
    0.000000000000000E+00    0.000000000000000E+00
    0.000000000000000E+00    0.000000000000000E+00
    0.000000000000000E+00    0.000000000000000E+00
    0.000000000000000E+00    0.000000000000000E+00
    0.000000000000000E+00    0.000000000000000E+00
    0.000000000000000E+00    0.000000000000000E+00
    0.000000000000000E+00    0.000000000000000E+00
    0.000000000000000E+00    0.000000000000000E+00
    0.000000000000000E+00    0.000000000000000E+00
    0.000000000000000E+00    0.000000000000000E+00
    0.000000000000000E+00    0.000000000000000E+00
    0.000000000000000E+00    0.000000000000000E+00
    0.000000000000000E+00    0.000000000000000E+00
    0.000000000000000E+00    0.000000000000000E+00
    0.000000000000000E+00    0.000000000000000E+00
    0.000000000000000E+00    0.000000000000000E+00
    0.000000000000000E+00    0.000000000000000E+00
    0.000000000000000E+00    0.000000000000000E+00
    0.000000000000000E+00    0.000000000000000E+00
    0.000000000000000E+00    0.000000000000000E+00
    0.000000000000000E+00    0.000000000000000E+00
    0.000000000000000E+00    0.000000000000000E+00
   -0.149953954333233E-03    0.149474789814711E-03
   -0.801181696375838E-04    0.271548561960678E-03
    0.778632311231819E-04    0.248325174640600E-03
    0.292672142086939E-03   -0.191232819302825E-03
    0.514889345310608E-03   -0.998405687258030E-03
    0.736057279789252E-03   -0.225870117408456E-02
    0.955647973360584E-03   -0.392844178651951E-02
    0.115882278037554E-02   -0.601472858175401E-02
    0.135414561004420E-02   -0.848075390844419E-02
    0.152285092925918E-02   -0.112987054334220E-01
    0.167844417364509E-02   -0.144338654193343E-01
    0.179889037276575E-02   -0.178282591565462E-01
    0.190126634807952E-02   -0.214504232153127E-01
    0.196162683397107E-02   -0.252142512565055E-01
    0.199974252207974E-02   -0.290943923461781E-01
    0.199234698604577E-02   -0.329804977293097E-01
    0.196071605309114E-02   -0.368580009066403E-01
    0.188577618693182E-02   -0.406019121914739E-01
    0.178832968138114E-02   -0.442133537577598E-01
    0.165785038391866E-02   -0.475701115675742E-01
    0.151224507385100E-02   -0.506929883817115E-01
    0.135393545551291E-02   -0.534886757938673E-01
    0.119459788374627E-02   -0.559991091431738E-01
    0.105511560208112E-02   -0.581984073063108E-01
    0.940559922385090E-03   -0.601464121768700E-01
    0.893956072099547E-03   -0.619263380541151E-01
    0.925288171054237E-03   -0.636325088345590E-01
    0.106181348922658E-02   -0.654837687124321E-01
    0.126014683349394E-02   -0.675459931744424E-01
    0.163608409262249E-02   -0.703872808033342E-01
    0.236417118786080E-02   -0.739801254800692E-01
    0.326984382262144E-02   -0.783770319915506E-01
    0.486359378139097E-02   -0.848770185850316E-01
    0.517033338332622E-02   -0.924937115152556E-01
    0.144432496225158E-02   -0.975372215234713E-01
    0.120362066685941E-02   -0.106985087530822E+00
    0.103608132457310E-01   -0.112995043036270E+00
    0.100583080033223E-01   -0.843776803249002E-01
   -0.530480461345717E-01   -0.530480461344725E-01
    0.000000000000000E+00    0.000000000000000E+00
    0.000000000000000E+00    0.000000000000000E+00
   -0.271069397378730E-03    0.803276146821256E-04
   -0.168246527516805E-05    0.237190425756505E-05
    0.596258058925554E-03   -0.464658572742181E-03
    0.132445089279709E-02   -0.156507993324863E-02
    0.213610235607432E-02   -0.336963851716439E-02
    0.293722450320155E-02   -0.589609304180836E-02
    0.374341162868195E-02   -0.917759323199666E-02
    0.449371032263966E-02   -0.131568203979501E-01
    0.520884982943523E-02   -0.178345065043472E-01
    0.583994887062637E-02   -0.231142470638829E-01
    0.640437359181628E-02   -0.289726063482824E-01
    0.686223876849257E-02   -0.352820347302538E-01
    0.722505862868112E-02   -0.419996432727814E-01
    0.746445598744955E-02   -0.489721603161904E-01
    0.758595306556138E-02   -0.561420187805751E-01
    0.757746438419342E-02   -0.633386473885374E-01
    0.743987047536836E-02   -0.704981137023649E-01
    0.718189850623563E-02   -0.774475222549445E-01
    0.680295411888792E-02   -0.841292359055145E-01
    0.633489781456196E-02   -0.903896967599167E-01
    0.578192332718095E-02   -0.961955052951026E-01
    0.519730846551637E-02   -0.101439504580966E+00
    0.460113840527750E-02   -0.106137040885469E+00
    0.405985988210397E-02   -0.110256369549913E+00
    0.362984477123231E-02   -0.113893370796283E+00
    0.336602741245629E-02   -0.117106161067829E+00
    0.338976707838657E-02   -0.120122436025659E+00
    0.369887451914112E-02   -0.123091962590671E+00
    0.450793444779851E-02   -0.126407837581847E+00
    0.563665792411305E-02   -0.130206185423452E+00
    0.752739728724688E-02   -0.134968125475434E+00
    0.930251063345999E-02   -0.140049811584089E+00
    0.112461200141627E-01   -0.146490614040990E+00
    0.120468008855129E-01   -0.153379442224849E+00
    0.105029934438198E-01   -0.158412130381186E+00
    0.181302855414275E-02   -0.154114479705609E+00
   -0.213619652348047E-01   -0.134587562462317E+00
   -0.674672165233994E-01   -0.850984654338851E-01
   -0.121754060344484E+00   -0.257507467886048E-01
    0.000000000000000E+00    0.000000000000000E+00
    0.000000000000000E+00    0.000000000000000E+00
   -0.245871709468733E-03   -0.770027985643572E-04
    0.460853863425725E-03   -0.583317149309378E-03
    0.168453077143033E-02   -0.165869320751883E-02
    0.319941381531396E-02   -0.360996789974472E-02
    0.484079456469278E-02   -0.644341825850839E-02
    0.651840221792883E-02   -0.102578324046220E-01
    0.817267877169650E-02   -0.150207305386668E-01
    0.975190451920876E-02   -0.207375257625421E-01
    0.112294888607448E-01   -0.273423872119294E-01
    0.125609843782412E-01   -0.347743301121450E-01
    0.137327815479355E-01   -0.429446765839904E-01
    0.147005805089668E-01   -0.517399253327345E-01
    0.154586593032252E-01   -0.610535119546975E-01
    0.159659162364763E-01   -0.707270079998784E-01
    0.162268488200001E-01   -0.806449367140389E-01
    0.162101635485816E-01   -0.906122664438679E-01
    0.159350006527700E-01   -0.100519346622115E+00
    0.153880985444751E-01   -0.110149552208416E+00
    0.146078084217726E-01   -0.119418601953561E+00
    0.136075462631110E-01   -0.128112237550681E+00
    0.124489736697257E-01   -0.136194277306870E+00
    0.111798041486099E-01   -0.143485922481815E+00
    0.988936228842266E-02   -0.150022910813759E+00
    0.866262787216327E-02   -0.155699124700011E+00
    0.762368234302114E-02   -0.160646297724254E+00
    0.687785113834060E-02   -0.164855635430505E+00
    0.658620596850646E-02   -0.168569123790973E+00
    0.682047283141638E-02   -0.171871057100558E+00
    0.778706901292978E-02   -0.175082858003123E+00
    0.931962936544805E-02   -0.178169831426514E+00
    0.116325180551237E-01   -0.181474607794880E+00
    0.136066407006252E-01   -0.184199523543075E+00
    0.146141321817632E-01   -0.185841281403176E+00
    0.128710750932416E-01   -0.185150054310299E+00
    0.571003174601439E-02   -0.177709651122520E+00
   -0.119427684641829E-01   -0.156700493863419E+00
   -0.599504615338128E-01   -0.118724724748955E+00
   -0.111539797274088E+00   -0.586664425763565E-01
   -0.136940144234425E+00   -0.167189384078109E-01
    0.000000000000000E+00    0.000000000000000E+00
    0.000000000000000E+00    0.000000000000000E+00
    0.175038286437405E-03   -0.275257074339483E-03
    0.151943611184413E-02   -0.124778109948101E-02
    0.360254819244956E-02   -0.304550127984863E-02
    0.606883273810584E-02   -0.586731089928839E-02
    0.874584987888209E-02   -0.976339565126913E-02
    0.114710386760489E-01   -0.147800444785744E-01
    0.141701029004692E-01   -0.209251210306886E-01
    0.167502577852927E-01   -0.281652314414593E-01
    0.191675277712017E-01   -0.364603341792193E-01
    0.213528993763666E-01   -0.457107736979882E-01
    0.232707488824930E-01   -0.558376181966312E-01
    0.248643423289116E-01   -0.666909122982553E-01
    0.261016778409579E-01   -0.781572980969794E-01
    0.269410440567018E-01   -0.900450793258830E-01
    0.273592118286149E-01   -0.102216462579077E+00
    0.273374091982027E-01   -0.114448135390869E+00
    0.268706339365283E-01   -0.126594790263862E+00
    0.259716530290933E-01   -0.138416644823295E+00
    0.246656279817493E-01   -0.149785248250268E+00
    0.230031156258462E-01   -0.160464973320556E+00
    0.210531031773668E-01   -0.170375245980048E+00
    0.189047460634689E-01   -0.179308456543602E+00
    0.166855765849839E-01   -0.187266681018117E+00
    0.145132521398189E-01   -0.194089674504562E+00
    0.125853870091195E-01   -0.199894834652676E+00
    0.110146128895237E-01   -0.204568856271740E+00
    0.100584975575428E-01   -0.208354136115670E+00
    0.973077182103934E-02   -0.211124500102668E+00
    0.102672353568443E-01   -0.213169789005812E+00
    0.113229005304733E-01   -0.214116301892363E+00
    0.127367653392329E-01   -0.214052345047656E+00
    0.132864208874831E-01   -0.211957813546851E+00
    0.112750695030142E-01   -0.206709698986333E+00
    0.348493792444071E-02   -0.195468443003064E+00
   -0.161221307594064E-01   -0.174205802720551E+00
   -0.527284053651056E-01   -0.138889432824968E+00
   -0.114245528390774E+00   -0.895147661234071E-01
   -0.170596489673587E+00   -0.382336636964797E-01
   -0.163892776048046E+00   -0.357430321757755E-02
    0.000000000000000E+00    0.000000000000000E+00
    0.000000000000000E+00    0.000000000000000E+00
    0.927061119815090E-03   -0.469569812703905E-03
    0.319717038731784E-02   -0.193970197127889E-02
    0.628982989341955E-02   -0.442808626819674E-02
    0.988230951673663E-02   -0.811517904539492E-02
    0.137214857714127E-01   -0.129887465759958E-01
    0.176439441556913E-01   -0.191214261878376E-01
    0.215150117488373E-01   -0.264717147902262E-01
    0.252325132242934E-01   -0.350422915977059E-01
    0.287109953680912E-01   -0.447481492333566E-01
    0.318656124559849E-01   -0.555194027526040E-01
    0.346331097619251E-01   -0.672339399334396E-01
    0.369339952048932E-01   -0.797602024375887E-01
    0.387233297686226E-01   -0.929449932879806E-01
    0.399303276690056E-01   -0.106599805508857E+00
    0.405361575206602E-01   -0.120553935562240E+00
    0.404892186582923E-01   -0.134569282500959E+00
    0.398085136115240E-01   -0.148477800207178E+00
    0.384754167186395E-01   -0.162005029302248E+00
    0.365584066157306E-01   -0.175011259893936E+00
    0.340858155390123E-01   -0.187206121306315E+00
    0.311841821002058E-01   -0.198506174154980E+00
    0.279386885498314E-01   -0.208630334299942E+00
    0.245370522720957E-01   -0.217576547233347E+00
    0.211172198697190E-01   -0.225092966178781E+00
    0.179196324673080E-01   -0.231272112789709E+00
    0.150928915341335E-01   -0.235884785992726E+00
    0.128909660878414E-01   -0.239097406863103E+00
    0.113279208714377E-01   -0.240618477825470E+00
    0.105301297512336E-01   -0.240581245303397E+00
    0.998289243738465E-02   -0.238393452646376E+00
    0.917715784343209E-02   -0.233781500806652E+00
    0.639283319753444E-02   -0.225510544559942E+00
   -0.817991337102401E-03   -0.212101655045852E+00
   -0.160715752321636E-01   -0.191179414688449E+00
   -0.476827583053996E-01   -0.159515103704880E+00
   -0.936993000387846E-01   -0.117062504949867E+00
   -0.163807894155651E+00   -0.671171620971249E-01
   -0.212392217009454E+00   -0.229276328539349E-01
   -0.178982948533654E+00   -0.164753258354821E-02
    0.000000000000000E+00    0.000000000000000E+00
    0.000000000000000E+00    0.000000000000000E+00
    0.203889418839695E-02   -0.634821561786641E-03
    0.544205930356509E-02   -0.253679771029152E-02
    0.974506500853694E-02   -0.568135555783517E-02
    0.145795670755777E-01   -0.101355392022730E-01
    0.197018500083162E-01   -0.158958608780553E-01
    0.249044174726977E-01   -0.229819319722266E-01
    0.300387084862318E-01   -0.313710907945278E-01
    0.349674518621120E-01   -0.410306744085892E-01
    0.395811015309401E-01   -0.518950700585928E-01
    0.437701524504526E-01   -0.638670657829365E-01
    0.474412322054233E-01   -0.768376109551281E-01
    0.504997196007141E-01   -0.906513409225302E-01
    0.528679212968593E-01   -0.105158846874078E+00
    0.544697981052744E-01   -0.120150136823262E+00
    0.552550462422823E-01   -0.135447251465292E+00
    0.551778400396750E-01   -0.150793210922935E+00
    0.542323784624701E-01   -0.166000743599185E+00
    0.524168490461701E-01   -0.180778111253247E+00
    0.497881257791173E-01   -0.194954694018007E+00
    0.463996874276513E-01   -0.208220934375767E+00
    0.423855675481267E-01   -0.220451486505680E+00
    0.378580608503406E-01   -0.231337104190368E+00
    0.330319229895320E-01   -0.240821094547712E+00
    0.280650008310493E-01   -0.248604649778353E+00
    0.232284064944331E-01   -0.254702908238710E+00
    0.186731029089605E-01   -0.258810957830359E+00
    0.146290899137300E-01   -0.260967416312048E+00
    0.110908566773364E-01   -0.260782718203256E+00
    0.795506286365224E-02   -0.258161293548806E+00
    0.469743299728433E-02   -0.252457550724112E+00
    0.136221377989564E-03   -0.243056565656337E+00
   -0.750216477655257E-02   -0.228760129506325E+00
   -0.219191018423653E-01   -0.207961167915948E+00
   -0.466143170824137E-01   -0.179131878189106E+00
   -0.883332191517088E-01   -0.140850820600738E+00
   -0.145999523036316E+00   -0.954444903242073E-01
   -0.210206492083494E+00   -0.494830520513203E-01
   -0.240927776917916E+00   -0.159407164685442E-01
   -0.183722162307655E+00   -0.166467113323069E-02
    0.000000000000000E+00    0.000000000000000E+00
    0.000000000000000E+00    0.000000000000000E+00
    0.345218279950308E-02   -0.782947336937629E-03
    0.821744472674746E-02   -0.306331690436462E-02
    0.138527625204028E-01   -0.674539351067543E-02
    0.200423738632264E-01   -0.118536838998738E-01
    0.265134553601013E-01   -0.183357901640364E-01
    0.330634379425931E-01   -0.262094923825886E-01
    0.395075553764156E-01   -0.354132244282545E-01
    0.456949579705921E-01   -0.459310487798795E-01
    0.514845998596951E-01   -0.576649692526237E-01
    0.567423760134872E-01   -0.705399170035742E-01
    0.613517579860102E-01   -0.844178609393999E-01
    0.651858364450263E-01   -0.991608856877688E-01
    0.681554118524894E-01   -0.114595238852051E+00
    0.701468034299003E-01   -0.130516651187903E+00
    0.711126851652218E-01   -0.146729832263890E+00
    0.709678983364235E-01   -0.162966614062119E+00
    0.697259097529280E-01   -0.179031523856892E+00
    0.673494167030853E-01   -0.194601299547726E+00
    0.639293655165106E-01   -0.209505899497966E+00
    0.594941769316325E-01   -0.223383028869045E+00
    0.542201583267259E-01   -0.236111394440028E+00
    0.482095712321619E-01   -0.247309043249766E+00
    0.417153668955847E-01   -0.256915148074906E+00
    0.348958284411674E-01   -0.264539306302652E+00
    0.280397128291494E-01   -0.270167873960391E+00
    0.212812982284897E-01   -0.273383590015103E+00
    0.148288025731452E-01   -0.274157772067205E+00
    0.857319037702182E-02   -0.271971920359231E+00
    0.232959341956823E-02   -0.266622451513333E+00
   -0.471542095674316E-02   -0.257365565333250E+00
   -0.138964760529643E-01   -0.243521042316637E+00
   -0.273424526017093E-01   -0.224086016979218E+00
   -0.490796369351878E-01   -0.197669094208408E+00
   -0.813266474983374E-01   -0.164109675181761E+00
   -0.131067452002936E+00   -0.122768789565462E+00
   -0.189556156373015E+00   -0.783477311522753E-01
   -0.249323575215373E+00   -0.370293733053990E-01
   -0.265216019691437E+00   -0.869709397788921E-02
   -0.187389834035426E+00   -0.331764057471644E-03
    0.000000000000000E+00    0.000000000000000E+00
    0.000000000000000E+00    0.000000000000000E+00
    0.509924968632036E-02   -0.886917654717483E-03
    0.113905824137904E-01   -0.345189115581848E-02
    0.184967057091719E-01   -0.756550098995513E-02
    0.261162791659822E-01   -0.131718065155726E-01
    0.339956554419142E-01   -0.202125236957904E-01
    0.419206950852332E-01   -0.286620392158825E-01
    0.496978734179992E-01   -0.384651507709655E-01
    0.571548747944472E-01   -0.495756828231279E-01
    0.641273297625169E-01   -0.619095055683131E-01
    0.704593885787238E-01   -0.753704246552386E-01
    0.760037226339612E-01   -0.898343599384089E-01
    0.806150125155697E-01   -0.105145977843432E+00
    0.841704934760466E-01   -0.121140572705026E+00
    0.865442135918207E-01   -0.137598947094027E+00
    0.876571523501155E-01   -0.154325855470025E+00
    0.874200299721070E-01   -0.171040651967631E+00
    0.858219638900261E-01   -0.187536088653767E+00
    0.828299816028235E-01   -0.203478940707720E+00
    0.785232385301185E-01   -0.218673698788306E+00
    0.729404685373291E-01   -0.232749921522789E+00
    0.662605124015406E-01   -0.245544860827793E+00
    0.585968367523424E-01   -0.256668543430240E+00
    0.502112212478980E-01   -0.265997165378346E+00
    0.412690853077073E-01   -0.273131567205921E+00
    0.320452823767658E-01   -0.277961773296446E+00
    0.226790393777030E-01   -0.280067084016689E+00
    0.132756986774706E-01   -0.279273832827205E+00
    0.374946824802775E-02   -0.275090805085996E+00
   -0.637975949061654E-02   -0.267130408051793E+00
   -0.178457655095642E-01   -0.254757750447795E+00
   -0.324959921239390E-01   -0.237207090763053E+00
   -0.522735589579209E-01   -0.213788383909823E+00
   -0.810945460218485E-01   -0.183655849350646E+00
   -0.121213620020874E+00   -0.147148712444688E+00
   -0.174783188493757E+00   -0.105605040211221E+00
   -0.234915894786764E+00   -0.636805236436992E-01
   -0.282021758145066E+00   -0.279466086154625E-01
   -0.278418228643270E+00   -0.612304842228150E-02
   -0.188826993361037E+00    0.712884260805942E-03
    0.000000000000000E+00    0.000000000000000E+00
    0.000000000000000E+00    0.000000000000000E+00
    0.693906672176744E-02   -0.969568423708255E-03
    0.148894902143746E-01   -0.373741250978099E-02
    0.235404572837772E-01   -0.813815375783761E-02
    0.326412897059853E-01   -0.140828475439178E-01
    0.419480006529576E-01   -0.214801667758127E-01
    0.512559358157594E-01   -0.302952930903858E-01
    0.603599005954867E-01   -0.404456169601975E-01
    0.690749599632205E-01   -0.518921267317920E-01
    0.772170680689047E-01   -0.645282973213236E-01
    0.846040443415020E-01   -0.782739543152404E-01
    0.910689664964397E-01   -0.929858432373847E-01
    0.964316316902481E-01   -0.108523342466405E+00
    0.100555409751051E+00   -0.124707370280293E+00
    0.103274650079629E+00   -0.141323677442278E+00
    0.104506572543789E+00   -0.158170309633991E+00
    0.104122136575585E+00   -0.174955182774478E+00
    0.102119140281225E+00   -0.191474916393133E+00
    0.984308267171894E-01   -0.207365394112184E+00
    0.931557261772179E-01   -0.222445533076137E+00
    0.863103474656085E-01   -0.236296611036316E+00
    0.780966094320612E-01   -0.248774845968707E+00
    0.686178731827799E-01   -0.259431904571036E+00
    0.581519079747734E-01   -0.268154398454381E+00
    0.468540004129924E-01   -0.274485407785089E+00
    0.349986801399001E-01   -0.278300768333581E+00
    0.226813042930214E-01   -0.279136053214490E+00
    0.999186434538823E-02   -0.276770865578706E+00
   -0.328453081916043E-02   -0.270711318184313E+00
   -0.176363515871588E-01   -0.260512408946069E+00
   -0.339999879510849E-01   -0.245666978929541E+00
   -0.541907084015775E-01   -0.225410275611770E+00
   -0.799732077391845E-01   -0.199570915444393E+00
   -0.115169236516980E+00   -0.167434755589321E+00
   -0.159705410688160E+00   -0.130530844435688E+00
   -0.216064094800375E+00   -0.901593252243410E-01
   -0.271388114129809E+00   -0.516623190302697E-01
   -0.309573371473047E+00   -0.208842955257247E-01
   -0.292896544750925E+00   -0.277220365814496E-02
   -0.188835820197954E+00    0.105227229783964E-02
    0.000000000000000E+00    0.000000000000000E+00
    0.000000000000000E+00    0.000000000000000E+00
    0.887612934394222E-02   -0.100620027301687E-02
    0.185662339114390E-01   -0.388129413960626E-02
    0.288146306672450E-01   -0.843909097303076E-02
    0.394179043148277E-01   -0.145470767573183E-01
    0.501532106245186E-01   -0.221076531994059E-01
    0.608276980171161E-01   -0.310559478573918E-01
    0.712329624492381E-01   -0.413142340280208E-01
    0.811744513978987E-01   -0.528199952465827E-01
    0.904498661781393E-01   -0.654801211945510E-01
    0.988571883007287E-01   -0.791971249898022E-01
    0.106202883744566E+00   -0.938434257369837E-01
    0.112283265022983E+00   -0.109264196397450E+00
    0.116931840296893E+00   -0.125292480868860E+00
    0.119960993648017E+00   -0.141702895458301E+00
    0.121260370722330E+00   -0.158297069324745E+00
    0.120684209708970E+00   -0.174776041505309E+00
    0.118211202328476E+00   -0.190928498666600E+00
    0.113764656572210E+00   -0.206389951171650E+00
    0.107437356888277E+00   -0.220959049516884E+00
    0.992409730847832E-01   -0.234225321298630E+00
    0.893844015861578E-01   -0.246012643143407E+00
    0.779670565340479E-01   -0.255890782025809E+00
    0.652741131251026E-01   -0.263701049548538E+00
    0.514554292617261E-01   -0.269015527353821E+00
    0.367633518679514E-01   -0.271649581161816E+00
    0.212942053058666E-01   -0.271182659090420E+00
    0.504044467890761E-02   -0.267325330866586E+00
   -0.121793545429845E-01   -0.259652703990483E+00
   -0.310446782753937E-01   -0.247693729798864E+00
   -0.523887982621972E-01   -0.231050427217082E+00
   -0.780844540453267E-01   -0.209153901335473E+00
   -0.109780536144706E+00   -0.181952290832567E+00
   -0.150066560632845E+00   -0.149495747803211E+00
   -0.199271959730773E+00   -0.113220301638368E+00
   -0.254886196045045E+00   -0.756393863390111E-01
   -0.306374759424921E+00   -0.413642611213097E-01
   -0.331644802786187E+00   -0.153920706652542E-01
   -0.298982848369946E+00   -0.171426678314799E-02
   -0.188330898416841E+00    0.117859606109036E-02
    0.000000000000000E+00    0.000000000000000E+00
    0.000000000000000E+00    0.000000000000000E+00
    0.108813555767739E-01   -0.102165005419479E-02
    0.223340470212561E-01   -0.391586516035864E-02
    0.341854596596705E-01   -0.848805939036623E-02
    0.462724931339753E-01   -0.145870672302721E-01
    0.584061612964361E-01   -0.221003927542019E-01
    0.704036657900188E-01   -0.309569962191817E-01
    0.820618263368256E-01   -0.410638322962771E-01
    0.931763262998752E-01   -0.523648458425958E-01
    0.103532858486868E+00   -0.647526504058628E-01
    0.112906080604904E+00   -0.781441269324109E-01
    0.121082552518701E+00   -0.923992607886680E-01
    0.127826598742686E+00   -0.107376511345906E+00
    0.132951288264541E+00   -0.122901329163029E+00
    0.136233135327868E+00   -0.138751766208091E+00
    0.137547097541264E+00   -0.154731307002961E+00
    0.136714092159664E+00   -0.170528024839852E+00
    0.133707607586076E+00   -0.185946608850401E+00
    0.128427903272078E+00   -0.200592532887937E+00
    0.120970773982138E+00   -0.214295344705701E+00
    0.111341188425383E+00   -0.226605705516516E+00
    0.997517867244374E-01   -0.237385401855420E+00
    0.863102824176731E-01   -0.246174062121931E+00
    0.712957548304923E-01   -0.252839771419716E+00
    0.548661013100689E-01   -0.256956119504116E+00
    0.372531004811778E-01   -0.258332016193746E+00
    0.185315973955721E-01   -0.256603090468444E+00
   -0.132763349446156E-02   -0.251429767041791E+00
   -0.225718289134753E-01   -0.242526273096576E+00
   -0.458675582510854E-01   -0.229344956567848E+00
   -0.720364328886180E-01   -0.211774083416523E+00
   -0.102872359167505E+00   -0.189177799154291E+00
   -0.139348065863155E+00   -0.162054601194765E+00
   -0.184040193590699E+00   -0.130363909240039E+00
   -0.234674767428858E+00   -0.962742975589133E-01
   -0.289623269186208E+00   -0.619388751913190E-01
   -0.334287029000256E+00   -0.318281503391483E-01
   -0.350179041174955E+00   -0.104045796838205E-01
   -0.307613012999373E+00    0.327079019253367E-03
   -0.187285683339383E+00    0.140897104091806E-02
    0.000000000000000E+00    0.000000000000000E+00
    0.000000000000000E+00    0.000000000000000E+00
    0.128533246732379E-01   -0.994307930675931E-03
    0.260538953213588E-01   -0.381977807632842E-02
    0.394707368150009E-01   -0.827473231002118E-02
    0.530014336544460E-01   -0.141926661861082E-01
    0.664765506486714E-01   -0.214620009680099E-01
    0.797376717148072E-01   -0.299962206394798E-01
    0.925822074870233E-01   -0.397114890545477E-01
    0.104803281674825E+00   -0.505366125585251E-01
    0.116173715849177E+00   -0.623803062044578E-01
    0.126448134868086E+00   -0.751463965398327E-01
    0.135391875742650E+00   -0.887126471360356E-01
    0.142739443157457E+00   -0.102926686611682E+00
    0.148279629239896E+00   -0.117627351119243E+00
    0.151756373606931E+00   -0.132586044879507E+00
    0.153024337607114E+00   -0.147610344745465E+00
    0.151875010444248E+00   -0.162389105761426E+00
    0.148273861156329E+00   -0.176720451063384E+00
    0.142098113560998E+00   -0.190222183162970E+00
    0.133454288435550E+00   -0.202710088973134E+00
    0.122329318800709E+00   -0.213761526548695E+00
    0.108964507036068E+00   -0.223224866465408E+00
    0.934487637394388E-01   -0.230679861147244E+00
    0.760944670998700E-01   -0.235990310047251E+00
    0.570347685761447E-01   -0.238777295430239E+00
    0.365141430577935E-01   -0.238863406935706E+00
    0.145812151749779E-01   -0.235928998399302E+00
   -0.881995795857348E-02   -0.229683456693305E+00
   -0.339449940923632E-01   -0.219870268506024E+00
   -0.614675175366922E-01   -0.206078794541454E+00
   -0.921909772980730E-01   -0.188186902045782E+00
   -0.127546557106930E+00   -0.165906417164205E+00
   -0.168588402434658E+00   -0.139614060355315E+00
   -0.216157858746058E+00   -0.109935472667304E+00
   -0.268699306819841E+00   -0.786522204883344E-01
   -0.320444742063694E+00   -0.484628913687235E-01
   -0.359156751858643E+00   -0.231014799737967E-01
   -0.363906832723744E+00   -0.590316377471155E-02
   -0.309353867305681E+00    0.142411396914335E-02
   -0.185673872789355E+00    0.152534844677268E-02
    0.000000000000000E+00    0.000000000000000E+00
    0.000000000000000E+00    0.000000000000000E+00
    0.147715824563104E-01   -0.947391313674119E-03
    0.296352102975959E-01   -0.361914369776076E-02
    0.445463242909088E-01   -0.782665689701860E-02
    0.594314695815153E-01   -0.133984364009723E-01
    0.741658386910459E-01   -0.202244473620926E-01
    0.885998036114430E-01   -0.282202069112184E-01
    0.102544098923910E+00   -0.372975768602976E-01
    0.115785047713794E+00   -0.473958978284979E-01
    0.128085966610793E+00   -0.584170354932591E-01
    0.139182704677820E+00   -0.702802051535465E-01
    0.148816710504397E+00   -0.828568444339527E-01
    0.156695951017258E+00   -0.960068687837688E-01
    0.162579350066935E+00   -0.109568360751330E+00
    0.166182567194371E+00   -0.123313106038466E+00
    0.167332792721395E+00   -0.137060667671435E+00
    0.165800569378236E+00   -0.150482518147583E+00
    0.161532176635429E+00   -0.163408632111418E+00
    0.154402171428543E+00   -0.175424454710912E+00
    0.144505574684238E+00   -0.186398807208396E+00
    0.131853105475399E+00   -0.195878043616864E+00
    0.116672710703349E+00   -0.203772912051051E+00
    0.991015839922520E-01   -0.209663264175387E+00
    0.794224080383519E-01   -0.213456979918588E+00
    0.578239581153356E-01   -0.214840350809752E+00
    0.344976090704081E-01   -0.213628166629996E+00
    0.953157785429201E-02   -0.209654577456663E+00
   -0.171925467646123E-01   -0.202551439038844E+00
   -0.458893810764575E-01   -0.192312031135947E+00
   -0.772723315460441E-01   -0.178392168499232E+00
   -0.111916086752351E+00   -0.161022805084361E+00
   -0.151274636081992E+00   -0.139749474234490E+00
   -0.195425913960259E+00   -0.115404740720512E+00
   -0.245442538161897E+00   -0.883740574419592E-01
   -0.297333553294728E+00   -0.607947717595634E-01
   -0.346560620826523E+00   -0.349216292878419E-01
   -0.378314359924654E+00   -0.140621405382716E-01
   -0.374749414365432E+00   -0.115996949055159E-02
   -0.313149375663063E+00    0.337647171231605E-02
   -0.183254176581056E+00    0.190178543210762E-02
    0.000000000000000E+00    0.000000000000000E+00
    0.000000000000000E+00    0.000000000000000E+00
    0.165398987207289E-01   -0.862871170569880E-03
    0.329588638061670E-01   -0.330489915360099E-02
    0.492418049639921E-01   -0.714361824089107E-02
    0.653783255123352E-01   -0.122138779306763E-01
    0.812595833049041E-01   -0.184156419490287E-01
    0.967644362245631E-01   -0.256628983360371E-01
    0.111705806957767E+00   -0.338826877469307E-01
    0.125869551320809E+00   -0.430081925922144E-01
    0.139009715263543E+00   -0.529605469189027E-01
    0.150839975948138E+00   -0.636519590678101E-01
    0.161084557722763E+00   -0.749722875348389E-01
    0.169415127582436E+00   -0.867766363828672E-01
    0.175571327230930E+00   -0.989144118627762E-01
    0.179226746944125E+00   -0.111159046059565E+00
    0.180196866932351E+00   -0.123329851656832E+00
    0.178212618997468E+00   -0.135111816500227E+00
    0.173228349723198E+00   -0.146324308485146E+00
    0.165086548620851E+00   -0.156583329104035E+00
    0.153920007269098E+00   -0.165746583352519E+00
    0.139712681495863E+00   -0.173409134094498E+00
    0.122760126871780E+00   -0.179487930541353E+00
    0.103167053399281E+00   -0.183622073468230E+00
    0.812989491494492E-01   -0.185763221901616E+00
    0.572920472423928E-01   -0.185648817124110E+00
    0.314128229667347E-01   -0.183190819504361E+00
    0.367087950698427E-02   -0.178239922398182E+00
   -0.259847579692766E-01   -0.170590692001598E+00
   -0.578656961663419E-01   -0.160190395361257E+00
   -0.925217727485674E-01   -0.146746316417766E+00
   -0.130652454772275E+00   -0.130350820198400E+00
   -0.173082220385392E+00   -0.110932004668417E+00
   -0.220181933227099E+00   -0.890447893566767E-01
   -0.271196084888201E+00   -0.655477694622289E-01
   -0.323034890271151E+00   -0.421072455905012E-01
   -0.368031735664018E+00   -0.210885194236967E-01
   -0.393502898995224E+00   -0.521525675737721E-02
   -0.381086069988607E+00    0.361962567988748E-02
   -0.310986368805293E+00    0.502932074175182E-02
   -0.180311338828661E+00    0.223963173420570E-02
    0.000000000000000E+00    0.000000000000000E+00
    0.000000000000000E+00    0.000000000000000E+00
    0.181438233845866E-01   -0.760917597707088E-03
    0.359368948189737E-01   -0.289711648142461E-02
    0.534468855480658E-01   -0.625667641059271E-02
    0.706814208032180E-01   -0.106815870476296E-01
    0.875778932414377E-01   -0.160872004689056E-01
    0.104021198121326E+00   -0.223984576599973E-01
    0.119838911902618E+00   -0.295477471035555E-01
    0.134811714842682E+00   -0.374836826238307E-01
    0.148682407461940E+00   -0.461278171642869E-01
    0.161149669879606E+00   -0.554088114907832E-01
    0.171907572333243E+00   -0.652173728306434E-01
    0.180606696650536E+00   -0.754182261057496E-01
    0.186946506242367E+00   -0.858696441785673E-01
    0.190581166384755E+00   -0.963384541283148E-01
    0.191286540285599E+00   -0.106671102430106E+00
    0.188788584685785E+00   -0.116523866439910E+00
    0.183011433240837E+00   -0.125771715503865E+00
    0.173822550433358E+00   -0.133985433207575E+00
    0.161334278433043E+00   -0.141108884834506E+00
    0.145596646557712E+00   -0.146699949446594E+00
    0.126880785858603E+00   -0.150775116396030E+00
    0.105395532252507E+00   -0.152987312775402E+00
    0.814539279975520E-01   -0.153360250142007E+00
    0.553129436782009E-01   -0.151741587765102E+00
    0.271410141902769E-01   -0.148037934953086E+00
   -0.293743537640647E-02   -0.142326956168521E+00
   -0.351096851031615E-01   -0.134293357838875E+00
   -0.695423835628486E-01   -0.124207359513211E+00
   -0.106935005643592E+00   -0.111577902837459E+00
   -0.147602340467280E+00   -0.968690141691238E-01
   -0.192557124984795E+00   -0.797531956322530E-01
   -0.241078218962671E+00   -0.611370540625763E-01
   -0.292873800777225E+00   -0.415453622624470E-01
   -0.342764831175031E+00   -0.227769241069206E-01
   -0.384430227807636E+00   -0.673201155288251E-02
   -0.403673954314358E+00    0.432745670968123E-02
   -0.384539575946053E+00    0.884098637537812E-02
   -0.310008445034983E+00    0.728162309871707E-02
   -0.176087567872901E+00    0.277162205602030E-02
    0.000000000000000E+00    0.000000000000000E+00
    0.000000000000000E+00    0.000000000000000E+00
    0.194988255264011E-01   -0.628333856417663E-03
    0.384766486974509E-01   -0.239855251240554E-02
    0.570191924891474E-01   -0.517717755365071E-02
    0.751924747813511E-01   -0.883013571023664E-02
    0.929445221601726E-01   -0.132907929026107E-01
    0.110186784739051E+00   -0.184949058738725E-01
    0.126747880955494E+00   -0.243945316010264E-01
    0.142406829413842E+00   -0.309414794036920E-01
    0.156897594526976E+00   -0.380774591979685E-01
    0.169894065025948E+00   -0.457326700636789E-01
    0.181073893003812E+00   -0.538133649991669E-01
    0.190046433446955E+00   -0.621898488150796E-01
    0.196494063953945E+00   -0.707243914103679E-01
    0.200022627453293E+00   -0.792002442681687E-01
    0.200403361147051E+00   -0.874513499888627E-01
    0.197317748899430E+00   -0.951688999901406E-01
    0.190715255660315E+00   -0.102201785195281E+00
    0.180430317912263E+00   -0.108180036018500E+00
    0.166645147303124E+00   -0.113024142868886E+00
    0.149384445924727E+00   -0.116373489574357E+00
    0.129034529986258E+00   -0.118253625252973E+00
    0.105766635794880E+00   -0.118404223590398E+00
    0.800351175611584E-01   -0.116923921783893E+00
    0.520174272478056E-01   -0.113718823137359E+00
    0.220219664780189E-01   -0.108856847907785E+00
   -0.996929043343271E-02   -0.102404900861679E+00
   -0.439986079178099E-01   -0.942931707950000E-01
   -0.804382580748878E-01   -0.846798408363488E-01
   -0.119715523702268E+00   -0.733864303950094E-01
   -0.162421617455602E+00   -0.606486322141519E-01
   -0.208827505869971E+00   -0.464931778121032E-01
   -0.258670806582784E+00   -0.314766772306265E-01
   -0.309971974981001E+00   -0.164104151211354E-01
   -0.358501997791962E+00   -0.263272532116716E-02
   -0.395728712883309E+00    0.809247486020324E-02
   -0.409211680688840E+00    0.139481756214974E-01
   -0.383557864590041E+00    0.142726624136209E-01
   -0.303527726096752E+00    0.950870278772492E-02
   -0.171179801811235E+00    0.329665009608549E-02
    0.000000000000000E+00    0.000000000000000E+00
    0.000000000000000E+00    0.000000000000000E+00
    0.205962657974055E-01   -0.481491363390591E-03
    0.404996445128674E-01   -0.182440172239101E-02
    0.598691369503989E-01   -0.393992135737746E-02
    0.787771239580163E-01   -0.671156350937137E-02
    0.972129260884818E-01   -0.100987196766512E-01
    0.115089319569540E+00   -0.140552864581733E-01
    0.132246419845669E+00   -0.185465498639929E-01
    0.148457336057862E+00   -0.235427691261160E-01
    0.163441110795936E+00   -0.289935786342968E-01
    0.176858055105407E+00   -0.348443523141315E-01
    0.188349546245712E+00   -0.410118378814457E-01
    0.197507185919398E+00   -0.473697943637946E-01
    0.203964383545648E+00   -0.538038757526396E-01
    0.207314789869731E+00   -0.600778457247924E-01
    0.207281021728935E+00   -0.660756411776922E-01
    0.203554863114068E+00   -0.714376923655287E-01
    0.196050853258618E+00   -0.761037589221026E-01
    0.184656640978363E+00   -0.796269674290061E-01
    0.169536237931663E+00   -0.820639288907590E-01
    0.150824380061316E+00   -0.829813354834141E-01
    0.128886975070491E+00   -0.825642902529567E-01
    0.104056649718151E+00   -0.805413341673739E-01
    0.767252515063985E-01   -0.771374633012463E-01
    0.472544389112224E-01   -0.723715344974144E-01
    0.158103274879175E-01   -0.663323994633755E-01
   -0.174452340197199E-01   -0.593479136071295E-01
   -0.527813899379495E-01   -0.512223293651230E-01
   -0.903523313177634E-01   -0.424801748305193E-01
   -0.130871533629179E+00   -0.326896695842971E-01
   -0.174465845206934E+00   -0.224675596207150E-01
   -0.221767977375479E+00   -0.115074464246302E-01
   -0.271441651851563E+00   -0.655973473070513E-03
   -0.322137896251234E+00    0.968537299476952E-02
   -0.367938998557344E+00    0.181437561580717E-01
   -0.401611312393075E+00    0.234457102394049E-01
   -0.409967595640989E+00    0.241821164719321E-01
   -0.379373946187686E+00    0.200349187089822E-01
   -0.297398122120746E+00    0.120882480793754E-01
   -0.164640752925368E+00    0.393180661805040E-02
    0.000000000000000E+00    0.000000000000000E+00
    0.000000000000000E+00    0.000000000000000E+00
    0.213698615098940E-01   -0.313676347310149E-03
    0.419471064326150E-01   -0.119045344281892E-02
    0.618962269502866E-01   -0.257041944795322E-02
    0.813375813171387E-01   -0.437551921326254E-02
    0.100263190666542E+00   -0.658804074430742E-02
    0.118606525937746E+00   -0.918289055078805E-02
    0.136204365912842E+00   -0.121460877129576E-01
    0.152825751480156E+00   -0.154602488217092E-01
    0.168177828998620E+00   -0.190925400847430E-01
    0.181894830942906E+00   -0.230006239574629E-01
    0.193598763474768E+00   -0.271100510553145E-01
    0.202838336685623E+00   -0.313153710206419E-01
    0.209227726936940E+00   -0.354935613186492E-01
    0.212311066691927E+00   -0.394474389265270E-01
    0.211808234204322E+00   -0.430268154489875E-01
    0.207369707272656E+00   -0.459398792897703E-01
    0.198946591733953E+00   -0.480677679322025E-01
    0.186405819108434E+00   -0.490671639124662E-01
    0.170006670228178E+00   -0.489312718077208E-01
    0.149879829333890E+00   -0.473609436117710E-01
    0.126545846849386E+00   -0.445150617206006E-01
    0.100318761961872E+00   -0.402597066538339E-01
    0.717774303096224E-01   -0.348818899447934E-01
    0.411993469369185E-01   -0.284917485922880E-01
    0.893129811432728E-02   -0.213590997181082E-01
   -0.250558068223588E-01   -0.138021572017355E-01
   -0.608541344166307E-01   -0.591049188128453E-02
   -0.989196850487795E-01    0.193347633835931E-02
   -0.139667352870877E+00    0.982820438675657E-02
   -0.183623932088691E+00    0.174261968473902E-01
   -0.230702732083020E+00    0.247300093473012E-01
   -0.280122179192775E+00    0.312597917839903E-01
   -0.329122743762593E+00    0.364748808408543E-01
   -0.372676719340372E+00    0.394240182145057E-01
   -0.402137266153009E+00    0.391030566880900E-01
   -0.405639718564867E+00    0.344600136546204E-01
   -0.370791243819289E+00    0.259504815922067E-01
   -0.286046171572874E+00    0.146748049352541E-01
   -0.157282515008654E+00    0.458268552814243E-02
    0.000000000000000E+00    0.000000000000000E+00
    0.000000000000000E+00    0.000000000000000E+00
    0.218181806161240E-01   -0.136447090925098E-03
    0.427583159940326E-01   -0.507783076589290E-03
    0.630414736613720E-01   -0.110801392235409E-02
    0.827807061041140E-01   -0.188493897738598E-02
    0.101999231387145E+00   -0.285322112576247E-02
    0.120624666440867E+00   -0.400981923169658E-02
    0.138500016087151E+00   -0.535967950719811E-02
    0.155384962227705E+00   -0.690350570954145E-02
    0.170968800200875E+00   -0.862418657595916E-02
    0.184870797173372E+00   -0.104902087363569E-01
    0.196673324442509E+00   -0.124501275607553E-01
    0.205907468078881E+00   -0.143927398333083E-01
    0.212133485194403E+00   -0.162383135519048E-01
    0.214886159216566E+00   -0.177525997432623E-01
    0.213832951282163E+00   -0.188662962290535E-01
    0.208643077376621E+00   -0.192042278200477E-01
    0.199237437591770E+00   -0.187855794379518E-01
    0.185553580986620E+00   -0.171353534644204E-01
    0.167853320561888E+00   -0.144516515878394E-01
    0.146405452427120E+00   -0.102854871464796E-01
    0.121744036395078E+00   -0.504448844708665E-02
    0.943809187365973E-01    0.150083054240759E-02
    0.648580056589755E-01    0.884314386788216E-02
    0.336749486853208E-01    0.168229345874780E-01
    0.102037955949131E-02    0.250792066236029E-01
   -0.329221540803143E-01    0.330525050495005E-01
   -0.685506577511853E-01    0.407579425543957E-01
   -0.106076516510143E+00    0.474283259300696E-01
   -0.146335130299474E+00    0.534477708654453E-01
   -0.189384794560907E+00    0.580658612452932E-01
   -0.235652639850777E+00    0.616869688315071E-01
   -0.283400961950752E+00    0.635481672010789E-01
   -0.330594030815647E+00    0.635966011055186E-01
   -0.370937148918275E+00    0.608642471708353E-01
   -0.396933257392432E+00    0.548798467719868E-01
   -0.396575634840456E+00    0.449485033108039E-01
   -0.358648253245104E+00    0.318739353690935E-01
   -0.274453451318066E+00    0.173799597084554E-01
   -0.148151694142507E+00    0.520091983169648E-02
    0.000000000000000E+00    0.000000000000000E+00
    0.000000000000000E+00    0.000000000000000E+00
    0.219010209167306E-01    0.488540350020913E-04
    0.429166886623588E-01    0.194390662547010E-03
    0.632586371246369E-01    0.406865783654018E-03
    0.830719077584772E-01    0.689859546932976E-03
    0.102371640060308E+00    0.100527837340584E-02
    0.121097741569854E+00    0.132842392976898E-02
    0.139082894056465E+00    0.163636895919223E-02
    0.156080768731703E+00    0.190836923903473E-02
    0.171763432332477E+00    0.214941702945663E-02
    0.185725654502041E+00    0.236716863341006E-02
    0.197524913723442E+00    0.261270990966363E-02
    0.206652206330652E+00    0.295777766252076E-02
    0.212641958650113E+00    0.350540499666820E-02
    0.214984169195562E+00    0.442147275415042E-02
    0.213336737126306E+00    0.583710784046460E-02
    0.207339943744156E+00    0.801604003930943E-02
    0.196947054469909E+00    0.110473013033366E-01
    0.182104251888475E+00    0.152413833362455E-01
    0.163170445789731E+00    0.205394731647124E-01
    0.140462419262272E+00    0.271790588490628E-01
    0.114676863650740E+00    0.348713797299590E-01
    0.863724268468336E-01    0.436235744790258E-01
    0.562848517530256E-01    0.529494423351866E-01
    0.248799184516520E-01    0.625233118090525E-01
   -0.748091758526289E-02    0.718492954545374E-01
   -0.408015871957549E-01    0.803290589083385E-01
   -0.753358736635965E-01    0.877000844035241E-01
   -0.111647122890378E+00    0.933175395505198E-01
   -0.150335746223606E+00    0.972356270413206E-01
   -0.191932232125486E+00    0.989670633576635E-01
   -0.236284697272974E+00    0.986585262165404E-01
   -0.282234750266589E+00    0.958972964254496E-01
   -0.326707961109632E+00    0.905963324383639E-01
   -0.364160101930739E+00    0.821684647398094E-01
   -0.386396037462626E+00    0.704893861673762E-01
   -0.382275767434517E+00    0.551694696254789E-01
   -0.342318323680291E+00    0.377282559051763E-01
   -0.257979825531016E+00    0.199391239673503E-01
   -0.138167681252813E+00    0.587289614851593E-02
    0.000000000000000E+00    0.000000000000000E+00
    0.000000000000000E+00    0.000000000000000E+00
    0.216258128675687E-01    0.236769920194442E-03
    0.423880799966208E-01    0.908961046247928E-03
    0.625298773307160E-01    0.193141007446075E-02
    0.821733325323289E-01    0.327695437216676E-02
    0.101350547737064E+00    0.487454512694579E-02
    0.119986551074733E+00    0.667762136396844E-02
    0.137914769213887E+00    0.864164377858743E-02
    0.154874450054487E+00    0.107314747815802E-01
    0.170519889278507E+00    0.129291471958148E-01
    0.184427963785316E+00    0.152375096074621E-01
    0.196118261809605E+00    0.176704662004148E-01
    0.205061689067107E+00    0.203143223152309E-01
    0.210739563562580E+00    0.232055098073962E-01
    0.212629299437952E+00    0.265634170987020E-01
    0.210338738627868E+00    0.304027039844096E-01
    0.203521951200913E+00    0.351060807075858E-01
    0.192116745847685E+00    0.405710595590728E-01
    0.176132742960842E+00    0.473110312501229E-01
    0.155974573639535E+00    0.549831135251425E-01
    0.132087582123311E+00    0.640926346536295E-01
    0.105260893736006E+00    0.739917677919396E-01
    0.762384309958061E-01    0.849370911479802E-01
    0.458128266909448E-01    0.960886019149369E-01
    0.146548602067901E-01    0.107219219389628E+00
   -0.169739132184066E-01    0.117615453715535E+00
   -0.488878161668060E-01    0.126526448361967E+00
   -0.816706284113160E-01    0.133717085689351E+00
   -0.115673888810545E+00    0.138166103689093E+00
   -0.152020811259867E+00    0.140206956065634E+00
   -0.190845621006548E+00    0.138908691811484E+00
   -0.232627524396812E+00    0.134873347876471E+00
   -0.275455619653498E+00    0.127363937167935E+00
   -0.317011010694471E+00    0.116862157768121E+00
   -0.350929104680681E+00    0.102744092233759E+00
   -0.369957163470499E+00    0.854597769539692E-01
   -0.363341382656576E+00    0.649821564087169E-01
   -0.322246803815519E+00    0.431101460339013E-01
   -0.241029671061089E+00    0.224075747833699E-01
   -0.126616987514709E+00    0.632286854654799E-02
    0.000000000000000E+00    0.000000000000000E+00
    0.000000000000000E+00    0.000000000000000E+00
    0.209863967197489E-01    0.417109833255707E-03
    0.412049379886878E-01    0.159549709858514E-02
    0.608726067223411E-01    0.341307800183957E-02
    0.801223586344735E-01    0.579102826512447E-02
    0.989659928906405E-01    0.863901808610778E-02
    0.117330905263277E+00    0.118813724670868E-01
    0.135032811313270E+00    0.154612883830476E-01
    0.151804582352081E+00    0.193192456328599E-01
    0.167278645493911E+00    0.234311744292025E-01
    0.181012768028674E+00    0.277661646959069E-01
    0.192496877259815E+00    0.323437946612846E-01
    0.201169481727100E+00    0.371921872358698E-01
    0.206477539213349E+00    0.423807497969512E-01
    0.207863370610302E+00    0.480292689451828E-01
    0.204908938370061E+00    0.542378594828743E-01
    0.197257827408468E+00    0.612295908530186E-01
    0.184852926540507E+00    0.690658038956619E-01
    0.167756092051904E+00    0.780252740041883E-01
    0.146430294473743E+00    0.880099702282275E-01
    0.121455836747078E+00    0.992192812150457E-01
    0.937367649278505E-01    0.111278891370411E+00
    0.641940387069230E-01    0.124109417269548E+00
    0.337580944814555E-01    0.137061192460335E+00
    0.320576423168635E-02    0.149622940563624E+00
   -0.271006441379521E-01    0.161075561950369E+00
   -0.570649883737357E-01    0.170525932020207E+00
   -0.872292419447853E-01    0.177518961832127E+00
   -0.118269121776987E+00    0.181080491045454E+00
   -0.151222803721093E+00    0.181223118474145E+00
   -0.186710845504634E+00    0.177229032143238E+00
   -0.224878254321587E+00    0.169464914110214E+00
   -0.264365443499282E+00    0.157504975108790E+00
   -0.302261331720136E+00    0.141865001999028E+00
   -0.332772548474512E+00    0.122263870898223E+00
   -0.348607139089044E+00    0.995617014113730E-01
   -0.339436659319092E+00    0.739919693007626E-01
   -0.298537471757119E+00    0.480985261679741E-01
   -0.219796663869515E+00    0.244409840131493E-01
   -0.114277187039325E+00    0.687901088243933E-02
    0.000000000000000E+00    0.000000000000000E+00
    0.000000000000000E+00    0.000000000000000E+00
    0.199995493878354E-01    0.591718562070369E-03
    0.393667911244595E-01    0.225108337126141E-02
    0.583172662480918E-01    0.480959463360469E-02
    0.769455693167271E-01    0.815768043006234E-02
    0.952633680179828E-01    0.121786022676274E-01
    0.113174603759976E+00    0.167791943007071E-01
    0.130491398835364E+00    0.218825189082895E-01
    0.146928217566486E+00    0.274205121567365E-01
    0.162104323547287E+00    0.333412365729934E-01
    0.175558093784710E+00    0.396140548767615E-01
    0.186750217061996E+00    0.462084307503031E-01
    0.195096737711250E+00    0.531704600720805E-01
    0.199999568926726E+00    0.604807278379267E-01
    0.200880114190027E+00    0.683184704291296E-01
    0.197277975460204E+00    0.766341457890292E-01
    0.188829250885967E+00    0.857920746781940E-01
    0.175480485122651E+00    0.956155852466178E-01
    0.157315641084115E+00    0.106650340806836E+00
    0.134901159345490E+00    0.118446933359900E+00
    0.108879840084080E+00    0.131606636982660E+00
    0.803739618315019E-01    0.145294461458057E+00
    0.504027830426599E-01    0.159887893318314E+00
    0.201415684165633E-01    0.174240483450835E+00
   -0.952327911557721E-02    0.188170363712553E+00
   -0.381459605039374E-01    0.200576289974756E+00
   -0.655345901562162E-01    0.210577984327238E+00
   -0.924723209425217E-01    0.217607652797999E+00
   -0.119527774509473E+00    0.220357186777834E+00
   -0.148292768897529E+00    0.219048438621043E+00
   -0.179147659115031E+00    0.212461531462343E+00
   -0.212950310321540E+00    0.201438694301545E+00
   -0.247874838468123E+00    0.185151712634019E+00
   -0.281767123179783E+00    0.164754324357908E+00
   -0.308490448189138E+00    0.139905905757948E+00
   -0.321472686590870E+00    0.112055979935312E+00
   -0.311248296489971E+00    0.818920418722095E-01
   -0.271251920739225E+00    0.520556563039728E-01
   -0.198250224084765E+00    0.262238324332082E-01
   -0.101023932440051E+00    0.699508419331751E-02
    0.000000000000000E+00    0.000000000000000E+00
    0.000000000000000E+00    0.000000000000000E+00
    0.186988686794145E-01    0.742123435537774E-03
    0.369571950915926E-01    0.282954489972198E-02
    0.549486725579537E-01    0.606284517390268E-02
    0.727539512240255E-01    0.102878552665933E-01
    0.903538104742427E-01    0.153769011513047E-01
    0.107644290438762E+00    0.212133211025447E-01
    0.124415362476097E+00    0.277152090893543E-01
    0.140377067463942E+00    0.347909450059202E-01
    0.155126740010949E+00    0.423869527966393E-01
    0.168193386369727E+00    0.504335564458182E-01
    0.179008820911225E+00    0.589058251379539E-01
    0.186969247311270E+00    0.677778492481332E-01
    0.191437443741328E+00    0.770602917106807E-01
    0.191811639190834E+00    0.868075090454027E-01
    0.187584955573689E+00    0.970599371303156E-01
    0.178398932681742E+00    0.107981601832358E+00
    0.164156536223914E+00    0.119596368226979E+00
    0.145035399569993E+00    0.132155041268803E+00
    0.121575319712840E+00    0.145555081071903E+00
    0.946553354499017E-01    0.160007408236371E+00
    0.653958621323043E-01    0.175140043612316E+00
    0.351818014823931E-01    0.190881469695902E+00
    0.519329410517514E-02    0.206526630758612E+00
   -0.233220138262052E-01    0.221471402189263E+00
   -0.499554488227740E-01    0.234835367071016E+00
   -0.743643643971214E-01    0.245452151126888E+00
   -0.974484535799893E-01    0.252643830056405E+00
   -0.119962417851053E+00    0.255023086833387E+00
   -0.143630983367769E+00    0.252486861027384E+00
   -0.169280409199729E+00    0.243932108202003E+00
   -0.197765385102593E+00    0.229938767405312E+00
   -0.227776710416228E+00    0.209932362872408E+00
   -0.257064492838421E+00    0.185120990673715E+00
   -0.279919308272795E+00    0.155474945680391E+00
   -0.290318410623780E+00    0.122924042530479E+00
   -0.278852268363293E+00    0.883597472951064E-01
   -0.241285452117625E+00    0.552906860831759E-01
   -0.173401764485045E+00    0.272128756420564E-01
   -0.871195768384844E-01    0.729689567310917E-02
    0.000000000000000E+00    0.000000000000000E+00
    0.000000000000000E+00    0.000000000000000E+00
    0.171087345224674E-01    0.878036778584269E-03
    0.340122687062953E-01    0.333229146219720E-02
    0.508454901000839E-01    0.713752625114737E-02
    0.676391958863290E-01    0.121148065644592E-01
    0.843560338696751E-01    0.181241543609471E-01
    0.100863944750473E+00    0.250393845297308E-01
    0.116947013505695E+00    0.327650031731378E-01
    0.132297375360100E+00    0.412075010661332E-01
    0.146508944920636E+00    0.502849861551271E-01
    0.159094905145317E+00    0.599304318447878E-01
    0.169474526176924E+00    0.700610358791988E-01
    0.177023528498093E+00    0.806636854620292E-01
    0.181076397580812E+00    0.916450374314409E-01
    0.181002088839391E+00    0.103105991275850E+00
    0.176262592244657E+00    0.114916025108345E+00
    0.166459791504031E+00    0.127368957353465E+00
    0.151511608748784E+00    0.140227662127862E+00
    0.131545712807539E+00    0.154028022938556E+00
    0.107249429450651E+00    0.168288882012439E+00
    0.794424986348256E-01    0.183715320715440E+00
    0.495963664369119E-01    0.199435676517041E+00
    0.190340130643818E-01    0.216033154164640E+00
   -0.105576916658147E-01    0.232229000212528E+00
   -0.379982084830692E-01    0.248024592320029E+00
   -0.624461709898060E-01    0.262020574148013E+00
   -0.836411718705885E-01    0.273307097798495E+00
   -0.102428495299123E+00    0.280909644001970E+00
   -0.119650193540216E+00    0.283192730492213E+00
   -0.137474237913307E+00    0.280119457236231E+00
   -0.156732941812276E+00    0.269997699820179E+00
   -0.179045851782329E+00    0.253838710459991E+00
   -0.203011158757089E+00    0.230547974964449E+00
   -0.227166199552264E+00    0.201992788583031E+00
   -0.245951556466618E+00    0.168069157671123E+00
   -0.253906995604517E+00    0.131281178017646E+00
   -0.242871391835133E+00    0.931575431753382E-01
   -0.208336188931503E+00    0.570061252954584E-01
   -0.148753110880076E+00    0.278987943194234E-01
   -0.734263543102942E-01    0.694248035793515E-02
    0.000000000000000E+00    0.000000000000000E+00
    0.000000000000000E+00    0.000000000000000E+00
    0.153033898709144E-01    0.974877042676116E-03
    0.306611739606810E-01    0.371548260977996E-02
    0.461554289536552E-01    0.797913646700625E-02
    0.617777340878642E-01    0.135607758124145E-01
    0.774546790729846E-01    0.203209077045908E-01
    0.930374766267646E-01    0.281227303142527E-01
    0.108289570653467E+00    0.368736085214238E-01
    0.122903712926653E+00    0.464632371831840E-01
    0.136459200521329E+00    0.568106708421928E-01
    0.148474520168193E+00    0.678114223248055E-01
    0.158350388263395E+00    0.793821549056459E-01
    0.165460648424678E+00    0.914336058262873E-01
    0.169106837952736E+00    0.103884514835183E+00
    0.168647188484410E+00    0.116699933613399E+00
    0.163484983406595E+00    0.129812798919532E+00
    0.153230078400169E+00    0.143297986400311E+00
    0.137705088868900E+00    0.157103273441015E+00
    0.117137684290177E+00    0.171444472878522E+00
    0.920766152580361E-01    0.186224961916171E+00
    0.636370190578910E-01    0.201723638513085E+00
    0.331164677725820E-01    0.217683843538041E+00
    0.239483125876255E-02    0.234185023369517E+00
   -0.270366221377416E-01    0.250663463315754E+00
   -0.532936046674412E-01    0.266614427791238E+00
   -0.757511481001882E-01    0.281170402288603E+00
   -0.935968649018426E-01    0.293010882447140E+00
   -0.107954712580272E+00    0.301240009551372E+00
   -0.119566710403420E+00    0.303980641040395E+00
   -0.130950123076530E+00    0.300864746156222E+00
   -0.143292993422089E+00    0.290169658587710E+00
   -0.158577571074084E+00    0.272499300854414E+00
   -0.175977814698316E+00    0.246937399249933E+00
   -0.194455622240466E+00    0.215321751092768E+00
   -0.208866405944305E+00    0.177825057302667E+00
   -0.214798374918661E+00    0.137517366325086E+00
   -0.203909251829570E+00    0.960604964803476E-01
   -0.173994710697283E+00    0.578496293873864E-01
   -0.122163349630378E+00    0.274855950227227E-01
   -0.592003311981621E-01    0.690146191571685E-02
    0.000000000000000E+00    0.000000000000000E+00
    0.000000000000000E+00    0.000000000000000E+00
    0.133106383290599E-01    0.104964411661254E-02
    0.269737910649187E-01    0.398441307470230E-02
    0.409963806524748E-01    0.856647158671854E-02
    0.553169244209224E-01    0.145779229506559E-01
    0.698277692905599E-01    0.218873908894947E-01
    0.843545667535105E-01    0.303589740666489E-01
    0.986552924074987E-01    0.398978731794890E-01
    0.112412088895342E+00    0.503987145589267E-01
    0.125215329773822E+00    0.617576194980653E-01
    0.136578495762361E+00    0.738734085672868E-01
    0.145914607806701E+00    0.866057660883270E-01
    0.152587200272123E+00    0.998669399636651E-01
    0.155896583879871E+00    0.113469365503843E+00
    0.155171576231357E+00    0.127393228717896E+00
    0.149799704280255E+00    0.141399605606183E+00
    0.139323524145271E+00    0.155637166302615E+00
    0.123573273392595E+00    0.169802923100273E+00
    0.102648757169118E+00    0.184331013611019E+00
    0.772320502959508E-01    0.198779937721146E+00
    0.482368558548603E-01    0.213890046888782E+00
    0.173598060080919E-01    0.228981181178463E+00
   -0.137811111616066E-01    0.244868665249770E+00
   -0.429544461557358E-01    0.260482649045391E+00
   -0.685708385387411E-01    0.276165604440916E+00
   -0.891098906059910E-01    0.290544426867097E+00
   -0.104045409027237E+00    0.302850355477981E+00
   -0.113910662555463E+00    0.311788359666303E+00
   -0.119740664642942E+00    0.315364946606309E+00
   -0.124166412937917E+00    0.313129797791544E+00
   -0.128691002361148E+00    0.302635142966598E+00
   -0.136037368179529E+00    0.284740324950471E+00
   -0.145775695311982E+00    0.257776464506655E+00
   -0.157804981451793E+00    0.224198322835755E+00
   -0.167625092689229E+00    0.184022613336903E+00
   -0.171418263819851E+00    0.140841837955092E+00
   -0.162355042622597E+00    0.972499298404324E-01
   -0.137603889646821E+00    0.570214105337227E-01
   -0.964208397056822E-01    0.269312119135501E-01
   -0.466618625119584E-01    0.603953892992557E-02
    0.000000000000000E+00    0.000000000000000E+00
    0.000000000000000E+00    0.000000000000000E+00
    0.112396380090948E-01    0.107526429038598E-02
    0.231104976755296E-01    0.410676015682918E-02
    0.355644315564203E-01    0.885883894634586E-02
    0.484795024697261E-01    0.151157168072459E-01
    0.617151835288406E-01    0.227593596147751E-01
    0.750755879473146E-01    0.316614014204069E-01
    0.883063925324953E-01    0.417378650477277E-01
    0.101099322342213E+00    0.528780361115309E-01
    0.113044237031559E+00    0.649818138029939E-01
    0.123679969030228E+00    0.779191972867086E-01
    0.132420653419655E+00    0.915428038372729E-01
    0.138653082885389E+00    0.105696705564288E+00
    0.141665795925368E+00    0.120180704280468E+00
    0.140793317891790E+00    0.134847830361069E+00
    0.135375276730089E+00    0.149469043430188E+00
    0.124948805440847E+00    0.163986938938500E+00
    0.109226102131549E+00    0.178197391348690E+00
    0.883499879042174E-01    0.192238746902599E+00
    0.627779780822328E-01    0.205965491656526E+00
    0.336576703876434E-01    0.219736125592320E+00
    0.234868002734093E-02    0.233470101072671E+00
   -0.289322008274445E-01    0.247556688638389E+00
   -0.583624681654564E-01    0.261781206322082E+00
   -0.833799655603781E-01    0.276055807960449E+00
   -0.102858916535090E+00    0.289885636907256E+00
   -0.115182708023010E+00    0.302093651141620E+00
   -0.121273965902684E+00    0.311804884763803E+00
   -0.121529974343754E+00    0.316678410871462E+00
   -0.119045133212890E+00    0.315993867225630E+00
   -0.115465697929576E+00    0.307101507644749E+00
   -0.114203799492720E+00    0.290126103428028E+00
   -0.115610303372057E+00    0.263406095911137E+00
   -0.120537465322337E+00    0.229071585366089E+00
   -0.125119339127413E+00    0.187350024660745E+00
   -0.126981757185153E+00    0.142304580175663E+00
   -0.119285034401870E+00    0.967015175282703E-01
   -0.101107189455337E+00    0.556699324041630E-01
   -0.702047580457254E-01    0.252238777492113E-01
   -0.335205937963650E-01    0.571483653242283E-02
    0.000000000000000E+00    0.000000000000000E+00
    0.000000000000000E+00    0.000000000000000E+00
    0.911576702687148E-02    0.107394472208557E-02
    0.191662167373263E-01    0.409031731892201E-02
    0.299996328748780E-01    0.885474010720748E-02
    0.414495326857643E-01    0.151547908188917E-01
    0.533304931798533E-01    0.229039543979244E-01
    0.654322225349301E-01    0.319858924117139E-01
    0.774986699272777E-01    0.423286118536295E-01
    0.892244844521213E-01    0.538333951209337E-01
    0.100228235316895E+00    0.663876856694154E-01
    0.110060380442133E+00    0.798674329054497E-01
    0.118178275390223E+00    0.940790586230566E-01
    0.123977061759104E+00    0.108859924080012E+00
    0.126781912856700E+00    0.123917802363839E+00
    0.125912647848971E+00    0.139086144852117E+00
    0.120718566154323E+00    0.153987388694535E+00
    0.110666174183797E+00    0.168552623984990E+00
    0.954549828793014E-01    0.182369601809495E+00
    0.750573411685390E-01    0.195636844698512E+00
    0.499686655980317E-01    0.207955633511366E+00
    0.210339357019809E-01    0.219931217828714E+00
   -0.101239115971441E-01    0.231233367516081E+00
   -0.417128363484504E-01    0.242823019369786E+00
   -0.711896162471461E-01    0.254214049798180E+00
   -0.964504629093927E-01    0.266196956729322E+00
   -0.115183863409036E+00    0.278106314016138E+00
   -0.126163924646374E+00    0.289582768996644E+00
   -0.129031067396356E+00    0.299525120115006E+00
   -0.124615325319867E+00    0.305771393703022E+00
   -0.115355771120774E+00    0.307530020572647E+00
   -0.103542538978792E+00    0.301282756299191E+00
   -0.929645855656978E-01    0.287173261987616E+00
   -0.849705141437674E-01    0.262207350567576E+00
   -0.816370470291081E-01    0.229079921452013E+00
   -0.803798398201914E-01    0.187459688342770E+00
   -0.797439768820169E-01    0.141570868274021E+00
   -0.746053300061291E-01    0.954256405861274E-01
   -0.634067733402140E-01    0.532259471190483E-01
   -0.451416558871435E-01    0.238820350944999E-01
   -0.235023031344699E-01    0.443887287101125E-02
    0.000000000000000E+00    0.000000000000000E+00
    0.000000000000000E+00    0.000000000000000E+00
    0.707007457286683E-02    0.102085529749267E-02
    0.153096609342825E-01    0.392301322244177E-02
    0.245212924114866E-01    0.853715182480513E-02
    0.344664394203747E-01    0.146861102460709E-01
    0.449392018856053E-01    0.223087196256791E-01
    0.557101045926260E-01    0.313150642855533E-01
    0.665237706679030E-01    0.416516568939310E-01
    0.770976736353317E-01    0.532268848936621E-01
    0.870658450544737E-01    0.659380724777138E-01
    0.960285128643378E-01    0.796453050108904E-01
    0.103466589627916E+00    0.941501399876667E-01
    0.108831915533644E+00    0.109240388400143E+00
    0.111468915023619E+00    0.124598449905545E+00
    0.110732295431035E+00    0.139958942673666E+00
    0.105960712051738E+00    0.154902384162539E+00
    0.966052592764810E-01    0.169197069339972E+00
    0.822795526260563E-01    0.182403149239579E+00
    0.628966992365262E-01    0.194490465018459E+00
    0.387340046549920E-01    0.205133633316701E+00
    0.106429478792841E-01    0.214674848624877E+00
   -0.201387713011430E-01    0.223087047367266E+00
   -0.515170687493275E-01    0.231114747474266E+00
   -0.814692587181843E-01    0.238928625240087E+00
   -0.107002644352208E+00    0.247183154501692E+00
   -0.126310333540039E+00    0.256211503582746E+00
   -0.136669563363399E+00    0.265625669604292E+00
   -0.138109398940021E+00    0.275106250920766E+00
   -0.130125547832434E+00    0.282423638910821E+00
   -0.115417052743955E+00    0.286882716496407E+00
   -0.959082498894321E-01    0.284679222570489E+00
   -0.760021721592427E-01    0.274986362981620E+00
   -0.580634048631403E-01    0.254463932984243E+00
   -0.454115968180062E-01    0.224651326768657E+00
   -0.369028068204120E-01    0.185300902214752E+00
   -0.330451938360314E-01    0.140187118071442E+00
   -0.295435152516993E-01    0.935477227959733E-01
   -0.265437025587665E-01    0.515414761702722E-01
   -0.208556347971496E-01    0.219184182370112E-01
   -0.124432677427708E-01    0.417093800599071E-02
    0.000000000000000E+00    0.000000000000000E+00
    0.000000000000000E+00    0.000000000000000E+00
    0.511953617012169E-02    0.939958009939882E-03
    0.116474982181253E-01    0.361284248643524E-02
    0.192695333242710E-01    0.792688308417015E-02
    0.277247678817205E-01    0.137251416608250E-01
    0.367614080466038E-01    0.209988394632158E-01
    0.461539600770320E-01    0.296793467615625E-01
    0.556530796848718E-01    0.397373399017228E-01
    0.649947882041201E-01    0.511003517242583E-01
    0.738596772371538E-01    0.636650046328780E-01
    0.818761331307310E-01    0.773057552340849E-01
    0.885997376899898E-01    0.917958980992710E-01
    0.935119103125601E-01    0.106922938926023E+00
    0.960382100561033E-01    0.122306723788986E+00
    0.955462081155602E-01    0.137650591805921E+00
    0.914263780609550E-01    0.152432181076294E+00
    0.830901262101621E-01    0.166340925992217E+00
    0.701337587693988E-01    0.178797852119202E+00
    0.523252297255020E-01    0.189647639833903E+00
    0.298504626169463E-01    0.198429183224215E+00
    0.326157715946666E-02    0.205376008062787E+00
   -0.262579994307879E-01    0.210397127580473E+00
   -0.570636466684289E-01    0.214312585275882E+00
   -0.868707295354180E-01    0.217366241359433E+00
   -0.113160081557280E+00    0.220669329214687E+00
   -0.133227778277045E+00    0.224958342749373E+00
   -0.144700074664853E+00    0.230724196863261E+00
   -0.145991390759712E+00    0.237866301834151E+00
   -0.136777321038188E+00    0.244944231825548E+00
   -0.118270803230315E+00    0.251809902547496E+00
   -0.926644237445100E-01    0.253995130827314E+00
   -0.639430411726589E-01    0.250827524598975E+00
   -0.357156819490958E-01    0.236815738548109E+00
   -0.125057026034109E-01    0.214116449252015E+00
    0.453434299940544E-02    0.180097580847843E+00
    0.133772113913922E-01    0.138125576865617E+00
    0.159024164003809E-01    0.928966015337964E-01
    0.117582428355634E-01    0.499757475189908E-01
    0.334030855059816E-02    0.214563965158387E-01
   -0.509796093626427E-02    0.281888427444571E-02
    0.000000000000000E+00    0.000000000000000E+00
    0.000000000000000E+00    0.000000000000000E+00
    0.339784961616612E-02    0.814129970992270E-03
    0.832745945191871E-02    0.317563863842679E-02
    0.144516932861783E-01    0.703994320689799E-02
    0.214426384171808E-01    0.123160984526990E-01
    0.290480704502286E-01    0.190282946672699E-01
    0.370356645473616E-01    0.271472947847615E-01
    0.451698136163838E-01    0.366680012315801E-01
    0.532255300912889E-01    0.475328807354454E-01
    0.609095318036025E-01    0.596585018683584E-01
    0.679240804497964E-01    0.729154717084570E-01
    0.738629490913255E-01    0.870887499706010E-01
    0.783010293082857E-01    0.101940197546427E+00
    0.807091888886803E-01    0.117080926316140E+00
    0.805358942852518E-01    0.132157682719303E+00
    0.772068962239063E-01    0.146598582127433E+00
    0.701453488608132E-01    0.159995154807030E+00
    0.589370181684357E-01    0.171656063913180E+00
    0.432259268020729E-01    0.181288823265822E+00
    0.230932842340266E-01    0.188257734393219E+00
   -0.118969056505207E-02    0.192672104718332E+00
   -0.286812467794649E-01    0.194249102830257E+00
   -0.580413298524997E-01    0.193813447555970E+00
   -0.873464829141748E-01    0.191604445124669E+00
   -0.113962216999999E+00    0.189031580008055E+00
   -0.135538204836546E+00    0.187162124630874E+00
   -0.148789266596709E+00    0.187290401648034E+00
   -0.152303550756184E+00    0.190011384003756E+00
   -0.144062030582320E+00    0.194751401806880E+00
   -0.125123228827311E+00    0.202249675606419E+00
   -0.959511012076160E-01    0.208448116032439E+00
   -0.606931221341221E-01    0.212257407298942E+00
   -0.232176418407894E-01    0.207689698956506E+00
    0.109922743810589E-01    0.195013660776608E+00
    0.383507911879461E-01    0.170610349104904E+00
    0.541250238189826E-01    0.135456217631113E+00
    0.583984190376486E-01    0.937098339148645E-01
    0.474783239083209E-01    0.520846279657400E-01
    0.268626203108886E-01    0.224107637570910E-01
    0.614497393978835E-02    0.379186696601352E-02
    0.000000000000000E+00    0.000000000000000E+00
    0.000000000000000E+00    0.000000000000000E+00
    0.190775885468901E-02    0.664601624300575E-03
    0.545019322737723E-02    0.261694994010647E-02
    0.101830906846662E-01    0.591953745398991E-02
    0.157926345913980E-01    0.105139432865066E-01
    0.219941511868780E-01    0.164866902979134E-01
    0.285804041343122E-01    0.238340227642133E-01
    0.353338904164416E-01    0.325784415948391E-01
    0.420594970094376E-01    0.426873409917927E-01
    0.485244784708640E-01    0.540832931585710E-01
    0.544676603331422E-01    0.666655090035719E-01
    0.595802860581306E-01    0.802087225549616E-01
    0.634802554792623E-01    0.945001971402156E-01
    0.657580083062033E-01    0.109124865493656E+00
    0.659024907077499E-01    0.123729034465014E+00
    0.634438071124245E-01    0.137697425756986E+00
    0.578178270547248E-01    0.150549372268125E+00
    0.486312120798910E-01    0.161540615411876E+00
    0.354701449327328E-01    0.170164717218060E+00
    0.182661354400531E-01    0.175763666690337E+00
   -0.288431607424524E-02    0.178030350130634E+00
   -0.273996531972856E-01    0.176762012932923E+00
   -0.542348372146894E-01    0.172191732562741E+00
   -0.819234678459722E-01    0.164922369149724E+00
   -0.108139234559678E+00    0.155863107876394E+00
   -0.130689590483988E+00    0.146862696046390E+00
   -0.146357398120643E+00    0.139356062017953E+00
   -0.153097013586732E+00    0.134807262643122E+00
   -0.148357032384893E+00    0.133658973532230E+00
   -0.131823446528744E+00    0.138570894623437E+00
   -0.103129776380019E+00    0.146086651453220E+00
   -0.647530776218826E-01    0.155836891765309E+00
   -0.207108944766321E-01    0.160644533038246E+00
    0.236428143888059E-01    0.162495760140267E+00
    0.624395786704861E-01    0.151799637000676E+00
    0.899399948951965E-01    0.129303416641836E+00
    0.995698409979404E-01    0.957209142685786E-01
    0.873636710321263E-01    0.559428053393296E-01
    0.536191813357891E-01    0.273136199519807E-01
    0.127949567827139E-01    0.462214467924321E-02
    0.000000000000000E+00    0.000000000000000E+00
    0.000000000000000E+00    0.000000000000000E+00
    0.759857415235189E-03    0.488081830755231E-03
    0.310712461688229E-02    0.198868708146118E-02
    0.661342497083614E-02    0.462613416853974E-02
    0.109274404122849E-01    0.842706618434405E-02
    0.157874448596859E-01    0.135092604491533E-01
    0.210027454423855E-01    0.199070808076631E-01
    0.263773148729825E-01    0.276684134870475E-01
    0.317707428062436E-01    0.367725630517183E-01
    0.369757687363198E-01    0.471731515609574E-01
    0.418210597737495E-01    0.587700205122026E-01
    0.460339476216993E-01    0.713767739217667E-01
    0.493529731191846E-01    0.847753360269001E-01
    0.514184501373542E-01    0.985884081221423E-01
    0.518497307204492E-01    0.112450051199259E+00
    0.502355100166103E-01    0.125753513342411E+00
    0.460962039353404E-01    0.137994344194340E+00
    0.390910465396489E-01    0.148349987337180E+00
    0.287392290856253E-01    0.156281017699797E+00
    0.150027920457636E-01    0.160871263561709E+00
   -0.239406388913451E-02    0.161810405600962E+00
   -0.228615370816011E-01    0.158350990896975E+00
   -0.461399197627138E-01    0.150851660301901E+00
   -0.707153413776163E-01    0.139093784896060E+00
   -0.953561706692821E-01    0.124530063584159E+00
   -0.117685609497498E+00    0.107945219204157E+00
   -0.135431903406653E+00    0.921215988677154E-01
   -0.146102421104269E+00    0.780330489989223E-01
   -0.146634249401795E+00    0.682780815979542E-01
   -0.135942916974463E+00    0.655776851182255E-01
   -0.111841067539958E+00    0.698577450203657E-01
   -0.756014241972783E-01    0.807539730970169E-01
   -0.302342797429037E-01    0.931265730480007E-01
    0.208991572014524E-01    0.108435612732788E+00
    0.698774148479573E-01    0.115443760679937E+00
    0.110294363389804E+00    0.112239293529206E+00
    0.131851495803612E+00    0.935466029605576E-01
    0.124666938968326E+00    0.636782948015902E-01
    0.824369229667608E-01    0.340286283613094E-01
    0.318837268608602E-01    0.917250488360299E-02
    0.000000000000000E+00    0.000000000000000E+00
    0.000000000000000E+00    0.000000000000000E+00
   -0.601072070885663E-04    0.296878153039222E-03
    0.137086518870119E-02    0.129433747887386E-02
    0.380847781426730E-02    0.322820084752757E-02
    0.696177428909562E-02    0.615990954545577E-02
    0.105674339795002E-01    0.102579659498168E-01
    0.144761332985264E-01    0.155782783817245E-01
    0.185252182489847E-01    0.221844297089318E-01
    0.226047272864735E-01    0.300829224162891E-01
    0.265744713597135E-01    0.392285619210694E-01
    0.302933098618626E-01    0.495653386807983E-01
    0.335919199786264E-01    0.609054008901938E-01
    0.362473658989937E-01    0.730930158372981E-01
    0.380356053816932E-01    0.857534483038219E-01
    0.386253653031284E-01    0.985871307539863E-01
    0.377486124229154E-01    0.110998238066472E+00
    0.349781948242799E-01    0.122507512361572E+00
    0.300613537805107E-01    0.132321476495315E+00
    0.225546503777459E-01    0.139785900632385E+00
    0.123373930822780E-01    0.144060188822248E+00
   -0.863701629622802E-03    0.144410785755858E+00
   -0.168704942230184E-01    0.140282733272602E+00
   -0.354511430024367E-01    0.131095946354239E+00
   -0.559663271569645E-01    0.117128582339191E+00
   -0.771737648324656E-01    0.983295665563887E-01
   -0.979439715010905E-01    0.763578520896201E-01
   -0.115746734940408E+00    0.523199272593291E-01
   -0.129349451640939E+00    0.287487343619362E-01
   -0.134807612983999E+00    0.744404259022462E-02
   -0.131704769735415E+00   -0.635239105773506E-02
   -0.115709223136024E+00   -0.113936171155765E-01
   -0.879806295291742E-01   -0.742859325704040E-02
   -0.475417058065354E-01    0.438840500630954E-02
    0.234099629491376E-02    0.286673440532998E-01
    0.568409724686618E-01    0.519222850938643E-01
    0.110150876257071E+00    0.728932496120203E-01
    0.145368677684856E+00    0.767083710555535E-01
    0.151476437286960E+00    0.679532380109074E-01
    0.111511010208243E+00    0.449395682910162E-01
    0.474674711367555E-01    0.101304928766720E-01
    0.000000000000000E+00    0.000000000000000E+00
    0.000000000000000E+00    0.000000000000000E+00
   -0.504257440715521E-03    0.115283336726987E-03
    0.236967941797712E-03    0.635063872808643E-03
    0.180766697483192E-02    0.185036320497606E-02
    0.393932142020969E-02    0.390032924467520E-02
    0.641023116732258E-02    0.696942396827337E-02
    0.911839558751992E-02    0.111280066157766E-01
    0.119206268659224E-01    0.164600448505663E-01
    0.147709826384975E-01    0.229665751484210E-01
    0.175422917884685E-01    0.306403374252445E-01
    0.201822325518850E-01    0.394194757348820E-01
    0.225394265667568E-01    0.491797187000321E-01
    0.245125793165151E-01    0.597692785049883E-01
    0.259077379650777E-01    0.709040339020870E-01
    0.265454246742156E-01    0.823043694025725E-01
    0.262013177922825E-01    0.934770879872408E-01
    0.246015578500847E-01    0.103983187198997E+00
    0.215486480495939E-01    0.113093612775335E+00
    0.166757197078090E-01    0.120221689538651E+00
    0.993380731380050E-02    0.124438780453336E+00
    0.892096952895595E-03    0.125123911449115E+00
   -0.101438292734815E-01    0.121286492883088E+00
   -0.235808331418910E-01    0.112555978476154E+00
   -0.384755350790836E-01    0.981643096903282E-01
   -0.550477128682830E-01    0.785611119444088E-01
   -0.714846514402685E-01    0.534889299374832E-01
   -0.876061271036258E-01    0.250592966786601E-01
   -0.100797701663498E+00   -0.655711477891862E-02
   -0.109893939440046E+00   -0.372127239120804E-01
   -0.112326154775022E+00   -0.653097404643426E-01
   -0.106620921919349E+00   -0.840469407113584E-01
   -0.912660383672461E-01   -0.952595192260290E-01
   -0.638268176683480E-01   -0.936199857352539E-01
   -0.262113947037921E-01   -0.745525530620740E-01
    0.233993014975106E-01   -0.450213398465601E-01
    0.780935161278426E-01   -0.442821583594558E-02
    0.126668577668003E+00    0.276460361368931E-01
    0.155846424262488E+00    0.521456813720327E-01
    0.138766237777361E+00    0.561150446593635E-01
    0.716280216850027E-01    0.255318976795140E-01
    0.000000000000000E+00    0.000000000000000E+00
    0.000000000000000E+00    0.000000000000000E+00
   -0.614384733921933E-03   -0.502767302935942E-04
   -0.292195272363969E-03    0.280826658912795E-04
    0.589199240808666E-03    0.604560477206860E-03
    0.186797115544457E-02    0.182994071043498E-02
    0.336267080526360E-02    0.389870273539428E-02
    0.501356995815043E-02    0.688757090623121E-02
    0.672443344024201E-02    0.108661618510697E-01
    0.846574593813810E-02    0.158616511597876E-01
    0.101737363209935E-01    0.218496146824806E-01
    0.118053885183996E-01    0.288229452771134E-01
    0.132974607108685E-01    0.366511639602208E-01
    0.145650328360799E-01    0.452738461945337E-01
    0.155319594252541E-01    0.544199722502639E-01
    0.160509558189091E-01    0.639415668410826E-01
    0.160370311075990E-01    0.733849685929720E-01
    0.152687284512882E-01    0.824679162532704E-01
    0.136745436800442E-01    0.905378298205981E-01
    0.109636083677268E-01    0.971276729985472E-01
    0.711912510554859E-02    0.101443294158239E+00
    0.181942481740927E-02    0.102791305016442E+00
   -0.484012805493988E-02    0.100433377033879E+00
   -0.130964801891439E-01    0.934431825154421E-01
   -0.226768867157631E-01    0.815432850146109E-01
   -0.335112140114659E-01    0.637229009294033E-01
   -0.451411412543075E-01    0.406345356756377E-01
   -0.568526086283186E-01    0.115963375233719E-01
   -0.681806102025917E-01   -0.212213375976709E-01
   -0.769814728598806E-01   -0.576985826796151E-01
   -0.832884242806332E-01   -0.937854055911704E-01
   -0.839106651288516E-01   -0.126199315191403E+00
   -0.799264194229506E-01   -0.154341282296917E+00
   -0.659784442567647E-01   -0.172403369302197E+00
   -0.451846249160241E-01   -0.169832230406521E+00
   -0.962463353708669E-02   -0.149795950578345E+00
    0.291032919526631E-01   -0.111815277483671E+00
    0.818199957924906E-01   -0.591267021787075E-01
    0.137630380133155E+00    0.887580039700644E-02
    0.147846160375380E+00    0.459842052076723E-01
    0.130885046847074E+00    0.170280140077487E-01
    0.000000000000000E+00    0.000000000000000E+00
    0.000000000000000E+00    0.000000000000000E+00
   -0.455230675970004E-03   -0.136074675255287E-03
   -0.361743536870327E-03   -0.357516053964813E-03
    0.189436913212427E-04   -0.286975041720015E-03
    0.635913362672763E-03    0.244462107519757E-03
    0.134240602880930E-02    0.141810825990350E-02
    0.214844860833573E-02    0.327120783711050E-02
    0.296090149278483E-02    0.588823031303532E-02
    0.381040490840366E-02    0.926087622412211E-02
    0.462435399487981E-02    0.134063123261905E-01
    0.543025459053637E-02    0.182937773485653E-01
    0.615347252964960E-02    0.238708846578787E-01
    0.680667092414582E-02    0.300719353115859E-01
    0.730414645925873E-02    0.367517786676887E-01
    0.763254353997987E-02    0.437843282034651E-01
    0.769971760020065E-02    0.508957714054727E-01
    0.745151395136652E-02    0.578658679861516E-01
    0.681087685012498E-02    0.642613628138864E-01
    0.566133605317313E-02    0.697354766266989E-01
    0.398683559182286E-02    0.736904643629713E-01
    0.157681880085948E-02    0.756344454297399E-01
   -0.143801043492202E-02    0.748576251162123E-01
   -0.540241679579068E-02    0.707513003631116E-01
   -0.989864479721757E-02    0.626333251173669E-01
   -0.154649761189164E-01    0.499441463825587E-01
   -0.212186477707220E-01    0.321932531344241E-01
   -0.278797057314684E-01    0.921077272105550E-02
   -0.338969440960830E-01   -0.189741686692193E-01
   -0.400631974242913E-01   -0.512233319509838E-01
   -0.443212793922254E-01   -0.874041057935405E-01
   -0.478354379480578E-01   -0.123110514826111E+00
   -0.483771218970193E-01   -0.160564890193586E+00
   -0.446126203524529E-01   -0.191926610002935E+00
   -0.346102549030342E-01   -0.215670775894956E+00
   -0.171169513952189E-01   -0.216631470452917E+00
    0.601382413888192E-02   -0.213280648322839E+00
    0.304744883762197E-01   -0.175196203764353E+00
    0.512424227237701E-01   -0.111344886541283E+00
    0.730261121613246E-01   -0.606497902096184E-01
    0.788578243807949E-01    0.158143236035815E-01
    0.000000000000000E+00    0.000000000000000E+00
    0.000000000000000E+00    0.000000000000000E+00
   -0.144744856688721E-03   -0.144744856685743E-03
   -0.138528027476350E-03   -0.457699615728914E-03
   -0.565813173888383E-04   -0.620658145979383E-03
    0.109925835362397E-03   -0.524182349097934E-03
    0.299287506917359E-03   -0.726738610002789E-04
    0.519646809907550E-03    0.778050269019577E-03
    0.739513511701820E-03    0.204559418811935E-02
    0.967634758756590E-03    0.375932495687939E-02
    0.119045719281550E-02    0.589046121508431E-02
    0.140737582478554E-02    0.846926160216334E-02
    0.161234023618956E-02    0.114224276432552E-01
    0.179120530920777E-02    0.147811424289145E-01
    0.194686361160929E-02    0.184056338123561E-01
    0.204371312899798E-02    0.223244108712314E-01
    0.210008021689212E-02    0.263008819158268E-01
    0.204907831329621E-02    0.303483014931181E-01
    0.193484283015380E-02    0.341097885677768E-01
    0.164870046485117E-02    0.375574304433317E-01
    0.127332462583886E-02    0.402171048533793E-01
    0.649960480843990E-03    0.419666139033280E-01
   -0.860843717465606E-04    0.422819182009704E-01
   -0.114136258107701E-02    0.408534109124328E-01
   -0.231277153308937E-02    0.372755296899530E-01
   -0.384888062623626E-02    0.309137562236303E-01
   -0.549746560185683E-02    0.218085411940974E-01
   -0.745449186099442E-02    0.876192395215366E-02
   -0.942987143928601E-02   -0.709459506828516E-02
   -0.113921667045753E-01   -0.273712552148555E-01
   -0.130758906701592E-01   -0.501484555159497E-01
   -0.147214323500953E-01   -0.769624539661138E-01
   -0.168767842181431E-01   -0.104274075745418E+00
   -0.170668417534490E-01   -0.135481287371629E+00
   -0.160396595333140E-01   -0.161182491495285E+00
   -0.108144975041033E-01   -0.174183074966096E+00
   -0.250733034163445E-02   -0.197266943687005E+00
   -0.200834291796436E-02   -0.204245180381650E+00
   -0.133179231828784E-01   -0.181032953493016E+00
   -0.165578894575753E-01   -0.162173302675075E+00
    0.150805794433700E+00   -0.674903161401525E-01
    0.000000000000000E+00    0.000000000000000E+00
    0.000000000000000E+00    0.000000000000000E+00
    0.000000000000000E+00    0.000000000000000E+00
    0.000000000000000E+00    0.000000000000000E+00
    0.000000000000000E+00    0.000000000000000E+00
    0.000000000000000E+00    0.000000000000000E+00
    0.000000000000000E+00    0.000000000000000E+00
    0.000000000000000E+00    0.000000000000000E+00
    0.000000000000000E+00    0.000000000000000E+00
    0.000000000000000E+00    0.000000000000000E+00
    0.000000000000000E+00    0.000000000000000E+00
    0.000000000000000E+00    0.000000000000000E+00
    0.000000000000000E+00    0.000000000000000E+00
    0.000000000000000E+00    0.000000000000000E+00
    0.000000000000000E+00    0.000000000000000E+00
    0.000000000000000E+00    0.000000000000000E+00
    0.000000000000000E+00    0.000000000000000E+00
    0.000000000000000E+00    0.000000000000000E+00
    0.000000000000000E+00    0.000000000000000E+00
    0.000000000000000E+00    0.000000000000000E+00
    0.000000000000000E+00    0.000000000000000E+00
    0.000000000000000E+00    0.000000000000000E+00
    0.000000000000000E+00    0.000000000000000E+00
    0.000000000000000E+00    0.000000000000000E+00
    0.000000000000000E+00    0.000000000000000E+00
    0.000000000000000E+00    0.000000000000000E+00
    0.000000000000000E+00    0.000000000000000E+00
    0.000000000000000E+00    0.000000000000000E+00
    0.000000000000000E+00    0.000000000000000E+00
    0.000000000000000E+00    0.000000000000000E+00
    0.000000000000000E+00    0.000000000000000E+00
    0.000000000000000E+00    0.000000000000000E+00
    0.000000000000000E+00    0.000000000000000E+00
    0.000000000000000E+00    0.000000000000000E+00
    0.000000000000000E+00    0.000000000000000E+00
    0.000000000000000E+00    0.000000000000000E+00
    0.000000000000000E+00    0.000000000000000E+00
    0.000000000000000E+00    0.000000000000000E+00
    0.000000000000000E+00    0.000000000000000E+00
    0.000000000000000E+00    0.000000000000000E+00
    0.000000000000000E+00    0.000000000000000E+00
    0.000000000000000E+00    0.000000000000000E+00
