    0.000000000000000E+00    0.000000000000000E+00
    0.000000000000000E+00    0.000000000000000E+00
    0.000000000000000E+00    0.000000000000000E+00
    0.000000000000000E+00    0.000000000000000E+00
    0.000000000000000E+00    0.000000000000000E+00
    0.000000000000000E+00    0.000000000000000E+00
    0.000000000000000E+00    0.000000000000000E+00
    0.000000000000000E+00    0.000000000000000E+00
    0.000000000000000E+00    0.000000000000000E+00
    0.000000000000000E+00    0.000000000000000E+00
    0.000000000000000E+00    0.000000000000000E+00
    0.000000000000000E+00    0.000000000000000E+00
    0.000000000000000E+00    0.000000000000000E+00
    0.000000000000000E+00    0.000000000000000E+00
    0.000000000000000E+00    0.000000000000000E+00
    0.000000000000000E+00    0.000000000000000E+00
    0.000000000000000E+00    0.000000000000000E+00
    0.000000000000000E+00    0.000000000000000E+00
    0.000000000000000E+00    0.000000000000000E+00
    0.000000000000000E+00    0.000000000000000E+00
    0.000000000000000E+00    0.000000000000000E+00
    0.000000000000000E+00    0.000000000000000E+00
    0.000000000000000E+00    0.000000000000000E+00
    0.000000000000000E+00    0.000000000000000E+00
    0.000000000000000E+00    0.000000000000000E+00
    0.000000000000000E+00    0.000000000000000E+00
    0.000000000000000E+00    0.000000000000000E+00
    0.000000000000000E+00    0.000000000000000E+00
    0.000000000000000E+00    0.000000000000000E+00
    0.000000000000000E+00    0.000000000000000E+00
    0.000000000000000E+00    0.000000000000000E+00
    0.000000000000000E+00    0.000000000000000E+00
    0.000000000000000E+00    0.000000000000000E+00
    0.000000000000000E+00    0.000000000000000E+00
    0.000000000000000E+00    0.000000000000000E+00
    0.000000000000000E+00    0.000000000000000E+00
    0.000000000000000E+00    0.000000000000000E+00
    0.000000000000000E+00    0.000000000000000E+00
    0.000000000000000E+00    0.000000000000000E+00
    0.000000000000000E+00    0.000000000000000E+00
    0.000000000000000E+00    0.000000000000000E+00
    0.000000000000000E+00    0.000000000000000E+00
   -0.637698226342086E-03    0.636822386412244E-03
   -0.393607225972021E-03    0.125635652413053E-02
    0.116709402972033E-03    0.140084862511594E-02
    0.719095306398262E-03    0.344118083215472E-03
    0.129117571846906E-02   -0.174154994929938E-02
    0.181779219677360E-02   -0.489971003762671E-02
    0.231579056975428E-02   -0.906608922958052E-02
    0.276491369594899E-02   -0.141102867905493E-01
    0.318091332951518E-02   -0.200409984369316E-01
    0.354871488295971E-02   -0.266689089627526E-01
    0.387965754120033E-02   -0.340546642281556E-01
    0.416214303360840E-02   -0.419476448836159E-01
    0.440108636729662E-02   -0.504603346587846E-01
    0.458901703177715E-02   -0.592700939784506E-01
    0.472403190711346E-02   -0.685468407215200E-01
    0.480651813688187E-02   -0.778824991621061E-01
    0.482628104553401E-02   -0.875180205630463E-01
    0.479840331810524E-02   -0.969529819913527E-01
    0.470028438852341E-02   -0.106518906185562E+00
    0.457281612067882E-02   -0.115628428083222E+00
    0.437395909190012E-02   -0.124728532375769E+00
    0.418615527449466E-02   -0.133168557536392E+00
    0.393581401535276E-02   -0.141539048520643E+00
    0.377273386366225E-02   -0.149182406300229E+00
    0.358006452620892E-02   -0.156862241752219E+00
    0.360928134171943E-02   -0.164001766583777E+00
    0.369388101523964E-02   -0.171607584056230E+00
    0.418223465927848E-02   -0.179322373281837E+00
    0.473249304909198E-02   -0.188318160197089E+00
    0.612691487936417E-02   -0.199055098894982E+00
    0.837837935410109E-02   -0.213009353403460E+00
    0.117943922021808E-01   -0.230166318386698E+00
    0.158979998120399E-01   -0.254065677673163E+00
    0.180692798585523E-01   -0.285883301839021E+00
    0.138641381105743E-01   -0.318193461484534E+00
    0.140797650967112E-01   -0.355601223393715E+00
    0.582029868124570E-01   -0.426501837210289E+00
    0.133300178222253E-01   -0.346475915220107E+00
   -0.186682516326572E+00   -0.186682516326525E+00
    0.000000000000000E+00    0.000000000000000E+00
    0.000000000000000E+00    0.000000000000000E+00
   -0.125548068409434E-02    0.396994662881133E-03
   -0.382723490658641E-03    0.388060133156685E-03
    0.145641547750712E-02   -0.835103017771289E-03
    0.348654669639685E-02   -0.378192056280763E-02
    0.554015096101787E-02   -0.874209411970826E-02
    0.747654978028410E-02   -0.152806467580410E-01
    0.929256535142399E-02   -0.238259061475120E-01
    0.109811436268533E-01   -0.336711489754681E-01
    0.125070000883879E-01   -0.453924566587507E-01
    0.139182991593883E-01   -0.580721656125308E-01
    0.151344010754555E-01   -0.724736444145789E-01
    0.162471913436447E-01   -0.874531617024949E-01
    0.171230895497683E-01   -0.103986524387238E+00
    0.179034013887595E-01   -0.120671324587235E+00
    0.183957589084212E-01   -0.138724709480833E+00
    0.188069227981625E-01   -0.156447568320234E+00
    0.188783134443696E-01   -0.175342882176588E+00
    0.189048222210295E-01   -0.193378708681699E+00
    0.185529596441318E-01   -0.212410748324982E+00
    0.182332550072450E-01   -0.230039516242408E+00
    0.175298799215945E-01   -0.248572654943625E+00
    0.169994789219176E-01   -0.265207317076762E+00
    0.161422812524549E-01   -0.282848439333276E+00
    0.156920113855423E-01   -0.298245841458745E+00
    0.150812072462739E-01   -0.315113746985004E+00
    0.152391388450946E-01   -0.329673345876049E+00
    0.155734407771894E-01   -0.346783968995207E+00
    0.172136294158442E-01   -0.362021447049921E+00
    0.196524583711247E-01   -0.381852791928713E+00
    0.240899122190212E-01   -0.400805006524684E+00
    0.304377105361671E-01   -0.427520289711918E+00
    0.389189550527707E-01   -0.453773703870913E+00
    0.489081441515141E-01   -0.492222289449312E+00
    0.585653154273750E-01   -0.532282448867980E+00
    0.679450077264543E-01   -0.582818728798038E+00
    0.584508878889063E-01   -0.602691510751865E+00
   -0.104358756428569E-02   -0.590382648511592E+00
   -0.231687895428771E+00   -0.434188689914673E+00
   -0.484475742234225E+00   -0.178467177582288E+00
    0.000000000000000E+00    0.000000000000000E+00
    0.000000000000000E+00    0.000000000000000E+00
   -0.139834603687236E-02   -0.109152880552103E-03
    0.824987129799484E-03   -0.141083942281363E-02
    0.447995934170464E-02   -0.438688410117556E-02
    0.862323096925186E-02   -0.978725647811083E-02
    0.127898001315528E-01   -0.174942893949571E-01
    0.168141637826887E-01   -0.275636749358766E-01
    0.206053821905236E-01   -0.398796913787207E-01
    0.241365823014720E-01   -0.543267151397403E-01
    0.273829676963638E-01   -0.708029412668612E-01
    0.303401596243305E-01   -0.890859949310791E-01
    0.329867558655671E-01   -0.109109479738372E+00
    0.353189164931738E-01   -0.130575645123600E+00
    0.373002590806831E-01   -0.153446286134742E+00
    0.389322342705500E-01   -0.177348567033805E+00
    0.401644021046565E-01   -0.202273463574351E+00
    0.410167133062080E-01   -0.227766646272301E+00
    0.414307761126625E-01   -0.253862153286724E+00
    0.414653548488083E-01   -0.280026357017309E+00
    0.410623191962668E-01   -0.306365296041335E+00
    0.403473532094674E-01   -0.332285018277606E+00
    0.392714416474111E-01   -0.358009148762584E+00
    0.380649009363788E-01   -0.382926782866509E+00
    0.366977263018495E-01   -0.407441645088217E+00
    0.355538048984425E-01   -0.430995994961187E+00
    0.346366660599552E-01   -0.454255160223951E+00
    0.345337870077359E-01   -0.476799540719192E+00
    0.352929192449675E-01   -0.499649050935151E+00
    0.377486333046888E-01   -0.522594555086684E+00
    0.420478163947158E-01   -0.547106914131506E+00
    0.490530489705092E-01   -0.572845707255962E+00
    0.589278008948115E-01   -0.601770080330283E+00
    0.710061408721410E-01   -0.632156833158036E+00
    0.840470121295110E-01   -0.665599192004288E+00
    0.921974676986983E-01   -0.694793364767820E+00
    0.938018735422240E-01   -0.719729066517368E+00
    0.462013019514509E-01   -0.695568172049758E+00
   -0.834464052467465E-01   -0.612117295964780E+00
   -0.385737115019506E+00   -0.425879326110086E+00
   -0.737217725833973E+00   -0.144918165030421E+00
    0.000000000000000E+00    0.000000000000000E+00
    0.000000000000000E+00    0.000000000000000E+00
   -0.405652282393705E-03   -0.659639388783158E-03
    0.363539398046682E-02   -0.324516604936112E-02
    0.977006619619968E-02   -0.813580798377058E-02
    0.164231842103161E-01   -0.158057087509236E-01
    0.231660327766926E-01   -0.262141686218793E-01
    0.296724014809700E-01   -0.393047103281403E-01
    0.358558888291545E-01   -0.550279990012464E-01
    0.416356732870066E-01   -0.732148588700067E-01
    0.469805682005790E-01   -0.937874356152459E-01
    0.518731778013885E-01   -0.116493721840324E+00
    0.562662109521600E-01   -0.141247332788576E+00
    0.601662039361234E-01   -0.167752404606413E+00
    0.634887651207665E-01   -0.195903591402428E+00
    0.662654682351485E-01   -0.225362954451743E+00
    0.683772739930362E-01   -0.256004001483531E+00
    0.698979179957764E-01   -0.287446095255535E+00
    0.706856298066716E-01   -0.319550730699082E+00
    0.708820805639034E-01   -0.351900289297897E+00
    0.703431180269911E-01   -0.384371603894566E+00
    0.693086743535600E-01   -0.416527177850356E+00
    0.676628315662438E-01   -0.448309895177291E+00
    0.657738560838929E-01   -0.479292576096920E+00
    0.635994379627907E-01   -0.509559647607076E+00
    0.616573546498255E-01   -0.538731589861026E+00
    0.600429882964995E-01   -0.567129811395880E+00
    0.594155585491717E-01   -0.594448654111505E+00
    0.600816341220569E-01   -0.621327716035610E+00
    0.627344643948800E-01   -0.647479040169996E+00
    0.679097027993777E-01   -0.673800396497787E+00
    0.758689999317670E-01   -0.699640321949291E+00
    0.868014455832596E-01   -0.725648914870359E+00
    0.989028627683670E-01   -0.749891020980261E+00
    0.109385688937201E+00   -0.770173767786812E+00
    0.108325969670704E+00   -0.779016138378258E+00
    0.786360679015893E-01   -0.763431658409564E+00
   -0.195581258242024E-01   -0.698713823207392E+00
   -0.255666492157391E+00   -0.561602938524524E+00
   -0.709901850726854E+00   -0.351864479968335E+00
   -0.958967315380190E+00   -0.112734586011827E+00
    0.000000000000000E+00    0.000000000000000E+00
    0.000000000000000E+00    0.000000000000000E+00
    0.150646482179327E-02   -0.115394122574294E-02
    0.821419471405372E-02   -0.497404119698729E-02
    0.170551981668657E-01   -0.115763216420637E-01
    0.266103893705746E-01   -0.213526391903804E-01
    0.361920166999182E-01   -0.340751606371555E-01
    0.455101846968288E-01   -0.498036809224229E-01
    0.543678636159463E-01   -0.683162840643436E-01
    0.627021267806846E-01   -0.895998005946240E-01
    0.704335000745339E-01   -0.113410363588463E+00
    0.775406773792878E-01   -0.139655123961634E+00
    0.839588255717323E-01   -0.168076560825055E+00
    0.896651270108194E-01   -0.198535556031773E+00
    0.945828653793481E-01   -0.230746954237265E+00
    0.986870239661821E-01   -0.264524381541545E+00
    0.101893436781689E+00   -0.299552266852558E+00
    0.104193072814445E+00   -0.335593953567997E+00
    0.105513066614274E+00   -0.372312409886305E+00
    0.105891798099883E+00   -0.409421253759375E+00
    0.105295325623436E+00   -0.446589184602741E+00
    0.103851715818468E+00   -0.483490584294671E+00
    0.101597946840897E+00   -0.519847082893130E+00
    0.988022455142575E-01   -0.555315427066189E+00
    0.956050969434551E-01   -0.589734807833003E+00
    0.924632621128950E-01   -0.622765310177954E+00
    0.896464971147947E-01   -0.654435079812469E+00
    0.878099298700707E-01   -0.684386719414596E+00
    0.873506749670953E-01   -0.712885779957037E+00
    0.889534269435600E-01   -0.739362575496993E+00
    0.930068360070733E-01   -0.764249650610029E+00
    0.993867124319200E-01   -0.786108090361999E+00
    0.107737313304966E+00   -0.805038012077765E+00
    0.114178271951729E+00   -0.816923448624290E+00
    0.115109074080445E+00   -0.820003327532527E+00
    0.926175892382696E-01   -0.802412820126528E+00
    0.292621393880060E-01   -0.755651585502791E+00
   -0.129953138039725E+00   -0.660081451558973E+00
   -0.432345539267209E+00   -0.500178528976087E+00
   -0.880785724122902E+00   -0.300877989207479E+00
   -0.114966957540703E+01   -0.906767595549331E-01
    0.000000000000000E+00    0.000000000000000E+00
    0.000000000000000E+00    0.000000000000000E+00
    0.424595093981223E-02   -0.153234123123113E-02
    0.139491945453915E-01   -0.636167075930414E-02
    0.261036591853202E-01   -0.144581875801981E-01
    0.388063245692507E-01   -0.259591871451805E-01
    0.514910342142553E-01   -0.406556556718480E-01
    0.637808552922084E-01   -0.584803556090551E-01
    0.754999914910482E-01   -0.792639186257745E-01
    0.865458620942696E-01   -0.102919913819414E+00
    0.968277081718722E-01   -0.129256764848957E+00
    0.106312154626256E+00   -0.158139458013295E+00
    0.114901247161973E+00   -0.189344690279615E+00
    0.122575793694010E+00   -0.222709808113972E+00
    0.129208050942537E+00   -0.257958413549472E+00
    0.134788047259725E+00   -0.294896887975138E+00
    0.139166182208853E+00   -0.333185085870980E+00
    0.142361272134944E+00   -0.372597372955391E+00
    0.144227741133988E+00   -0.412729254813798E+00
    0.144847221792207E+00   -0.453324328118955E+00
    0.144118323376057E+00   -0.493930736590482E+00
    0.142226790586896E+00   -0.534269890735027E+00
    0.139166273953645E+00   -0.573878211094174E+00
    0.135265882986645E+00   -0.612470012917071E+00
    0.130669295153036E+00   -0.649616830905151E+00
    0.125868291266031E+00   -0.685036906568922E+00
    0.121194451484908E+00   -0.718368382357054E+00
    0.117255696705596E+00   -0.749307325015967E+00
    0.114519782545730E+00   -0.777503663707833E+00
    0.113461828043369E+00   -0.802482067317637E+00
    0.114282770848417E+00   -0.823594913101568E+00
    0.116448400576771E+00   -0.839753504877992E+00
    0.118323417053001E+00   -0.849022016216486E+00
    0.115537911501663E+00   -0.848489441796418E+00
    0.994507477358423E-01   -0.832603745305303E+00
    0.535255666830736E-01   -0.794165490768175E+00
   -0.526049709888447E-01   -0.721468229321083E+00
   -0.265306538318633E+00   -0.604598874584110E+00
   -0.625780726094438E+00   -0.440439200078804E+00
   -0.115455835674478E+01   -0.249103086673619E+00
   -0.129790064951470E+01   -0.770825986295204E-01
    0.000000000000000E+00    0.000000000000000E+00
    0.000000000000000E+00    0.000000000000000E+00
    0.770539507055947E-02   -0.185485407512647E-02
    0.210929339060733E-01   -0.749065887920756E-02
    0.366252776444138E-01   -0.167417214411709E-01
    0.526976681893529E-01   -0.296279796213076E-01
    0.685868621187361E-01   -0.458153435032205E-01
    0.839839971958056E-01   -0.652705747857663E-01
    0.986541212607914E-01   -0.877123123181157E-01
    0.112520779224645E+00   -0.113134647952691E+00
    0.125456565288424E+00   -0.141252791751866E+00
    0.137424969239068E+00   -0.172029821712487E+00
    0.148306026066404E+00   -0.205157547445252E+00
    0.158053474462578E+00   -0.240567302461887E+00
    0.166530846690312E+00   -0.277903836287210E+00
    0.173677985492654E+00   -0.317051128908517E+00
    0.179351321112225E+00   -0.357596077552023E+00
    0.183498480835990E+00   -0.399361244871956E+00
    0.186000128101291E+00   -0.441878848764006E+00
    0.186850913930888E+00   -0.484893329313006E+00
    0.186001071062116E+00   -0.527906606110656E+00
    0.183542759439208E+00   -0.570569536562502E+00
    0.179546299947305E+00   -0.612399661213423E+00
    0.174251616627865E+00   -0.652936978622448E+00
    0.167892016752338E+00   -0.691774137632119E+00
    0.160875825129222E+00   -0.728305116154238E+00
    0.153609067562765E+00   -0.762246263341027E+00
    0.146577389700992E+00   -0.792747563617743E+00
    0.140266315565217E+00   -0.819626561441596E+00
    0.134800897704244E+00   -0.841532176067309E+00
    0.130329047550547E+00   -0.858149487418487E+00
    0.125177790029527E+00   -0.867038236655800E+00
    0.117749097312730E+00   -0.867009229437593E+00
    0.100413243455609E+00   -0.853378155315095E+00
    0.653810293232877E-01   -0.822378062094928E+00
   -0.108028550695889E-01   -0.766473430779755E+00
   -0.152896148604846E+00   -0.677579747274050E+00
   -0.407214171787860E+00   -0.552183337675519E+00
   -0.800201593632923E+00   -0.387938713455677E+00
   -0.127801177515607E+01   -0.213435028201614E+00
   -0.142042509225522E+01   -0.639689049613328E-01
    0.000000000000000E+00    0.000000000000000E+00
    0.000000000000000E+00    0.000000000000000E+00
    0.116111573336400E-01   -0.206372354255404E-02
    0.287949018866306E-01   -0.827651324430854E-02
    0.481978702721704E-01   -0.183728998478145E-01
    0.677818749591099E-01   -0.322198673934974E-01
    0.870065490893829E-01   -0.494843099790975E-01
    0.105545978740770E+00   -0.700272414218391E-01
    0.123215995040939E+00   -0.936061338502845E-01
    0.139923394336295E+00   -0.120146889762839E+00
    0.155548522599456E+00   -0.149419510902575E+00
    0.170037718704061E+00   -0.181348663277495E+00
    0.183254865670200E+00   -0.215678525187781E+00
    0.195135668161383E+00   -0.252317401328469E+00
    0.205509525334343E+00   -0.290948025835548E+00
    0.214297869260101E+00   -0.331443248259287E+00
    0.221308947688966E+00   -0.373400417725341E+00
    0.226473455306061E+00   -0.416642369684626E+00
    0.229615979656365E+00   -0.460669018661595E+00
    0.230718301371060E+00   -0.505238807490880E+00
    0.229676176518278E+00   -0.549760004405985E+00
    0.226573024174318E+00   -0.593916066460594E+00
    0.221437557813898E+00   -0.637046257075374E+00
    0.214498191218646E+00   -0.678750262346107E+00
    0.205964258906932E+00   -0.718325814659879E+00
    0.196212905985817E+00   -0.755270751756491E+00
    0.185617809172595E+00   -0.788839476203890E+00
    0.174592176081061E+00   -0.818369788199230E+00
    0.163462771282303E+00   -0.842968067400031E+00
    0.152247013970121E+00   -0.861648635619222E+00
    0.140463040850046E+00   -0.873023981065916E+00
    0.126433215053396E+00   -0.875399135744157E+00
    0.106621941498542E+00   -0.866109101177017E+00
    0.741309527365733E-01   -0.842026143661264E+00
    0.165833340244227E-01   -0.798189621224841E+00
   -0.862220993878674E-01   -0.729742558153779E+00
   -0.264164618842860E+00   -0.630860933236863E+00
   -0.557942651933925E+00   -0.499519978879006E+00
   -0.978255104220284E+00   -0.342739494332417E+00
   -0.150000682956960E+01   -0.181638869833826E+00
   -0.152754601366460E+01   -0.519629430700751E-01
    0.000000000000000E+00    0.000000000000000E+00
    0.000000000000000E+00    0.000000000000000E+00
    0.159359385267141E-01   -0.222273015235940E-02
    0.374200043623045E-01   -0.880838394975535E-02
    0.605704315090695E-01   -0.194244933178745E-01
    0.837417930292384E-01   -0.338735265642979E-01
    0.106292110497296E+00   -0.517347909106878E-01
    0.127988365038827E+00   -0.728963941610478E-01
    0.148635452069020E+00   -0.970351136695776E-01
    0.168183135623169E+00   -0.124139944251071E+00
    0.186492439678082E+00   -0.153913901161646E+00
    0.203519248408892E+00   -0.186369702317095E+00
    0.219100894746879E+00   -0.221190382014115E+00
    0.233157829423238E+00   -0.258378172989863E+00
    0.245489292134444E+00   -0.297557411479967E+00
    0.255978482728240E+00   -0.338685007005665E+00
    0.264404530860168E+00   -0.381302837548359E+00
    0.270638086095215E+00   -0.425288297706502E+00
    0.274482529514260E+00   -0.470095008300555E+00
    0.275840373914656E+00   -0.515481064458390E+00
    0.274601445699931E+00   -0.560830616679015E+00
    0.270754734782474E+00   -0.605739610683067E+00
    0.264342864100940E+00   -0.649565611352179E+00
    0.255485225605236E+00   -0.691695475244014E+00
    0.244423189068445E+00   -0.731514184541204E+00
    0.231391522450249E+00   -0.768140295335701E+00
    0.216807676024304E+00   -0.801015948524747E+00
    0.200832153772738E+00   -0.828896188587986E+00
    0.183854460980475E+00   -0.851213881204776E+00
    0.165313415982354E+00   -0.866185787428039E+00
    0.144889483682679E+00   -0.872948119628315E+00
    0.119525213064720E+00   -0.868888806664101E+00
    0.862574490774010E-01   -0.852176310776953E+00
    0.353331963116000E-01   -0.819138680341313E+00
   -0.436421185300336E-01   -0.766112244096953E+00
   -0.174290604440107E+00   -0.689499820493204E+00
   -0.381071424905822E+00   -0.584840578323690E+00
   -0.697784045301305E+00   -0.454886177716516E+00
   -0.112908548452710E+01   -0.304616317235102E+00
   -0.158746534605866E+01   -0.158572397815752E+00
   -0.161630373614885E+01   -0.441941887403943E-01
    0.000000000000000E+00    0.000000000000000E+00
    0.000000000000000E+00    0.000000000000000E+00
    0.203940291398349E-01   -0.228424309446467E-02
    0.460179713527050E-01   -0.904296779284306E-02
    0.732656102810182E-01   -0.198839654127502E-01
    0.100045817614626E+00   -0.345335135167986E-01
    0.125940614335822E+00   -0.525884003249240E-01
    0.150741755982947E+00   -0.738556412773114E-01
    0.174332249863677E+00   -0.980642443382444E-01
    0.196663438378227E+00   -0.125142452153696E+00
    0.217630453317981E+00   -0.154864922591839E+00
    0.237166582097819E+00   -0.187202532045223E+00
    0.255117659381665E+00   -0.221916608129881E+00
    0.271363379966639E+00   -0.258977570307925E+00
    0.285690517148649E+00   -0.298082348023535E+00
    0.297928163128460E+00   -0.339162679800585E+00
    0.307824391894320E+00   -0.381811711539243E+00
    0.315187070667289E+00   -0.425888050940505E+00
    0.319773419048795E+00   -0.470855504735831E+00
    0.321420458355441E+00   -0.516465213201204E+00
    0.319962209857242E+00   -0.562045793548906E+00
    0.315325340946972E+00   -0.607209876808557E+00
    0.307491442118853E+00   -0.651164951562732E+00
    0.296524528045212E+00   -0.693358123119416E+00
    0.282592447550489E+00   -0.732897748679538E+00
    0.265884132240440E+00   -0.769036831222687E+00
    0.246686913563513E+00   -0.800781519469549E+00
    0.225138766080237E+00   -0.827141012456150E+00
    0.201310591050901E+00   -0.846930362842160E+00
    0.174709116456467E+00   -0.858805429153510E+00
    0.144203057427800E+00   -0.861137594004780E+00
    0.107126993847099E+00   -0.852022589162983E+00
    0.586921451852593E-01   -0.828969680466566E+00
   -0.951359884540628E-02   -0.789317372603531E+00
   -0.110873435160286E+00   -0.729704379690503E+00
   -0.265747652143785E+00   -0.647472911784849E+00
   -0.499369006118169E+00   -0.541034400036638E+00
   -0.842824470125980E+00   -0.412459722725440E+00
   -0.128520858786513E+01   -0.271869889757843E+00
   -0.177252999288450E+01   -0.138549950120870E+00
   -0.169466770574907E+01   -0.382327697052822E-01
    0.000000000000000E+00    0.000000000000000E+00
    0.000000000000000E+00    0.000000000000000E+00
    0.250017937435379E-01   -0.230569937708699E-02
    0.550881811240748E-01   -0.905989334513946E-02
    0.860970031150727E-01   -0.198421708243327E-01
    0.116411349415377E+00   -0.343614211275743E-01
    0.145532437308492E+00   -0.521622467040345E-01
    0.173359186297127E+00   -0.730970483979066E-01
    0.199791293622744E+00   -0.968381722218884E-01
    0.224842170724630E+00   -0.123387578438987E+00
    0.248397391122749E+00   -0.152465947028521E+00
    0.270420282159960E+00   -0.184143847549540E+00
    0.290721489944545E+00   -0.218127510187971E+00
    0.309184555443895E+00   -0.254500722451513E+00
    0.325541499935211E+00   -0.292901338490116E+00
    0.339599356342692E+00   -0.333373024093011E+00
    0.351039111532345E+00   -0.375446693487956E+00
    0.359619677925998E+00   -0.419069322880263E+00
    0.365028569284666E+00   -0.463647319029348E+00
    0.367026695013949E+00   -0.508966867559225E+00
    0.365388184615060E+00   -0.554321209064281E+00
    0.359936785799436E+00   -0.599268161419869E+00
    0.350617066841251E+00   -0.643028649695849E+00
    0.337358949822240E+00   -0.684867426638318E+00
    0.320327646088430E+00   -0.723988089987749E+00
    0.299522619820536E+00   -0.759305889763328E+00
    0.275276543283878E+00   -0.790036125684670E+00
    0.247407216139315E+00   -0.814695074783135E+00
    0.216115081527857E+00   -0.832444066012516E+00
    0.180281583474955E+00   -0.841352398428550E+00
    0.139105869141589E+00   -0.840285672073101E+00
    0.887025992193403E-01   -0.826854233126681E+00
    0.251444301182656E-01   -0.799209137284374E+00
   -0.618992136736709E-01   -0.754776999639714E+00
   -0.183686033070041E+00   -0.690899341756929E+00
   -0.361513084604937E+00   -0.606411819400164E+00
   -0.616492952423415E+00   -0.499914369772423E+00
   -0.970964441193085E+00   -0.376651394489338E+00
   -0.141267830003209E+01   -0.244210450603117E+00
   -0.183391358145110E+01   -0.122829596037012E+00
   -0.176205991767583E+01   -0.336457476446360E-01
    0.000000000000000E+00    0.000000000000000E+00
    0.000000000000000E+00    0.000000000000000E+00
    0.294849829865244E-01   -0.224459528764528E-02
    0.636149238951911E-01   -0.882030293320314E-02
    0.986015491099657E-01   -0.192842595983937E-01
    0.132346054575562E+00   -0.333086150529264E-01
    0.164606876319207E+00   -0.504866804904005E-01
    0.195325355612830E+00   -0.706134464684042E-01
    0.224501707677119E+00   -0.934390133035898E-01
    0.252159045162047E+00   -0.118912269550849E+00
    0.278243073300317E+00   -0.146852305891682E+00
    0.302687050851225E+00   -0.177281252071612E+00
    0.325336162574715E+00   -0.210017524996733E+00
    0.346011272602459E+00   -0.245097949509781E+00
    0.364454578266884E+00   -0.282275756394973E+00
    0.380384715020072E+00   -0.321547335531076E+00
    0.393467505278862E+00   -0.362545885280248E+00
    0.403355375059908E+00   -0.405172473474901E+00
    0.409695388805880E+00   -0.448899695231970E+00
    0.412134578087955E+00   -0.493477627555042E+00
    0.410383486232897E+00   -0.538200348875064E+00
    0.404158588293390E+00   -0.582616144374404E+00
    0.393318927866041E+00   -0.625849510218456E+00
    0.377710259438671E+00   -0.667207960688064E+00
    0.357380390451783E+00   -0.705673867305311E+00
    0.332288226542599E+00   -0.740289950988181E+00
    0.302574552271868E+00   -0.769914279196187E+00
    0.268096880365048E+00   -0.793308384682088E+00
    0.228678650770702E+00   -0.809167975796381E+00
    0.183412420368994E+00   -0.815947183733633E+00
    0.130723637015216E+00   -0.812053930750801E+00
    0.673394007588673E-01   -0.795608249591522E+00
   -0.120643951690794E-01   -0.764618418353662E+00
   -0.116336337643380E+00   -0.717028844700932E+00
   -0.258341655699148E+00   -0.650968794205590E+00
   -0.456652527209316E+00   -0.565407083581110E+00
   -0.730997716370668E+00   -0.461303850203359E+00
   -0.110319038343679E+01   -0.342707934511348E+00
   -0.154732170782813E+01   -0.219998649310016E+00
   -0.199182967018623E+01   -0.109320619253872E+00
   -0.182287320178349E+01   -0.295589574079234E-01
    0.000000000000000E+00    0.000000000000000E+00
    0.000000000000000E+00    0.000000000000000E+00
    0.338851383414508E-01   -0.214989479580504E-02
    0.722177222553453E-01   -0.839437627034203E-02
    0.110635580892077E+00   -0.182876931507264E-01
    0.147592930208080E+00   -0.315222106384375E-01
    0.182765269940344E+00   -0.476670929097239E-01
    0.216212132193466E+00   -0.665897220247187E-01
    0.247960302551019E+00   -0.880009104483578E-01
    0.278113171706602E+00   -0.111945275016669E+00
    0.306608510947837E+00   -0.138194457200649E+00
    0.333431737627726E+00   -0.166892765453923E+00
    0.358381319932893E+00   -0.197801153932437E+00
    0.381303889914810E+00   -0.231099618226518E+00
    0.401861897675029E+00   -0.266471998739038E+00
    0.419770450306344E+00   -0.304066675430476E+00
    0.434590542503059E+00   -0.343437111788180E+00
    0.445937708914962E+00   -0.384623281260208E+00
    0.453341235468107E+00   -0.427016591839812E+00
    0.456375064084142E+00   -0.470460717807974E+00
    0.454636963458623E+00   -0.514186457849439E+00
    0.447733048722146E+00   -0.557750448495052E+00
    0.435437151057359E+00   -0.600262015145464E+00
    0.417443910654737E+00   -0.640913424052669E+00
    0.393768077491294E+00   -0.678755731911438E+00
    0.364158491279127E+00   -0.712572695665610E+00
    0.328803111226503E+00   -0.741404591899654E+00
    0.287235226571452E+00   -0.763631592556016E+00
    0.239453774445592E+00   -0.778254627730536E+00
    0.183999153331360E+00   -0.783316295229526E+00
    0.119716835436463E+00   -0.777632677261258E+00
    0.424249560789590E-01   -0.759086173207169E+00
   -0.522623630902094E-01   -0.726138979774918E+00
   -0.174264882862341E+00   -0.677035241314326E+00
   -0.334512768010942E+00   -0.610243126184971E+00
   -0.551089502389109E+00   -0.526000587009895E+00
   -0.840766313971031E+00   -0.424962867926218E+00
   -0.121652561723290E+01   -0.313113817842242E+00
   -0.165360356828885E+01   -0.198677579969602E+00
   -0.203283839394016E+01   -0.977633256306150E-01
   -0.187571064027087E+01   -0.262629601320012E-01
    0.000000000000000E+00    0.000000000000000E+00
    0.000000000000000E+00    0.000000000000000E+00
    0.379407994071816E-01   -0.198189065133565E-02
    0.798266292330849E-01   -0.773727996186893E-02
    0.121770916762747E+00   -0.168330336430729E-01
    0.161712068181142E+00   -0.289476438657083E-01
    0.199609722087207E+00   -0.437307511814722E-01
    0.235568486873167E+00   -0.610119733644961E-01
    0.269733301285999E+00   -0.806069323245887E-01
    0.302216106847845E+00   -0.102512305299841E+00
    0.333037411983162E+00   -0.126626568577614E+00
    0.362143512573819E+00   -0.153037999602322E+00
    0.389391501827857E+00   -0.181654775506126E+00
    0.414546327733756E+00   -0.212592936250991E+00
    0.437302246414983E+00   -0.245697212142208E+00
    0.457256169747468E+00   -0.281044235636665E+00
    0.473969060811558E+00   -0.318347160166426E+00
    0.486910259208580E+00   -0.357570042885321E+00
    0.495573577120643E+00   -0.398238004727511E+00
    0.499373177783249E+00   -0.440125156185916E+00
    0.497835672005201E+00   -0.482536387164295E+00
    0.490415756487806E+00   -0.524984678489240E+00
    0.476781852617952E+00   -0.566557505833697E+00
    0.456514259033945E+00   -0.606457166120261E+00
    0.429482875483743E+00   -0.643590288825191E+00
    0.395394224737890E+00   -0.676834339270789E+00
    0.354222946590097E+00   -0.704963986891132E+00
    0.305580605640972E+00   -0.726556925963860E+00
    0.249108987390090E+00   -0.740281397998644E+00
    0.183637656360640E+00   -0.744474132590285E+00
    0.107389545493463E+00   -0.737692794011973E+00
    0.168713028986266E-01   -0.718153409057474E+00
   -0.932242158261765E-01   -0.684404658384157E+00
   -0.231417812600559E+00   -0.634918971865808E+00
   -0.409237034023373E+00   -0.568985707906087E+00
   -0.642663136519683E+00   -0.486645509305556E+00
   -0.946123631429565E+00   -0.390262143141588E+00
   -0.133364666173615E+01   -0.284588207683240E+00
   -0.176908254172659E+01   -0.179223845540097E+00
   -0.217011112145541E+01   -0.874967978635927E-01
   -0.192377829667374E+01   -0.231993425977355E-01
    0.000000000000000E+00    0.000000000000000E+00
    0.000000000000000E+00    0.000000000000000E+00
    0.417070480545920E-01   -0.178312395098478E-02
    0.871561141424460E-01   -0.691538681496701E-02
    0.131888973343968E+00   -0.149845694874888E-01
    0.174466947595893E+00   -0.257201440655491E-01
    0.214755634940227E+00   -0.387708159981793E-01
    0.252984700441747E+00   -0.540629152718866E-01
    0.289324436092380E+00   -0.713849573222243E-01
    0.323981404087211E+00   -0.908509777848644E-01
    0.356964074604134E+00   -0.112313665283537E+00
    0.388291098310787E+00   -0.136006765083370E+00
    0.417761481797700E+00   -0.161774363865116E+00
    0.445187991839028E+00   -0.189906563386202E+00
    0.470163714221709E+00   -0.220165455226244E+00
    0.492302175797696E+00   -0.252823089876108E+00
    0.511025692205789E+00   -0.287493355929825E+00
    0.525781591207868E+00   -0.324337994607473E+00
    0.535899382581431E+00   -0.362774625038884E+00
    0.540727423725135E+00   -0.402744434863502E+00
    0.539623978660826E+00   -0.443455680122892E+00
    0.531932993074130E+00   -0.484513800607226E+00
    0.517181970288674E+00   -0.524951569339028E+00
    0.494796184049679E+00   -0.563945291283461E+00
    0.464569555795406E+00   -0.600426131247708E+00
    0.426002695620355E+00   -0.633104257465152E+00
    0.379099729537970E+00   -0.660887841473893E+00
    0.323185864591862E+00   -0.682070339175673E+00
    0.258090665927157E+00   -0.695567449334561E+00
    0.182218326894219E+00   -0.699410977244756E+00
    0.942387495517730E-01   -0.692487874169177E+00
   -0.992745705163312E-02   -0.672874673643168E+00
   -0.134673930477315E+00   -0.639451416213152E+00
   -0.288949843849683E+00   -0.590986191551603E+00
   -0.482621088444027E+00   -0.526919101902231E+00
   -0.730423500453962E+00   -0.448228234958551E+00
   -0.104474639815666E+01   -0.356811911792721E+00
   -0.143133645334318E+01   -0.258594083945908E+00
   -0.185661951330390E+01   -0.161344235098793E+00
   -0.219475379783165E+01   -0.781531131080546E-01
   -0.196582896637697E+01   -0.205984500382763E-01
    0.000000000000000E+00    0.000000000000000E+00
    0.000000000000000E+00    0.000000000000000E+00
    0.449310765584859E-01   -0.151814378682883E-02
    0.930956673975088E-01   -0.588344317756582E-02
    0.140603677798685E+00   -0.127307170019699E-01
    0.185476077760217E+00   -0.217949633463688E-01
    0.227880249127946E+00   -0.328311931217521E-01
    0.268084050913862E+00   -0.457442072027428E-01
    0.306386715528422E+00   -0.604469866752496E-01
    0.342996829468652E+00   -0.770091086991699E-01
    0.378022523925386E+00   -0.954301686800503E-01
    0.411435362679473E+00   -0.115881009633842E+00
    0.443113814168317E+00   -0.138379701603045E+00
    0.472775632257859E+00   -0.163137257283569E+00
    0.500066913604288E+00   -0.190116280537884E+00
    0.524460394390275E+00   -0.219495408153505E+00
    0.545395847167922E+00   -0.251104873933329E+00
    0.562139919126542E+00   -0.285003383125151E+00
    0.573996444554623E+00   -0.320816496932353E+00
    0.580108220557155E+00   -0.358383955092518E+00
    0.579762090351633E+00   -0.397075826684427E+00
    0.572099162713452E+00   -0.436417959849576E+00
    0.556532848922539E+00   -0.475514850099379E+00
    0.532327942152730E+00   -0.513513068088816E+00
    0.499124892803558E+00   -0.549291660730711E+00
    0.456354247821122E+00   -0.581608801066559E+00
    0.403817275929765E+00   -0.609197205162882E+00
    0.340916071418784E+00   -0.630489298376346E+00
    0.267189808103661E+00   -0.644162233230694E+00
    0.181347847200227E+00   -0.648458748101174E+00
    0.816317216155680E-01   -0.642104481673564E+00
   -0.353635645240593E-01   -0.623390934248545E+00
   -0.174520675583249E+00   -0.591337275277959E+00
   -0.343561983775118E+00   -0.544791771171056E+00
   -0.552262360914298E+00   -0.483872363732660E+00
   -0.813820033401841E+00   -0.409246317267575E+00
   -0.113797523557140E+01   -0.323964592913299E+00
   -0.153254839268327E+01   -0.232866827999946E+00
   -0.195449622510532E+01   -0.144368477507420E+00
   -0.231500233130119E+01   -0.694881062057947E-01
   -0.200376539997361E+01   -0.181201945563423E-01
    0.000000000000000E+00    0.000000000000000E+00
    0.000000000000000E+00    0.000000000000000E+00
    0.476792383142809E-01   -0.122470563272643E-02
    0.984342028177262E-01   -0.470828503386848E-02
    0.147820082528358E+00   -0.101332358716976E-01
    0.194530745048361E+00   -0.173116916009296E-01
    0.238623235019278E+00   -0.260169918505195E-01
    0.280489629053005E+00   -0.362669001609986E-01
    0.320446151422217E+00   -0.479547701273759E-01
    0.358803771966546E+00   -0.612798815079026E-01
    0.395652911607858E+00   -0.761948034617551E-01
    0.431053398831431E+00   -0.930288643959400E-01
    0.464818810083843E+00   -0.111729397413562E+00
    0.496735707835476E+00   -0.132701906458907E+00
    0.526335865690702E+00   -0.155816270898070E+00
    0.553131383816876E+00   -0.181481870682908E+00
    0.576397866812788E+00   -0.209416063835971E+00
    0.595401141336058E+00   -0.239931563705578E+00
    0.609238052657084E+00   -0.272527426156997E+00
    0.617002530757590E+00   -0.307289849095626E+00
    0.617752686739212E+00   -0.343465221344395E+00
    0.610531127457824E+00   -0.380770025527100E+00
    0.594538723821974E+00   -0.418217074507415E+00
    0.568897297249611E+00   -0.455033101166775E+00
    0.533101761637188E+00   -0.490075177250475E+00
    0.486401124749725E+00   -0.522033906092085E+00
    0.428573891346240E+00   -0.549722753729642E+00
    0.358797450774857E+00   -0.571370294897199E+00
    0.276770709947619E+00   -0.585845859775232E+00
    0.180921227585095E+00   -0.591138222434150E+00
    0.699178755001016E-01   -0.586244105490589E+00
   -0.599396896112114E-01   -0.569318042895131E+00
   -0.212694053560477E+00   -0.539639906291612E+00
   -0.396031895508133E+00   -0.496251783330577E+00
   -0.618344833290540E+00   -0.439330537989387E+00
   -0.891218959964128E+00   -0.370182259061750E+00
   -0.122305888937214E+01   -0.291330593814423E+00
   -0.161409939561962E+01   -0.208351510224237E+00
   -0.202464186742744E+01   -0.128042108866386E+00
   -0.232519047187241E+01   -0.611913484976013E-01
   -0.203665064899703E+01   -0.158168336607864E-01
    0.000000000000000E+00    0.000000000000000E+00
    0.000000000000000E+00    0.000000000000000E+00
    0.497112884900187E-01   -0.875641949430234E-03
    0.102049569505952E+00   -0.335656911150079E-02
    0.153207839440495E+00   -0.720477914531605E-02
    0.201321758668395E+00   -0.122601287583534E-01
    0.246752104463334E+00   -0.184167973556462E-01
    0.289915171536064E+00   -0.256854490765864E-01
    0.331256275117448E+00   -0.340890782054294E-01
    0.371080187965267E+00   -0.437852320658355E-01
    0.409585972297028E+00   -0.548769289306249E-01
    0.446783014489676E+00   -0.676255178584395E-01
    0.482581123635737E+00   -0.821617675578301E-01
    0.516668037890636E+00   -0.988013665029809E-01
    0.548650574757993E+00   -0.117638696453784E+00
    0.577888827731972E+00   -0.138974686233467E+00
    0.603699537809188E+00   -0.162789549120192E+00
    0.625142193391338E+00   -0.189273713081807E+00
    0.641308780808755E+00   -0.218207862425894E+00
    0.651043051246775E+00   -0.249552470032797E+00
    0.653345757161781E+00   -0.282814634777279E+00
    0.646994367465401E+00   -0.317600791807018E+00
    0.631082930789476E+00   -0.353109109194078E+00
    0.604501916700232E+00   -0.388498869019088E+00
    0.566601292239982E+00   -0.422686938091525E+00
    0.516494744250754E+00   -0.454365799268669E+00
    0.453787763257814E+00   -0.482267602844173E+00
    0.377686039912860E+00   -0.504704234218059E+00
    0.287684879858525E+00   -0.520371792710140E+00
    0.182480007136049E+00   -0.527404315903343E+00
    0.605095555172000E-01   -0.524662663068322E+00
   -0.813187945571423E-01   -0.510442754647033E+00
   -0.247175022563622E+00   -0.484115673145221E+00
   -0.443713887593589E+00   -0.444732978136589E+00
   -0.678787441974655E+00   -0.392948143767629E+00
   -0.962906313814959E+00   -0.329729886977569E+00
   -0.130183413495215E+01   -0.258341910695507E+00
   -0.169857949991975E+01   -0.183390091207466E+00
   -0.210552659626480E+01   -0.111953027649877E+00
   -0.243013608937896E+01   -0.531116343445958E-01
   -0.206573427727364E+01   -0.135426906664831E-01
    0.000000000000000E+00    0.000000000000000E+00
    0.000000000000000E+00    0.000000000000000E+00
    0.511083672212407E-01   -0.503204837475258E-03
    0.104793461660266E+00   -0.189681893865814E-02
    0.156711860976221E+00   -0.401671127168682E-02
    0.205692535528926E+00   -0.680150021966502E-02
    0.251962938223587E+00   -0.101774714386160E-01
    0.296050668383586E+00   -0.142725324524896E-01
    0.338405012881767E+00   -0.190934013535622E-01
    0.379431298337988E+00   -0.249235489858468E-01
    0.419307268136871E+00   -0.318167465893777E-01
    0.458140185869119E+00   -0.401866008406285E-01
    0.495776857852798E+00   -0.500893789533098E-01
    0.531993075495951E+00   -0.620346709777803E-01
    0.566281709220310E+00   -0.760210858982235E-01
    0.598068787379281E+00   -0.925955084869423E-01
    0.626496203373030E+00   -0.111622995298230E+00
    0.650653481926483E+00   -0.133589366886844E+00
    0.669393489359677E+00   -0.158144913100949E+00
    0.681542647028686E+00   -0.185570970462048E+00
    0.685812010252778E+00   -0.215240960247774E+00
    0.680910192700282E+00   -0.247057667564147E+00
    0.665629791131609E+00   -0.280106447301350E+00
    0.638747596899181E+00   -0.313749372455073E+00
    0.599363930963131E+00   -0.346847337200636E+00
    0.546449754005525E+00   -0.378139072565364E+00
    0.479489169717786E+00   -0.406394064392601E+00
    0.397534687834845E+00   -0.429797113231238E+00
    0.300163953801368E+00   -0.447190626593150E+00
    0.185931896851078E+00   -0.456472813856157E+00
    0.536412047511893E-01   -0.456733523875584E+00
   -0.998479926593888E-01   -0.446077222204499E+00
   -0.277966067024923E+00   -0.424092599645549E+00
   -0.487002346935555E+00   -0.389881099326152E+00
   -0.733680519541253E+00   -0.344097921590769E+00
   -0.102675094144955E+01   -0.288106405864749E+00
   -0.137116258741802E+01   -0.224592088022089E+00
   -0.176303093320358E+01   -0.158657736835096E+00
   -0.215851327482809E+01   -0.958374944683859E-01
   -0.242649403764687E+01   -0.451022187588247E-01
   -0.209007250812143E+01   -0.112971729329928E-01
    0.000000000000000E+00    0.000000000000000E+00
    0.000000000000000E+00    0.000000000000000E+00
    0.516581728908090E-01   -0.939830332876053E-04
    0.105574909496709E+00   -0.319698995152602E-03
    0.158081479848883E+00   -0.618548161519226E-03
    0.207430975101497E+00   -0.980546651524039E-03
    0.254135871574499E+00   -0.145219237731371E-02
    0.298726652089193E+00   -0.216627575227137E-02
    0.341768271441942E+00   -0.324580421162225E-02
    0.383651999798415E+00   -0.493489009498832E-02
    0.424663255198731E+00   -0.741948243609973E-02
    0.464862960121749E+00   -0.110428243961483E-01
    0.504205653486050E+00   -0.160294253485949E-01
    0.542377997733477E+00   -0.227943063819575E-01
    0.578970956464541E+00   -0.315589277535113E-01
    0.613264576597452E+00   -0.427557764353927E-01
    0.644474119735422E+00   -0.565368431783386E-01
    0.671473648720570E+00   -0.732582721809404E-01
    0.693147839056700E+00   -0.929126712559214E-01
    0.708037466652070E+00   -0.115645166668471E+00
    0.714830797678452E+00   -0.141191147686346E+00
    0.711903492192182E+00   -0.169326947664738E+00
    0.697968913043924E+00   -0.199456206986762E+00
    0.671476414441290E+00   -0.230847996236245E+00
    0.631404800625544E+00   -0.262563954190182E+00
    0.576480601568931E+00   -0.293308582844850E+00
    0.506051136380089E+00   -0.321885122395732E+00
    0.419095825144242E+00   -0.346516990565953E+00
    0.315071533593344E+00   -0.365931873816805E+00
    0.192715061059049E+00   -0.378124440468650E+00
    0.507717917249666E-01   -0.382031785402601E+00
   -0.113389617600739E+00   -0.375853121199820E+00
   -0.303042971847811E+00   -0.359160063075896E+00
   -0.523633084657592E+00   -0.331026647843664E+00
   -0.781064550562683E+00   -0.292364310713849E+00
   -0.108337672666719E+01   -0.244186847216182E+00
   -0.143304214381081E+01   -0.189613942929175E+00
   -0.182941944524647E+01   -0.132827297807128E+00
   -0.222203662777638E+01   -0.794673322461683E-01
   -0.251656662846254E+01   -0.369393327426931E-01
   -0.211065215923339E+01   -0.904590068549124E-02
    0.000000000000000E+00    0.000000000000000E+00
    0.000000000000000E+00    0.000000000000000E+00
    0.514625135066211E-01    0.328078273649113E-03
    0.105305651253808E+00    0.130554446645924E-02
    0.157330779299704E+00    0.290070765624340E-02
    0.206470748732992E+00    0.500991693072255E-02
    0.253071980572592E+00    0.754979400795851E-02
    0.297749280930024E+00    0.102802323887771E-01
    0.341054356205884E+00    0.130954447746286E-01
    0.383466049168933E+00    0.156481990129575E-01
    0.425248379246127E+00    0.178040683721085E-01
    0.466561982109596E+00    0.190975936544192E-01
    0.507311290082394E+00    0.193786890712963E-01
    0.547287246911241E+00    0.180673819954630E-01
    0.585985293463688E+00    0.150331879896151E-01
    0.622781349053896E+00    0.961367557735230E-02
    0.656728351881918E+00    0.176152626167994E-02
    0.686771957848810E+00   -0.918661552185646E-02
    0.711548850524591E+00   -0.231079149171547E-01
    0.729631090298646E+00   -0.405221277222786E-01
    0.739370706666875E+00   -0.610459972222370E-01
    0.739123843442721E+00   -0.848534515776041E-01
    0.727208697329833E+00   -0.111243766008341E+00
    0.702006648216890E+00   -0.139825279564599E+00
    0.662111833380736E+00   -0.169599609583446E+00
    0.606155400250855E+00   -0.199456338848812E+00
    0.533209750617571E+00   -0.228216537280555E+00
    0.442170198081020E+00   -0.254071160466491E+00
    0.332435309129366E+00   -0.275866274877766E+00
    0.202722794934826E+00   -0.291370202852925E+00
    0.520280569631193E-01   -0.299721154131196E+00
   -0.122128000586099E+00   -0.298838219277008E+00
   -0.322405144807051E+00   -0.288476093021815E+00
   -0.553650720926285E+00   -0.267587843309357E+00
   -0.820866756998405E+00   -0.237028416522595E+00
   -0.113030565459967E+01   -0.197999269094805E+00
   -0.148401211019890E+01   -0.152956321185579E+00
   -0.187509791059262E+01   -0.106459446782972E+00
   -0.225710089942519E+01   -0.625428604674852E-01
   -0.249875586748203E+01   -0.286727037007419E-01
   -0.212635308076707E+01   -0.670726154244891E-02
    0.000000000000000E+00    0.000000000000000E+00
    0.000000000000000E+00    0.000000000000000E+00
    0.503615747693857E-01    0.757642354266861E-03
    0.102975604047117E+00    0.295828103682636E-02
    0.154319605434527E+00    0.645110486013480E-02
    0.202727521268923E+00    0.110633680129673E-01
    0.248791172155234E+00    0.166086486647968E-01
    0.293098397813863E+00    0.228350082397682E-01
    0.336289461990379E+00    0.295521875460662E-01
    0.378821698833214E+00    0.364504668716522E-01
    0.421055002758170E+00    0.433040045886386E-01
    0.463115773171421E+00    0.497169472055628E-01
    0.505020395768047E+00    0.554143812190221E-01
    0.546496182019557E+00    0.599090755803265E-01
    0.587158056702356E+00    0.628837620645654E-01
    0.626265457177127E+00    0.637861666553269E-01
    0.662983412513304E+00    0.622958292467400E-01
    0.696061572982001E+00    0.578719349851022E-01
    0.724221181349088E+00    0.502681510379284E-01
    0.745739704265615E+00    0.390920213937804E-01
    0.759004805054885E+00    0.242820055318759E-01
    0.761984832596519E+00    0.578343142917187E-02
    0.752970867959632E+00   -0.161615807191946E-01
    0.729908851385387E+00   -0.410688984228534E-01
    0.691308899176237E+00   -0.683145949918532E-01
    0.635410162384583E+00   -0.967441717913059E-01
    0.561178365214761E+00   -0.125370179257055E+00
    0.467278619285493E+00   -0.152399935318082E+00
    0.353042089443078E+00   -0.176651659609222E+00
    0.217225121028736E+00   -0.195958990421012E+00
    0.588864510392600E-01   -0.209280382044639E+00
   -0.124076464108746E+00   -0.214597862482826E+00
   -0.333968364244115E+00   -0.211499343901806E+00
   -0.574965113336627E+00   -0.198880545024491E+00
   -0.851093094428619E+00   -0.177610260754490E+00
   -0.116817359796561E+01   -0.148509715187762E+00
   -0.152601302893288E+01   -0.114219623845683E+00
   -0.192127426352654E+01   -0.783499903217792E-01
   -0.230195420451120E+01   -0.449686289579319E-01
   -0.257339969237879E+01   -0.199416965008516E-01
   -0.213819727616751E+01   -0.434025116669967E-02
    0.000000000000000E+00    0.000000000000000E+00
    0.000000000000000E+00    0.000000000000000E+00
    0.484822861374767E-01    0.118301242788974E-02
    0.995584105361529E-01    0.457036988861769E-02
    0.149163582147573E+00    0.992579750185011E-02
    0.196267518324745E+00    0.169579028060347E-01
    0.241251865716370E+00    0.254516856611712E-01
    0.284750434871181E+00    0.350713808846680E-01
    0.327368009161819E+00    0.456497571320795E-01
    0.369626531353059E+00    0.568134298125264E-01
    0.411866583324272E+00    0.683903332217049E-01
    0.454307578232906E+00    0.799145776606508E-01
    0.496938382224335E+00    0.911825217568828E-01
    0.539601114951899E+00    0.101601087639284E+00
    0.581852831612770E+00    0.110933506810066E+00
    0.623078247940737E+00    0.118452988650009E+00
    0.662323150292746E+00    0.123923666969018E+00
    0.698457131595230E+00    0.126531819480472E+00
    0.729984980715858E+00    0.126114816745345E+00
    0.755278320871267E+00    0.121896174850255E+00
    0.772383960657790E+00    0.113890589119665E+00
    0.779318429043718E+00    0.101573091531034E+00
    0.773911337904439E+00    0.852421397030034E-01
    0.754101000549752E+00    0.649047607775717E-01
    0.717872550846556E+00    0.412021621140490E-01
    0.663417259551039E+00    0.149326371721706E-01
    0.589228060209465E+00   -0.129636538290693E-01
    0.493930497079722E+00   -0.407977003769245E-01
    0.376586020378994E+00   -0.675240511493586E-01
    0.236008959165343E+00   -0.907818263229730E-01
    0.713161634766920E-01   -0.109727259015447E+00
   -0.119299460275954E+00   -0.121959178676583E+00
   -0.337703844698196E+00   -0.127218281887235E+00
   -0.587316807369405E+00   -0.124072504751191E+00
   -0.871477107941781E+00   -0.113258153390611E+00
   -0.119424882056203E+01   -0.955760225771637E-01
   -0.155530729307776E+01   -0.728545964801659E-01
   -0.194564231928046E+01   -0.490249071218600E-01
   -0.231738629905054E+01   -0.263558078080984E-01
   -0.254027829696935E+01   -0.109782070561387E-01
   -0.214465620714963E+01   -0.178777574008476E-02
    0.000000000000000E+00    0.000000000000000E+00
    0.000000000000000E+00    0.000000000000000E+00
    0.457450568397952E-01    0.157763132625302E-02
    0.941712886444646E-01    0.609560481816592E-02
    0.141862692660358E+00    0.132026349629414E-01
    0.187160946400432E+00    0.225371342660624E-01
    0.230638906731142E+00    0.338123346439183E-01
    0.272864753829591E+00    0.466821399276780E-01
    0.314495151041651E+00    0.609397728366972E-01
    0.356021624299858E+00    0.762486160305887E-01
    0.397859042562830E+00    0.924028246596929E-01
    0.440209716443332E+00    0.109002143968321E+00
    0.483168692626755E+00    0.125786950790004E+00
    0.526553845017484E+00    0.142248737230490E+00
    0.570055013033611E+00    0.158038502846650E+00
    0.612996447116655E+00    0.172525788160719E+00
    0.654572420734190E+00    0.185268391693349E+00
    0.693517047278351E+00    0.195553601283735E+00
    0.728480196025741E+00    0.202884977741333E+00
    0.757581266877598E+00    0.206582358319927E+00
    0.778980813897553E+00    0.206190148944224E+00
    0.790301743002422E+00    0.201262906608208E+00
    0.789424840129329E+00    0.191530488362883E+00
    0.773772037562996E+00    0.177048739680317E+00
    0.741300682856091E+00    0.157894647152800E+00
    0.689649675916742E+00    0.134873574379268E+00
    0.617226830009759E+00    0.108509851552800E+00
    0.522210059290872E+00    0.804565777564746E-01
    0.403597284955066E+00    0.516205908232081E-01
    0.260022509749358E+00    0.242938400026580E-01
    0.906966756960840E-01   -0.510770875306793E-03
   -0.105990317054085E+00   -0.204414891608855E-01
   -0.331464282826046E+00   -0.349063807310489E-01
   -0.588651441102192E+00   -0.423790450592336E-01
   -0.879859307743957E+00   -0.433223186261262E-01
   -0.120894311497519E+01   -0.380867402729754E-01
   -0.157358923505469E+01   -0.284301437317339E-01
   -0.196854595535942E+01   -0.172118334766942E-01
   -0.234131468105251E+01   -0.670160071888682E-02
   -0.259810537998598E+01   -0.124948245136446E-02
   -0.214707165116406E+01    0.809377036850058E-03
    0.000000000000000E+00    0.000000000000000E+00
    0.000000000000000E+00    0.000000000000000E+00
    0.423011573317656E-01    0.194571666378687E-02
    0.878488533297365E-01    0.746825423057458E-02
    0.132656603792171E+00    0.161663822228578E-01
    0.175639584135292E+00    0.275669985496744E-01
    0.217107195284935E+00    0.413787781379040E-01
    0.257632035378924E+00    0.572044511077125E-01
    0.297807144348642E+00    0.748711023220833E-01
    0.338160167949500E+00    0.940263731893673E-01
    0.379086897925601E+00    0.114520429086722E+00
    0.420867695327794E+00    0.135948310038543E+00
    0.463596323284270E+00    0.158116651188804E+00
    0.507206170221660E+00    0.180494223289180E+00
    0.551380758247212E+00    0.202799891542594E+00
    0.595590440546808E+00    0.224325039510546E+00
    0.638984378890340E+00    0.244688736798107E+00
    0.680461281073858E+00    0.263000251356826E+00
    0.718540013365806E+00    0.278806926741714E+00
    0.751501449870831E+00    0.291109358545327E+00
    0.777235515869338E+00    0.299467806440717E+00
    0.793492899538088E+00    0.302963067123590E+00
    0.797708058986866E+00    0.301297378962748E+00
    0.787364958851370E+00    0.293947887467142E+00
    0.759815094760602E+00    0.280908921143696E+00
    0.712686879972849E+00    0.262439426976705E+00
    0.643722875275329E+00    0.238903953729196E+00
    0.551064192543019E+00    0.211642250953435E+00
    0.433156985261612E+00    0.181328864503981E+00
    0.288702549548349E+00    0.150333097096779E+00
    0.116658421197143E+00    0.119412045190621E+00
   -0.842405800065072E-01    0.913866444339356E-01
   -0.315254734045522E+00    0.666719668492420E-01
   -0.578472873033041E+00    0.473914788386570E-01
   -0.875781125641047E+00    0.333010397233243E-01
   -0.120930296009617E+01    0.243513619533085E-01
   -0.157686575332292E+01    0.198245547541240E-01
   -0.196799397280316E+01    0.166052994694010E-01
   -0.233440222624072E+01    0.145745598689772E-01
   -0.254775717869312E+01    0.886568530910301E-02
   -0.214322735009582E+01    0.370171077998101E-02
    0.000000000000000E+00    0.000000000000000E+00
    0.000000000000000E+00    0.000000000000000E+00
    0.381739396707821E-01    0.224121567349983E-02
    0.798680392830619E-01    0.863288851268906E-02
    0.121703860049751E+00    0.186827182925139E-01
    0.161939886857977E+00    0.318727598987339E-01
    0.201020667759248E+00    0.478786441171147E-01
    0.239408097622341E+00    0.663053202234242E-01
    0.277709078493944E+00    0.869878814044334E-01
    0.316407910923715E+00    0.109611458858415E+00
    0.355946638253295E+00    0.134054556482597E+00
    0.396604195192400E+00    0.159970624509084E+00
    0.438562438974399E+00    0.187192988614481E+00
    0.481775477546364E+00    0.215261203785246E+00
    0.526056082220690E+00    0.243888554670765E+00
    0.570890774148528E+00    0.272441727704056E+00
    0.615596027993952E+00    0.300458896562042E+00
    0.659040263399561E+00    0.327118464217373E+00
    0.699936177765069E+00    0.351758242174168E+00
    0.736429425584002E+00    0.373425811199689E+00
    0.766603894933134E+00    0.391296187869465E+00
    0.787908877368592E+00    0.404457775119005E+00
    0.797928075036954E+00    0.412035065634542E+00
    0.793641208485661E+00    0.413458676313162E+00
    0.772456438158672E+00    0.408015587645236E+00
    0.731338239319597E+00    0.395862213221175E+00
    0.667968120692711E+00    0.376677515052897E+00
    0.579803701908187E+00    0.351653559668562E+00
    0.465169148695510E+00    0.321043972665925E+00
    0.322306897201461E+00    0.287062184680396E+00
    0.150154406000373E+00    0.250470690009977E+00
   -0.526413895391252E-01    0.214022194073916E+00
   -0.286988797521694E+00    0.178549997688501E+00
   -0.554737245297551E+00    0.146318414090351E+00
   -0.856800233408435E+00    0.117702401394852E+00
   -0.119531291969803E+01    0.932329850725701E-01
   -0.156631410614733E+01    0.726052131737361E-01
   -0.196328660996254E+01    0.540228063541505E-01
   -0.233397816155799E+01    0.374420818889838E-01
   -0.258647702394618E+01    0.201283376776222E-01
   -0.213506449428598E+01    0.666070724218809E-02
    0.000000000000000E+00    0.000000000000000E+00
    0.000000000000000E+00    0.000000000000000E+00
    0.335301458914380E-01    0.248602984739379E-02
    0.713120846397459E-01    0.952576038841491E-02
    0.109368149950108E+00    0.206463613853104E-01
    0.146468361822566E+00    0.352377189250878E-01
    0.182739111439287E+00    0.530100794005614E-01
    0.218614243019582E+00    0.735513332409982E-01
    0.254603889507418E+00    0.967450826662325E-01
    0.291201536477730E+00    0.122304511254846E+00
    0.328823733648454E+00    0.150165235823632E+00
    0.367805848581665E+00    0.180038998507192E+00
    0.408348510921666E+00    0.211818271674156E+00
    0.450507977380693E+00    0.245111374542243E+00
    0.494142640031566E+00    0.279686451535922E+00
    0.538886867740878E+00    0.314958413942821E+00
    0.584103944009029E+00    0.350505668549370E+00
    0.628851979774536E+00    0.385485872181309E+00
    0.671847490675913E+00    0.419245540327499E+00
    0.711451482788254E+00    0.450677020493932E+00
    0.745641385459579E+00    0.478914034317407E+00
    0.772070633861877E+00    0.502692733685325E+00
    0.788031323005587E+00    0.521013738081456E+00
    0.790639805103518E+00    0.532737382841353E+00
    0.776773060928556E+00    0.536933760549691E+00
    0.743419618445406E+00    0.533053259043891E+00
    0.687521336533616E+00    0.520426846473810E+00
    0.606448626130460E+00    0.499631159870528E+00
    0.497716175849308E+00    0.470492580044859E+00
    0.359496669509882E+00    0.435022764295610E+00
    0.190093139603136E+00    0.393470809696665E+00
   -0.116660314046568E-01    0.349043091495356E+00
   -0.246976187866117E+00    0.302209672298582E+00
   -0.516879764906612E+00    0.256140182984206E+00
   -0.822359183657919E+00    0.211457812913869E+00
   -0.116378644522249E+01    0.169472047841126E+00
   -0.153773803694538E+01    0.131188167785415E+00
   -0.193264748298790E+01    0.947547910202571E-01
   -0.230064002891948E+01    0.629125980140644E-01
   -0.251595200237930E+01    0.320779090305711E-01
   -0.211925341049502E+01    0.100922859055139E-01
    0.000000000000000E+00    0.000000000000000E+00
    0.000000000000000E+00    0.000000000000000E+00
    0.285050128645048E-01    0.262134102216857E-02
    0.616273038609262E-01    0.101087674708381E-01
    0.959637647788679E-01    0.219397198041956E-01
    0.129614169465871E+00    0.375158577505773E-01
    0.162798158468539E+00    0.565510433771713E-01
    0.195794375527452E+00    0.786590381151161E-01
    0.229097808274987E+00    0.103768340884343E+00
    0.263140836498704E+00    0.131631222260900E+00
    0.298357153450435E+00    0.162261104036141E+00
    0.335087037326390E+00    0.195417113850284E+00
    0.373589078315296E+00    0.231094382415497E+00
    0.413976130275022E+00    0.268953029600086E+00
    0.456209147153877E+00    0.308872480602123E+00
    0.500016196164440E+00    0.350317430132709E+00
    0.544913637004276E+00    0.392952972505895E+00
    0.590061458624080E+00    0.435970338301431E+00
    0.634381017570336E+00    0.478722672755387E+00
    0.676288506775382E+00    0.520094904279007E+00
    0.714004414999320E+00    0.559070452405766E+00
    0.745103107985021E+00    0.594307521702565E+00
    0.767115002194361E+00    0.624415468441631E+00
    0.776843452523019E+00    0.648070850574625E+00
    0.771328975343411E+00    0.663684963799970E+00
    0.746970770932782E+00    0.670410785859851E+00
    0.700709047357719E+00    0.666704474723869E+00
    0.629100733536644E+00    0.652755902490385E+00
    0.529483351017796E+00    0.627560016357028E+00
    0.399223506480572E+00    0.592766286363249E+00
    0.236374374973728E+00    0.548110838071705E+00
    0.391533278898220E-01    0.496596256014168E+00
   -0.193616928058505E+00    0.438950711129756E+00
   -0.463113981569153E+00    0.378439140453357E+00
   -0.769681143292204E+00    0.316583961254716E+00
   -0.111409297288595E+01    0.255473796409611E+00
   -0.149125798834462E+01    0.197041017170701E+00
   -0.189395967543145E+01    0.141206376686175E+00
   -0.227056141209514E+01    0.910737162906877E-01
   -0.253189107036296E+01    0.458721578491268E-01
   -0.209867406964841E+01    0.136495883088536E-01
    0.000000000000000E+00    0.000000000000000E+00
    0.000000000000000E+00    0.000000000000000E+00
    0.232634696367318E-01    0.268505300580020E-02
    0.519148901346837E-01    0.103171093007540E-01
    0.819480098662491E-01    0.224906169543032E-01
    0.111932556070765E+00    0.385439337720973E-01
    0.141727676568892E+00    0.582750391928428E-01
    0.171573505506196E+00    0.813073324141331E-01
    0.201835155189002E+00    0.107632761635738E+00
    0.232936484501644E+00    0.137058042634823E+00
    0.265270409157206E+00    0.169650546880908E+00
    0.299208486285738E+00    0.205270152848959E+00
    0.335032136523362E+00    0.243958924519558E+00
    0.372927303319203E+00    0.285521816944925E+00
    0.412933889214086E+00    0.329876985930060E+00
    0.454902652741060E+00    0.376665836064893E+00
    0.498477303513326E+00    0.425574720312982E+00
    0.542997527157153E+00    0.475969241178909E+00
    0.587537415965787E+00    0.527188401802699E+00
    0.630746005481527E+00    0.578222323991735E+00
    0.670969600483527E+00    0.627977302337536E+00
    0.706037681176294E+00    0.675047456692343E+00
    0.733492735819289E+00    0.717855072826134E+00
    0.750349483268041E+00    0.754724820925827E+00
    0.753431712080935E+00    0.783758144817307E+00
    0.739206281712836E+00    0.803416846391373E+00
    0.704102945819817E+00    0.811614396412142E+00
    0.644506890351776E+00    0.807635149089432E+00
    0.556941344462498E+00    0.789780117774769E+00
    0.438433861402536E+00    0.758967813143454E+00
    0.286076589845382E+00    0.713898259978414E+00
    0.978489846988743E-01    0.657590858250172E+00
   -0.128454623394091E+00    0.590051197030938E+00
   -0.393517222369874E+00    0.515546488094773E+00
   -0.698662876359336E+00    0.435365215103941E+00
   -0.104293946218540E+01    0.353221759964834E+00
   -0.142273199130212E+01    0.272497302345234E+00
   -0.182540022924972E+01    0.193741250832520E+00
   -0.220424528146585E+01    0.123916751364155E+00
   -0.243629569480439E+01    0.610935524996119E-01
   -0.206809036248867E+01    0.180841010901413E-01
    0.000000000000000E+00    0.000000000000000E+00
    0.000000000000000E+00    0.000000000000000E+00
    0.180408149208611E-01    0.261708901030467E-02
    0.417731545911751E-01    0.101617661487961E-01
    0.677586590237472E-01    0.222308605911091E-01
    0.939197647261435E-01    0.382588050225829E-01
    0.120195295618870E+00    0.580722729861962E-01
    0.146639251160869E+00    0.813513420502837E-01
    0.173590316521760E+00    0.108147164364532E+00
    0.201392569057197E+00    0.138305717285995E+00
    0.230431833497113E+00    0.171992409732232E+00
    0.261076656649772E+00    0.209098308657682E+00
    0.293628865003408E+00    0.249812928099750E+00
    0.328341750338857E+00    0.293968115049860E+00
    0.365310148351171E+00    0.341684851290325E+00
    0.404526501539441E+00    0.392624555264857E+00
    0.445736013665420E+00    0.446724241848083E+00
    0.488494176196883E+00    0.503348176239752E+00
    0.532035534182592E+00    0.562103046524648E+00
    0.575275609860092E+00    0.621927356035515E+00
    0.616783154655023E+00    0.681941160081246E+00
    0.654632796440204E+00    0.740590654496848E+00
    0.686630175912372E+00    0.796347245644364E+00
    0.709896545957695E+00    0.847223353264022E+00
    0.721503868093276E+00    0.891063072267027E+00
    0.717724014864887E+00    0.925819779232018E+00
    0.695100384932237E+00    0.948690467937193E+00
    0.649384877669777E+00    0.958221738387174E+00
    0.576966014930243E+00    0.951642024714940E+00
    0.473909991221021E+00    0.929035947927316E+00
    0.336764505194020E+00    0.887878207201524E+00
    0.162453530787586E+00    0.830399302727412E+00
   -0.519194467679185E-01    0.756143566023229E+00
   -0.307735565385170E+00    0.669227221899322E+00
   -0.606596991896936E+00    0.571118596914714E+00
   -0.949157904848855E+00    0.466711085798140E+00
   -0.133040130714637E+01    0.360834333996271E+00
   -0.174268169232062E+01    0.256597820409672E+00
   -0.213535715280484E+01    0.162180323062978E+00
   -0.242280317197579E+01    0.797784559655872E-01
   -0.203168957688551E+01    0.228301966238712E-01
    0.000000000000000E+00    0.000000000000000E+00
    0.000000000000000E+00    0.000000000000000E+00
    0.129768850212501E-01    0.246548380471586E-02
    0.322691921030548E-01    0.957092892757090E-02
    0.538856012770455E-01    0.211427359354188E-01
    0.762133460849042E-01    0.365848460801409E-01
    0.988198610317146E-01    0.558583803778814E-01
    0.121740763445066E+00    0.786652633988658E-01
    0.145162593294091E+00    0.105128726331896E+00
    0.169417271362222E+00    0.135149550715947E+00
    0.194829499114320E+00    0.168934736736560E+00
    0.221774252778471E+00    0.206483931748046E+00
    0.250560445981301E+00    0.248011467109010E+00
    0.281473275757657E+00    0.293529552480660E+00
    0.314685772274509E+00    0.343172316876777E+00
    0.350262165390130E+00    0.396866986481438E+00
    0.388109927545809E+00    0.454546795627184E+00
    0.427913139595605E+00    0.515925817419921E+00
    0.469162333860578E+00    0.580575823608374E+00
    0.510968853031400E+00    0.647836561517363E+00
    0.552241692912021E+00    0.716732795436364E+00
    0.591307678929596E+00    0.786072790695731E+00
    0.626345604837190E+00    0.854137738296443E+00
    0.654734529377864E+00    0.919093315874340E+00
    0.673848870987673E+00    0.978466498511635E+00
    0.680099530660793E+00    0.102994111895049E+01
    0.670131689452760E+00    0.107010831325831E+01
    0.639548317628254E+00    0.109663031300936E+01
    0.584449478325171E+00    0.110598898016597E+01
    0.500303517261391E+00    0.109687117225119E+01
    0.382976460569148E+00    0.106525850563224E+01
    0.228297610688361E+00    0.101222637306326E+01
    0.320189035554170E-01    0.936025010781644E+00
   -0.208024970375598E+00    0.840973604619447E+00
   -0.495444571125557E+00    0.726195559647820E+00
   -0.830129541164991E+00    0.599163777193266E+00
   -0.121087714272713E+01    0.465859443304150E+00
   -0.162373926271977E+01    0.331773181041970E+00
   -0.202480218021037E+01    0.209960706737239E+00
   -0.229284607691659E+01    0.101830003897629E+00
   -0.198068793011428E+01    0.295488782999841E-01
    0.000000000000000E+00    0.000000000000000E+00
    0.000000000000000E+00    0.000000000000000E+00
    0.837175577762866E-02    0.218344263536837E-02
    0.231093010482117E-01    0.863518503999392E-02
    0.408218605412374E-01    0.192389930197970E-01
    0.593356752615021E-01    0.335930274975031E-01
    0.783189122108464E-01    0.516938763900780E-01
    0.976218011263741E-01    0.733284676278129E-01
    0.117413503813082E+00    0.986656116095659E-01
    0.137936050535225E+00    0.127639189389344E+00
    0.159491845828888E+00    0.160537125275808E+00
    0.182432513739240E+00    0.197367039637627E+00
    0.207051376863282E+00    0.238486777822561E+00
    0.233678077195231E+00    0.283903321141688E+00
    0.262486368611718E+00    0.333984047637273E+00
    0.293673779417655E+00    0.388639278138357E+00
    0.327177635769822E+00    0.448149392471414E+00
    0.362935174016853E+00    0.512189023407443E+00
    0.400509922681740E+00    0.580805036851166E+00
    0.439411391668596E+00    0.653250361018155E+00
    0.478674521152527E+00    0.729137209269626E+00
    0.517165941607921E+00    0.807088527490473E+00
    0.553245936949552E+00    0.886024748331491E+00
    0.584913411285794E+00    0.963752295374514E+00
    0.609759921469895E+00    0.103830830422695E+01
    0.624699888657645E+00    0.110675279388908E+01
    0.626559014540547E+00    0.116582829761701E+01
    0.611133159710134E+00    0.121211932870789E+01
    0.574546281541344E+00    0.124162681588848E+01
    0.511889785562588E+00    0.125161816663880E+01
    0.418586627468450E+00    0.123651590507858E+01
    0.289196492076711E+00    0.119570495958298E+01
    0.118599336851229E+00    0.112529226949816E+01
   -0.975893853887673E-01    0.102885283083785E+01
   -0.364551240499688E+00    0.902976896999988E+00
   -0.685864120796789E+00    0.755522003980111E+00
   -0.106069057517081E+01    0.594108176433036E+00
   -0.148149074757931E+01    0.427246592369035E+00
   -0.189962272120225E+01    0.270048036553596E+00
   -0.223654317925218E+01    0.131924854490510E+00
   -0.192121617176132E+01    0.371589660363900E-01
    0.000000000000000E+00    0.000000000000000E+00
    0.000000000000000E+00    0.000000000000000E+00
    0.431580479286732E-02    0.181868448828137E-02
    0.152559291722057E-01    0.726809121271375E-02
    0.290094459321255E-01    0.165704823002123E-01
    0.439060901937503E-01    0.293232814200950E-01
    0.592862557655736E-01    0.456911560435884E-01
    0.750310258032985E-01    0.654787920384624E-01
    0.911606803652170E-01    0.889190047747614E-01
    0.107913647806454E+00    0.115976386861701E+00
    0.125515736261672E+00    0.146953671077820E+00
    0.144303614097688E+00    0.181938339151983E+00
    0.164547936673498E+00    0.221278545245835E+00
    0.186567006236949E+00    0.265141693082412E+00
    0.210576097725150E+00    0.313869849235764E+00
    0.236783013735775E+00    0.367649500806160E+00
    0.265257823359918E+00    0.426717022886186E+00
    0.295989041298519E+00    0.491176008129333E+00
    0.328801041296821E+00    0.560998928428013E+00
    0.363313366006358E+00    0.636048385124652E+00
    0.398986984241109E+00    0.715810039997011E+00
    0.434867188610243E+00    0.799683510743847E+00
    0.469921725893479E+00    0.886397925967516E+00
    0.502382424266528E+00    0.974604709477408E+00
    0.530612930708796E+00    0.106203593178988E+01
    0.551743376280781E+00    0.114640167394093E+01
    0.563446662509997E+00    0.122400139986613E+01
    0.561560116815357E+00    0.129139783626388E+01
    0.542979603750212E+00    0.134415508870201E+01
    0.502279816620657E+00    0.137835012752356E+01
    0.435446724511509E+00    0.138698762194974E+01
    0.335562502078422E+00    0.136704994461999E+01
    0.197058764221033E+00    0.131328692377384E+01
    0.131204553759800E-01    0.122650669737726E+01
   -0.223685936082474E+00    0.109809818786760E+01
   -0.519278147488443E+00    0.936492234622459E+00
   -0.881022901838349E+00    0.749178599007906E+00
   -0.129452158497866E+01    0.548726813662324E+00
   -0.172463046722986E+01    0.351476621681214E+00
   -0.205175455201776E+01    0.170011608045759E+00
   -0.183608467864907E+01    0.493798423190874E-01
    0.000000000000000E+00    0.000000000000000E+00
    0.000000000000000E+00    0.000000000000000E+00
    0.111369122952633E-02    0.135505619915704E-02
    0.845450794527698E-02    0.566880905556982E-02
    0.188884112730419E-01    0.132653893135462E-01
    0.303618660841959E-01    0.240251999800092E-01
    0.423644703893756E-01    0.381341039617591E-01
    0.546442306150848E-01    0.554890032769941E-01
    0.672252034335382E-01    0.763330831713675E-01
    0.802655848971029E-01    0.100643200628512E+00
    0.939616377830787E-01    0.128757768002812E+00
    0.108603409022216E+00    0.160739401153334E+00
    0.124420269456972E+00    0.197031168979265E+00
    0.141727140039904E+00    0.237753997565538E+00
    0.160698457806903E+00    0.283440967763812E+00
    0.181611628266375E+00    0.334211472110855E+00
    0.204505214160073E+00    0.390635096426878E+00
    0.229557521897381E+00    0.452718923201741E+00
    0.256576463704874E+00    0.520967448125463E+00
    0.285553225980074E+00    0.595099531899962E+00
    0.315948809987535E+00    0.675391660661698E+00
    0.347432403878021E+00    0.761017395387622E+00
    0.378988803839125E+00    0.851798910430644E+00
    0.409767936602516E+00    0.946032092503031E+00
    0.438156822407346E+00    0.104279811449135E+01
    0.462478122055532E+00    0.113919264895825E+01
    0.480445002143552E+00    0.123306083099939E+01
    0.489282453690402E+00    0.131990840770519E+01
    0.485946077471544E+00    0.139643663560092E+01
    0.465947901808364E+00    0.145717784708341E+01
    0.425232459339064E+00    0.149533684956801E+01
    0.357072472463899E+00    0.150500815384010E+01
    0.255306817806677E+00    0.147955140369000E+01
    0.112050144178122E+00    0.141630971846280E+01
   -0.832432080956664E-01    0.130229992213487E+01
   -0.339990529917303E+00    0.114188978422858E+01
   -0.669483595129532E+00    0.937401067015264E+00
   -0.107131861296456E+01    0.707621043454988E+00
   -0.150996796710906E+01    0.460365304788714E+00
   -0.191894601701043E+01    0.226071155912737E+00
   -0.173566708358326E+01    0.639256371818630E-01
    0.000000000000000E+00    0.000000000000000E+00
    0.000000000000000E+00    0.000000000000000E+00
   -0.120897477787098E-02    0.823142568908355E-03
    0.347422273973890E-02    0.373663879776655E-02
    0.107589894372257E-01    0.946095501662726E-02
    0.191710921072087E-01    0.178930022118909E-01
    0.279879599914738E-01    0.293811211914577E-01
    0.370497950257817E-01    0.438219080458085E-01
    0.462733806795345E-01    0.614859093102391E-01
    0.558211589666711E-01    0.823452476214898E-01
    0.658137763459533E-01    0.106713249081246E+00
    0.765085646643243E-01    0.134679155601586E+00
    0.880832372729971E-01    0.166638126446881E+00
    0.100808599039360E+00    0.202798202889738E+00
    0.114846433600509E+00    0.243626802693896E+00
    0.130435344269090E+00    0.289432650268407E+00
    0.147670472649898E+00    0.340694083478183E+00
    0.166709088623118E+00    0.397770872510864E+00
    0.187530178485964E+00    0.461034618719915E+00
    0.210133153349631E+00    0.530801928114815E+00
    0.234323633874707E+00    0.607154076186005E+00
    0.259821048668370E+00    0.690198496213385E+00
    0.286194483846380E+00    0.779480859236930E+00
    0.312697962300971E+00    0.874635947847994E+00
    0.338607611463094E+00    0.974348583991925E+00
    0.362413828895137E+00    0.107739799401541E+01
    0.383040396165872E+00    0.118124335252160E+01
    0.397923937532221E+00    0.128313272896588E+01
    0.405608070750374E+00    0.137934164622671E+01
    0.401691460406064E+00    0.146542431592322E+01
    0.384093586299679E+00    0.153402330104355E+01
    0.345562149199131E+00    0.157808270741556E+01
    0.282289403594760E+00    0.159172733491436E+01
    0.183455445904701E+00    0.156687287198552E+01
    0.406441645305243E-01    0.148652940035147E+01
   -0.162520568893451E+00    0.134758936300336E+01
   -0.442660675785187E+00    0.114856292842714E+01
   -0.804327136598916E+00    0.904944805381890E+00
   -0.123512292104852E+01    0.605407104029304E+00
   -0.163397282816159E+01    0.295312819763798E+00
   -0.158915488730047E+01    0.852361547981453E-01
    0.000000000000000E+00    0.000000000000000E+00
    0.000000000000000E+00    0.000000000000000E+00
   -0.245010745298556E-02    0.277919898764286E-03
    0.375518231329926E-05    0.181460840590111E-02
    0.485039363647334E-02    0.545998126865078E-02
    0.105434490213006E-01    0.114098680389970E-01
    0.165543028437420E-01    0.200149603596161E-01
    0.227019591192833E-01    0.312066413093308E-01
    0.289182568066663E-01    0.452507138719804E-01
    0.353158830211956E-01    0.620639412676747E-01
    0.419812969032586E-01    0.819797715610773E-01
    0.491101970654174E-01    0.104988675270917E+00
    0.568296826207322E-01    0.131553659183749E+00
    0.653585351980608E-01    0.161745965668540E+00
    0.748033640183900E-01    0.196180956514054E+00
    0.853901393359178E-01    0.234982996825124E+00
    0.971567370058991E-01    0.278908677260895E+00
    0.110328940114483E+00    0.328070594930975E+00
    0.124822297078516E+00    0.383323951314342E+00
    0.140847142988727E+00    0.444656625699413E+00
    0.158128968253682E+00    0.512943795088267E+00
    0.176827453694335E+00    0.587861415653358E+00
    0.196395641488287E+00    0.670189546150282E+00
    0.216864874806337E+00    0.759003279232822E+00
    0.237328057141995E+00    0.854811602160627E+00
    0.257548375290292E+00    0.955629372191988E+00
    0.276201412531199E+00    0.106150158526092E+01
    0.292551907991860E+00    0.116872141010845E+01
    0.304818906754439E+00    0.127671185201311E+01
    0.310979721932036E+00    0.137952282127773E+01
    0.308808748298966E+00    0.147424329590976E+01
    0.294591506063194E+00    0.155079324996378E+01
    0.264861764927426E+00    0.160647365402971E+01
    0.210463756671460E+00    0.162945619029064E+01
    0.124534979709014E+00    0.160212479363032E+01
   -0.130831298374957E-01    0.151300017046294E+01
   -0.217656319990145E+00    0.134933767075006E+01
   -0.516950485182909E+00    0.111909190942255E+01
   -0.917106883388488E+00    0.790459190938068E+00
   -0.139023572714460E+01    0.406061710222170E+00
   -0.140814753373135E+01    0.113231616059903E+00
    0.000000000000000E+00    0.000000000000000E+00
    0.000000000000000E+00    0.000000000000000E+00
   -0.269193712427018E-02   -0.241572569427067E-03
   -0.150931767676061E-02   -0.144057257830800E-03
    0.122260049950991E-02    0.156622034002277E-02
    0.465236734810224E-02    0.506458579020655E-02
    0.823422272250226E-02    0.107682066815572E-01
    0.119022222225116E-01    0.185872529870802E-01
    0.155524668114584E-01    0.287531229770906E-01
    0.192948065026207E-01    0.411459624815860E-01
    0.231538989717270E-01    0.560560573745091E-01
    0.272884130592391E-01    0.734225303873798E-01
    0.317517434810721E-01    0.936689180447798E-01
    0.367200996676575E-01    0.116812590940528E+00
    0.422329117587958E-01    0.143425241411145E+00
    0.484766075641127E-01    0.173607856854125E+00
    0.554541320648292E-01    0.208051373273960E+00
    0.633544849202566E-01    0.246934337454135E+00
    0.721259860485496E-01    0.291001081597259E+00
    0.819424001006623E-01    0.340488070315777E+00
    0.926787789863556E-01    0.396084453195961E+00
    0.104457301608817E+00    0.458037147954577E+00
    0.117062286333160E+00    0.526819299813779E+00
    0.130492084073897E+00    0.602590065546332E+00
    0.144427527742088E+00    0.685382993347891E+00
    0.158632301299543E+00    0.775040866274748E+00
    0.172697773962576E+00    0.870963615922161E+00
    0.185983593321754E+00    0.972278075871728E+00
    0.198058269935949E+00    0.107735943476099E+01
    0.207256771083283E+00    0.118409444891653E+01
    0.213147555246720E+00    0.128918690049572E+01
    0.213016029035630E+00    0.138681661993902E+01
    0.206244358980009E+00    0.147464332115680E+01
    0.185288566981987E+00    0.154297346269031E+01
    0.147310063480408E+00    0.157320638425705E+01
    0.732871116439743E-01    0.154969158351898E+01
   -0.425349396023457E-01    0.146265603876537E+01
   -0.244352169543404E+00    0.129085371353430E+01
   -0.558116483551454E+00    0.969770699728746E+00
   -0.955065763958175E+00    0.531629273162978E+00
   -0.113601664146737E+01    0.173645589003295E+00
    0.000000000000000E+00    0.000000000000000E+00
    0.000000000000000E+00    0.000000000000000E+00
   -0.196049764579896E-02   -0.567616690754844E-03
   -0.158225416849690E-02   -0.153204713597121E-02
   -0.354385506623511E-03   -0.151173903502870E-02
    0.132365510071438E-02   -0.234747641745458E-03
    0.300875489587061E-02    0.281792683822207E-02
    0.477123550580482E-02    0.725683276232122E-02
    0.644939432838244E-02    0.136020691663221E-01
    0.819373938073486E-02    0.212809697236672E-01
    0.993344267246741E-02    0.310165415291558E-01
    0.118316369636977E-01    0.421270555946263E-01
    0.138322160623662E-01    0.556261698456931E-01
    0.161170825665757E-01    0.707043804282017E-01
    0.186020577559738E-01    0.887196410088484E-01
    0.215074358200327E-01    0.108696568978079E+00
    0.246893845116666E-01    0.132371078090153E+00
    0.284283449153245E-01    0.158545669262966E+00
    0.324877678848810E-01    0.189360979652778E+00
    0.372319394763391E-01    0.223319928455539E+00
    0.422910388483679E-01    0.262990124011648E+00
    0.481379740715096E-01    0.306461653465873E+00
    0.542174122597856E-01    0.356747268555466E+00
    0.611327167574074E-01    0.411346415678659E+00
    0.680814745083339E-01    0.473742507449895E+00
    0.758269911342590E-01    0.540538386243460E+00
    0.832613258430630E-01    0.615796541851838E+00
    0.912779537434116E-01    0.694779445970201E+00
    0.983698537618971E-01    0.782166428630909E+00
    0.105455567123175E+00    0.870929288561989E+00
    0.110715363204354E+00    0.966939942782272E+00
    0.115380742018912E+00    0.105895894420231E+01
    0.116932386946878E+00    0.115559675086397E+01
    0.113439429631159E+00    0.124020170696625E+01
    0.100517242961366E+00    0.131561568120669E+01
    0.740556263562507E-01    0.134853371411379E+01
    0.283709381410444E-01    0.135715035713544E+01
   -0.557267459422069E-01    0.128659568520651E+01
   -0.210349145267619E+00    0.107714191653251E+01
   -0.538446809029842E+00    0.704628011697668E+00
   -0.676954960694900E+00    0.260629905202529E+00
    0.000000000000000E+00    0.000000000000000E+00
    0.000000000000000E+00    0.000000000000000E+00
   -0.648932792945663E-03   -0.648932792942562E-03
   -0.590709105547056E-03   -0.197776323326419E-02
   -0.325215982733999E-03   -0.278723419227917E-02
    0.973361544462715E-04   -0.279135310229608E-02
    0.544597780480671E-03   -0.191397572319614E-02
    0.100817347082857E-02   -0.173534856843478E-03
    0.144177687752454E-02    0.247968252687617E-02
    0.188326351141462E-02    0.594029340009462E-02
    0.231819173610565E-02    0.103417442347928E-01
    0.279609385019908E-02    0.155594313773468E-01
    0.329054220731301E-02    0.218569705738188E-01
    0.387127620917380E-02    0.290971370498509E-01
    0.448904872111432E-02    0.376736243104470E-01
    0.523814933279973E-02    0.474493926101799E-01
    0.604159387250074E-02    0.589303677653328E-01
    0.702047628188222E-02    0.719923856829784E-01
    0.806625958129066E-02    0.872255652217529E-01
    0.932797708899908E-02    0.104536598493483E+00
    0.106629980889425E-01    0.124554332144359E+00
    0.122461969795803E-01    0.147242359822820E+00
    0.138994299228776E-01    0.173194431634371E+00
    0.158146394332304E-01    0.202460235219824E+00
    0.177779131046942E-01    0.235500590391189E+00
    0.199956331996130E-01    0.272474051614110E+00
    0.222408961907343E-01    0.313578324199871E+00
    0.246777048658400E-01    0.359144562784605E+00
    0.270595785232548E-01    0.408825023318105E+00
    0.294343177435802E-01    0.462902348218810E+00
    0.315610939697423E-01    0.520926399625963E+00
    0.338500725742519E-01    0.583004580394692E+00
    0.365850346663823E-01    0.647385804439068E+00
    0.375551232648998E-01    0.715656438289485E+00
    0.363564232675538E-01    0.779718037954887E+00
    0.311489747852297E-01    0.833092911139168E+00
    0.247499064929168E-01    0.886203087397502E+00
    0.138147218792227E-01    0.927704477225793E+00
   -0.622647989787301E-02    0.866115329805413E+00
   -0.134461175440534E+00    0.667647289052158E+00
   -0.315683435145110E+00    0.324991106787370E+00
    0.000000000000000E+00    0.000000000000000E+00
    0.000000000000000E+00    0.000000000000000E+00
    0.000000000000000E+00    0.000000000000000E+00
    0.000000000000000E+00    0.000000000000000E+00
    0.000000000000000E+00    0.000000000000000E+00
    0.000000000000000E+00    0.000000000000000E+00
    0.000000000000000E+00    0.000000000000000E+00
    0.000000000000000E+00    0.000000000000000E+00
    0.000000000000000E+00    0.000000000000000E+00
    0.000000000000000E+00    0.000000000000000E+00
    0.000000000000000E+00    0.000000000000000E+00
    0.000000000000000E+00    0.000000000000000E+00
    0.000000000000000E+00    0.000000000000000E+00
    0.000000000000000E+00    0.000000000000000E+00
    0.000000000000000E+00    0.000000000000000E+00
    0.000000000000000E+00    0.000000000000000E+00
    0.000000000000000E+00    0.000000000000000E+00
    0.000000000000000E+00    0.000000000000000E+00
    0.000000000000000E+00    0.000000000000000E+00
    0.000000000000000E+00    0.000000000000000E+00
    0.000000000000000E+00    0.000000000000000E+00
    0.000000000000000E+00    0.000000000000000E+00
    0.000000000000000E+00    0.000000000000000E+00
    0.000000000000000E+00    0.000000000000000E+00
    0.000000000000000E+00    0.000000000000000E+00
    0.000000000000000E+00    0.000000000000000E+00
    0.000000000000000E+00    0.000000000000000E+00
    0.000000000000000E+00    0.000000000000000E+00
    0.000000000000000E+00    0.000000000000000E+00
    0.000000000000000E+00    0.000000000000000E+00
    0.000000000000000E+00    0.000000000000000E+00
    0.000000000000000E+00    0.000000000000000E+00
    0.000000000000000E+00    0.000000000000000E+00
    0.000000000000000E+00    0.000000000000000E+00
    0.000000000000000E+00    0.000000000000000E+00
    0.000000000000000E+00    0.000000000000000E+00
    0.000000000000000E+00    0.000000000000000E+00
    0.000000000000000E+00    0.000000000000000E+00
    0.000000000000000E+00    0.000000000000000E+00
    0.000000000000000E+00    0.000000000000000E+00
    0.000000000000000E+00    0.000000000000000E+00
    0.000000000000000E+00    0.000000000000000E+00
