  1.0   0.0   0.0   
  1.0   2.0   0.0   
  1.0   4.0   0.0   
  1.0   6.0   0.0   
  1.0   8.0   0.0   
  1.0  10.0   0.0   
  1.0  12.0   0.0   
  1.0  14.0   0.0   
  1.0  16.0   0.0   
  1.0   0.0   3.0   
  1.0   2.0   3.0   
  1.0   4.0   3.0   
  1.0   6.0   3.0   
  1.0   8.0   3.0   
  1.0  10.0   3.0   
  1.0  12.0   3.0   
  1.0  14.0   3.0   
  1.0  16.0   3.0   
  1.0   0.0   6.0   
  1.0   2.0   6.0   
  1.0   4.0   6.0   
  1.0   6.0   6.0   
  1.0   8.0   6.0   
  1.0  10.0   6.0   
  1.0  12.0   6.0   
  1.0  14.0   6.0   
  1.0  16.0   6.0   
  1.0   0.0   9.0   
  1.0   2.0   9.0   
  1.0   4.0   9.0   
  1.0   6.0   9.0   
  1.0   8.0   9.0   
  1.0  10.0   9.0   
  1.0  12.0   9.0   
  1.0  14.0   9.0   
  1.0  16.0   9.0   
  1.0   0.0  12.0   
  1.0   2.0  12.0   
  1.0   4.0  12.0   
  1.0   6.0  12.0   
  1.0   8.0  12.0   
  1.0  10.0  12.0   
  1.0  12.0  12.0   
  1.0  14.0  12.0   
  1.0  16.0  12.0   
  1.0   0.0  15.0   
  1.0   2.0  15.0   
  1.0   4.0  15.0   
  1.0   6.0  15.0   
  1.0   8.0  15.0   
  1.0  10.0  15.0   
  1.0  12.0  15.0   
  1.0  14.0  15.0   
  1.0  16.0  15.0   
  1.0   0.0  18.0   
  1.0   2.0  18.0   
  1.0   4.0  18.0   
  1.0   6.0  18.0   
  1.0   8.0  18.0   
  1.0  10.0  18.0   
  1.0  12.0  18.0   
  1.0  14.0  18.0   
  1.0  16.0  18.0   
  1.0   0.0  21.0   
  1.0   2.0  21.0   
  1.0   4.0  21.0   
  1.0   6.0  21.0   
  1.0   8.0  21.0   
  1.0  10.0  21.0   
  1.0  12.0  21.0   
  1.0  14.0  21.0   
  1.0  16.0  21.0   
  1.0   0.0  24.0   
  1.0   2.0  24.0   
  1.0   4.0  24.0   
  1.0   6.0  24.0   
  1.0   8.0  24.0   
  1.0  10.0  24.0   
  1.0  12.0  24.0   
  1.0  14.0  24.0   
  1.0  16.0  24.0   
