#  v.txt
#
   0.00000      0.443003E-14
  0.500000      0.443003E-14
   1.00000      0.443003E-14
   1.50000      0.443003E-14
   2.00000      0.443003E-14
   2.50000      0.443003E-14
   3.00000      0.443003E-14
   3.50000      0.443003E-14
   4.00000      0.443003E-14
   4.50000      0.443003E-14
   5.00000      0.443003E-14
   5.50000      0.443003E-14
   6.00000      0.443003E-14
   6.50000      0.443003E-14
   7.00000      0.443003E-14
   7.50000      0.443003E-14
   8.00000      0.443003E-14
   8.50000      0.443003E-14
   9.00000      0.443004E-14
   9.50000      0.443004E-14
   10.0000      0.443004E-14
   10.5000      0.443004E-14
   11.0000      0.443005E-14
   11.5000      0.443007E-14
   12.0000      0.443009E-14
   12.5000      0.443013E-14
   13.0000      0.443019E-14
   13.5000      0.443030E-14
   14.0000      0.443049E-14
   14.5000      0.443082E-14
   15.0000      0.443144E-14
   15.5000      0.443264E-14
   16.0000      0.443518E-14
   16.5000      0.444088E-14
   17.0000      0.445444E-14
   17.5000      0.448821E-14
   18.0000      0.457508E-14
   18.5000      0.480333E-14
   19.0000      0.541087E-14
   19.5000      0.704031E-14
   20.0000      0.114280E-13
   20.5000      0.232624E-13
   21.0000      0.551764E-13
   21.5000      0.141093E-12
   22.0000      0.371632E-12
   22.5000      0.987094E-12
   23.0000      0.261824E-11
   23.5000      0.689861E-11
   24.0000      0.179865E-10
   24.5000      0.462454E-10
   25.0000      0.116867E-09
   25.5000      0.289388E-09
   26.0000      0.700298E-09
   26.5000      0.165279E-08
   27.0000      0.379944E-08
   27.5000      0.850244E-08
   28.0000      0.185236E-07
   28.5000      0.393126E-07
   29.0000      0.813548E-07
   29.5000      0.164364E-06
   30.0000      0.324625E-06
   30.5000      0.627627E-06
   31.0000      0.118946E-05
   31.5000      0.221252E-05
   32.0000      0.404418E-05
   32.5000      0.727214E-05
   33.0000      0.128771E-04
   33.5000      0.224743E-04
   34.0000      0.386916E-04
   34.5000      0.657533E-04
   35.0000      0.110371E-03
   35.5000      0.183087E-03
   36.0000      0.300276E-03
   36.5000      0.487082E-03
   37.0000      0.781675E-03
   37.5000      0.124133E-02
   38.0000      0.195093E-02
   38.5000      0.303470E-02
   39.0000      0.467196E-02
   39.5000      0.711779E-02
   40.0000      0.107292E-01
   40.5000      0.159970E-01
   41.0000      0.235822E-01
   41.5000      0.343542E-01
   42.0000      0.494245E-01
   42.5000      0.701662E-01
   43.0000      0.982031E-01
   43.5000      0.135345    
   44.0000      0.183445    
   44.5000      0.244143    
   45.0000      0.318483    
   45.5000      0.406394    
   46.0000      0.506097    
   46.5000      0.613550    
   47.0000      0.722156    
   47.5000      0.823028    
   48.0000      0.906079    
   48.5000      0.962008    
   49.0000      0.984715    
   49.5000      0.973179    
   50.0000      0.931690    
   50.5000      0.868205    
   51.0000      0.791766    
   51.5000      0.710370    
   52.0000      0.629945    
   52.5000      0.554297    
   53.0000      0.485524    
   53.5000      0.424530    
   54.0000      0.371466    
   54.5000      0.326047    
   55.0000      0.287771    
   55.5000      0.256047    
   56.0000      0.230279    
   56.5000      0.209911    
   57.0000      0.194457    
   57.5000      0.183516    
   58.0000      0.176780    
   58.5000      0.174042    
   59.0000      0.175196    
   59.5000      0.180234    
   60.0000      0.189232    
   60.5000      0.202328    
   61.0000      0.219693    
   61.5000      0.241474    
   62.0000      0.267735    
   62.5000      0.298383    
   63.0000      0.333076    
   63.5000      0.371147    
   64.0000      0.411541    
   64.5000      0.452791    
   65.0000      0.493062    
   65.5000      0.530265    
   66.0000      0.562260    
   66.5000      0.587110    
   67.0000      0.603348    
   67.5000      0.610191    
   68.0000      0.607649    
   68.5000      0.596484    
   69.0000      0.578049    
   69.5000      0.554056    
   70.0000      0.526326    
   70.5000      0.496587    
   71.0000      0.466347    
   71.5000      0.436826    
   72.0000      0.408951    
   72.5000      0.383383    
   73.0000      0.360564    
   73.5000      0.340759    
   74.0000      0.324105    
   74.5000      0.310649    
   75.0000      0.300377    
   75.5000      0.293238    
   76.0000      0.289156    
   76.5000      0.288039    
   77.0000      0.289780    
   77.5000      0.294250    
   78.0000      0.301287    
   78.5000      0.310684    
   79.0000      0.322169    
   79.5000      0.335385    
   80.0000      0.349882    
   80.5000      0.365103    
   81.0000      0.380393    
   81.5000      0.395018    
   82.0000      0.408202    
   82.5000      0.419178    
   83.0000      0.427251    
   83.5000      0.431866    
   84.0000      0.432654    
   84.5000      0.429478    
   85.0000      0.422434    
   85.5000      0.411839    
   86.0000      0.398185    
   86.5000      0.382087    
   87.0000      0.364217    
   87.5000      0.345251    
   88.0000      0.325821    
   88.5000      0.306482    
   89.0000      0.287698    
   89.5000      0.269830    
   90.0000      0.253144    
   90.5000      0.237814    
   91.0000      0.223939    
   91.5000      0.211552    
   92.0000      0.200638    
   92.5000      0.191141    
   93.0000      0.182978    
   93.5000      0.176046    
   94.0000      0.170234    
   94.5000      0.165424    
   95.0000      0.161495    
   95.5000      0.158334    
   96.0000      0.155828    
   96.5000      0.153875    
   97.0000      0.152383    
   97.5000      0.151266    
   98.0000      0.150453    
   98.5000      0.149885    
   99.0000      0.149513    
   99.5000      0.149304    
   100.000      0.149236    
   100.500      0.149304    
   101.000      0.149513    
   101.500      0.149885    
   102.000      0.150453    
   102.500      0.151266    
   103.000      0.152383    
   103.500      0.153875    
   104.000      0.155828    
   104.500      0.158334    
   105.000      0.161495    
   105.500      0.165424    
   106.000      0.170234    
   106.500      0.176046    
   107.000      0.182978    
   107.500      0.191141    
   108.000      0.200638    
   108.500      0.211552    
   109.000      0.223939    
   109.500      0.237814    
   110.000      0.253144    
   110.500      0.269830    
   111.000      0.287698    
   111.500      0.306482    
   112.000      0.325821    
   112.500      0.345251    
   113.000      0.364217    
   113.500      0.382087    
   114.000      0.398185    
   114.500      0.411839    
   115.000      0.422434    
   115.500      0.429478    
   116.000      0.432654    
   116.500      0.431866    
   117.000      0.427251    
   117.500      0.419178    
   118.000      0.408202    
   118.500      0.395018    
   119.000      0.380393    
   119.500      0.365103    
   120.000      0.349882    
   120.500      0.335385    
   121.000      0.322169    
   121.500      0.310684    
   122.000      0.301287    
   122.500      0.294250    
   123.000      0.289780    
   123.500      0.288039    
   124.000      0.289156    
   124.500      0.293238    
   125.000      0.300377    
   125.500      0.310649    
   126.000      0.324105    
   126.500      0.340759    
   127.000      0.360564    
   127.500      0.383383    
   128.000      0.408951    
   128.500      0.436826    
   129.000      0.466347    
   129.500      0.496587    
   130.000      0.526326    
   130.500      0.554056    
   131.000      0.578049    
   131.500      0.596484    
   132.000      0.607649    
   132.500      0.610191    
   133.000      0.603348    
   133.500      0.587110    
   134.000      0.562260    
   134.500      0.530265    
   135.000      0.493062    
   135.500      0.452791    
   136.000      0.411541    
   136.500      0.371147    
   137.000      0.333076    
   137.500      0.298383    
   138.000      0.267735    
   138.500      0.241474    
   139.000      0.219693    
   139.500      0.202328    
   140.000      0.189232    
   140.500      0.180234    
   141.000      0.175196    
   141.500      0.174042    
   142.000      0.176780    
   142.500      0.183516    
   143.000      0.194457    
   143.500      0.209911    
   144.000      0.230279    
   144.500      0.256047    
   145.000      0.287771    
   145.500      0.326047    
   146.000      0.371466    
   146.500      0.424530    
   147.000      0.485524    
   147.500      0.554297    
   148.000      0.629945    
   148.500      0.710370    
   149.000      0.791766    
   149.500      0.868205    
   150.000      0.931690    
   150.500      0.973179    
   151.000      0.984715    
   151.500      0.962008    
   152.000      0.906079    
   152.500      0.823028    
   153.000      0.722156    
   153.500      0.613550    
   154.000      0.506097    
   154.500      0.406394    
   155.000      0.318483    
   155.500      0.244143    
   156.000      0.183445    
   156.500      0.135345    
   157.000      0.982031E-01
   157.500      0.701662E-01
   158.000      0.494245E-01
   158.500      0.343542E-01
   159.000      0.235822E-01
   159.500      0.159970E-01
   160.000      0.107292E-01
   160.500      0.711779E-02
   161.000      0.467196E-02
   161.500      0.303470E-02
   162.000      0.195093E-02
   162.500      0.124133E-02
   163.000      0.781675E-03
   163.500      0.487082E-03
   164.000      0.300276E-03
   164.500      0.183087E-03
   165.000      0.110371E-03
   165.500      0.657533E-04
   166.000      0.386916E-04
   166.500      0.224743E-04
   167.000      0.128771E-04
   167.500      0.727214E-05
   168.000      0.404418E-05
   168.500      0.221252E-05
   169.000      0.118946E-05
   169.500      0.627627E-06
   170.000      0.324625E-06
   170.500      0.164364E-06
   171.000      0.813548E-07
   171.500      0.393126E-07
   172.000      0.185236E-07
   172.500      0.850244E-08
   173.000      0.379944E-08
   173.500      0.165279E-08
   174.000      0.700298E-09
   174.500      0.289388E-09
   175.000      0.116867E-09
   175.500      0.462454E-10
   176.000      0.179865E-10
   176.500      0.689861E-11
   177.000      0.261824E-11
   177.500      0.987094E-12
   178.000      0.371632E-12
   178.500      0.141093E-12
   179.000      0.551764E-13
   179.500      0.232624E-13
   180.000      0.114280E-13
   180.500      0.704031E-14
   181.000      0.541087E-14
   181.500      0.480333E-14
   182.000      0.457508E-14
   182.500      0.448821E-14
   183.000      0.445444E-14
   183.500      0.444088E-14
   184.000      0.443518E-14
   184.500      0.443264E-14
   185.000      0.443144E-14
   185.500      0.443082E-14
   186.000      0.443049E-14
   186.500      0.443030E-14
   187.000      0.443019E-14
   187.500      0.443013E-14
   188.000      0.443009E-14
   188.500      0.443007E-14
   189.000      0.443005E-14
   189.500      0.443004E-14
   190.000      0.443004E-14
   190.500      0.443004E-14
   191.000      0.443004E-14
   191.500      0.443003E-14
   192.000      0.443003E-14
   192.500      0.443003E-14
   193.000      0.443003E-14
   193.500      0.443003E-14
   194.000      0.443003E-14
   194.500      0.443003E-14
   195.000      0.443003E-14
   195.500      0.443003E-14
   196.000      0.443003E-14
   196.500      0.443003E-14
   197.000      0.443003E-14
   197.500      0.443003E-14
   198.000      0.443003E-14
   198.500      0.443003E-14
   199.000      0.443003E-14
   199.500      0.443003E-14
   200.000      0.443003E-14
