#  cvt_p05.txt
#  created by routine CVT_WRITE in CVT_TRIANGULATION.F90
#  at May 17 2005   4:23:47.619 PM
#
#  Spatial dimension M =            2
#  Number of points N =           400
#  EPSILON (unit roundoff) =   0.222045E-15
#  Initial SEED =    123456789
#  Current SEED =    123456789
#  Number of sample points =             100000
#  Number of sampling iterations =           20
#  Estimated Voronoi energy =        0.469807E-03
#
   -0.821472      0.515755
    0.358312      0.709464
    0.612216      0.437249
    0.272685      0.546723
    0.824199      0.268007
    0.162263      0.489438
   -0.068060      0.475913
    0.318613      0.371113
    0.064815      0.514814
   -0.103169      0.807856
    0.446800      0.084979
    0.879945      0.345643
   -0.024272      0.929624
    0.318992      0.671626
    0.939439      0.024583
    0.779233      0.018719
   -0.608531      0.693161
    0.220107      0.404905
    0.977211      0.025770
    0.499267      0.214054
   -0.149161      0.773889
    0.379662      0.591899
    0.904746      0.244786
    0.881995      0.286533
    0.725173      0.652967
    0.749789      0.375870
   -0.333921      0.663773
   -0.922129      0.275736
    0.401792      0.832106
    0.753924      0.572128
   -0.559140      0.802144
    0.245523      0.350115
   -0.237124      0.644386
   -0.520929      0.763474
    0.689295      0.292567
   -0.022375      0.785502
   -0.577529      0.649516
   -0.543334      0.702705
    0.039828      0.559296
    0.227715      0.725307
    0.837270      0.367684
    0.163931      0.132171
    0.199468      0.794473
    0.271248      0.740152
    0.051895      0.708210
    0.709356      0.166443
    0.838838      0.102469
   -0.008845      0.976951
    0.339623      0.423934
    0.245676      0.078477
    0.281633      0.143447
    0.194008      0.318441
   -0.375975      0.634215
    0.608226      0.543378
    0.813010      0.453096
   -0.415846      0.824989
    0.554604      0.069649
   -0.253919      0.814012
   -0.466996      0.621267
    0.550396      0.688517
    0.743465      0.211197
    0.468571      0.258066
   -0.204448      0.678645
    0.515600      0.656685
   -0.708124      0.653956
    0.788465      0.353906
   -0.313526      0.797875
    0.855868      0.233687
    0.648116      0.071961
   -0.367822      0.574474
    0.268577      0.682759
    0.657337      0.335549
   -0.939737      0.218729
   -0.592086      0.596093
   -0.343770      0.900951
    0.494438      0.388969
   -0.652902      0.579394
   -0.200877      0.912586
   -0.038564      0.731024
    0.795618      0.569508
    0.317455      0.079032
    0.758466      0.617340
   -0.718308      0.479042
   -0.355744      0.843399
   -0.461564      0.788178
    0.055321      0.780475
    0.151952      0.281725
    0.017748      0.801788
   -0.130381      0.715212
    0.345006      0.027323
   -0.011762      0.572590
    0.303370      0.455707
    0.918466      0.061645
    0.691292      0.216803
    0.594112      0.027369
    0.046039      0.839108
   -0.916139      0.338866
    0.176218      0.078349
   -0.957462      0.133867
    0.630890      0.131515
    0.364564      0.765073
    0.649696      0.183024
    0.751553      0.057935
    0.411010      0.556163
   -0.239731      0.946839
    0.695315      0.684025
    0.430700      0.677756
    0.059150      0.658164
    0.862409      0.148440
   -0.197266      0.538409
    0.716259      0.404861
    0.426866      0.230873
   -0.078882      0.701449
    0.645817      0.688926
    0.222314      0.944753
    0.520248      0.472914
    0.508912      0.720430
    0.974233      0.076919
    0.557625      0.807945
    0.171640      0.228647
   -0.099692      0.753296
    0.414787      0.023581
    0.055846      0.609122
    0.108358      0.779369
    0.131126      0.965236
    0.871894      0.446180
    0.797841      0.310759
   -0.115990      0.967136
    0.601935      0.645881
    0.938400      0.099164
    0.299277      0.322466
   -0.217491      0.594264
    0.479162      0.440207
    0.528083      0.601217
    0.711731      0.023429
    0.770083      0.265302
    0.323362      0.915576
   -0.666789      0.515720
   -0.884364      0.404711
   -0.761305      0.512647
    0.631758      0.295301
    0.659375      0.432532
    0.015224      0.744986
    0.782375      0.094794
   -0.069531      0.639872
   -0.493020      0.670554
    0.812205      0.057939
    0.101065      0.420234
    0.119056      0.376731
    0.015298      0.885743
    0.839331      0.020282
    0.063568      0.915289
    0.286398      0.614761
    0.249026      0.837298
    0.742153      0.120222
    0.052569      0.415187
   -0.111865      0.663588
   -0.034053      0.673121
    0.100668      0.468432
   -0.786001      0.570466
   -0.635313      0.742605
    0.666271      0.720780
    0.721250      0.261432
    0.321274      0.198460
    0.344872      0.626512
   -0.302173      0.928548
    0.372190      0.376461
    0.110465      0.691835
    0.594075      0.492486
   -0.503586      0.830291
    0.115711      0.915173
    0.466847      0.488139
    0.921298      0.335503
    0.009030      0.689128
    0.630800      0.381356
    0.818100      0.529747
   -0.478697      0.728545
   -0.181811      0.626513
    0.163703      0.689702
    0.259007      0.486438
   -0.871171      0.325471
    0.845121      0.412595
    0.453059      0.727239
    0.057415      0.356845
   -0.175076      0.962638
   -0.498921      0.571207
   -0.107701      0.559894
    0.007072      0.403949
    0.952657      0.186780
    0.499749      0.844343
    0.607207      0.221792
    0.891326      0.105546
    0.475630      0.625249
    0.444963      0.404161
   -0.445635      0.571794
    0.532109      0.262592
    0.949229      0.231260
    0.548571      0.370741
    0.599502      0.092374
    0.141508      0.864753
   -0.849861      0.458784
    0.211066      0.674160
    0.211125      0.187484
   -0.179489      0.730013
    0.731765      0.492056
    0.418337      0.631330
    0.868558      0.065712
   -0.028738      0.447838
    0.748106      0.314146
    0.550699      0.131824
    0.193021      0.842507
   -0.009123      0.841470
    0.555611      0.509803
    0.444652      0.870256
   -0.530067      0.625362
   -0.065584      0.776906
    0.086911      0.965928
   -0.123401      0.613577
    0.584109      0.394633
   -0.302426      0.744730
    0.844195      0.488540
    0.412723      0.504025
   -0.607480      0.537321
    0.367894      0.472568
    0.490186      0.570575
    0.088643      0.304123
   -0.288111      0.649209
    0.301106      0.794712
   -0.005829      0.513045
   -0.382353      0.693638
    0.589795      0.165527
    0.832667      0.186348
   -0.239883      0.551433
    0.083418      0.873282
    0.335894      0.136311
   -0.324284      0.706258
   -0.157445      0.671843
    0.216768      0.459227
    0.391082      0.063357
    0.479068      0.767752
   -0.270917      0.603580
   -0.583450      0.754809
    0.164590      0.910266
   -0.748716      0.615773
    0.273850      0.937580
    0.567043      0.451832
   -0.041665      0.880498
    0.117448      0.634208
   -0.101035      0.869172
    0.916457      0.149019
    0.795939      0.221686
   -0.060765      0.972177
    0.247404      0.784570
    0.763344      0.530974
   -0.398970      0.887200
    0.707946      0.449783
    0.252685      0.289376
    0.551590      0.555880
    0.514400      0.336816
    0.139981      0.743951
    0.164594      0.570036
    0.210904      0.521921
    0.583015      0.592389
    0.178979      0.371284
    0.403825      0.726571
    0.416319      0.358135
   -0.781804      0.442420
    0.033582      0.466613
    0.228513      0.580167
    0.422313      0.779283
    0.348540      0.814397
    0.586169      0.268668
    0.159016      0.430574
   -0.712459      0.565860
    0.779821      0.489123
    0.096470      0.826227
    0.577628      0.726367
    0.381124      0.664937
    0.022565      0.936584
    0.843566      0.314910
    0.553318      0.205847
    0.439390      0.136367
    0.890296      0.021494
    0.654126      0.249519
    0.500895      0.092461
   -0.970315      0.086205
    0.130629      0.332104
    0.969055      0.133928
    0.180362      0.962517
    0.400647      0.274157
   -0.109728      0.499967
   -0.283940      0.559116
    0.715819      0.586448
    0.370565      0.226720
    0.388578      0.898289
    0.082329      0.736691
    0.710030      0.344644
    0.385105      0.111783
    0.558380      0.315990
   -0.453854      0.861658
    0.457581      0.817991
    0.149345      0.807116
    0.794179      0.403622
   -0.377064      0.790834
    0.365638      0.533239
   -0.080179      0.920973
   -0.671591      0.698015
   -0.271136      0.695518
    0.474309      0.031357
    0.591297      0.774743
    0.322441      0.569416
    0.368246      0.323450
    0.394778      0.422782
    0.235424      0.632278
   -0.355720      0.747020
   -0.415773      0.746421
    0.225392      0.132526
   -0.162601      0.574282
    0.344588      0.273549
    0.934173      0.284811
    0.530618      0.024821
    0.531004      0.420681
    0.187087      0.746432
    0.448641      0.187403
    0.191740      0.027087
   -0.829557      0.385565
   -0.000290      0.629796
    0.475896      0.681169
    0.273328      0.027211
   -0.263682      0.900143
    0.657228      0.530146
   -0.056659      0.830363
    0.215205      0.254608
    0.465308      0.349740
   -0.057807      0.534523
    0.041968      0.978038
   -0.191942      0.820256
    0.662119      0.572805
    0.263431      0.891207
   -0.437454      0.694226
    0.678413      0.384221
    0.806398      0.142002
    0.262671      0.210043
   -0.407831      0.585899
    0.299198      0.258377
    0.271639      0.409496
   -0.297055      0.853914
   -0.207987      0.772119
    0.384101      0.172136
   -0.961530      0.171014
    0.115704      0.246879
    0.506607      0.525024
    0.710395      0.537593
    0.635076      0.484494
    0.500530      0.155168
    0.655201      0.023441
   -0.650093      0.637659
    0.121601      0.525709
   -0.228776      0.720433
    0.207608      0.887647
    0.600413      0.337037
    0.316156      0.734324
    0.441447      0.590696
   -0.059526      0.593296
   -0.326657      0.615134
   -0.258586      0.761163
    0.542938      0.754325
    0.757305      0.438408
    0.515408      0.797603
    0.453997      0.536136
    0.687205      0.617768
    0.144922      0.185511
    0.705663      0.077522
   -0.135926      0.916974
   -0.551126      0.556436
    0.490953      0.299601
    0.769384      0.170750
   -0.226216      0.862675
   -0.150485      0.521629
    0.893224      0.193276
    0.681209      0.487506
    0.303275      0.854294
    0.681060      0.124983
   -0.141077      0.828639
    0.627628      0.743825
    0.628964      0.601993
    0.892192      0.393497
    0.657013      0.647938
    0.435065      0.307667
    0.317562      0.509361
    0.556287      0.637589
    0.424983      0.459239
   -0.323063      0.566856
   -0.162618      0.871141
    0.176035      0.627635
    0.605605      0.691231
    0.101836      0.577199
    0.355644      0.865908
   -0.424396      0.645976
   -0.973300      0.028859
