    0.000000000000000E+00    0.000000000000000E+00
    0.000000000000000E+00    0.000000000000000E+00
    0.000000000000000E+00    0.000000000000000E+00
    0.000000000000000E+00    0.000000000000000E+00
    0.000000000000000E+00    0.000000000000000E+00
    0.000000000000000E+00    0.000000000000000E+00
    0.000000000000000E+00    0.000000000000000E+00
    0.000000000000000E+00    0.000000000000000E+00
    0.000000000000000E+00    0.000000000000000E+00
    0.000000000000000E+00    0.000000000000000E+00
    0.000000000000000E+00    0.000000000000000E+00
    0.000000000000000E+00    0.000000000000000E+00
    0.000000000000000E+00    0.000000000000000E+00
    0.000000000000000E+00    0.000000000000000E+00
    0.000000000000000E+00    0.000000000000000E+00
    0.000000000000000E+00    0.000000000000000E+00
    0.000000000000000E+00    0.000000000000000E+00
    0.000000000000000E+00    0.000000000000000E+00
    0.000000000000000E+00    0.000000000000000E+00
    0.000000000000000E+00    0.000000000000000E+00
    0.000000000000000E+00    0.000000000000000E+00
    0.000000000000000E+00    0.000000000000000E+00
    0.000000000000000E+00    0.000000000000000E+00
    0.000000000000000E+00    0.000000000000000E+00
    0.000000000000000E+00    0.000000000000000E+00
    0.000000000000000E+00    0.000000000000000E+00
    0.000000000000000E+00    0.000000000000000E+00
    0.000000000000000E+00    0.000000000000000E+00
    0.000000000000000E+00    0.000000000000000E+00
    0.000000000000000E+00    0.000000000000000E+00
    0.000000000000000E+00    0.000000000000000E+00
    0.000000000000000E+00    0.000000000000000E+00
    0.000000000000000E+00    0.000000000000000E+00
    0.000000000000000E+00    0.000000000000000E+00
    0.000000000000000E+00    0.000000000000000E+00
    0.000000000000000E+00    0.000000000000000E+00
    0.000000000000000E+00    0.000000000000000E+00
    0.000000000000000E+00    0.000000000000000E+00
    0.000000000000000E+00    0.000000000000000E+00
    0.000000000000000E+00    0.000000000000000E+00
    0.000000000000000E+00    0.000000000000000E+00
    0.000000000000000E+00    0.000000000000000E+00
   -0.210391698366659E-03    0.955687342996754E-04
   -0.656709068883963E-03    0.884010661156323E-03
   -0.961415670570537E-03    0.231679553106930E-02
   -0.110317971961623E-02    0.437581951893592E-02
   -0.999021516525082E-03    0.639137950058556E-02
   -0.782734354739725E-03    0.822040960626071E-02
   -0.246687633115353E-03    0.926186824036108E-02
    0.372834490344592E-03    0.871373120209724E-02
    0.694944823436163E-03    0.800042623027253E-02
    0.563046378626251E-03    0.708351692407456E-02
    0.414345841826930E-03    0.608451693949774E-02
    0.338250168202816E-03    0.538069116982796E-02
    0.291293090665993E-03    0.477278468009718E-02
    0.258911386912682E-03    0.424920246067632E-02
    0.231930887230367E-03    0.377268211081251E-02
    0.214148773947865E-03    0.333850917875003E-02
    0.198346826113647E-03    0.293920385312199E-02
    0.184412945282521E-03    0.256778245841795E-02
    0.170757570077283E-03    0.222254306542996E-02
    0.156817406681005E-03    0.190472237035515E-02
    0.142612331055577E-03    0.161371467576188E-02
    0.127631640609035E-03    0.135187565227932E-02
    0.112152888535844E-03    0.111922578153061E-02
    0.963818392099162E-04    0.917630693824422E-03
    0.805575123779056E-04    0.746449727490737E-03
    0.656402020048895E-04    0.605406534634604E-03
    0.513774819630589E-04    0.492925987151702E-03
    0.393762192304028E-04    0.405602062659234E-03
    0.287640452299494E-04    0.341152318576393E-03
    0.214147592886242E-04    0.293152720810839E-03
    0.159187822920315E-04    0.259241893991950E-03
    0.138131162600850E-04    0.231261136245560E-03
    0.133980807397413E-04    0.207689025981722E-03
    0.152818429662779E-04    0.181026083604254E-03
    0.181229533847185E-04    0.151344219111444E-03
    0.205833762380022E-04    0.116085516314215E-03
    0.217372314593331E-04    0.768300194107579E-04
    0.181524552968609E-04    0.387952635764864E-04
    0.929040890184588E-05    0.929040890242937E-05
    0.000000000000000E+00    0.000000000000000E+00
    0.000000000000000E+00    0.000000000000000E+00
   -0.769187697089288E-03    0.357896557908833E-03
   -0.205558645021375E-02    0.152421835123966E-02
   -0.322781014784398E-02    0.358908582709141E-02
   -0.377026270162498E-02    0.643534917229973E-02
   -0.375237743051305E-02    0.933881245682429E-02
   -0.244267647679033E-02    0.115685910703479E-01
   -0.552632476492142E-03    0.129409249176014E-01
    0.797534556428031E-03    0.131775527032369E-01
    0.169773011710068E-02    0.126952903082739E-01
    0.165336526082754E-02    0.117307240233255E-01
    0.138335162250605E-02    0.105108484616117E-01
    0.120723817170551E-02    0.944224356298268E-02
    0.106108169965380E-02    0.846088268278781E-02
    0.957491370739249E-03    0.754419875501950E-02
    0.869749099488294E-03    0.670125308588526E-02
    0.804009852529697E-03    0.592268642486700E-02
    0.745629716782757E-03    0.519977556886757E-02
    0.693655358346262E-03    0.452572274232037E-02
    0.641790588999205E-03    0.389973175968815E-02
    0.589468479231949E-03    0.332255991884459E-02
    0.534670393249069E-03    0.279642720865457E-02
    0.477901191747190E-03    0.232263652232124E-02
    0.418705351876835E-03    0.190421350379723E-02
    0.359157352877811E-03    0.154136763828427E-02
    0.299526133896763E-03    0.123543994460413E-02
    0.243087259889994E-03    0.983452862561854E-03
    0.190112813963483E-03    0.783919203966306E-03
    0.144211550609377E-03    0.630073402696148E-03
    0.105329044769541E-03    0.517390260486040E-03
    0.762047153567405E-04    0.436098743458129E-03
    0.562896630503138E-04    0.379538427382872E-03
    0.462121821739789E-04    0.337010479965614E-03
    0.448448251005210E-04    0.301726131068009E-03
    0.497712596547809E-04    0.265194096689958E-03
    0.592006541041372E-04    0.223432259913255E-03
    0.672810047575413E-04    0.173938496558704E-03
    0.707775151186437E-04    0.118593738522976E-03
    0.620289556996269E-04    0.622461088279932E-04
    0.390023231312068E-04    0.183077208035290E-04
    0.000000000000000E+00    0.000000000000000E+00
    0.000000000000000E+00    0.000000000000000E+00
   -0.158759134720867E-02    0.431766748503163E-03
   -0.379766814259673E-02    0.172245188272847E-02
   -0.564935807201733E-02    0.379767254922275E-02
   -0.667688779797793E-02    0.667309633455317E-02
   -0.635157686767146E-02    0.931180697367767E-02
   -0.465718458912931E-02    0.116756660298978E-01
   -0.181421890244212E-02    0.136717475118170E-01
    0.626784305381349E-03    0.144695062813852E-01
    0.227359014208478E-02    0.147602270117918E-01
    0.259934168242830E-02    0.142687257787172E-01
    0.254538780700897E-02    0.132306354045894E-01
    0.235544835639575E-02    0.121558873044604E-01
    0.214251717216592E-02    0.109938214784115E-01
    0.196449923893553E-02    0.986336828897367E-02
    0.180975562093927E-02    0.878311009799076E-02
    0.168312390164080E-02    0.776759160451954E-02
    0.156878281446596E-02    0.680275411586755E-02
    0.146073443721013E-02    0.590293506066673E-02
    0.135275581755412E-02    0.506060757706930E-02
    0.124208847161508E-02    0.428501947584010E-02
    0.112623755852051E-02    0.357651679282166E-02
    0.100523663351041E-02    0.294067927755107E-02
    0.880012463600007E-03    0.237925635801717E-02
    0.753172052450841E-03    0.189476061810321E-02
    0.627523669528677E-03    0.148692698013669E-02
    0.507272084962141E-03    0.115349201535047E-02
    0.395759536115418E-03    0.890549156406653E-03
    0.297472506204600E-03    0.690839126842260E-03
    0.215016672378346E-03    0.546644524678224E-03
    0.151615842565197E-03    0.446651992267537E-03
    0.107863291629635E-03    0.380847341511782E-03
    0.842429904958280E-04    0.336171427440428E-03
    0.783694099381777E-04    0.303099532102714E-03
    0.868003965199957E-04    0.270556554687540E-03
    0.103712359839663E-03    0.232857320396954E-03
    0.121041778642747E-03    0.185502999233991E-03
    0.129486250030305E-03    0.129919168410773E-03
    0.118046576981113E-03    0.708708320100281E-04
    0.770873432825437E-04    0.220981434259779E-04
    0.000000000000000E+00    0.000000000000000E+00
    0.000000000000000E+00    0.000000000000000E+00
   -0.235756852959635E-02    0.387227145592806E-03
   -0.536820012146348E-02    0.148781032836459E-02
   -0.799572850187651E-02    0.324031979784187E-02
   -0.929960503730053E-02    0.559025706043489E-02
   -0.891920357991353E-02    0.796660655143173E-02
   -0.669486953681749E-02    0.102672573226262E-01
   -0.320435249500699E-02    0.123421662722649E-01
   -0.202237715835877E-03    0.138478633049128E-01
    0.210303954979760E-02    0.147251115374495E-01
    0.312872334458063E-02    0.148450413445836E-01
    0.346078095755153E-02    0.143281401342801E-01
    0.345481269500046E-02    0.134513929406141E-01
    0.330489016704014E-02    0.123666165727125E-01
    0.311582122685610E-02    0.112035110252092E-01
    0.292578141769641E-02    0.100333234990659E-01
    0.275134100799663E-02    0.888635915634574E-02
    0.258180873947492E-02    0.777810972170242E-02
    0.241292812118172E-02    0.672698013900553E-02
    0.223862090253989E-02    0.573935195638791E-02
    0.205628914129994E-02    0.482452496737597E-02
    0.186364276177460E-02    0.398817011931547E-02
    0.166153594390502E-02    0.323721674414531E-02
    0.145228228656924E-02    0.257532288252823E-02
    0.124026482356600E-02    0.200567799702088E-02
    0.103058073483728E-02    0.152799554007514E-02
    0.829788917142662E-03    0.114015540249891E-02
    0.643794795893166E-03    0.836856861164209E-03
    0.479331754113104E-03    0.610570177442576E-03
    0.341116769371077E-03    0.451129376951335E-03
    0.233716921629488E-03    0.346664799630500E-03
    0.158702495872609E-03    0.283980919239445E-03
    0.116240218527742E-03    0.249369888811372E-03
    0.103211302410969E-03    0.229884280716624E-03
    0.113762571973862E-03    0.213685980288187E-03
    0.139221355221744E-03    0.192230025792641E-03
    0.167241023968997E-03    0.159755891715872E-03
    0.184023760159328E-03    0.116219635332174E-03
    0.172287008956731E-03    0.653784171565413E-04
    0.116984367372264E-03    0.205241236194336E-04
    0.000000000000000E+00    0.000000000000000E+00
    0.000000000000000E+00    0.000000000000000E+00
   -0.302046597726228E-02    0.266248763533298E-03
   -0.664246965290261E-02    0.102645921751769E-02
   -0.977369897723209E-02    0.223933160180741E-02
   -0.114975803066678E-01    0.400741943332844E-02
   -0.112275391268512E-01    0.586364425442636E-02
   -0.900666487342539E-02    0.788135624965887E-02
   -0.530912765682394E-02    0.100808935343488E-01
   -0.169004939141575E-02    0.118563045853147E-01
    0.127712249921630E-02    0.132441635475105E-01
    0.305872584745757E-02    0.139533313227827E-01
    0.397042169563960E-02    0.139727217574026E-01
    0.430821967864596E-02    0.134779250638570E-01
    0.435952421517348E-02    0.126327017352480E-01
    0.425923512239159E-02    0.115993450221173E-01
    0.409934305079059E-02    0.104706563463495E-01
    0.390867552591650E-02    0.931492919953750E-02
    0.370053606279209E-02    0.815387092575655E-02
    0.347723646275767E-02    0.703578172495924E-02
    0.323618023793024E-02    0.597072716977782E-02
    0.297704647639198E-02    0.497818912430676E-02
    0.269891703947153E-02    0.406596008720308E-02
    0.240489141804303E-02    0.324645584979334E-02
    0.209940725697256E-02    0.252412593357496E-02
    0.178932083092384E-02    0.190404173750642E-02
    0.148262395446868E-02    0.138632803520682E-02
    0.118832656317054E-02    0.969193600095611E-03
    0.915836549851540E-03    0.646963271784732E-03
    0.673761197481624E-03    0.411813973448056E-03
    0.469981153217742E-03    0.252456077260555E-03
    0.309913846163174E-03    0.156353343711874E-03
    0.196866685439036E-03    0.108666377865936E-03
    0.130502327999038E-03    0.946230199468674E-04
    0.107077470371701E-03    0.993541131678953E-04
    0.118628308123812E-03    0.109559893172995E-03
    0.153123211902432E-03    0.114612285462166E-03
    0.194411563768407E-03    0.107177746814515E-03
    0.222905759612786E-03    0.851522485763649E-04
    0.215958084661608E-03    0.515273044246873E-04
    0.150137705639129E-03    0.170151839229933E-04
    0.000000000000000E+00    0.000000000000000E+00
    0.000000000000000E+00    0.000000000000000E+00
   -0.342362292028240E-02    0.146621355698691E-03
   -0.740014636280868E-02    0.537632822673453E-03
   -0.109091151555199E-01    0.122229493389115E-02
   -0.129290079382300E-01    0.227626692011211E-02
   -0.129251988965152E-01    0.357134574684748E-02
   -0.108666684781647E-01    0.524938110580301E-02
   -0.727352205418175E-02    0.719092536714574E-02
   -0.346284789913528E-02    0.910814367625756E-02
   -0.287036733042907E-04    0.107992228812694E-01
    0.243693177398027E-02    0.119307586890632E-01
    0.397929991427619E-02    0.124563938115244E-01
    0.480782155538557E-02    0.124067650810951E-01
    0.517117684332038E-02    0.119135168063965E-01
    0.526412398824550E-02    0.111265303769879E-01
    0.520218446521812E-02    0.101581474538124E-01
    0.504870704238678E-02    0.908632863407099E-02
    0.483582561101354E-02    0.797208434515823E-02
    0.457717920610710E-02    0.686434532075620E-02
    0.427931512996162E-02    0.579371552544515E-02
    0.394619220936796E-02    0.478186629289391E-02
    0.358166293766047E-02    0.384684559732586E-02
    0.319132591611573E-02    0.300307210029078E-02
    0.278346944723814E-02    0.225922367520304E-02
    0.236776352240742E-02    0.162160736367298E-02
    0.195575992289979E-02    0.109161105054227E-02
    0.155974587217171E-02    0.668586199729857E-03
    0.119212211423401E-02    0.346703801280448E-03
    0.864882637062609E-03    0.118821619487063E-03
    0.587796223234613E-03   -0.271337958053334E-04
    0.369016068336195E-03   -0.103553876597278E-03
    0.212152145750902E-03   -0.126494423337862E-03
    0.118062169003429E-03   -0.111161336247415E-03
    0.813653830928570E-04   -0.740715352960828E-04
    0.930420832689872E-04   -0.296286231964220E-04
    0.137369710578212E-03    0.958637832813594E-05
    0.194570957852832E-03    0.344480340994664E-04
    0.239556094781413E-03    0.409675735362091E-04
    0.243337069547614E-03    0.300245751225961E-04
    0.174953819743837E-03    0.110175915429720E-04
    0.000000000000000E+00    0.000000000000000E+00
    0.000000000000000E+00    0.000000000000000E+00
   -0.357300398383502E-02    0.299090054211886E-04
   -0.771301113975536E-02    0.939977057562161E-04
   -0.114741963815014E-01    0.265065485876473E-03
   -0.138625507227405E-01    0.722857583161463E-03
   -0.142317076750142E-01    0.139251874137952E-02
   -0.125743201524504E-01    0.256425703850440E-02
   -0.920720489181105E-02    0.418482727828511E-02
   -0.531522522756762E-02    0.594478659477436E-02
   -0.154388438849006E-02    0.777371991180152E-02
    0.145808325070486E-02    0.918326628851572E-02
    0.357494804058881E-02    0.101013635197842E-01
    0.490197292893269E-02    0.104804102930172E-01
    0.566302616086469E-02    0.103626422953138E-01
    0.602473000595552E-02    0.989395038248328E-02
    0.613969718820412E-02    0.916270228180548E-02
    0.608029079864120E-02    0.826967609641694E-02
    0.590626139945861E-02    0.727892411714395E-02
    0.564208499413470E-02    0.625869348468971E-02
    0.530680276146365E-02    0.524549003793783E-02
    0.491114062532350E-02    0.427379517454451E-02
    0.446596878386281E-02    0.336494011669276E-02
    0.398180841121650E-02    0.254048407087331E-02
    0.347110292645996E-02    0.181162342905032E-02
    0.294757894249076E-02    0.118747957195652E-02
    0.242684647828314E-02    0.671290836932017E-03
    0.192447639015805E-02    0.263732536374552E-03
    0.145717296779343E-02   -0.400599256886194E-04
    0.103910314972830E-02   -0.246395388921313E-03
    0.684086390433671E-03   -0.367261908952111E-03
    0.401060355310594E-03   -0.414353727741674E-03
    0.196586905816208E-03   -0.404569707638984E-03
    0.706699059636294E-04   -0.352719952116751E-03
    0.188364489311349E-04   -0.277075088124225E-03
    0.293817807049048E-04   -0.192227788038176E-03
    0.847812193222628E-04   -0.113355677512348E-03
    0.160664593804350E-03   -0.503730099023082E-04
    0.227194274327050E-03   -0.105357873529161E-04
    0.248947281503569E-03    0.608917371146211E-05
    0.187433940662035E-03    0.468801596082226E-05
    0.000000000000000E+00    0.000000000000000E+00
    0.000000000000000E+00    0.000000000000000E+00
   -0.355448309981781E-02   -0.559283209786628E-04
   -0.765391106044250E-02   -0.258178269103180E-03
   -0.114638479503241E-01   -0.487778693771914E-03
   -0.140632651887380E-01   -0.596803241342860E-03
   -0.148494326634821E-01   -0.462918656592288E-03
   -0.136320767941315E-01    0.187296419992888E-03
   -0.107331538264044E-01    0.133024231859586E-02
   -0.704385217623313E-02    0.283923049914626E-02
   -0.317228402345514E-02    0.452562190343128E-02
    0.152743067944253E-03    0.603980284567366E-02
    0.276409445328629E-02    0.720780147288254E-02
    0.459295033884764E-02    0.792312091937333E-02
    0.578348452172240E-02    0.817942052151877E-02
    0.648746806396856E-02    0.804486939500773E-02
    0.683663037408630E-02    0.760495034245302E-02
    0.693077689216699E-02    0.694616991675817E-02
    0.683820078083226E-02    0.614719942644259E-02
    0.660387094524830E-02    0.527378140596419E-02
    0.625661459480344E-02    0.437752763334262E-02
    0.581755990141165E-02    0.349584378333921E-02
    0.530506670883301E-02    0.266040880812629E-02
    0.473592618756351E-02    0.189448116858078E-02
    0.412800033007308E-02    0.121494792544162E-02
    0.350001769346834E-02    0.632799479715325E-03
    0.287165523347212E-02    0.154118290379425E-03
    0.226335441917711E-02   -0.218654829245925E-03
    0.169459041771318E-02   -0.488846441692374E-03
    0.118444539934129E-02   -0.661507574412318E-03
    0.748065682669837E-03   -0.747591787046613E-03
    0.398835734106551E-03   -0.758192976395295E-03
    0.142999823256855E-03   -0.709597773553583E-03
   -0.162853469482229E-04   -0.616902917264729E-03
   -0.856885928657305E-04   -0.498400590855896E-03
   -0.759199680591908E-04   -0.370041407115532E-03
   -0.879336276169751E-05   -0.247794937062257E-03
    0.895361807089664E-04   -0.144093497728934E-03
    0.182752876273911E-03   -0.675035213712086E-04
    0.230758321380122E-03   -0.217147798654145E-04
    0.186411183128043E-03   -0.270242361482909E-05
    0.000000000000000E+00    0.000000000000000E+00
    0.000000000000000E+00    0.000000000000000E+00
   -0.334517165111545E-02   -0.123232854030656E-03
   -0.727282813471757E-02   -0.511603189501744E-03
   -0.110529352676547E-01   -0.106642913311199E-02
   -0.138497587813354E-01   -0.159351363404355E-02
   -0.150090594663456E-01   -0.197832738176989E-02
   -0.143256924776729E-01   -0.186112459066305E-02
   -0.119267511375418E-01   -0.120867559585925E-02
   -0.855682054519045E-02   -0.112020722957174E-03
   -0.477229025142909E-02    0.135185474985513E-02
   -0.124971486894590E-02    0.280031398642440E-02
    0.170601187904621E-02    0.408155957047847E-02
    0.397101484349430E-02    0.502365562390340E-02
    0.557909634308352E-02    0.557571560007757E-02
    0.663652085094922E-02    0.575393958178465E-02
    0.726250328435981E-02    0.560888831936369E-02
    0.754932355135232E-02    0.521997749494139E-02
    0.758241841812201E-02    0.465039843593865E-02
    0.741162153322938E-02    0.397374943491335E-02
    0.708231575271609E-02    0.323906550635918E-02
    0.662256988939654E-02    0.249386297097411E-02
    0.606124111526585E-02    0.177097679308330E-02
    0.542097722715736E-02    0.109998581291894E-02
    0.472671941794632E-02    0.500124105822573E-03
    0.400183083467216E-02   -0.137904993673053E-04
    0.327194594157066E-02   -0.433560781659669E-03
    0.256084153288577E-02   -0.754124253778880E-03
    0.189355090209546E-02   -0.977220212354592E-03
    0.129115049579272E-02   -0.110563267616391E-02
    0.774094212326277E-03   -0.114955248863252E-02
    0.356318645404131E-03   -0.111781727107560E-02
    0.486139684271512E-04   -0.102705078987711E-02
   -0.146923603587840E-03   -0.890358673361114E-03
   -0.234041375092374E-03   -0.727647203066114E-03
   -0.226368366041208E-03   -0.553606326269534E-03
   -0.145320621143782E-03   -0.387173958150587E-03
   -0.220963406381920E-04   -0.240558687023460E-03
    0.104242595617340E-03   -0.126472900802611E-03
    0.186336834048316E-03   -0.492204909283897E-04
    0.171231969296379E-03   -0.101169504244378E-04
    0.000000000000000E+00    0.000000000000000E+00
    0.000000000000000E+00    0.000000000000000E+00
   -0.306553175246868E-02   -0.165752346550818E-03
   -0.670633702160190E-02   -0.687940346076807E-03
   -0.103027939444318E-01   -0.145591163575851E-02
   -0.131281824138667E-01   -0.232915977987286E-02
   -0.145907170759950E-01   -0.309676546738342E-02
   -0.143716891073245E-01   -0.345754096414194E-02
   -0.125480629681716E-01   -0.332024769083375E-02
   -0.964152675034977E-02   -0.265148855630211E-02
   -0.611455592186994E-02   -0.156585795583613E-02
   -0.261823150556510E-02   -0.302729650651229E-03
    0.537084168491187E-03    0.948204644755197E-03
    0.311883023627194E-02    0.199626329103120E-02
    0.508737126812908E-02    0.275866503999213E-02
    0.648799502397089E-02    0.319478935974665E-02
    0.739799437705333E-02    0.332831101232760E-02
    0.790841326204039E-02    0.320819500487476E-02
    0.809499847792458E-02    0.289119279842182E-02
    0.802212026933397E-02    0.243694402512891E-02
    0.773847600753154E-02    0.189895838786251E-02
    0.728485911430650E-02    0.132212408043934E-02
    0.669577514634353E-02    0.745191531842083E-03
    0.600339294735965E-02    0.197817083124969E-03
    0.523754866035941E-02   -0.296100314392949E-03
    0.442900491206421E-02   -0.720006305950082E-03
    0.360691961455381E-02   -0.106245753163814E-02
    0.280179230181170E-02   -0.131649962894986E-02
    0.204068253952203E-02   -0.148122269483179E-02
    0.135122140117252E-02   -0.155774809619495E-02
    0.754454401324657E-03   -0.155379675110931E-02
    0.270573096557025E-03   -0.147716215265104E-02
   -0.905032868176976E-04   -0.134222970827587E-02
   -0.321323640604472E-03   -0.116207723261433E-02
   -0.428177184293891E-03   -0.954993281394759E-03
   -0.421127464173162E-03   -0.736996645327714E-03
   -0.326203195260659E-03   -0.526451693288610E-03
   -0.173732412968236E-03   -0.338490495808688E-03
   -0.980541544573210E-05   -0.186329736836859E-03
    0.115819592997459E-03   -0.787027678202155E-04
    0.140724322874525E-03   -0.179757418728840E-04
    0.000000000000000E+00    0.000000000000000E+00
    0.000000000000000E+00    0.000000000000000E+00
   -0.268338223990510E-02   -0.192423124610848E-03
   -0.596783005911790E-02   -0.787718142125346E-03
   -0.933432180798479E-02   -0.170486613811227E-02
   -0.121525417099055E-01   -0.279787837966971E-02
   -0.138371027436414E-01   -0.389736336071758E-02
   -0.140658323579118E-01   -0.466272367861623E-02
   -0.127757077355622E-01   -0.499441204786991E-02
   -0.103567480409651E-01   -0.479264927896739E-02
   -0.717679254384547E-02   -0.409505049813328E-02
   -0.380618894154422E-02   -0.312247843578857E-02
   -0.601575003804496E-03   -0.200007779550810E-02
    0.217895905612565E-02   -0.957631436978803E-03
    0.441378841846293E-02   -0.837040211285682E-04
    0.610139791893091E-02    0.542049766075319E-03
    0.727771807048453E-02    0.905700560146547E-03
    0.801114118805129E-02    0.103652676847469E-02
    0.837055288882974E-02    0.965664806351340E-03
    0.841607267881316E-02    0.746428969225473E-03
    0.820456532679703E-02    0.421193749853992E-03
    0.778002686861487E-02    0.366538243074471E-04
    0.718692158928971E-02   -0.372226566200533E-03
    0.646180293663992E-02   -0.772404644145735E-03
    0.564318292742406E-02   -0.114011888044165E-02
    0.476559413952002E-02   -0.145544673006558E-02
    0.386553062612989E-02   -0.170577534784877E-02
    0.297611334963539E-02   -0.188105971471466E-02
    0.213113895993926E-02   -0.197893711624714E-02
    0.135965119630596E-02   -0.199724895310749E-02
    0.689226022309928E-03   -0.194267768376912E-02
    0.140233221108640E-03   -0.181944580433666E-02
   -0.271249739138978E-03   -0.164179833606359E-02
   -0.538942910437019E-03   -0.141931132321626E-02
   -0.664002376266763E-03   -0.117144619883334E-02
   -0.659355883842558E-03   -0.911452501839453E-03
   -0.547940286328479E-03   -0.660519348251276E-03
   -0.365174054953837E-03   -0.432369713130339E-03
   -0.157165216701186E-03   -0.244697076097502E-03
    0.185977401803012E-04   -0.106187339600416E-03
    0.960342312155991E-04   -0.255956732358642E-04
    0.000000000000000E+00    0.000000000000000E+00
    0.000000000000000E+00    0.000000000000000E+00
   -0.229244234981053E-02   -0.204374849105852E-03
   -0.517779782941190E-02   -0.841319053848017E-03
   -0.822442301581633E-02   -0.183437904441905E-02
   -0.109037657626055E-01   -0.308407455738452E-02
   -0.127039165291197E-01   -0.438884518300489E-02
   -0.132591642727623E-01   -0.547960222410002E-02
   -0.124776010147518E-01   -0.620441015132773E-02
   -0.105726561114697E-01   -0.642419980310572E-02
   -0.783427897444763E-02   -0.615533405749466E-02
   -0.474477074256195E-02   -0.551109281436849E-02
   -0.162559104525278E-02   -0.462439665541253E-02
    0.120904065244417E-02   -0.367876463415549E-02
    0.361691450014714E-02   -0.278985639508328E-02
    0.552248581031924E-02   -0.205493840715445E-02
    0.692781642766638E-02   -0.151370150466738E-02
    0.787197904756973E-02   -0.117221106346888E-02
    0.840347189585143E-02   -0.101345908299180E-02
    0.858208823639168E-02   -0.100611043113219E-02
    0.845866798662441E-02   -0.111320191270323E-02
    0.808600915776235E-02   -0.129742699692133E-02
    0.750905740083747E-02   -0.152417984651747E-02
    0.677391029975013E-02   -0.176371439567926E-02
    0.592129275832906E-02   -0.199070699223105E-02
    0.499431110901115E-02   -0.218522156434614E-02
    0.403124156684978E-02   -0.233243332250573E-02
    0.307313979223275E-02   -0.242105200106402E-02
    0.215457630082314E-02   -0.244599706717878E-02
    0.131228691999950E-02   -0.240345779049622E-02
    0.573567240631004E-03   -0.229691037545488E-02
   -0.335987292803862E-04   -0.212919400217315E-02
   -0.494454277635581E-03   -0.191108284381614E-02
   -0.795464538726009E-03   -0.165158343837780E-02
   -0.940356748675244E-03   -0.136702227079956E-02
   -0.935912926043494E-03   -0.107144633169866E-02
   -0.809477309381393E-03   -0.784029887640353E-03
   -0.592555379107884E-03   -0.521160460535574E-03
   -0.338209931993517E-03   -0.300112242531013E-03
   -0.103447097751736E-03   -0.134214747437840E-03
    0.356754738662623E-04   -0.331703153687740E-04
    0.000000000000000E+00    0.000000000000000E+00
    0.000000000000000E+00    0.000000000000000E+00
   -0.186325106506097E-02   -0.206887827720846E-03
   -0.432562461586561E-02   -0.848043033362856E-03
   -0.703444526007694E-02   -0.187346688099010E-02
   -0.954592494583780E-02   -0.319016322976306E-02
   -0.113821992676146E-01   -0.464790825098290E-02
   -0.122073113497747E-01   -0.596869468405770E-02
   -0.118452394378164E-01   -0.702176476481108E-02
   -0.104274227789639E-01   -0.762093509093057E-02
   -0.814173479604635E-02   -0.774003610123100E-02
   -0.538656905464634E-02   -0.745234098459188E-02
   -0.246509845335761E-02   -0.683025331428389E-02
    0.325819306726506E-03   -0.605587418401394E-02
    0.279294860643484E-02   -0.522378441154734E-02
    0.483988106035565E-02   -0.445516170730039E-02
    0.641496423203550E-02   -0.380269000920055E-02
    0.753555136939500E-02   -0.329890683120001E-02
    0.822563423350028E-02   -0.294783392126944E-02
    0.853447627692130E-02   -0.273289263566702E-02
    0.850974915300931E-02   -0.263368536243289E-02
    0.820187246332068E-02   -0.261815900175009E-02
    0.766081044730919E-02   -0.266070139013176E-02
    0.693359454878076E-02   -0.273242471399885E-02
    0.606816956730292E-02   -0.281167755526247E-02
    0.510923897365599E-02   -0.287722116175182E-02
    0.410238798341912E-02   -0.291509575594016E-02
    0.308980330924245E-02   -0.291153203230218E-02
    0.211318774169234E-02   -0.286098107775188E-02
    0.120964871258653E-02   -0.275615490508074E-02
    0.413619848779762E-03   -0.259966253679802E-02
   -0.247315366845803E-03   -0.239005939372706E-02
   -0.751158859884747E-03   -0.213750103525220E-02
   -0.108559950873222E-02   -0.184639155058687E-02
   -0.124736558738457E-02   -0.153332534258800E-02
   -0.124566977709313E-02   -0.120829148227363E-02
   -0.110204766824595E-02   -0.892347685325634E-03
   -0.852458054796310E-03   -0.599319557058001E-03
   -0.546799260521071E-03   -0.350535020897500E-03
   -0.249485739692944E-03   -0.158566761869377E-03
   -0.373115411352374E-04   -0.402709777854995E-04
    0.000000000000000E+00    0.000000000000000E+00
    0.000000000000000E+00    0.000000000000000E+00
   -0.145646984074856E-02   -0.201574051842471E-03
   -0.349760342529040E-02   -0.830216726414915E-03
   -0.583306223180792E-02   -0.184451308949131E-02
   -0.809689113540924E-02   -0.318608760099150E-02
   -0.988573844819596E-02   -0.469972216650957E-02
   -0.108605627516833E-01   -0.617765277419398E-02
   -0.108476945082292E-01   -0.745666088718918E-02
   -0.986686813320215E-02   -0.836073308284203E-02
   -0.804682840438467E-02   -0.883388315113248E-02
   -0.569141618822930E-02   -0.887939267281601E-02
   -0.304991000221028E-02   -0.856010711588403E-02
   -0.420625862373478E-03   -0.799609114559634E-02
    0.201274980097276E-02   -0.728919101018543E-02
    0.410519518058558E-02   -0.655123214017192E-02
    0.578615571966787E-02   -0.585050460519016E-02
    0.703518764426878E-02   -0.523877600649969E-02
    0.785670560091011E-02   -0.473626011997928E-02
    0.828558804147601E-02   -0.434647943969863E-02
    0.835829452401438E-02   -0.406003037996569E-02
    0.812553133399255E-02   -0.385872303722460E-02
    0.763253461664989E-02   -0.372245565309853E-02
    0.693235376721497E-02   -0.362946056127834E-02
    0.607132946866017E-02   -0.356010829737561E-02
    0.510168144123886E-02   -0.349580135136983E-02
    0.406824408854447E-02   -0.342236149966682E-02
    0.302087026858770E-02   -0.332628555024559E-02
    0.200037872725462E-02   -0.320016053565980E-02
    0.105156829726777E-02   -0.303575761790161E-02
    0.207578208705397E-03   -0.283245817147595E-02
   -0.496087457433997E-03   -0.258746226173597E-02
   -0.103912155119697E-02   -0.230672698455719E-02
   -0.140100402127892E-02   -0.199351312665575E-02
   -0.158070375476470E-02   -0.166003155567100E-02
   -0.157933638144134E-02   -0.131608804558618E-02
   -0.142191938621891E-02   -0.979323132190802E-03
   -0.113752041844137E-02   -0.665248500066831E-03
   -0.781932203148769E-03   -0.393763432735661E-03
   -0.415588871428502E-03   -0.181706439868379E-03
   -0.124771669366190E-03   -0.467316992039622E-04
    0.000000000000000E+00    0.000000000000000E+00
    0.000000000000000E+00    0.000000000000000E+00
   -0.105069419604229E-02   -0.190804615607510E-03
   -0.267607007005419E-02   -0.785305155561496E-03
   -0.464245132079197E-02   -0.176166093860497E-02
   -0.664929404265066E-02   -0.306965435680018E-02
   -0.833497675608494E-02   -0.459940269610490E-02
   -0.940703346454460E-02   -0.614944276172804E-02
   -0.965220351242896E-02   -0.759218675220952E-02
   -0.905316312969892E-02   -0.872678783349423E-02
   -0.765813799792796E-02   -0.948802222730432E-02
   -0.570108930584342E-02   -0.983916590768523E-02
   -0.338708490903801E-02   -0.979989213283114E-02
   -0.976546699806220E-03   -0.947170736773253E-02
    0.133360308297357E-02   -0.892067405688847E-02
    0.339804653124930E-02   -0.826721544882410E-02
    0.511002898486418E-02   -0.757193124520511E-02
    0.643482664597377E-02   -0.690507889585751E-02
    0.734870265771121E-02   -0.629820671805835E-02
    0.787481794759079E-02   -0.577048434793121E-02
    0.803638395261672E-02   -0.532730748095714E-02
    0.787789191914590E-02   -0.496053100035689E-02
    0.744243959602109E-02   -0.466119334029783E-02
    0.678042343945662E-02   -0.441231302755858E-02
    0.594167046038101E-02   -0.420110906695970E-02
    0.497720486406549E-02   -0.401016048250030E-02
    0.393739532198676E-02   -0.382875574933869E-02
    0.287116536222941E-02   -0.364223642507654E-02
    0.182555262374891E-02   -0.344442966837815E-02
    0.844266359187116E-03   -0.322417255610043E-02
   -0.328983901284386E-04   -0.298071869209100E-02
   -0.771686609369241E-03   -0.270694798263524E-02
   -0.134453062315946E-02   -0.240792459376694E-02
   -0.173221486459154E-02   -0.208179865568084E-02
   -0.192580465866911E-02   -0.173983468069586E-02
   -0.192801824340790E-02   -0.138693354103146E-02
   -0.175590968196162E-02   -0.104088360762152E-02
   -0.144143909836825E-02   -0.713719808867479E-03
   -0.103391600050526E-02   -0.428035330570635E-03
   -0.599554318162199E-03   -0.199303651734799E-03
   -0.221565177747064E-03   -0.523996417812365E-04
    0.000000000000000E+00    0.000000000000000E+00
    0.000000000000000E+00    0.000000000000000E+00
   -0.682881007192334E-03   -0.175836889028343E-03
   -0.191897696559877E-02   -0.727733949214172E-03
   -0.351698895463041E-02   -0.164153795609089E-02
   -0.523145310948123E-02   -0.289121610036511E-02
   -0.676506760653600E-02   -0.437211754902320E-02
   -0.784143452140463E-02   -0.593982579967645E-02
   -0.827029225917694E-02   -0.745278072555270E-02
   -0.797338263529816E-02   -0.874302560676537E-02
   -0.696871711247758E-02   -0.972095820086539E-02
   -0.540832807145008E-02   -0.103213595205745E-01
   -0.345144801052518E-02   -0.105461218812216E-01
   -0.132685967358690E-02   -0.104450355169643E-01
    0.794654840574521E-03   -0.100806873910880E-01
    0.274794268974148E-02   -0.954369984468681E-02
    0.442821119398664E-02   -0.890313776904682E-02
    0.576794334293008E-02   -0.822776708757186E-02
    0.673376356918520E-02   -0.756200890386264E-02
    0.732731368538165E-02   -0.693730718293253E-02
    0.756119943472631E-02   -0.637052651788340E-02
    0.747204711815876E-02   -0.586666069609132E-02
    0.709540604588011E-02   -0.542495043538313E-02
    0.648216001262849E-02   -0.503744124851234E-02
    0.567737477724324E-02   -0.469615811345572E-02
    0.473635714002500E-02   -0.438882187286989E-02
    0.370621104371705E-02   -0.410659516873916E-02
    0.264153319529239E-02   -0.383712439753886E-02
    0.158668419337304E-02   -0.357366791179665E-02
    0.591598732568032E-03   -0.330548765597051E-02
   -0.306342100370928E-03   -0.302915947560134E-02
   -0.106609733232772E-02   -0.273675824201957E-02
   -0.166216284405705E-02   -0.242899586098714E-02
   -0.206762208419294E-02   -0.210250372041485E-02
   -0.227518435622282E-02   -0.176336583983787E-02
   -0.227877070287785E-02   -0.141505433921217E-02
   -0.209723374027419E-02   -0.107076367332712E-02
   -0.175326931685391E-02   -0.742566776616040E-03
   -0.129971770820506E-02   -0.450614926966590E-03
   -0.794941748147018E-03   -0.213521656249770E-03
   -0.329561510564635E-03   -0.566964936877280E-04
    0.000000000000000E+00    0.000000000000000E+00
    0.000000000000000E+00    0.000000000000000E+00
   -0.338550354769356E-03   -0.157859478626459E-03
   -0.120920786602582E-02   -0.655040970014031E-03
   -0.245919834658423E-02   -0.149098905836690E-02
   -0.389006635275958E-02   -0.264627307933551E-02
   -0.524253338943911E-02   -0.405166155085014E-02
   -0.628867659138582E-02   -0.557312449047622E-02
   -0.682646529705476E-02   -0.710688740590886E-02
   -0.677386960039482E-02   -0.847732755942525E-02
   -0.609538586576728E-02   -0.960544498319064E-02
   -0.489930652563361E-02   -0.103994572281398E-01
   -0.329583991108644E-02   -0.108384475233635E-01
   -0.147414322061122E-02   -0.109500798942458E-01
    0.408522312977350E-03   -0.107638675567370E-01
    0.220259555668403E-02   -0.103663657331349E-01
    0.378722241666974E-02   -0.980674222012101E-02
    0.509331417970448E-02   -0.916359633587956E-02
    0.606367715143984E-02   -0.847864400575690E-02
    0.669281200904834E-02   -0.779727244451218E-02
    0.697624548011199E-02   -0.714346782149630E-02
    0.694390880136033E-02   -0.653356215231128E-02
    0.662370938507838E-02   -0.597645494199163E-02
    0.606163623752649E-02   -0.547108569436907E-02
    0.530164153205439E-02   -0.501770804754902E-02
    0.439540947205888E-02   -0.460719095067610E-02
    0.339243511864587E-02   -0.423638403650150E-02
    0.234428041658313E-02   -0.389316173003658E-02
    0.129934504486560E-02   -0.357409250735309E-02
    0.304796019814214E-03   -0.326637672856494E-02
   -0.597056351694570E-03   -0.296778725757224E-02
   -0.136753933799261E-02   -0.266655242477900E-02
   -0.197524975742009E-02   -0.236266879487064E-02
   -0.239480750705436E-02   -0.204774725100993E-02
   -0.261158531453281E-02   -0.172573157415029E-02
   -0.262000644324620E-02   -0.139490206261587E-02
   -0.242998653678872E-02   -0.106628414724972E-02
   -0.206456241685430E-02   -0.747965219694419E-03
   -0.156711205424123E-02   -0.460424927811517E-03
   -0.998481407401895E-03   -0.220508450827149E-03
   -0.441739935255713E-03   -0.598683178155460E-04
    0.000000000000000E+00    0.000000000000000E+00
    0.000000000000000E+00    0.000000000000000E+00
   -0.396460061606367E-04   -0.137873718020664E-03
   -0.583811469654352E-03   -0.576643665428810E-03
   -0.150777370997856E-02   -0.132176522197766E-02
   -0.265092789011956E-02   -0.237009121073556E-02
   -0.380451855612220E-02   -0.365993954505582E-02
   -0.476166693325774E-02   -0.510005802967916E-02
   -0.535253069107546E-02   -0.658332698432370E-02
   -0.546694605735731E-02   -0.797319159307288E-02
   -0.506297402419115E-02   -0.917585762922180E-02
   -0.419064846340376E-02   -0.100990448282081E-01
   -0.292892144625502E-02   -0.107066836068967E-01
   -0.142660503434735E-02   -0.109928094227223E-01
    0.189381938643844E-03   -0.109801478197006E-01
    0.177244136315191E-02   -0.107211924874258E-01
    0.321686673316054E-02   -0.102675350896836E-01
    0.443469822084732E-02   -0.968229953360519E-02
    0.537002418565759E-02   -0.901532608524140E-02
    0.599702911505828E-02   -0.831257543820540E-02
    0.630597228886455E-02   -0.760784723035912E-02
    0.631405435454195E-02   -0.692488060197409E-02
    0.604262706350569E-02   -0.628116708174031E-02
    0.553268382348441E-02   -0.568379097067857E-02
    0.482230836301586E-02   -0.513904290804535E-02
    0.396314029887942E-02   -0.464418938962578E-02
    0.299976066701526E-02   -0.419935683969672E-02
    0.198613957892136E-02   -0.379655709304381E-02
    0.966473728827715E-03   -0.343300775420655E-02
   -0.857106303554045E-05   -0.309801455914712E-02
   -0.900262618514888E-03   -0.278755172846849E-02
   -0.166564477016792E-02   -0.249007043365473E-02
   -0.227592951939555E-02   -0.220161861709876E-02
   -0.270014122090344E-02   -0.191226007719761E-02
   -0.292473967975084E-02   -0.162055159589173E-02
   -0.293629491558199E-02   -0.132204985408589E-02
   -0.274432401901499E-02   -0.102243496660683E-02
   -0.236134718309305E-02   -0.727628700501847E-03
   -0.183055929885605E-02   -0.454807438259757E-03
   -0.120110061128934E-02   -0.221961001383657E-03
   -0.559504789087185E-03   -0.609678908399128E-04
    0.000000000000000E+00    0.000000000000000E+00
    0.000000000000000E+00    0.000000000000000E+00
    0.223508555426392E-03   -0.116381594645255E-03
   -0.285433950667061E-04   -0.490700406809261E-03
   -0.657091273617526E-03   -0.113756044066395E-02
   -0.153414111045022E-02   -0.205866875594338E-02
   -0.248181598770127E-02   -0.321793975663891E-02
   -0.333542281896458E-02   -0.453435451011621E-02
   -0.392807642927528E-02   -0.593367293261869E-02
   -0.416380929928989E-02   -0.728170489279874E-02
   -0.397024733119091E-02   -0.850422217977175E-02
   -0.337727147833672E-02   -0.949621174519340E-02
   -0.242337767985869E-02   -0.102157033554163E-01
   -0.122577003590230E-02   -0.106397002829607E-01
    0.112657227473584E-03   -0.107672031951382E-01
    0.146749091702832E-02   -0.106428582167611E-01
    0.273342312911963E-02   -0.102941650428451E-01
    0.383077229665234E-02   -0.978816040669132E-02
    0.469036275837073E-02   -0.916138945449674E-02
    0.528576956618381E-02   -0.846978471633461E-02
    0.559240275816858E-02   -0.774520693815750E-02
    0.562336041603318E-02   -0.702154989925541E-02
    0.538963459014030E-02   -0.632103097608170E-02
    0.492735650206044E-02   -0.565821330348891E-02
    0.426963118272050E-02   -0.504636118457110E-02
    0.346330615473354E-02   -0.448684705238134E-02
    0.255193180766347E-02   -0.398651302998218E-02
    0.158486816542077E-02   -0.353844898987344E-02
    0.607463810796658E-03   -0.314507105407525E-02
   -0.333983302492959E-03   -0.279438102832173E-02
   -0.119848555722396E-02   -0.248527951564024E-02
   -0.194679840629955E-02   -0.220305703433197E-02
   -0.254688653403099E-02   -0.194382885486306E-02
   -0.296988402264567E-02   -0.169316346071171E-02
   -0.319716517278903E-02   -0.144666432683945E-02
   -0.321473588845146E-02   -0.119492261900894E-02
   -0.302389210297868E-02   -0.938899167010790E-03
   -0.263411996244433E-02   -0.680481112829977E-03
   -0.207706106566905E-02   -0.433921014494553E-03
   -0.139925021993364E-02   -0.215304053893449E-03
   -0.674844902298628E-03   -0.607356952425565E-04
    0.000000000000000E+00    0.000000000000000E+00
    0.000000000000000E+00    0.000000000000000E+00
    0.438983999766036E-03   -0.944929651851000E-04
    0.434958582644076E-03   -0.403972122190875E-03
    0.685971167298529E-04   -0.947512409041486E-03
   -0.557932723413695E-03   -0.173757408494942E-02
   -0.130409044198855E-02   -0.274502045000208E-02
   -0.202528296221754E-02   -0.391917716025274E-02
   -0.258675785245134E-02   -0.518791021133176E-02
   -0.288368373955764E-02   -0.645244068155098E-02
   -0.285150556128345E-02   -0.763245319869306E-02
   -0.248423317366769E-02   -0.863694236293877E-02
   -0.180458151729035E-02   -0.941463590516383E-02
   -0.893483870493769E-03   -0.992746050994958E-02
    0.171140757841838E-03   -0.101685127585451E-01
    0.128000834800350E-02   -0.101545087869982E-01
    0.234821236733299E-02   -0.991320181516296E-02
    0.329011710939161E-02   -0.948934225351868E-02
    0.404712919399817E-02   -0.892479423549300E-02
    0.457789655754729E-02   -0.826552932881287E-02
    0.486007855432263E-02   -0.755099998162266E-02
    0.489306196784925E-02   -0.681491112599995E-02
    0.468527247011769E-02   -0.608686498816258E-02
    0.426415211657038E-02   -0.538603306231989E-02
    0.365822421820142E-02   -0.473146739125104E-02
    0.291027449831024E-02   -0.413030839109649E-02
    0.205871026767508E-02   -0.359303688133656E-02
    0.115175453319522E-02   -0.311788779241512E-02
    0.229604294678715E-03   -0.270864247379597E-02
   -0.661145474358192E-03   -0.235697906581229E-02
   -0.148430090491038E-02   -0.206089613601580E-02
   -0.219957267052926E-02   -0.180724113649179E-02
   -0.277857810612213E-02   -0.158899776619007E-02
   -0.319018649460195E-02   -0.139057876432181E-02
   -0.341688514499192E-02   -0.120256771544692E-02
   -0.343942602799522E-02   -0.101170361055027E-02
   -0.325655692050239E-02   -0.813342276962258E-03
   -0.286743174783589E-02   -0.604632911456053E-03
   -0.229870568182401E-02   -0.395942735031388E-03
   -0.158168659440212E-02   -0.201668961925408E-03
   -0.788253441750403E-03   -0.580194719600813E-04
    0.000000000000000E+00    0.000000000000000E+00
    0.000000000000000E+00    0.000000000000000E+00
    0.613327831454382E-03   -0.721372277254979E-04
    0.818309318223786E-03   -0.315233826148776E-03
    0.678240229276360E-03   -0.754076345208394E-03
    0.273134839893547E-03   -0.140472467320717E-02
   -0.280329011654010E-03   -0.225533071382086E-02
   -0.870525318862279E-03   -0.326396238690659E-02
   -0.137212504600046E-02   -0.438396134857567E-02
   -0.170067301000159E-02   -0.552351753239078E-02
   -0.177772989747659E-02   -0.662310750938990E-02
   -0.159348466694578E-02   -0.758960757832512E-02
   -0.114285815803122E-02   -0.837584792354364E-02
   -0.486851955408548E-03   -0.893533716251681E-02
    0.320735914579432E-03   -0.924762527100821E-02
    0.119180051159039E-02   -0.932346591697169E-02
    0.205104777203239E-02   -0.916908180274463E-02
    0.282679554424486E-02   -0.883049003778188E-02
    0.345649896235734E-02   -0.833107400426800E-02
    0.390478421749335E-02   -0.772376416577672E-02
    0.413899183273351E-02   -0.703793147690045E-02
    0.415893481479820E-02   -0.631586657325822E-02
    0.396289280601836E-02   -0.558523988998967E-02
    0.357556543630615E-02   -0.487220086403425E-02
    0.301851569674786E-02   -0.419932886987100E-02
    0.233011876138474E-02   -0.357780428539010E-02
    0.154511716499387E-02   -0.302422021560032E-02
    0.706446720559516E-03   -0.253802134912208E-02
   -0.147212870631404E-03   -0.212937728349008E-02
   -0.974929497870872E-03   -0.178898007062038E-02
   -0.174108648124500E-02   -0.151964321273653E-02
   -0.241069807962759E-02   -0.130559950434189E-02
   -0.295549228303954E-02   -0.114136931751698E-02
   -0.334768332716689E-02   -0.100752427195483E-02
   -0.356840741327670E-02   -0.891588644072750E-03
   -0.359733524450880E-02   -0.775819668136131E-03
   -0.342767177177960E-02   -0.648474021173727E-03
   -0.305171457354375E-02   -0.502904009333356E-03
   -0.248382280696779E-02   -0.342712232718555E-03
   -0.174581891722027E-02   -0.180457917262809E-03
   -0.892216805113788E-03   -0.540418624222394E-04
    0.000000000000000E+00    0.000000000000000E+00
    0.000000000000000E+00    0.000000000000000E+00
    0.741903302627803E-03   -0.507933674301911E-04
    0.111162935995030E-02   -0.229875212069511E-03
    0.116045901038246E-02   -0.565228600518055E-03
    0.950446567395847E-03   -0.107957564020411E-02
    0.572024181016471E-03   -0.176663125189675E-02
    0.119493213772212E-03   -0.260479151421356E-02
   -0.309035093060874E-03   -0.355173573070404E-02
   -0.630315824170424E-03   -0.454374404598093E-02
   -0.779797984166549E-03   -0.552105250369648E-02
   -0.728758737957639E-03   -0.640937933452720E-02
   -0.467837119195582E-03   -0.715815682389179E-02
   -0.316146971015596E-04   -0.771895774469112E-02
    0.543014645127074E-03   -0.806881110656619E-02
    0.118540343708285E-02   -0.820005413489045E-02
    0.184010957628217E-02   -0.811983469525248E-02
    0.243762916981629E-02   -0.785214128887573E-02
    0.293095398950133E-02   -0.742458510792309E-02
    0.327607924512574E-02   -0.687419163342892E-02
    0.344903213048879E-02   -0.623621493762991E-02
    0.343773837823553E-02   -0.554574926408887E-02
    0.324313205447672E-02   -0.483627826836476E-02
    0.287982881825406E-02   -0.413357895213271E-02
    0.236790903332949E-02   -0.346484612132989E-02
    0.173909667961182E-02   -0.284481150391741E-02
    0.102413231176533E-02   -0.229305515162387E-02
    0.262194792120359E-03   -0.181410071757747E-02
   -0.513524156268964E-03   -0.141947759609804E-02
   -0.126430274971461E-02   -0.110470655721379E-02
   -0.196072828713592E-02   -0.872343688563858E-03
   -0.256965320235942E-02   -0.709679861828357E-03
   -0.306845432206584E-02   -0.609075869866955E-03
   -0.343074454905530E-02   -0.550862861112621E-03
   -0.364019344011989E-02   -0.518236556826511E-03
   -0.367502729985508E-02   -0.488904261750122E-03
   -0.352467799406064E-02   -0.445545206914614E-03
   -0.317274777373754E-02   -0.374084326177782E-03
   -0.262316877112073E-02   -0.273859131630977E-03
   -0.187934155096305E-02   -0.152275256645912E-03
   -0.986173211985557E-03   -0.477200324991733E-04
    0.000000000000000E+00    0.000000000000000E+00
    0.000000000000000E+00    0.000000000000000E+00
    0.829288582380756E-03   -0.298196672022621E-04
    0.132498914049685E-02   -0.147087211448806E-03
    0.152583355637356E-02   -0.382630923935288E-03
    0.147913361069155E-02   -0.761840044913198E-03
    0.125708164302027E-02   -0.128905970495723E-02
    0.930247424719611E-03   -0.194968559264627E-02
    0.585231872473917E-03   -0.271929494729668E-02
    0.285778728112214E-03   -0.354255572453083E-02
    0.997589567992272E-04   -0.437750501016566E-02
    0.512320683408494E-04   -0.515422621892283E-02
    0.165462882531970E-03   -0.583049446654913E-02
    0.417881290330498E-03   -0.635720462978115E-02
    0.790071744363911E-03   -0.670581883277576E-02
    0.122808609512305E-02   -0.686714806665366E-02
    0.168801324580249E-02   -0.683217257094801E-02
    0.211585003736559E-02   -0.662671066582918E-02
    0.246603798587364E-02   -0.625935363840281E-02
    0.270505015327733E-02   -0.577284898301891E-02
    0.280313601490205E-02   -0.518738309874139E-02
    0.275323230137782E-02   -0.454532114134446E-02
    0.254806270953700E-02   -0.387211731357681E-02
    0.220278766724830E-02   -0.319966961500452E-02
    0.173036083526677E-02   -0.255404300031617E-02
    0.115976580083014E-02   -0.195346516424364E-02
    0.516979046272786E-03   -0.142147286171246E-02
   -0.163876806706871E-03   -0.963363526265963E-03
   -0.852521997986469E-03   -0.597326931641539E-03
   -0.151688106633204E-02   -0.317643314449130E-03
   -0.212999820275991E-02   -0.133599450087744E-03
   -0.266603128010104E-02   -0.300006736002999E-04
   -0.310553815715417E-02   -0.298271752880015E-05
   -0.342786981740548E-02   -0.294464052935784E-04
   -0.361992518097735E-02   -0.904941608095703E-04
   -0.365971284863320E-02   -0.159579883591291E-03
   -0.353572850826982E-02   -0.210579165862238E-03
   -0.322102207993567E-02   -0.225614825715748E-03
   -0.270812855000334E-02   -0.193198274052078E-03
   -0.198204524809799E-02   -0.118864518342953E-03
   -0.106487214777703E-02   -0.406352682156546E-04
    0.000000000000000E+00    0.000000000000000E+00
    0.000000000000000E+00    0.000000000000000E+00
    0.876573392938490E-03   -0.111117979118929E-04
    0.145768561747992E-02   -0.713217149542178E-04
    0.177423348495492E-02   -0.213534931616823E-03
    0.186045790887725E-02   -0.466549788459065E-03
    0.177098561117966E-02   -0.838736315786058E-03
    0.156207842897712E-02   -0.132806483161380E-02
    0.129971990391443E-02   -0.191483174555348E-02
    0.104182971732147E-02   -0.256390588322533E-02
    0.841945417009334E-03   -0.323630283433722E-02
    0.731717742562760E-03   -0.387997633140697E-02
    0.734218905995894E-03   -0.445371856240472E-02
    0.841042980000367E-03   -0.491365197536376E-02
    0.104323018531096E-02   -0.523218533613327E-02
    0.130117924677884E-02   -0.539078170252577E-02
    0.158691201928875E-02   -0.538300565451703E-02
    0.185168676017971E-02   -0.521719853880022E-02
    0.206627982934362E-02   -0.490632907553620E-02
    0.219306691593533E-02   -0.447593329446936E-02
    0.221488513643776E-02   -0.395129176840765E-02
    0.211549463451002E-02   -0.336305080176067E-02
    0.189488959000010E-02   -0.274112720991539E-02
    0.155864377197662E-02   -0.211243821901504E-02
    0.112187015761478E-02   -0.150611412576180E-02
    0.606245365212745E-03   -0.940956782534656E-03
    0.356874490399779E-04   -0.442135273089074E-03
   -0.560173691140522E-03   -0.190560279636153E-04
   -0.115649902106704E-02    0.309416595939259E-03
   -0.172401514925825E-02    0.543459652857816E-03
   -0.224388913712219E-02    0.673819668351253E-03
   -0.269318947810936E-02    0.710889951266669E-03
   -0.306176404302136E-02    0.659853691043007E-03
   -0.333300204155303E-02    0.542384805484504E-03
   -0.350027021221741E-02    0.381002887584546E-03
   -0.354443216024028E-02    0.206776676967848E-03
   -0.345112196585739E-02    0.515441153961070E-04
   -0.318755979113885E-02   -0.568683503931766E-04
   -0.273025100226109E-02   -0.102036941333086E-03
   -0.204229161400258E-02   -0.805500310891785E-04
   -0.112711856004449E-02   -0.320994237035239E-04
    0.000000000000000E+00    0.000000000000000E+00
    0.000000000000000E+00    0.000000000000000E+00
    0.887048335101229E-03    0.653443832758030E-05
    0.151922302446482E-02   -0.194759292863156E-05
    0.191733230524656E-02   -0.586905307236082E-04
    0.210609099299571E-02   -0.194311505913118E-03
    0.212601675411769E-02   -0.422619528213621E-03
    0.201762082143997E-02   -0.746810486753745E-03
    0.183548532992473E-02   -0.115848148916690E-02
    0.162220786002158E-02   -0.163040669509198E-02
    0.142864263946514E-02   -0.213691172211086E-02
    0.127920076115503E-02   -0.263315119424558E-02
    0.120368058728078E-02   -0.308680298115792E-02
    0.119733522410777E-02   -0.345836618006038E-02
    0.126241999666127E-02   -0.371970584838251E-02
    0.137091248576584E-02   -0.385501066043057E-02
    0.150388840684526E-02   -0.384743079939605E-02
    0.162676499578672E-02   -0.370892498318941E-02
    0.171321188763776E-02   -0.343621144601764E-02
    0.173801774691704E-02   -0.306044672434535E-02
    0.168091122941703E-02   -0.259043523415316E-02
    0.153412017679455E-02   -0.206342167499693E-02
    0.129142326367736E-02   -0.149705032478183E-02
    0.962270252865950E-03   -0.923799633778041E-03
    0.555719966819738E-03   -0.366974385055694E-03
    0.929744619614916E-04    0.151591023152261E-03
   -0.406118970922149E-03    0.606019004965462E-03
   -0.916178911405038E-03    0.986714729702605E-03
   -0.141454348075029E-02    0.126878119815385E-02
   -0.187944845597442E-02    0.145426697359071E-02
   -0.229423866274866E-02    0.152526434061407E-02
   -0.264601058649089E-02    0.149508415016299E-02
   -0.292920967962139E-02    0.136173603910336E-02
   -0.313737599884489E-02    0.115066597521595E-02
   -0.327146078800860E-02    0.883673636668159E-03
   -0.331560857298421E-02    0.596815511881823E-03
   -0.326097432164550E-02    0.331269562804569E-03
   -0.306127377501360E-02    0.119673570112407E-03
   -0.268454078942263E-02   -0.656478967115472E-05
   -0.206343224488340E-02   -0.413763730334757E-04
   -0.117153474732851E-02   -0.239093136443707E-04
    0.000000000000000E+00    0.000000000000000E+00
    0.000000000000000E+00    0.000000000000000E+00
    0.866270057844986E-03    0.209254133216004E-04
    0.151576149283327E-02    0.575594443545856E-04
    0.196417074274182E-02    0.756553614293621E-04
    0.222606927890785E-02    0.438684553643337E-04
    0.233087487318400E-02   -0.541188525761037E-04
    0.230757305731782E-02   -0.228231397694462E-03
    0.219655293066115E-02   -0.474112214196594E-03
    0.203317068100287E-02   -0.777732190348265E-03
    0.185639212051707E-02   -0.111751006635004E-02
    0.169166173988728E-02   -0.146294206964088E-02
    0.156403438354936E-02   -0.178508144353774E-02
    0.147686437073599E-02   -0.205235935052894E-02
    0.143648400765561E-02   -0.223985195491370E-02
    0.142427900334655E-02   -0.232911379157479E-02
    0.143239737006380E-02   -0.230722009999492E-02
    0.143111107245165E-02   -0.217464276481372E-02
    0.140829130313405E-02   -0.193282556266374E-02
    0.133686783286498E-02   -0.159802569761025E-02
    0.120996689509522E-02   -0.118362489918117E-02
    0.101312413817278E-02   -0.713916779956305E-03
    0.749995370148513E-03   -0.209863797610447E-03
    0.421976589220221E-03    0.304002826770021E-03
    0.432091605987973E-04    0.802940706176817E-03
   -0.371319665214680E-03    0.126729298154386E-02
   -0.801801503148392E-03    0.167136992566235E-02
   -0.122580987494213E-02    0.200280028796449E-02
   -0.162599619216834E-02    0.223728762392722E-02
   -0.198102301191845E-02    0.237079649334539E-02
   -0.228507170751401E-02    0.238564796697611E-02
   -0.252583605645802E-02    0.228818333211315E-02
   -0.271311354013285E-02    0.207681828167364E-02
   -0.284472959991590E-02    0.177288316126370E-02
   -0.293616935122445E-02    0.140126881110932E-02
   -0.297807934333886E-02    0.100119820812960E-02
   -0.296379028129069E-02    0.620813774453637E-03
   -0.284448625062425E-02    0.304541558854796E-03
   -0.256694512811923E-02    0.906693996686557E-04
   -0.203698751101616E-02   -0.176504554264560E-05
   -0.119740769389116E-02   -0.159628917336494E-04
    0.000000000000000E+00    0.000000000000000E+00
    0.000000000000000E+00    0.000000000000000E+00
    0.816618033370186E-03    0.337330387557924E-04
    0.145678435992177E-02    0.107822821259893E-03
    0.192716072238372E-02    0.189866274187331E-03
    0.223644820514084E-02    0.247582613949785E-03
    0.240295568245184E-02    0.263112892884993E-03
    0.244619352250874E-02    0.223084791832406E-03
    0.239638938236666E-02    0.125718514710590E-03
    0.227856075825710E-02   -0.212544271363932E-04
    0.212626613297471E-02   -0.205202620152013E-03
    0.195848163034746E-02   -0.402916810104021E-03
    0.180102708468277E-02   -0.593179504003205E-03
    0.165781060285705E-02   -0.750738655572986E-03
    0.154005264416282E-02   -0.852924975258456E-03
    0.143649567301284E-02   -0.886305334786507E-03
    0.134426692150951E-02   -0.832647741273314E-03
    0.124502622369510E-02   -0.697249842347011E-03
    0.112835031579422E-02   -0.469760830359515E-03
    0.979226245366743E-03   -0.172096986357260E-03
    0.788306591166187E-03    0.197376272281712E-03
    0.551133148246549E-03    0.608217012552756E-03
    0.266475440562384E-03    0.105346360833611E-02
   -0.581312135098396E-04    0.150322632578218E-02
   -0.413083486521124E-03    0.194263659447838E-02
   -0.781766920798385E-03    0.234893703288321E-02
   -0.114617163946368E-02    0.269981114758092E-02
   -0.148729939692056E-02    0.298271268656708E-02
   -0.178651034276867E-02    0.316914540114475E-02
   -0.203100186658839E-02    0.325745374514312E-02
   -0.221329309698365E-02    0.321925155560187E-02
   -0.233510183160278E-02    0.306489464121992E-02
   -0.240888723390725E-02    0.277989745660112E-02
   -0.245005255028927E-02    0.239066868172322E-02
   -0.248493265735377E-02    0.191603805337853E-02
   -0.251506737307079E-02    0.140239667060143E-02
   -0.254766348681634E-02    0.906014447617603E-03
   -0.251954790196288E-02    0.479611755568505E-03
   -0.237435910157794E-02    0.180033537012023E-03
   -0.197002837208091E-02    0.321254686290127E-04
   -0.120865853361142E-02   -0.102014499845426E-04
    0.000000000000000E+00    0.000000000000000E+00
    0.000000000000000E+00    0.000000000000000E+00
    0.746759234589467E-03    0.426926573666394E-04
    0.135289992950629E-02    0.146563939663683E-03
    0.182177292915813E-02    0.279278925904655E-03
    0.215371545032689E-02    0.410030744987001E-03
    0.236054838754114E-02    0.519854853356407E-03
    0.245277351447345E-02    0.592878292155301E-03
    0.245175654792127E-02    0.624478786238999E-03
    0.237574199126638E-02    0.614732023639724E-03
    0.224973141476725E-02    0.572499737039967E-03
    0.209074190932621E-02    0.510734651025383E-03
    0.191963319264140E-02    0.446766451182068E-03
    0.174330070061238E-02    0.397867106587101E-03
    0.157370965396024E-02    0.382849480831875E-03
    0.140465541586747E-02    0.413597116262959E-03
    0.123973900618095E-02    0.504228941034291E-03
    0.106375310490702E-02    0.655169252969026E-03
    0.876632681536171E-03    0.872527612640962E-03
    0.662292641113676E-03    0.114482452037278E-02
    0.422897735274872E-03    0.147012906719039E-02
    0.149033646470014E-03    0.182930159513379E-02
   -0.150588681192075E-03    0.221339325428719E-02
   -0.474793035163885E-03    0.260104249846892E-02
   -0.807533092104983E-03    0.297827908219432E-02
   -0.113611530245932E-02    0.332599264077197E-02
   -0.144099431143908E-02    0.362460810481194E-02
   -0.170286914699032E-02    0.385970296093789E-02
   -0.190804334679754E-02    0.400589800673035E-02
   -0.203813566530038E-02    0.405462404546878E-02
   -0.209974954191142E-02    0.397822442928931E-02
   -0.208821589552274E-02    0.377701056889737E-02
   -0.204106593695547E-02    0.343560467790455E-02
   -0.197317312162470E-02    0.297132271799748E-02
   -0.194060639473788E-02    0.240637318204752E-02
   -0.195194218343429E-02    0.178659917754364E-02
   -0.202883937629138E-02    0.117782011046199E-02
   -0.210976669256109E-02    0.646010480761216E-03
   -0.211248884010105E-02    0.258888572453118E-03
   -0.186062575907858E-02    0.590114328682743E-04
   -0.120655970965051E-02   -0.737441168910478E-05
    0.000000000000000E+00    0.000000000000000E+00
    0.000000000000000E+00    0.000000000000000E+00
    0.658358199473839E-03    0.497586913923347E-04
    0.121362578546185E-02    0.174454466586660E-03
    0.166057196626780E-02    0.345444056273813E-03
    0.199625693837064E-02    0.531891121023630E-03
    0.222370969776355E-02    0.716059854100494E-03
    0.234851793339165E-02    0.880291009829865E-03
    0.238377086331543E-02    0.101748714024435E-02
    0.234174860808194E-02    0.112352332251326E-02
    0.224163733056824E-02    0.120176071989480E-02
    0.209596954344439E-02    0.125946806268059E-02
    0.192339741533380E-02    0.130778976219601E-02
    0.173026305420631E-02    0.135829542432946E-02
    0.152923484600435E-02    0.142605131222192E-02
    0.131835169368379E-02    0.151802707668572E-02
    0.110262162443273E-02    0.164944766583543E-02
    0.874918924339963E-03    0.181626838761880E-02
    0.634891721297831E-03    0.203144395682560E-02
    0.376381781776888E-03    0.227877698141242E-02
    0.986368104399348E-04    0.256767933163730E-02
   -0.198434172972374E-03    0.287386528798180E-02
   -0.510601089900309E-03    0.320176635853402E-02
   -0.829696352477908E-03    0.352473679766580E-02
   -0.114326769428179E-02    0.384222380068801E-02
   -0.143571288529426E-02    0.413144613048083E-02
   -0.168595994192322E-02    0.438093285541659E-02
   -0.187762714274966E-02    0.457465920785555E-02
   -0.198953412609287E-02    0.468817748082551E-02
   -0.201308729728593E-02    0.471484759061133E-02
   -0.194365537637825E-02    0.461391243942074E-02
   -0.179629746061527E-02    0.439084204980144E-02
   -0.160423872776610E-02    0.400840924906270E-02
   -0.141136499282309E-02    0.349170166157182E-02
   -0.128511321532099E-02    0.284634848312851E-02
   -0.126073226627786E-02    0.213171520553287E-02
   -0.138299825098685E-02    0.141466392647727E-02
   -0.157980234501127E-02    0.777791879089014E-03
   -0.177666675166130E-02    0.311366404449105E-03
   -0.171923533872450E-02    0.697675027205167E-04
   -0.120271999419424E-02   -0.103886716088731E-04
    0.000000000000000E+00    0.000000000000000E+00
    0.000000000000000E+00    0.000000000000000E+00
    0.561687557017838E-03    0.528697746005837E-04
    0.105149313928870E-02    0.190638019165609E-03
    0.146219887825918E-02    0.385792443930848E-03
    0.178377771403313E-02    0.610750429910601E-03
    0.201598952254723E-02    0.847835796045925E-03
    0.215775289285947E-02    0.107976688823468E-02
    0.221728345123729E-02    0.129786318604765E-02
    0.220159931611103E-02    0.149432463811428E-02
    0.212439955172686E-02    0.166976098574913E-02
    0.199565578112123E-02    0.182479689030419E-02
    0.182982597853738E-02    0.196738599015622E-02
    0.163379591138109E-02    0.210231310727758E-02
    0.141906146471971E-02    0.224147906758701E-02
    0.118598630807639E-02    0.238811269192476E-02
    0.942157274046628E-03    0.255440648430960E-02
    0.682170954691446E-03    0.273729048833781E-02
    0.411564904351912E-03    0.294712611052020E-02
    0.123387498213050E-03    0.317300730458045E-02
   -0.175442889835709E-03    0.342256727645065E-02
   -0.488995384335615E-03    0.367884910755697E-02
   -0.805526813483689E-03    0.394708591055786E-02
   -0.112117586840234E-02    0.420673479541536E-02
   -0.141767875475991E-02    0.446193558390002E-02
   -0.168166336166571E-02    0.469313127126723E-02
   -0.188985305706539E-02    0.489588438383020E-02
   -0.202136618504120E-02    0.505165951839972E-02
   -0.205850568031412E-02    0.514583937479005E-02
   -0.197779217229748E-02    0.516269651828984E-02
   -0.179137493910467E-02    0.506405368774203E-02
   -0.149312349468382E-02    0.484000627051305E-02
   -0.115648678699850E-02    0.445110153175856E-02
   -0.809394360852299E-03    0.390502728931401E-02
   -0.575901484615057E-03    0.320862167859849E-02
   -0.496656282775000E-03    0.241549913716340E-02
   -0.656547581077303E-03    0.160561263800415E-02
   -0.988459349595265E-03    0.874171331889194E-03
   -0.139133764469670E-02    0.334409356250159E-03
   -0.155898572970757E-02    0.612458988166551E-04
   -0.120446313271636E-02   -0.206768098377387E-04
    0.000000000000000E+00    0.000000000000000E+00
    0.000000000000000E+00    0.000000000000000E+00
    0.457768266532899E-03    0.540259588042360E-04
    0.875709146543159E-03    0.195756649212763E-03
    0.123846775557872E-02    0.402944433198376E-03
    0.153476082473621E-02    0.648832169548643E-03
    0.175760279841140E-02    0.918790073479319E-03
    0.190414804802103E-02    0.119509449775404E-02
    0.197659643409753E-02    0.146889300354524E-02
    0.197920360530291E-02    0.173015688641364E-02
    0.192094210231237E-02    0.197635823693987E-02
    0.180915165086950E-02    0.220465384226615E-02
    0.165544786184191E-02    0.241817282750774E-02
    0.146581202870182E-02    0.261803645556736E-02
    0.125060053064748E-02    0.281162603410305E-02
    0.101203973712436E-02    0.299912318933068E-02
    0.757128100961192E-03    0.319056910741014E-02
    0.485122892804188E-03    0.338047194584710E-02
    0.199945854542821E-03    0.358105185554344E-02
   -0.988223043835364E-04    0.377919131906881E-02
   -0.407682378833581E-03    0.398836157243207E-02
   -0.723721711713505E-03    0.418840552437478E-02
   -0.104044283449351E-02    0.439588981961230E-02
   -0.134760764161380E-02    0.458632754159249E-02
   -0.163022837061594E-02    0.477802461143809E-02
   -0.187298745065801E-02    0.494655313140181E-02
   -0.204892900268886E-02    0.510329403549729E-02
   -0.213871575726163E-02    0.522453960878916E-02
   -0.210800050103636E-02    0.530960145929130E-02
   -0.194675352760487E-02    0.533858131225708E-02
   -0.163566599981122E-02    0.526348334108019E-02
   -0.119651760052933E-02    0.507960637456649E-02
   -0.680137053363808E-03    0.471057256180432E-02
   -0.164266901787503E-03    0.418126623757096E-02
    0.222420304037493E-03    0.345331381449465E-02
    0.383187989058477E-03    0.260641203451313E-02
    0.195022390512650E-03    0.171252158341719E-02
   -0.270726734116423E-03    0.894635117633572E-03
   -0.942811834831116E-03    0.296707619090103E-03
   -0.138723661584522E-02    0.190331195221074E-04
   -0.123074719837484E-02   -0.439558386825922E-04
    0.000000000000000E+00    0.000000000000000E+00
    0.000000000000000E+00    0.000000000000000E+00
    0.356996641348051E-03    0.516111407492383E-04
    0.698290154124008E-03    0.190522737762002E-03
    0.100781881243915E-02    0.396662980983148E-03
    0.126853060478045E-02    0.647965310882153E-03
    0.147251978577685E-02    0.930660503520177E-03
    0.161257056185774E-02    0.122918193971385E-02
    0.168881614186338E-02    0.153400986103631E-02
    0.170219840681673E-02    0.183402606334487E-02
    0.165856863045859E-02    0.212496200921456E-02
    0.156338038803969E-02    0.240014044334104E-02
    0.142501741332338E-02    0.266056592753838E-02
    0.124935637827741E-02    0.290225377441315E-02
    0.104453959178622E-02    0.313067576211115E-02
    0.813982699442061E-03    0.334159025667673E-02
    0.564282545995915E-03    0.354370910827148E-02
    0.295877614677170E-03    0.372931660365508E-02
    0.142991140846424E-04    0.391014271078255E-02
   -0.281392222388135E-03    0.407359497857453E-02
   -0.584852106962924E-03    0.423386694161829E-02
   -0.895803016274754E-03    0.437246301164650E-02
   -0.120411304310240E-02    0.451073509225561E-02
   -0.150247604734917E-02    0.462650291258656E-02
   -0.177350430342635E-02    0.474489259983550E-02
   -0.200631089521917E-02    0.484131470865820E-02
   -0.217180041543373E-02    0.494594853013627E-02
   -0.224008764811533E-02    0.502824532976839E-02
   -0.217675108192000E-02    0.510979943009363E-02
   -0.195275436464367E-02    0.515463980774197E-02
   -0.156036205792696E-02    0.513426982365457E-02
   -0.969822784112903E-03    0.501760495281633E-02
   -0.289848201540259E-03    0.472299917490757E-02
    0.443604564413391E-03    0.424360884055744E-02
    0.991961800447365E-03    0.353567741106178E-02
    0.126969791553598E-02    0.265765878188651E-02
    0.105561107910515E-02    0.171658542974088E-02
    0.433263680580853E-03    0.836984464494711E-03
   -0.502612845611479E-03    0.201712968641836E-03
   -0.125217706276673E-02   -0.580008759372348E-04
   -0.129579112463172E-02   -0.777851987354305E-04
    0.000000000000000E+00    0.000000000000000E+00
    0.000000000000000E+00    0.000000000000000E+00
    0.259741250270784E-03    0.473717041344709E-04
    0.527537829309008E-03    0.175340039012907E-03
    0.780204214944276E-03    0.370360111882728E-03
    0.100136591861589E-02    0.611952188112465E-03
    0.117851704722102E-02    0.890373163556873E-03
    0.130488548688316E-02    0.119051212512056E-02
    0.137703632074611E-02    0.150382361323369E-02
    0.139516966559519E-02    0.181838943391508E-02
    0.136223561788432E-02    0.212824026341339E-02
    0.128220974894115E-02    0.242517504401974E-02
    0.116142669632549E-02    0.270651686601255E-02
    0.100452683440569E-02    0.296687834925373E-02
    0.818486639971341E-03    0.320705395839964E-02
    0.606584409960538E-03    0.342228722658420E-02
    0.374570268630588E-03    0.361688014755054E-02
    0.124230003989153E-03    0.378377737606568E-02
   -0.140452019877263E-03    0.393168706282900E-02
   -0.417763536558108E-03    0.404938658419250E-02
   -0.704714655102925E-03    0.415058860862657E-02
   -0.997271773031868E-03    0.421727618627799E-02
   -0.129128962018798E-02    0.427661140767005E-02
   -0.157594835512093E-02    0.430645179692973E-02
   -0.183886276966205E-02    0.433907921910674E-02
   -0.206688234996234E-02    0.434275710462287E-02
   -0.223523466538049E-02    0.437895336514896E-02
   -0.231048004270025E-02    0.441088817063744E-02
   -0.223395769316986E-02    0.448735150672361E-02
   -0.199253761923362E-02    0.454228197878606E-02
   -0.151794107040445E-02    0.459017246601578E-02
   -0.816211105624658E-03    0.460203647844157E-02
    0.738637506295052E-04    0.441164241156130E-02
    0.103542612138013E-02    0.404668011117309E-02
    0.182353721502934E-02    0.337639898291219E-02
    0.225369608834452E-02    0.251127107582203E-02
    0.205448734731254E-02    0.153331840061857E-02
    0.128537869983037E-02    0.630939669032988E-03
   -0.129281067348267E-04   -0.893753790691328E-05
   -0.113893111295269E-02   -0.198200919935477E-03
   -0.144815782015236E-02   -0.128245497061902E-03
    0.000000000000000E+00    0.000000000000000E+00
    0.000000000000000E+00    0.000000000000000E+00
    0.175063674160178E-03    0.404207279636684E-04
    0.372744124999601E-03    0.152607056640324E-03
    0.570763558551043E-03    0.326169474251271E-03
    0.748855678891508E-03    0.546392530685747E-03
    0.895549761287736E-03    0.804758187903890E-03
    0.100214920342819E-02    0.108916641069642E-02
    0.106506513367654E-02    0.139078255127992E-02
    0.108310102507132E-02    0.169811298101070E-02
    0.105773623833240E-02    0.200401993792237E-02
    0.992014551678641E-03    0.229866524400046E-02
    0.889960497491639E-03    0.257798164248457E-02
    0.756147934676212E-03    0.283353687762954E-02
    0.595052143025469E-03    0.306512946654672E-02
    0.410772445133100E-03    0.326441499507632E-02
    0.206973958240441E-03    0.343550419196503E-02
   -0.135545803762159E-04    0.356812959641727E-02
   -0.248199506561057E-03    0.367167213723801E-02
   -0.495310763237101E-03    0.373242355987225E-02
   -0.752542401321986E-03    0.376610792289822E-02
   -0.101733468987284E-02    0.375263183962967E-02
   -0.128540180483075E-02    0.372302594265075E-02
   -0.155169102496848E-02    0.365508065569409E-02
   -0.180590040538586E-02    0.358609699772422E-02
   -0.204074027816238E-02    0.347694944646440E-02
   -0.222885709294776E-02    0.342168621377980E-02
   -0.232950596697539E-02    0.337814496660558E-02
   -0.229079994866840E-02    0.341457066551956E-02
   -0.208486216649362E-02    0.343550568538620E-02
   -0.162175604166335E-02    0.356277313403965E-02
   -0.811609158216053E-03    0.370613305367309E-02
    0.215113630256051E-03    0.367959062308642E-02
    0.147935573046608E-02    0.344289462814628E-02
    0.247171432966596E-02    0.290337501226304E-02
    0.312124087917233E-02    0.209178597969667E-02
    0.296339211353829E-02    0.114741433187545E-02
    0.204237512668485E-02    0.257849928421843E-03
    0.412401272315188E-03   -0.334140762138029E-03
   -0.114643999383867E-02   -0.423179974092287E-03
   -0.169723120596254E-02   -0.211821523333773E-03
    0.000000000000000E+00    0.000000000000000E+00
    0.000000000000000E+00    0.000000000000000E+00
    0.102722473799810E-03    0.320683457145897E-04
    0.240767853918441E-03    0.122351570120040E-03
    0.386563619071805E-03    0.268069733779717E-03
    0.523030143370623E-03    0.456597586967017E-03
    0.636661639206557E-03    0.683513851283399E-03
    0.720833268753708E-03    0.937654321741195E-03
    0.770847160328705E-03    0.121129861395252E-02
    0.785750770326160E-03    0.149307408130181E-02
    0.765999381646777E-03    0.177501855127507E-02
    0.713571152488328E-03    0.204712969950450E-02
    0.631693105020065E-03    0.230293810592463E-02
    0.523248491680651E-03    0.253430284018008E-02
    0.392396606423796E-03    0.273714802401001E-02
    0.241528081621806E-03    0.290468553819766E-02
    0.743293187030996E-04    0.303584172722272E-02
   -0.107714105348558E-03    0.312368783115051E-02
   -0.302300406399378E-03    0.317119678161277E-02
   -0.508353650300077E-03    0.316937518323590E-02
   -0.725641885057906E-03    0.312770008015784E-02
   -0.951092465874784E-03    0.303150757060573E-02
   -0.118573187927501E-02    0.290576946985113E-02
   -0.142305817276092E-02    0.273219262496569E-02
   -0.166376611510297E-02    0.254385676786787E-02
   -0.189469130427258E-02    0.229735233097511E-02
   -0.210704517071268E-02    0.212011791164759E-02
   -0.225712727357068E-02    0.195520637372940E-02
   -0.229439506099393E-02    0.189613868781966E-02
   -0.218514681303752E-02    0.179367340256289E-02
   -0.173481957238578E-02    0.200946013323498E-02
   -0.926369140797585E-03    0.229066728360634E-02
    0.329058459169208E-03    0.237806191853494E-02
    0.183907562908828E-02    0.236840520629524E-02
    0.317719029580591E-02    0.193488161567016E-02
    0.404526943599909E-02    0.128317157514271E-02
    0.398371984856522E-02    0.411627699305079E-03
    0.290431832568877E-02   -0.410150370656235E-03
    0.729325498263119E-03   -0.894827338105125E-03
   -0.129017278860765E-02   -0.799753349259663E-03
   -0.215972495256016E-02   -0.362917750074300E-03
    0.000000000000000E+00    0.000000000000000E+00
    0.000000000000000E+00    0.000000000000000E+00
    0.494493747346599E-04    0.224673955290347E-04
    0.136456330742916E-03    0.889272972599148E-04
    0.236822504614731E-03    0.200797414030025E-03
    0.333145447394893E-03    0.351460602490579E-03
    0.414469089196473E-03    0.537724388363698E-03
    0.475016895445902E-03    0.751144364414808E-03
    0.510920527189749E-03    0.983905261810153E-03
    0.521312768941830E-03    0.122585052750663E-02
    0.506206145928225E-03    0.146821773274837E-02
    0.467106581082939E-03    0.170145206573784E-02
    0.405961592913144E-03    0.191797710394660E-02
    0.325233275209583E-03    0.210939264881624E-02
    0.227360707312042E-03    0.227069042288493E-02
    0.114708976053920E-03    0.239418902153535E-02
   -0.107754663296378E-04    0.247829917203705E-02
   -0.147522930779156E-03    0.251485583006619E-02
   -0.294588725461648E-03    0.250644495921623E-02
   -0.451425727481973E-03    0.244272817716984E-02
   -0.618105947875002E-03    0.233219866623393E-02
   -0.794412697283388E-03    0.216012118696174E-02
   -0.981203520431063E-03    0.194671929797277E-02
   -0.118039163738790E-02    0.167401738207172E-02
   -0.139207894011111E-02    0.137150470318834E-02
   -0.160893338516239E-02    0.993636899877529E-03
   -0.182560230397490E-02    0.661233087461277E-03
   -0.202929573507248E-02    0.330965633779542E-03
   -0.218498685233190E-02    0.101679613034748E-03
   -0.224874620265350E-02   -0.211789329021680E-03
   -0.198610794844131E-02   -0.422029991915721E-04
   -0.128225151258603E-02    0.170668166272162E-03
   -0.102691653503284E-03    0.460591866570419E-03
    0.173981379059848E-02    0.635940399587958E-03
    0.342205064471867E-02    0.460520448758927E-03
    0.468996854743829E-02   -0.789071144004744E-04
    0.472459414756579E-02   -0.722332137738865E-03
    0.334539555935563E-02   -0.146353813870473E-02
    0.677010429269801E-03   -0.171608167090143E-02
   -0.188865347868398E-02   -0.129735558204613E-02
   -0.296830131194534E-02   -0.557466905245949E-03
    0.000000000000000E+00    0.000000000000000E+00
    0.000000000000000E+00    0.000000000000000E+00
    0.135589270774452E-04    0.124280409644551E-04
    0.637571884851380E-04    0.522730372825972E-04
    0.124578342824849E-03    0.129258495545733E-03
    0.185234747129139E-03    0.238776646460973E-03
    0.236239526893654E-03    0.379754779362298E-03
    0.274159223170304E-03    0.545556068308295E-03
    0.296342189229762E-03    0.728526446783604E-03
    0.301914817061953E-03    0.920077236236936E-03
    0.291344411773577E-03    0.111130867899634E-02
    0.264926281883527E-03    0.129391495475654E-02
    0.224721156168262E-03    0.145976158363919E-02
    0.171334203019372E-03    0.160183097095759E-02
    0.107419459877846E-03    0.171358892229876E-02
    0.332576183921470E-04    0.178962227521301E-02
   -0.486997065090944E-04    0.182517038420190E-02
   -0.138831798096285E-03    0.181583537324967E-02
   -0.235671102107982E-03    0.175878046848112E-02
   -0.340037633631244E-03    0.164903294373689E-02
   -0.452389654898331E-03    0.148711864132442E-02
   -0.572871457626416E-03    0.126528527514933E-02
   -0.705041898143853E-03    0.989524751466297E-03
   -0.849059054303293E-03    0.647199666163055E-03
   -0.101573838463101E-02    0.255392111973500E-03
   -0.119165612248914E-02   -0.227889237772865E-03
   -0.139520420931958E-02   -0.703127499923629E-03
   -0.159756839377698E-02   -0.122500219958794E-02
   -0.185486869415473E-02   -0.176019616223279E-02
   -0.208097424845247E-02   -0.242747180775332E-02
   -0.203316930734257E-02   -0.233765604153192E-02
   -0.149243412206859E-02   -0.244291235567317E-02
   -0.145095423962823E-03   -0.228712156804801E-02
    0.165725735687129E-02   -0.160949321942218E-02
    0.390157414428485E-02   -0.183874962670685E-02
    0.532908066995972E-02   -0.205561053679588E-02
    0.532567002134730E-02   -0.241685894895050E-02
    0.383976729143629E-02   -0.297582708498379E-02
    0.659976150320785E-03   -0.277450552139167E-02
   -0.249863494893186E-02   -0.191620025189439E-02
   -0.397600316052113E-02   -0.809743404117803E-03
    0.000000000000000E+00    0.000000000000000E+00
    0.000000000000000E+00    0.000000000000000E+00
   -0.309129356264465E-05    0.386255315845208E-05
    0.198221457016045E-04    0.203624415969232E-04
    0.492598989282793E-04    0.632012646227371E-04
    0.801516634250356E-04    0.131592721039075E-03
    0.105588535493496E-03    0.225333190004005E-03
    0.124718268124931E-03    0.339150247221894E-03
    0.135780294173521E-03    0.466143999448922E-03
    0.138191313122141E-03    0.600181507146197E-03
    0.132798010423603E-03    0.732293451277111E-03
    0.118821124027146E-03    0.857624754646695E-03
    0.985455091594355E-04    0.967043364523026E-03
    0.708571853721329E-04    0.105731560117911E-02
    0.387089450581955E-04    0.112027303104692E-02
    0.493261775337072E-06    0.115425790094779E-02
   -0.406253918729664E-04    0.115224971442663E-02
   -0.870938797903659E-04    0.111375258669719E-02
   -0.135660770942921E-03    0.103233644535905E-02
   -0.189988707988328E-03    0.908068306753330E-03
   -0.246518865684622E-03    0.734359255074990E-03
   -0.310989145086190E-03    0.512011597434903E-03
   -0.379587743361797E-03    0.231575172316499E-03
   -0.461861994356094E-03   -0.106582158234640E-03
   -0.552114792408133E-03   -0.513959086458421E-03
   -0.658486410819050E-03   -0.996771725438224E-03
   -0.770607869304373E-03   -0.154862289492471E-02
   -0.922404918956853E-03   -0.215911264426650E-02
   -0.111395632872330E-02   -0.287361723042297E-02
   -0.136749960305935E-02   -0.369295470256733E-02
   -0.151256562840699E-02   -0.416375314855186E-02
   -0.132285173793983E-02   -0.511372693825721E-02
   -0.588845173696743E-03   -0.492127512667466E-02
    0.149792965620086E-02   -0.444584326626443E-02
    0.421659309939634E-02   -0.436649625745740E-02
    0.559790679458738E-02   -0.445430547030794E-02
    0.561281993427545E-02   -0.452460159540961E-02
    0.359432386813473E-02   -0.461669462463973E-02
    0.576054277935708E-04   -0.386360921485770E-02
   -0.385550830216981E-02   -0.250302361185576E-02
   -0.527085710225448E-02   -0.919420881367587E-03
    0.000000000000000E+00    0.000000000000000E+00
    0.000000000000000E+00    0.000000000000000E+00
   -0.328299403423034E-05   -0.328299403425793E-05
    0.369264179602001E-05   -0.311952569820308E-05
    0.115542887497748E-04    0.124018164090703E-04
    0.197932740294734E-04    0.452103848569381E-04
    0.270131761056266E-04    0.914858176966779E-04
    0.319667195357762E-04    0.151147132054522E-03
    0.351520993834687E-04    0.217236320553132E-03
    0.352938579807962E-04    0.287686216819492E-03
    0.337288822954326E-04    0.355946227602185E-03
    0.292323405091319E-04    0.419359786899205E-03
    0.234056417670266E-04    0.472669873026841E-03
    0.151198141326159E-04    0.513118263112468E-03
    0.591453429022766E-05    0.537016710295468E-03
   -0.524331584261111E-05    0.541942984509698E-03
   -0.169967766216829E-04    0.525332059939763E-03
   -0.304182727069252E-04    0.485131736498095E-03
   -0.444143681870925E-04    0.419270225855791E-03
   -0.601260417959439E-04    0.325599366414732E-03
   -0.766602300181782E-04    0.201815143199034E-03
   -0.955552184926274E-04    0.452169236341047E-04
   -0.116648488065876E-03   -0.148740434774261E-03
   -0.142291191318309E-03   -0.387247913207925E-03
   -0.174573513649313E-03   -0.671667725645875E-03
   -0.209380522874507E-03   -0.101785843281449E-02
   -0.245894978983325E-03   -0.143240153682909E-02
   -0.298902602303706E-03   -0.191978580642025E-02
   -0.394257976990634E-03   -0.253904019310906E-02
   -0.518503318482703E-03   -0.348517914886022E-02
   -0.771097813424211E-03   -0.428996560677261E-02
   -0.662665654508228E-03   -0.580527263451204E-02
   -0.124611224394252E-02   -0.682497911591084E-02
    0.712500897843381E-03   -0.467328819748260E-02
    0.411279190691850E-02   -0.557027593900277E-02
    0.601650513599856E-02   -0.643222384533421E-02
    0.551936068882843E-02   -0.669975467225051E-02
    0.307113813200344E-02   -0.635638528148362E-02
   -0.116764591715213E-02   -0.495102279398262E-02
   -0.540113253949845E-02   -0.321098716538891E-02
   -0.753946140597760E-02   -0.130122861701831E-02
    0.000000000000000E+00    0.000000000000000E+00
    0.000000000000000E+00    0.000000000000000E+00
    0.000000000000000E+00    0.000000000000000E+00
    0.000000000000000E+00    0.000000000000000E+00
    0.000000000000000E+00    0.000000000000000E+00
    0.000000000000000E+00    0.000000000000000E+00
    0.000000000000000E+00    0.000000000000000E+00
    0.000000000000000E+00    0.000000000000000E+00
    0.000000000000000E+00    0.000000000000000E+00
    0.000000000000000E+00    0.000000000000000E+00
    0.000000000000000E+00    0.000000000000000E+00
    0.000000000000000E+00    0.000000000000000E+00
    0.000000000000000E+00    0.000000000000000E+00
    0.000000000000000E+00    0.000000000000000E+00
    0.000000000000000E+00    0.000000000000000E+00
    0.000000000000000E+00    0.000000000000000E+00
    0.000000000000000E+00    0.000000000000000E+00
    0.000000000000000E+00    0.000000000000000E+00
    0.000000000000000E+00    0.000000000000000E+00
    0.000000000000000E+00    0.000000000000000E+00
    0.000000000000000E+00    0.000000000000000E+00
    0.000000000000000E+00    0.000000000000000E+00
    0.000000000000000E+00    0.000000000000000E+00
    0.000000000000000E+00    0.000000000000000E+00
    0.000000000000000E+00    0.000000000000000E+00
    0.000000000000000E+00    0.000000000000000E+00
    0.000000000000000E+00    0.000000000000000E+00
    0.000000000000000E+00    0.000000000000000E+00
    0.000000000000000E+00    0.000000000000000E+00
    0.000000000000000E+00    0.000000000000000E+00
    0.000000000000000E+00    0.000000000000000E+00
    0.000000000000000E+00    0.000000000000000E+00
    0.000000000000000E+00    0.000000000000000E+00
    0.000000000000000E+00    0.000000000000000E+00
    0.559494224990855E-02   -0.427879357888000E-02
    0.774289175169611E-02   -0.692261829098977E-02
    0.543259760232432E-02   -0.761688883617344E-02
    0.210564267264576E-02   -0.706048999039366E-02
   -0.259768227489563E-02   -0.581344658337754E-02
   -0.789164741497702E-02   -0.369053650508032E-02
   -0.922892356641235E-02   -0.185282290461197E-02
    0.000000000000000E+00    0.000000000000000E+00
