    0.000000000000000D+00    0.000000000000000D+00
    0.000000000000000D+00    0.000000000000000D+00
    0.000000000000000D+00    0.000000000000000D+00
    0.000000000000000D+00    0.000000000000000D+00
    0.000000000000000D+00    0.000000000000000D+00
    0.000000000000000D+00    0.000000000000000D+00
    0.000000000000000D+00    0.000000000000000D+00
    0.000000000000000D+00    0.000000000000000D+00
    0.000000000000000D+00    0.000000000000000D+00
    0.000000000000000D+00    0.000000000000000D+00
    0.000000000000000D+00    0.000000000000000D+00
    0.000000000000000D+00    0.000000000000000D+00
    0.000000000000000D+00    0.000000000000000D+00
    0.000000000000000D+00    0.000000000000000D+00
    0.000000000000000D+00    0.000000000000000D+00
    0.000000000000000D+00    0.000000000000000D+00
    0.000000000000000D+00    0.000000000000000D+00
    0.000000000000000D+00    0.000000000000000D+00
    0.000000000000000D+00    0.000000000000000D+00
    0.000000000000000D+00    0.000000000000000D+00
    0.000000000000000D+00    0.000000000000000D+00
    0.000000000000000D+00    0.000000000000000D+00
    0.000000000000000D+00    0.000000000000000D+00
    0.000000000000000D+00    0.000000000000000D+00
    0.000000000000000D+00    0.000000000000000D+00
    0.000000000000000D+00    0.000000000000000D+00
    0.000000000000000D+00    0.000000000000000D+00
    0.000000000000000D+00    0.000000000000000D+00
    0.000000000000000D+00    0.000000000000000D+00
    0.000000000000000D+00    0.000000000000000D+00
    0.000000000000000D+00    0.000000000000000D+00
    0.000000000000000D+00    0.000000000000000D+00
    0.000000000000000D+00    0.000000000000000D+00
    0.000000000000000D+00    0.000000000000000D+00
    0.000000000000000D+00    0.000000000000000D+00
    0.000000000000000D+00    0.000000000000000D+00
    0.000000000000000D+00    0.000000000000000D+00
    0.000000000000000D+00    0.000000000000000D+00
    0.000000000000000D+00    0.000000000000000D+00
    0.000000000000000D+00    0.000000000000000D+00
    0.000000000000000D+00    0.000000000000000D+00
    0.000000000000000D+00    0.000000000000000D+00
   -0.183869884535862D-03    0.560847744577567D-04
   -0.602561941280853D-03    0.714222969554972D-03
   -0.901245928472960D-03    0.201941814380035D-02
   -0.105842399610802D-02    0.398204635481905D-02
   -0.956189448751689D-03    0.586996663194773D-02
   -0.769809147123362D-03    0.769374346996148D-02
   -0.251406263904823D-03    0.869641716930626D-02
    0.396609989302836D-03    0.797537862121046D-02
    0.803786777649817D-03    0.717483301972243D-02
    0.690185914121993D-03    0.605526082060068D-02
    0.566433266541280D-03    0.475919181962305D-02
    0.516564371002094D-03    0.372187592891227D-02
    0.504290026598450D-03    0.272909476302754D-02
    0.498983999111865D-03    0.175895093312520D-02
    0.492141654169715D-03    0.797831207331786D-03
    0.478634225649180D-03   -0.141425822370059D-03
    0.460727992718627D-03   -0.105039418357954D-02
    0.429305787480539D-03   -0.190628810441652D-02
    0.391001018313389D-03   -0.269819472577920D-02
    0.338697469999571D-03   -0.339556982921769D-02
    0.279535329531663D-03   -0.398945334899490D-02
    0.209744622977382D-03   -0.445240720090697D-02
    0.135010840885046D-03   -0.477996580374797D-02
    0.559912835018675D-04   -0.495453970372610D-02
   -0.241654208810488D-04   -0.497862030042635D-02
   -0.100031297658019D-03   -0.485036492581100D-02
   -0.171862359197478D-03   -0.458027714986120D-02
   -0.230102121345217D-03   -0.418643888548406D-02
   -0.278859642147132D-03   -0.368592134498843D-02
   -0.306305311855084D-03   -0.311755514463931D-02
   -0.320194830341740D-03   -0.250051939399788D-02
   -0.309287160906032D-03   -0.189019514516232D-02
   -0.283538606377144D-03   -0.130138597855504D-02
   -0.236165770723963D-03   -0.794732204609191D-03
   -0.176779309089812D-03   -0.375353581024340D-03
   -0.108511993491001D-03   -0.908069724515385D-04
   -0.390907554943237D-04    0.702477617347416D-04
    0.117864997798429D-04    0.103068360866234D-03
    0.421819369993731D-04    0.421819370000144D-04
    0.000000000000000D+00    0.000000000000000D+00
    0.000000000000000D+00    0.000000000000000D+00
   -0.586437859476820D-03    0.263472729190007D-03
   -0.178754216770238D-02    0.117695438734512D-02
   -0.294091705903595D-02    0.292918727010378D-02
   -0.352807484988942D-02    0.547032281798980D-02
   -0.358796223384911D-02    0.805842747269823D-02
   -0.228753141985297D-02    0.100176293821321D-01
   -0.360871681704174D-03    0.111089399785278D-01
    0.106030826021262D-02    0.109969231016930D-01
    0.209610145784229D-02    0.101776411558287D-01
    0.216148483818579D-02    0.876706732292240D-02
    0.199843421935297D-02    0.697054582742308D-02
    0.192318468278740D-02    0.525063388114337D-02
    0.188917001723886D-02    0.353783918884703D-02
    0.186572122334526D-02    0.180512592465695D-02
    0.183724063219807D-02    0.895635560806720D-04
    0.178167660168059D-02   -0.158109453730595D-02
    0.170294957477098D-02   -0.318602258464146D-02
    0.158123497296368D-02   -0.469051831609069D-02
    0.142674168100811D-02   -0.606326581254437D-02
    0.122904277125378D-02   -0.726562217872118D-02
    0.100016470706082D-02   -0.826680796961244D-02
    0.739721177725824D-03   -0.903757652894398D-02
    0.458609541200900D-03   -0.955528900563844D-02
    0.166327779149714D-03   -0.980791684954479D-02
   -0.128348268243713D-03   -0.978786749619840D-02
   -0.407882148265420D-03   -0.950605295609097D-02
   -0.666178815497735D-03   -0.897475210764097D-02
   -0.882048038304508D-03   -0.822952442428697D-02
   -0.105231330168285D-02   -0.730381509534991D-02
   -0.115879171811078D-02   -0.625396200875359D-02
   -0.120109685426870D-02   -0.513087909332223D-02
   -0.117172050725049D-02   -0.400124359171200D-02
   -0.107228859746401D-02   -0.292415123932667D-02
   -0.913138855173563D-03   -0.195939347725294D-02
   -0.697308172772555D-03   -0.116089690376366D-02
   -0.459244346099997D-03   -0.559682988735782D-03
   -0.206582624510402D-03   -0.183307113513636D-03
   -0.794936366392759D-05   -0.302841962096884D-05
    0.104470004537648D-03    0.138496138660889D-04
    0.000000000000000D+00    0.000000000000000D+00
    0.000000000000000D+00    0.000000000000000D+00
   -0.118850422705880D-02    0.284819219564912D-03
   -0.315957909259696D-02    0.118761512079821D-02
   -0.491310604425462D-02    0.274898554424798D-02
   -0.596987814481394D-02    0.505937686024670D-02
   -0.571618532945449D-02    0.705026392593174D-02
   -0.408305195783385D-02    0.880207752902342D-02
   -0.118974441213985D-02    0.101949442641223D-01
    0.136281865386076D-02    0.103074380399444D-01
    0.320701224383121D-02    0.997482243346878D-02
    0.375024384252259D-02    0.877638631074512D-02
    0.389422846096784D-02    0.686650414104721D-02
    0.391046502866233D-02    0.483471978109027D-02
    0.390079623091236D-02    0.263725568470308D-02
    0.387272146752684D-02    0.388095852614659D-03
    0.381089792777386D-02   -0.186288503969579D-02
    0.369499284689534D-02   -0.405588563333078D-02
    0.351517071685414D-02   -0.615938107150751D-02
    0.325557558308046D-02   -0.811954783307057D-02
    0.291726250661019D-02   -0.989123497669836D-02
    0.249967160828925D-02   -0.114277306495912D-01
    0.201232152723062D-02   -0.126849045888513D-01
    0.146661262225674D-02   -0.136309874506633D-01
    0.878805810403485D-03   -0.142352025100999D-01
    0.269860711020470D-03   -0.144866833350848D-01
   -0.338477417550875D-03   -0.143780961461835D-01
   -0.919477536032198D-03   -0.139239383769276D-01
   -0.144855871691314D-02   -0.131461700920522D-01
   -0.189873987087181D-02   -0.120860075150183D-01
   -0.224762746979821D-02   -0.107938786166334D-01
   -0.247478490192406D-02   -0.933526222680665D-02
   -0.256674952207653D-02   -0.778011142988992D-02
   -0.251678639123475D-02   -0.620998280572220D-02
   -0.232669343390397D-02   -0.469836339033093D-02
   -0.201051863913017D-02   -0.332610986064020D-02
   -0.158966091681161D-02   -0.215143904841644D-02
   -0.110713601934883D-02   -0.122773055212651D-02
   -0.608587972533607D-03   -0.577804467466925D-03
   -0.183117380291227D-03   -0.186550136865667D-03
    0.791963739736065D-04   -0.314650840864920D-04
    0.000000000000000D+00    0.000000000000000D+00
    0.000000000000000D+00    0.000000000000000D+00
   -0.163726809015476D-02    0.201627707823485D-03
   -0.417940294724158D-02    0.784216892456683D-03
   -0.656886392347981D-02    0.180252430417742D-02
   -0.781675394899921D-02    0.327769424611625D-02
   -0.747311220997801D-02    0.466817482269605D-02
   -0.528863645413124D-02    0.597395529557647D-02
   -0.173730331076683D-02    0.703940192889771D-02
    0.138098113632237D-02    0.752981725667255D-02
    0.391338869607016D-02    0.740933421269284D-02
    0.521855073412934D-02    0.646697160048383D-02
    0.585113072369810D-02    0.479111567907074D-02
    0.615311229004493D-02    0.268012308379045D-02
    0.628340069408133D-02    0.294202991521148D-03
    0.629894849969263D-02   -0.223325231704979D-02
    0.622019522757123D-02   -0.479783763469057D-02
    0.602819370157787D-02   -0.731655509794131D-02
    0.571972536174256D-02   -0.972851631072983D-02
    0.527275145686199D-02   -0.119675608295763D-01
    0.469773430436841D-02   -0.139764565827792D-01
    0.399163245969536D-02   -0.156979360541732D-01
    0.317697813885558D-02   -0.170849313781613D-01
    0.226850129086962D-02   -0.180975091316907D-01
    0.129843337252752D-02   -0.187072255761292D-01
    0.296680690660621D-03   -0.188988864830196D-01
   -0.698086978786641D-03   -0.186708408998441D-01
   -0.164583763138606D-02   -0.180376148793890D-01
   -0.250653533775442D-02   -0.170289490186825D-01
   -0.323808611155989D-02   -0.156897463576839D-01
   -0.380658743517771D-02   -0.140804296793118D-01
   -0.417873231603952D-02   -0.122717341194297D-01
   -0.433570615678256D-02   -0.103472424765654D-01
   -0.426525935520371D-02   -0.839255454758392D-02
   -0.397205387082696D-02   -0.649941794086853D-02
   -0.347649360493057D-02   -0.474991252587606D-02
   -0.281358506288714D-02   -0.322297230764838D-02
   -0.204613486845390D-02   -0.197234840571755D-02
   -0.124916872688958D-02   -0.103796988190008D-02
   -0.539137291871103D-03   -0.415733078401523D-03
   -0.596693143332441D-04   -0.925026172613663D-04
    0.000000000000000D+00    0.000000000000000D+00
    0.000000000000000D+00    0.000000000000000D+00
   -0.189122900360269D-02    0.406908294200989D-04
   -0.472478075475011D-02    0.158560103921254D-03
   -0.738901066692883D-02    0.428176773904947D-03
   -0.892148416546203D-02    0.103876063141560D-02
   -0.860837349212003D-02    0.155558665729115D-02
   -0.641747679341727D-02    0.218921368553110D-02
   -0.266395454675734D-02    0.297848957042520D-02
    0.108141481013760D-02    0.332487537307920D-02
    0.427893742773595D-02    0.333302716168044D-02
    0.641042979064941D-02    0.262014113679815D-02
    0.769047729419275D-02    0.117597733610227D-02
    0.841047594027889D-02   -0.813171724249544D-03
    0.879251527091924D-02   -0.319466346848322D-02
    0.891954949224397D-02   -0.577750871210874D-02
    0.885319459645406D-02   -0.845915277378811D-02
    0.859036168182082D-02   -0.111130249787887D-01
    0.813317888751993D-02   -0.136632136524317D-01
    0.747470205744251D-02   -0.160252803964788D-01
    0.662102777199647D-02   -0.181279519144524D-01
    0.558619713483428D-02   -0.199143413364223D-01
    0.439222780012340D-02   -0.213235919341844D-01
    0.307278820197228D-02   -0.223231772208659D-01
    0.166682279504531D-02   -0.228745216235147D-01
    0.221925101649330D-03   -0.229702448657304D-01
   -0.120837437475581D-02   -0.226048072522071D-01
   -0.257051938630053D-02   -0.217968869223141D-01
   -0.380319999923920D-02   -0.205791795297838D-01
   -0.485672486474127D-02   -0.189962212143481D-01
   -0.567381367001611D-02   -0.171168694343773D-01
   -0.622003886983261D-02   -0.150093035013844D-01
   -0.645762014272499D-02   -0.127683147463839D-01
   -0.637964911288293D-02   -0.104788131938379D-01
   -0.598342361126282D-02   -0.824392009700604D-02
   -0.530157246240387D-02   -0.614997045509775D-02
   -0.437832144782109D-02   -0.428702762655823D-02
   -0.329719389921770D-02   -0.271799433895293D-02
   -0.215764251912098D-02   -0.149855353620808D-02
   -0.110710236285683D-02   -0.638570121455955D-03
   -0.313362270456136D-03   -0.153677507825495D-03
    0.000000000000000D+00    0.000000000000000D+00
    0.000000000000000D+00    0.000000000000000D+00
   -0.182186888216397D-02   -0.107698556113657D-03
   -0.460483596032149D-02   -0.463942396060297D-03
   -0.733026207944523D-02   -0.908532090731856D-03
   -0.893619213568124D-02   -0.128547948527427D-02
   -0.875606461456887D-02   -0.164635054560112D-02
   -0.665683540587946D-02   -0.171713256724546D-02
   -0.300530518624131D-02   -0.158139332942099D-02
    0.919279221128188D-03   -0.147145885936690D-02
    0.458000636045980D-02   -0.155303173077553D-02
    0.738258513765577D-02   -0.219275751196396D-02
    0.931146734757747D-02   -0.342027968594713D-02
    0.105438581497337D-01   -0.521836326033243D-02
    0.112424326468144D-01   -0.744687131982003D-02
    0.115490583144142D-01   -0.994185611656223D-02
    0.115291442698902D-01   -0.125670851604916D-01
    0.112093994949495D-01   -0.152004893709316D-01
    0.106038794233418D-01   -0.177358830034817D-01
    0.971687060995520D-02   -0.200834650691134D-01
    0.856612798361413D-02   -0.221625419700041D-01
    0.717243971005998D-02   -0.239079149977488D-01
    0.557254084773971D-02   -0.252609680978986D-01
    0.380919952393119D-02   -0.261807778568537D-01
    0.193748597621861D-02   -0.266351094986930D-01
    0.193690990821868D-04   -0.266103000502947D-01
   -0.187741176559689D-02   -0.261053811626034D-01
   -0.367913780969743D-02   -0.251363965216100D-01
   -0.531492289214471D-02   -0.237361802653287D-01
   -0.671069870973263D-02   -0.219505999941310D-01
   -0.780592226707792D-02   -0.198449243814014D-01
   -0.854154447751987D-02   -0.174918791890955D-01
   -0.888379914259194D-02   -0.149824431787845D-01
   -0.880672343624388D-02   -0.124082808599518D-01
   -0.832003224716496D-02   -0.987250705711240D-02
   -0.744846380299372D-02   -0.747063551595250D-02
   -0.625887857463783D-02   -0.529830472282127D-02
   -0.483984116902444D-02   -0.343315886088758D-02
   -0.332497804824736D-02   -0.194075199158189D-02
   -0.187249940291272D-02   -0.858197263775848D-03
   -0.689400533562993D-03   -0.212690298751214D-03
    0.000000000000000D+00    0.000000000000000D+00
    0.000000000000000D+00    0.000000000000000D+00
   -0.143000841104775D-02   -0.254083363319083D-03
   -0.389932761288296D-02   -0.102297515903755D-02
   -0.649345929030652D-02   -0.213413145675296D-02
   -0.819130622189928D-02   -0.331638989888454D-02
   -0.819718792021140D-02   -0.458677694697012D-02
   -0.641408574523429D-02   -0.548199442892776D-02
   -0.295896556786037D-02   -0.602290701423259D-02
    0.103610701310455D-02   -0.644089739805625D-02
    0.500411951805475D-02   -0.673193943583894D-02
    0.831766777329120D-02   -0.742092521568155D-02
    0.107878400965004D-01   -0.852636355765626D-02
    0.124875291623788D-01   -0.101130347186898D-01
    0.135323064806118D-01   -0.121371459692341D-01
    0.140473207309432D-01   -0.144278954069464D-01
    0.141078893011954D-01   -0.168815663500307D-01
    0.137512897156363D-01   -0.193594482055172D-01
    0.130061776575505D-01   -0.217592975483447D-01
    0.118925326027398D-01   -0.239787244770254D-01
    0.104372640744172D-01   -0.259338904005497D-01
    0.867840697099437D-02   -0.275592290660462D-01
    0.666040060954413D-02   -0.287881063900361D-01
    0.444321078344904D-02   -0.295855518284008D-01
    0.209402740293409D-02   -0.299121380373841D-01
   -0.310618193719930D-03   -0.297583846396668D-01
   -0.268434364783592D-02   -0.291192438601044D-01
   -0.494394706326676D-02   -0.280088664474435D-01
   -0.699364467876841D-02   -0.264603576205013D-01
   -0.875611220505255D-02   -0.245107075119997D-01
   -0.101422283104040D-01   -0.222301907010593D-01
   -0.110960462606269D-01   -0.196782164653012D-01
   -0.115566170078610D-01   -0.169555420062785D-01
   -0.115074773540705D-01   -0.141407004210340D-01
   -0.109391597213254D-01   -0.113515435696956D-01
   -0.989306282648938D-02   -0.867541339350892D-02
   -0.843007604621218D-02   -0.622840906250939D-02
   -0.666370907105222D-02   -0.408831175031480D-02
   -0.473390201309276D-02   -0.234776151358124D-02
   -0.283048538255212D-02   -0.105390212515995D-02
   -0.116799839464780D-02   -0.266739116637566D-03
    0.000000000000000D+00    0.000000000000000D+00
    0.000000000000000D+00    0.000000000000000D+00
   -0.831324669555147D-03   -0.357498606138086D-03
   -0.273133071018731D-02   -0.145401146230605D-02
   -0.492425568623715D-02   -0.307610277468560D-02
   -0.648373738212421D-02   -0.500091307472723D-02
   -0.667548277514095D-02   -0.701205964415925D-02
   -0.518415511860964D-02   -0.869352461766603D-02
   -0.215354679204032D-02   -0.100009270176973D-01
    0.163081046820640D-02   -0.109642092057556D-01
    0.565059052392159D-02   -0.117065195918009D-01
    0.920557533105226D-02   -0.125604413196420D-01
    0.120906424223060D-01   -0.136538757528871D-01
    0.141965668492783D-01   -0.150985801261013D-01
    0.155736155999483D-01   -0.168810314698785D-01
    0.163128826422208D-01   -0.189230640504060D-01
    0.164653110791994D-01   -0.211161629180487D-01
    0.160917837974147D-01   -0.233540166583204D-01
    0.152195611397460D-01   -0.255241043848243D-01
    0.138919302872190D-01   -0.275321733603432D-01
    0.121424868129503D-01   -0.292898568682343D-01
    0.100261126344281D-01   -0.307311629283582D-01
    0.759741035163785D-02   -0.317925410230123D-01
    0.493339885033262D-02   -0.324341681214543D-01
    0.211061352104805D-02   -0.326204702099069D-01
   -0.773647119675323D-03   -0.323368192017549D-01
   -0.362712888148318D-02   -0.315777775994408D-01
   -0.634038347082894D-02   -0.303539860076243D-01
   -0.881676143422850D-02   -0.286916457063752D-01
   -0.109475760004976D-01   -0.266269114943497D-01
   -0.126480462495157D-01   -0.242178321494238D-01
   -0.138285379682636D-01   -0.215263848648278D-01
   -0.144376375688185D-01   -0.186397207173280D-01
   -0.144278825561971D-01   -0.156434158310229D-01
   -0.138055924681592D-01   -0.126452044280029D-01
   -0.125895605966611D-01   -0.974580407601574D-02
   -0.108648047898257D-01   -0.705821807629469D-02
   -0.873384626996790D-02   -0.468236369858614D-02
   -0.636925294352145D-02   -0.271546253285626D-02
   -0.395889401302976D-02   -0.123639904319628D-02
   -0.175127770829572D-02   -0.315047015853907D-03
    0.000000000000000D+00    0.000000000000000D+00
    0.000000000000000D+00    0.000000000000000D+00
   -0.576607693316416D-06   -0.439800480755609D-03
   -0.115713604712125D-02   -0.175624702563550D-02
   -0.283242455206291D-02   -0.377486869322607D-02
   -0.420621858902779D-02   -0.621179452643135D-02
   -0.448802775774315D-02   -0.889684416242368D-02
   -0.337063831068244D-02   -0.112869911307653D-01
   -0.761178314424037D-03   -0.133068409034006D-01
    0.269419410044284D-02   -0.149163920642146D-01
    0.656785948894401D-02   -0.161138727244019D-01
    0.102243348981316D-01   -0.172567912542130D-01
    0.133289411762206D-01   -0.184200432772063D-01
    0.157418313904169D-01   -0.197880755511884D-01
    0.173852999221338D-01   -0.213712866945830D-01
    0.183197934696930D-01   -0.231529188357843D-01
    0.185645577114037D-01   -0.250583531722590D-01
    0.181772585348254D-01   -0.269964779973089D-01
    0.171939751663138D-01   -0.288798793120564D-01
    0.156668979935525D-01   -0.306149273536084D-01
    0.136425063816347D-01   -0.321210310440921D-01
    0.111868137722910D-01   -0.333353859026131D-01
    0.836881653962326D-02   -0.341946436190481D-01
    0.527566611603905D-02   -0.346620067352700D-01
    0.200135285186524D-02   -0.346995958094780D-01
   -0.134989245300189D-02   -0.342921383123831D-01
   -0.466399321665894D-02   -0.334317007572356D-01
   -0.782901530918202D-02   -0.321215047561700D-01
   -0.107209615043137D-01   -0.303871198313629D-01
   -0.132331497921613D-01   -0.282496885476292D-01
   -0.152484881649205D-01   -0.257701244673734D-01
   -0.166833876359599D-01   -0.229898227545662D-01
   -0.174520720822749D-01   -0.200043037905494D-01
   -0.175173432015328D-01   -0.168773095226256D-01
   -0.168545361338151D-01   -0.137325172244641D-01
   -0.154985082576864D-01   -0.106533576847288D-01
   -0.135126738507284D-01   -0.777735272264190D-02
   -0.110234380264974D-01   -0.519722287616355D-02
   -0.819376975973762D-02   -0.304142863036366D-02
   -0.524220306514841D-02   -0.139377684309252D-02
   -0.241611948076357D-02   -0.359262987343541D-03
    0.000000000000000D+00    0.000000000000000D+00
    0.000000000000000D+00    0.000000000000000D+00
    0.904371609076945D-03   -0.481644572980189D-03
    0.616365801508340D-03   -0.193830124352679D-02
   -0.358802269133965D-03   -0.418688868580843D-02
   -0.133252653925021D-02   -0.702141491467007D-02
   -0.160671329226214D-02   -0.101458338525921D-01
   -0.735390749278215D-03   -0.131233386264788D-01
    0.139089610233137D-02   -0.157805224455858D-01
    0.439895432966768D-02   -0.179630090213347D-01
    0.794768228066044D-02   -0.196999481523731D-01
    0.114560760428344D-01   -0.211716045788054D-01
    0.146085020699486D-01   -0.224999120945364D-01
    0.171533559858525D-01   -0.238592398269792D-01
    0.189650315984429D-01   -0.252935392045264D-01
    0.200321628513789D-01   -0.268408130167756D-01
    0.203396904014299D-01   -0.284539387349864D-01
    0.199380638842620D-01   -0.300808473412714D-01
    0.188521331996197D-01   -0.316447860202864D-01
    0.171479837075283D-01   -0.330757273548601D-01
    0.148720188705136D-01   -0.342989691209120D-01
    0.121093511707458D-01   -0.352598398197796D-01
    0.893090197808763D-02   -0.359002121377441D-01
    0.544515184601813D-02   -0.361835017419421D-01
    0.174638852399451D-02   -0.360744297497402D-01
   -0.203672307110983D-02   -0.355547984451578D-01
   -0.579335898325822D-02   -0.346139955330965D-01
   -0.938244817282200D-02   -0.332512187285108D-01
   -0.126870067845144D-01   -0.314824845986464D-01
   -0.155657465690376D-01   -0.293255868629313D-01
   -0.179113699789938D-01   -0.268257561494692D-01
   -0.196010122063065D-01   -0.240235434540738D-01
   -0.205608124212195D-01   -0.209956969223048D-01
   -0.207127896947897D-01   -0.178102805828913D-01
   -0.200474763235871D-01   -0.145739530949728D-01
   -0.185629535795499D-01   -0.113827103723915D-01
   -0.163440730379465D-01   -0.836393560165879D-02
   -0.134903683052572D-01   -0.563313457938448D-02
   -0.101940336706306D-01   -0.331855598438706D-02
   -0.665980256883282D-02   -0.153540458713287D-02
   -0.316778415728435D-02   -0.397296707867213D-03
    0.000000000000000D+00    0.000000000000000D+00
    0.000000000000000D+00    0.000000000000000D+00
    0.191653481455233D-02   -0.502416675755000D-03
    0.257150595100729D-02   -0.200298828335418D-02
    0.234783653269307D-02   -0.437585071009166D-02
    0.181677267591786D-02   -0.739239157243103D-02
    0.166607473641193D-02   -0.108495040038477D-01
    0.231258077532593D-02   -0.142346271872707D-01
    0.403513074224258D-02   -0.174091206733041D-01
    0.657173100725000D-02   -0.201167101840259D-01
    0.971688349420867D-02   -0.223172828089250D-01
    0.129721188402790D-01   -0.241593466429885D-01
    0.160010262156718D-01   -0.256788997690462D-01
    0.185428846385989D-01   -0.270955107620586D-01
    0.203935419401612D-01   -0.284353527746169D-01
    0.215107941429355D-01   -0.297881030623831D-01
    0.218316271639350D-01   -0.311346616923551D-01
    0.213942431089224D-01   -0.324551366308425D-01
    0.202087896003207D-01   -0.336979784171671D-01
    0.183407658508038D-01   -0.348138368954505D-01
    0.158424087190063D-01   -0.357416705371685D-01
    0.128014386723101D-01   -0.364377692487919D-01
    0.930391321137778D-02   -0.368506724467111D-01
    0.545970472290784D-02   -0.369485239212568D-01
    0.138194246077561D-02   -0.366976386339220D-01
   -0.280236443312794D-02   -0.360787268271724D-01
   -0.695985526732649D-02   -0.350805992439439D-01
   -0.109542639520597D-01   -0.336937800295694D-01
   -0.146412234019487D-01   -0.319335314299695D-01
   -0.178864973213332D-01   -0.298009037395889D-01
   -0.205494558412083D-01   -0.273419861302253D-01
   -0.225153623584889D-01   -0.245735993436446D-01
   -0.236714211207550D-01   -0.215776307536665D-01
   -0.239487644462123D-01   -0.183949431348264D-01
   -0.232969678278667D-01   -0.151447827384560D-01
   -0.217263313192615D-01   -0.118988093734918D-01
   -0.192855569851557D-01   -0.880633909010047D-02
   -0.160931157579540D-01   -0.596891334988837D-02
   -0.123168333938313D-01   -0.354459404169346D-02
   -0.818862068703582D-02   -0.164868915598776D-02
   -0.397848117246678D-02   -0.431234894521527D-03
    0.000000000000000D+00    0.000000000000000D+00
    0.000000000000000D+00    0.000000000000000D+00
    0.289575477265651D-02   -0.491057828005578D-03
    0.450722460665332D-02   -0.197603297181570D-02
    0.511548573615116D-02   -0.433823411505248D-02
    0.517323490287269D-02   -0.742810262827798D-02
    0.525878939398910D-02   -0.109871289084618D-01
    0.584691741838281D-02   -0.146338863934396D-01
    0.720154709412397D-02   -0.181390040104797D-01
    0.927906624496261D-02   -0.212390307177412D-01
    0.119289152733518D-01   -0.238579552334190D-01
    0.147797541954929D-01   -0.260220474628239D-01
    0.175390120905200D-01   -0.277836413988030D-01
    0.199079212159074D-01   -0.292862748038067D-01
    0.216835656371849D-01   -0.305957325501488D-01
    0.227509817211239D-01   -0.318010919307566D-01
    0.230300128952813D-01   -0.329190961346887D-01
    0.225246040117241D-01   -0.339606324084842D-01
    0.212306977039990D-01   -0.348984186709123D-01
    0.192121138253917D-01   -0.357084887813132D-01
    0.165125860876879D-01   -0.363463715463481D-01
    0.132332309358849D-01   -0.367808757777292D-01
    0.945343485099218D-02   -0.369710002414032D-01
    0.530279626192921D-02   -0.368898628863461D-01
    0.886310743347856D-03   -0.365086428264049D-01
   -0.364528908177704D-02   -0.358080406754686D-01
   -0.816953568019336D-02   -0.347752418452301D-01
   -0.125223489312182D-01   -0.333980636120862D-01
   -0.165723359036223D-01   -0.316827481698961D-01
   -0.201521002999358D-01   -0.296266161092233D-01
   -0.231343181630144D-01   -0.272593408950308D-01
   -0.253645088708799D-01   -0.245947269204043D-01
   -0.267420390415080D-01   -0.216926415756442D-01
   -0.271522608906740D-01   -0.185945740467360D-01
   -0.265564474785304D-01   -0.153966375806050D-01
   -0.249173942026187D-01   -0.121784793124198D-01
   -0.222987192291956D-01   -0.907185164031162D-02
   -0.187776198906760D-01   -0.619641763766645D-02
   -0.145442505687701D-01   -0.370434041183354D-02
   -0.980367317611569D-02   -0.173888609716335D-02
   -0.485492139289400D-02   -0.456618231382777D-03
    0.000000000000000D+00    0.000000000000000D+00
    0.000000000000000D+00    0.000000000000000D+00
    0.387435380024131D-02   -0.463123920601543D-03
    0.642974654984119D-02   -0.185557330903650D-02
    0.786251124845748D-02   -0.412338360129964D-02
    0.851941715249683D-02   -0.710998778582091D-02
    0.893613984789236D-02   -0.106651973818349D-01
    0.951792260138335D-02   -0.143715042830340D-01
    0.106292689785199D-01   -0.180722654899526D-01
    0.122770962423657D-01   -0.214273907861827D-01
    0.144485929503096D-01   -0.243412067522034D-01
    0.168464514140548D-01   -0.267851555860204D-01
    0.192302989702575D-01   -0.287431426537489D-01
    0.213284990133246D-01   -0.303601902056392D-01
    0.229051286067777D-01   -0.316601995962757D-01
    0.238414145336379D-01   -0.327689354588127D-01
    0.240067660748292D-01   -0.336986382628294D-01
    0.233958709831515D-01   -0.345029687660460D-01
    0.219778667030784D-01   -0.351662775445069D-01
    0.198098497111361D-01   -0.356958870619888D-01
    0.169326541953503D-01   -0.360608089926355D-01
    0.134419941640787D-01   -0.362487677662378D-01
    0.942681048186880D-02   -0.362273955888092D-01
    0.500977814116867D-02   -0.359802438580394D-01
    0.312013869997231D-03   -0.354826955447974D-01
   -0.452517633664938D-02   -0.347175849811320D-01
   -0.935892115544217D-02   -0.336740105391315D-01
   -0.140366676276256D-01   -0.323333895157042D-01
   -0.184023511768350D-01   -0.307026004486903D-01
   -0.223006444165947D-01   -0.287637657674335D-01
   -0.255733119074000D-01   -0.265468342617651D-01
   -0.280763611118877D-01   -0.240419189349579D-01
   -0.296699963756468D-01   -0.213105050775927D-01
   -0.302472150345874D-01   -0.183644543072602D-01
   -0.297227484026387D-01   -0.153058850860682D-01
   -0.280657097702405D-01   -0.121850769260715D-01
   -0.252921400264815D-01   -0.914730539868039D-02
   -0.214890571550729D-01   -0.629211294432585D-02
   -0.168082382598479D-01   -0.379417732487540D-02
   -0.114730466134909D-01   -0.179235816865279D-02
   -0.576083329172902D-02   -0.476328841597283D-03
    0.000000000000000D+00    0.000000000000000D+00
    0.000000000000000D+00    0.000000000000000D+00
    0.474116534837157D-02   -0.412240271268885D-03
    0.817367605440481D-02   -0.167261460820178D-02
    0.104205767227181D-01   -0.374295536499311D-02
    0.117414255139621D-01   -0.654240370780328D-02
    0.125586490557013D-01   -0.989972048063001D-02
    0.132834400401399D-01   -0.135319488632113D-01
    0.142297145075974D-01   -0.172194817516057D-01
    0.155427375852723D-01   -0.206769293659357D-01
    0.172365397592934D-01   -0.237632837460375D-01
    0.191458766232032D-01   -0.263829157906834D-01
    0.210807280106063D-01   -0.285162891322974D-01
    0.227966990251549D-01   -0.302226228003583D-01
    0.240835690689927D-01   -0.315492951113804D-01
    0.247866801036627D-01   -0.325866454259876D-01
    0.247746128585533D-01   -0.333794963045064D-01
    0.240068911939501D-01   -0.339844638548059D-01
    0.224424563913764D-01   -0.344176208281053D-01
    0.201244128546705D-01   -0.346989557819660D-01
    0.170822415714007D-01   -0.348224433725164D-01
    0.134147826115893D-01   -0.347869343909329D-01
    0.919886824441546D-02   -0.345769867364667D-01
    0.457026499039056D-02   -0.341828705571224D-01
   -0.363690537031034D-03   -0.335891575686991D-01
   -0.544331810476748D-02   -0.327815728705442D-01
   -0.105413585311156D-01   -0.317504463032763D-01
   -0.154831879248509D-01   -0.304779993833633D-01
   -0.201291939935105D-01   -0.289638065968640D-01
   -0.242973752478927D-01   -0.271892635816960D-01
   -0.278445601711617D-01   -0.251680709461999D-01
   -0.305928428521225D-01   -0.228885463422254D-01
   -0.324135142527529D-01   -0.203877973881820D-01
   -0.331560405469749D-01   -0.176763310167959D-01
   -0.327414734386481D-01   -0.148275682541731D-01
   -0.310872663965891D-01   -0.118940482760873D-01
   -0.282143205156070D-01   -0.899552237432897D-02
   -0.241576964718663D-01   -0.624136174447254D-02
   -0.190792800543853D-01   -0.379286746655700D-02
   -0.131618564758662D-01   -0.180956848066784D-02
   -0.670133001047063D-02   -0.482973892998758D-03
    0.000000000000000D+00    0.000000000000000D+00
    0.000000000000000D+00    0.000000000000000D+00
    0.552576447128464D-02   -0.349068393951837D-03
    0.975494208433492D-02   -0.142104377072910D-02
    0.127595871985789D-01   -0.323646743428711D-02
    0.147116731800270D-01   -0.571740535527242D-02
    0.159804528716896D-01   -0.879319970484022D-02
    0.168870515652865D-01   -0.121726864721620D-01
    0.177882459112129D-01   -0.157242937773521D-01
    0.188275632453076D-01   -0.191196576265933D-01
    0.201234427695016D-01   -0.222391259414771D-01
    0.215623539719152D-01   -0.249366764482001D-01
    0.230309122409880D-01   -0.271516644389087D-01
    0.243260458037013D-01   -0.289270362676125D-01
    0.252498874814774D-01   -0.302577516139617D-01
    0.256614990392466D-01   -0.312547456174912D-01
    0.254063115435769D-01   -0.319342973215145D-01
    0.244419905019868D-01   -0.323882787286617D-01
    0.227039888025207D-01   -0.326276046190616D-01
    0.202285561753247D-01   -0.327053771093988D-01
    0.170342664258413D-01   -0.326199395799707D-01
    0.132105269439477D-01   -0.323956866042004D-01
    0.883593142543571D-02   -0.320228359075344D-01
    0.403415477545617D-02   -0.315077230248365D-01
   -0.107704518208036D-02   -0.308401200411806D-01
   -0.635263893066897D-02   -0.300121349038456D-01
   -0.116501271683806D-01   -0.290186546682583D-01
   -0.168113338473064D-01   -0.278389963358286D-01
   -0.216776050241627D-01   -0.264764666473621D-01
   -0.260832806042167D-01   -0.249000800688261D-01
   -0.298605687528714D-01   -0.231257913636218D-01
   -0.328447416865099D-01   -0.211201323958785D-01
   -0.348732702789404D-01   -0.189204471181854D-01
   -0.358024632673435D-01   -0.165077100396722D-01
   -0.355079093293797D-01   -0.139548002786477D-01
   -0.339069419324204D-01   -0.112822728743133D-01
   -0.309670664411302D-01   -0.861177799678345D-02
   -0.267207071128162D-01   -0.602761793918392D-02
   -0.212795728791128D-01   -0.370041920963792D-02
   -0.148293005985097D-01   -0.178083453569131D-02
   -0.763100524062368D-02   -0.481945770223406D-03
    0.000000000000000D+00    0.000000000000000D+00
    0.000000000000000D+00    0.000000000000000D+00
    0.614747130514861D-02   -0.273296342357476D-03
    0.110529600475905D-01   -0.113743888607022D-02
    0.147373122589125D-01   -0.262933809983625D-02
    0.173138072788082D-01   -0.473876535353547D-02
    0.190494289161915D-01   -0.739215337457001D-02
    0.202409899205782D-01   -0.104169661240130D-01
    0.211744793358144D-01   -0.136490236575549D-01
    0.220624210866840D-01   -0.168422078788125D-01
    0.230178943280464D-01   -0.198418447568362D-01
    0.240345823391206D-01   -0.224890305329018D-01
    0.250344451097688D-01   -0.247109363763463D-01
    0.258745013418686D-01   -0.264839332429412D-01
    0.263932874679663D-01   -0.278162819505482D-01
    0.264496488175419D-01   -0.287619662709910D-01
    0.259078011967829D-01   -0.293660072130897D-01
    0.247013316428136D-01   -0.296936586351687D-01
    0.227682771366365D-01   -0.297885001571516D-01
    0.201256735099745D-01   -0.296979570773931D-01
    0.167850749143173D-01   -0.294493838500981D-01
    0.128292235753519D-01   -0.290696231096727D-01
    0.832490080342970D-02   -0.285709589090834D-01
    0.339900184259928D-02   -0.279636279188742D-01
   -0.184512536560892D-02   -0.272510099567334D-01
   -0.725342806841188D-02   -0.264295099653269D-01
   -0.126995373520395D-01   -0.254984127365348D-01
   -0.180129186161422D-01   -0.244416623420066D-01
   -0.230515680995529D-01   -0.232573215374405D-01
   -0.276340826903122D-01   -0.219185687021295D-01
   -0.316074032064422D-01   -0.204261242102507D-01
   -0.347846699980317D-01   -0.187488010352717D-01
   -0.370124700809231D-01   -0.168990108329773D-01
   -0.381138072702427D-01   -0.148569790905501D-01
   -0.379646938239933D-01   -0.126637125264916D-01
   -0.364354546471337D-01   -0.103370103288118D-01
   -0.334864689349985D-01   -0.796663516467281D-02
   -0.290943589259973D-01   -0.563610756949132D-02
   -0.233636618803067D-01   -0.349464493049107D-02
   -0.164281817490511D-01   -0.170106664594927D-02
   -0.854898436783184D-02   -0.462855258892737D-03
    0.000000000000000D+00    0.000000000000000D+00
    0.000000000000000D+00    0.000000000000000D+00
    0.663421840669521D-02   -0.190394267870671D-03
    0.120901063016744D-01   -0.813936654343751D-03
    0.163600184238617D-01   -0.195384303243917D-02
    0.194899772984627D-01   -0.360956855902246D-02
    0.216951161307658D-01   -0.578843672868601D-02
    0.231819573416030D-01   -0.832769683386397D-02
    0.242387074801765D-01   -0.111468459513337D-01
    0.250398324603830D-01   -0.139895527768737D-01
    0.257607430052502D-01   -0.167427667267110D-01
    0.264144962830808D-01   -0.192209910966260D-01
    0.269959255085490D-01   -0.213359806978809D-01
    0.273987632943807D-01   -0.230482722060389D-01
    0.275009841862267D-01   -0.243201991184966D-01
    0.271874453364200D-01   -0.252146585837433D-01
    0.263245236707096D-01   -0.257343261236085D-01
    0.248566196324028D-01   -0.259715593703504D-01
    0.227071218882582D-01   -0.259447660896962D-01
    0.198928090906159D-01   -0.257338231219087D-01
    0.164120283534418D-01   -0.253556339415490D-01
    0.123401201772390D-01   -0.248652243594813D-01
    0.773893827877998D-02   -0.242733155951810D-01
    0.272327989045869D-02   -0.236096490234610D-01
   -0.260104016109782D-02   -0.228807870999291D-01
   -0.809545015054096D-02   -0.220930025294778D-01
   -0.136263200534048D-01   -0.212514583226629D-01
   -0.190408731246466D-01   -0.203402458032234D-01
   -0.241866010540487D-01   -0.193645236348638D-01
   -0.289002444611297D-01   -0.182880613124633D-01
   -0.330141138961885D-01   -0.171175188180514D-01
   -0.363563032936065D-01   -0.158030418225907D-01
   -0.387505077334780D-01   -0.143587189712606D-01
   -0.400264237265717D-01   -0.127378291308853D-01
   -0.400234440978138D-01   -0.109768279113278D-01
   -0.386064122455869D-01   -0.906213627742215D-02
   -0.356845753828721D-01   -0.707374424811968D-02
   -0.312185876511919D-01   -0.506768169095452D-02
   -0.252563254363625D-01   -0.318481357240350D-02
   -0.179140509480667D-01   -0.157118030348778D-02
   -0.940662799654472D-02   -0.434786289581949D-03
    0.000000000000000D+00    0.000000000000000D+00
    0.000000000000000D+00    0.000000000000000D+00
    0.693900937061920D-02   -0.106099878829238D-03
    0.127963238959829D-01   -0.489812874486291D-03
    0.175313997020319D-01   -0.124769849296895D-02
    0.211525037865456D-01   -0.243186859449236D-02
    0.237924370344189D-01   -0.405554777282047D-02
    0.256201211830080D-01   -0.604972576888856D-02
    0.268491440156799D-01   -0.832491440302643D-02
    0.276717145930271D-01   -0.107108947028313D-01
    0.282356338772139D-01   -0.130782361902499D-01
    0.286189716500422D-01   -0.152643714047753D-01
    0.288347280540167D-01   -0.171741042897094D-01
    0.288352204190281D-01   -0.187292886826389D-01
    0.285357683563239D-01   -0.199025022820953D-01
    0.278418332628168D-01   -0.206989409035012D-01
    0.266516147458139D-01   -0.211451966420135D-01
    0.249005606360062D-01   -0.212890910518000D-01
    0.225290153391920D-01   -0.211792917992426D-01
    0.195358190750474D-01   -0.208706144987039D-01
    0.159233231421015D-01   -0.204099185430539D-01
    0.117523504873488D-01   -0.198410181881807D-01
    0.708057447093335D-02   -0.191993390594554D-01
    0.201475780641994D-02   -0.185118249978449D-01
   -0.334817236860790D-02   -0.178014683026741D-01
   -0.887263549617988D-02   -0.170772577910192D-01
   -0.144366256575070D-01   -0.163512037552868D-01
   -0.198875276168997D-01   -0.156138794972106D-01
   -0.250857499746995D-01   -0.148673797583782D-01
   -0.298660293395534D-01   -0.140837971313944D-01
   -0.340725707251781D-01   -0.132568039539301D-01
   -0.375269002808697D-01   -0.123435304886233D-01
   -0.400592524450213D-01   -0.113353338114016D-01
   -0.414823511602730D-01   -0.101871586526253D-01
   -0.416312945765058D-01   -0.890452367881763D-02
   -0.403371793895619D-01   -0.746776848972826D-02
   -0.374914166336797D-01   -0.592279472925769D-02
   -0.330040623372328D-01   -0.431358934808060D-02
   -0.268969171389934D-01   -0.275359930563239D-02
   -0.192295947883834D-01   -0.137958431270145D-02
   -0.101927703020387D-01   -0.385250950608808D-03
    0.000000000000000D+00    0.000000000000000D+00
    0.000000000000000D+00    0.000000000000000D+00
    0.708688026216059D-02   -0.201445105598784D-04
    0.132003914224407D-01   -0.156424546867290D-03
    0.182830978092485D-01   -0.533288192977107D-03
    0.222976755149789D-01   -0.121517208401603D-02
    0.253308711897928D-01   -0.226996072003776D-02
    0.274767918950947D-01   -0.364902236593384D-02
    0.289255132937479D-01   -0.532890274322822D-02
    0.298165951400613D-01   -0.715490897216276D-02
    0.303205781309304D-01   -0.904267904842742D-02
    0.305088511597630D-01   -0.108309844315092D-01
    0.304445893242133D-01   -0.124271824734932D-01
    0.301039980117707D-01   -0.137512101920351D-01
    0.294452984718814D-01   -0.147417289671249D-01
    0.284032017798678D-01   -0.154133524681856D-01
    0.268935270346954D-01   -0.157459034082668D-01
    0.248723705203492D-01   -0.158103742382822D-01
    0.222769485267225D-01   -0.156157202561201D-01
    0.191155097010266D-01   -0.152464051967122D-01
    0.153791121458717D-01   -0.147239065051180D-01
    0.111288592374322D-01   -0.141199231542520D-01
    0.641190866072134D-02   -0.134576203635240D-01
    0.132879572688811D-02   -0.127849244024516D-01
   -0.403001701540039D-02   -0.121223420790548D-01
   -0.953980854094126D-02   -0.114906773450809D-01
   -0.150812951189084D-01   -0.109063567632720D-01
   -0.205160485030555D-01   -0.103622988835864D-01
   -0.257048404728936D-01   -0.986914687782533D-02
   -0.304983073171604D-01   -0.939259022131588D-02
   -0.347386220950399D-01   -0.893536631686834D-02
   -0.382615670489563D-01   -0.844012762769337D-02
   -0.408894378236987D-01   -0.790281182847357D-02
   -0.424415063403769D-01   -0.725634385523267D-02
   -0.427318530554690D-01   -0.650090704494135D-02
   -0.415831500811995D-01   -0.558949570133007D-02
   -0.388469240678786D-01   -0.454945630128588D-02
   -0.344066737405434D-01   -0.339829922980694D-02
   -0.282294057904308D-01   -0.222238295723054D-02
   -0.203365119155281D-01   -0.114331146118657D-02
   -0.108664323552320D-01   -0.327121798606299D-03
    0.000000000000000D+00    0.000000000000000D+00
    0.000000000000000D+00    0.000000000000000D+00
    0.706551059811025D-02    0.574374333329267D-04
    0.132822766011341D-01    0.150423682361294D-03
    0.185760240209335D-01    0.146451431946487D-03
    0.228856604032233D-01   -0.512205044928642D-04
    0.262405656834603D-01   -0.519123579636827D-03
    0.286946586509391D-01   -0.127228685457921D-02
    0.303740053051913D-01   -0.229435730103561D-02
    0.314027329372929D-01   -0.350340788279899D-02
    0.319150749561201D-01   -0.481764645023214D-02
    0.320056603446135D-01   -0.611559325670195D-02
    0.317408974855734D-01   -0.730854925878580D-02
    0.311350795829008D-01   -0.830564613663107D-02
    0.301770221605599D-01   -0.905751337182844D-02
    0.288246918473251D-01   -0.953520305670661D-02
    0.270314016348115D-01   -0.973979318309108D-02
    0.247527693382790D-01   -0.969338154058139D-02
    0.219562488852545D-01   -0.943211466781953D-02
    0.186342155578451D-01   -0.900231434184876D-02
    0.147963625854017D-01   -0.845338307408205D-02
    0.104835018058180D-01   -0.783333960058098D-02
    0.575143297900480D-02   -0.718920224075692D-02
    0.682100367880832D-03   -0.655771927995640D-02
   -0.463224192328407D-02   -0.597593628398660D-02
   -0.100824030373385D-01   -0.546309977746615D-02
   -0.155517780972026D-01   -0.504335909880066D-02
   -0.209152741849624D-01   -0.471524157095068D-02
   -0.260393543836537D-01   -0.448815310968449D-02
   -0.307866272499480D-01   -0.433779671965373D-02
   -0.350060995913221D-01   -0.425715130907157D-02
   -0.385429201827556D-01   -0.419910617969182D-02
   -0.412232170090903D-01   -0.414156334425567D-02
   -0.428678074899532D-01   -0.402194000494300D-02
   -0.432844848911615D-01   -0.381448960499309D-02
   -0.422810733285050D-01   -0.346482134105219D-02
   -0.396854641982502D-01   -0.296905707189451D-02
   -0.353444995068963D-01   -0.232296727371770D-02
   -0.291842054446446D-01   -0.158362061280209D-02
   -0.211736196716216D-01   -0.843700337214707D-03
   -0.114035063958200D-01   -0.247521663515365D-03
    0.000000000000000D+00    0.000000000000000D+00
    0.000000000000000D+00    0.000000000000000D+00
    0.689468675067040D-02    0.132008726827696D-03
    0.130761541372437D-01    0.439718575057312D-03
    0.184578001510568D-01    0.782063980136364D-03
    0.229541393644174D-01    0.105174999241948D-02
    0.265561704498583D-01    0.114465955158933D-02
    0.292677410612069D-01    0.102271215572487D-02
    0.311779296386721D-01    0.660042625181455D-03
    0.323631172067530D-01    0.108279572211572D-03
    0.329485632698315D-01   -0.587590144126829D-03
    0.330094322389793D-01   -0.133035422951689D-02
    0.326323914431715D-01   -0.204233527115882D-02
    0.318423318053956D-01   -0.264931949060265D-02
    0.306578571293878D-01   -0.308118497727313D-02
    0.290628302761702D-01   -0.332613187407791D-02
    0.270300563509717D-01   -0.334385636857601D-02
    0.245416515932994D-01   -0.317949058818352D-02
    0.215675924669240D-01   -0.282438783266066D-02
    0.181199140561646D-01   -0.235210564189673D-02
    0.141983449696315D-01   -0.177599274414551D-02
    0.985498397697273D-02   -0.117021761094279D-02
    0.513065207550038D-02   -0.558985533065380D-03
    0.111337864514958D-03    0.685560281544056D-06
   -0.512564397158639D-02    0.481792352041748D-03
   -0.104727008410789D-01    0.853075266414037D-03
   -0.158264809801597D-01    0.109025470520549D-02
   -0.210679516664843D-01    0.119103816860762D-02
   -0.260755287574965D-01    0.113904918134399D-02
   -0.307212981944074D-01    0.961888113291014D-03
   -0.348653377759072D-01    0.656794332213851D-03
   -0.383633822144537D-01    0.280309529924485D-03
   -0.410496449614985D-01   -0.152408948030332D-03
   -0.427509796428794D-01   -0.563288974514071D-03
   -0.432732980565763D-01   -0.922848566920332D-03
   -0.424163908912086D-01   -0.115573706288384D-02
   -0.399867167794011D-01   -0.123549197486875D-02
   -0.358002065187642D-01   -0.113526401748738D-02
   -0.297393176632139D-01   -0.869808013218342D-03
   -0.217201249896662D-01   -0.516201779738132D-03
   -0.117831049418478D-01   -0.161932093573536D-03
    0.000000000000000D+00    0.000000000000000D+00
    0.000000000000000D+00    0.000000000000000D+00
    0.659124645160953D-02    0.191852170261291D-03
    0.126030172020967D-01    0.684680764521649D-03
    0.179449420949049D-01    0.133498383531919D-02
    0.225162544578628D-01    0.202400086347723D-02
    0.262760244164255D-01    0.264025665975123D-02
    0.291919974450198D-01    0.311263204760576D-02
    0.313085719767627D-01    0.340014203415671D-02
    0.326703415964084D-01    0.350513680282497D-02
    0.333692758302578D-01    0.345610951391692D-02
    0.334723150561451D-01    0.331040702445314D-02
    0.330606018800126D-01    0.313031949933403D-02
    0.321704702474217D-01    0.298146938261263D-02
    0.308421869351207D-01    0.291737476483646D-02
    0.290718390537412D-01    0.297324167246106D-02
    0.268687093094140D-01    0.316926199000446D-02
    0.242139904343350D-01    0.350009622782687D-02
    0.211153546990831D-01    0.395139193045779D-02
    0.175694639981045D-01    0.448907342000996D-02
    0.136069144655858D-01    0.507680939189021D-02
    0.925586703235383D-02    0.567022269682262D-02
    0.457912758507588D-02    0.622557645374877D-02
   -0.363762400974343D-03    0.670338626771504D-02
   -0.548127770625226D-02    0.706315773737061D-02
   -0.106914718487029D-01    0.727982612570373D-02
   -0.158829231236966D-01    0.732270478212636D-02
   -0.209606824778485D-01    0.718658315188386D-02
   -0.258001662172420D-01    0.685540972702424D-02
   -0.302964872395274D-01    0.634767941075823D-02
   -0.343107688543607D-01    0.566688338639029D-02
   -0.377206862414521D-01    0.485841036513764D-02
   -0.403625262202505D-01    0.394952104166776D-02
   -0.420807169830602D-01    0.301162311670350D-02
   -0.426768699104389D-01    0.209288952634240D-02
   -0.419555939188073D-01    0.127541409660917D-02
   -0.397015481521496D-01    0.610506011753090D-03
   -0.357134501886958D-01    0.152754582996213D-03
   -0.298272766724899D-01   -0.857116306738814D-04
   -0.219198646278974D-01   -0.135666435972584D-03
   -0.119689320076948D-01   -0.592714358952134D-04
    0.000000000000000D+00    0.000000000000000D+00
    0.000000000000000D+00    0.000000000000000D+00
    0.616847993273304D-02    0.245706018185197D-03
    0.118994423645071D-01    0.894259942617380D-03
    0.170915220622019D-01    0.180891194286356D-02
    0.216369065576621D-01    0.286475497037173D-02
    0.254646143402419D-01    0.394560173128718D-02
    0.285182956031742D-01    0.496100466876811D-02
    0.308020662582268D-01    0.585178140531411D-02
    0.323296949854722D-01    0.658702060247765D-02
    0.331637728897093D-01    0.717257052280288D-02
    0.333530018896716D-01    0.763015597335901D-02
    0.329708063039095D-01    0.800953661384139D-02
    0.320572667203095D-01    0.834657580961891D-02
    0.306604081007940D-01    0.870304923780697D-02
    0.287976295680135D-01    0.908950914857453D-02
    0.264871378912872D-01    0.955454398423891D-02
    0.237386496412596D-01    0.100691705841725D-01
    0.205595438370664D-01    0.106576017739736D-01
    0.169737227062629D-01    0.112619051474072D-01
    0.130003921390609D-01    0.118827532169881D-01
    0.868949995527602D-02    0.124539631753833D-01
    0.408497180472638D-02    0.129594821050171D-01
   -0.738202135368973D-03    0.133431150514418D-01
   -0.571040650998529D-02    0.135801198163403D-01
   -0.107400529021084D-01    0.136353202922123D-01
   -0.157378909318740D-01    0.134828686247971D-01
   -0.206045349820250D-01    0.131135011896600D-01
   -0.252371717962389D-01    0.125078644688418D-01
   -0.295315368696914D-01    0.116848868519411D-01
   -0.333706773118220D-01    0.106401543643139D-01
   -0.366373828896462D-01    0.942308345148070D-02
   -0.391895790916327D-01    0.805339874039391D-02
   -0.408775383569690D-01    0.661105370745953D-02
   -0.415191061396957D-01    0.514524962420427D-02
   -0.409155166646341D-01    0.375249611903822D-02
   -0.388512588801910D-01    0.250541732660982D-02
   -0.350983408174681D-01    0.147685270310115D-02
   -0.294675558111953D-01    0.729024951533300D-03
   -0.217789413513896D-01    0.246089932812568D-03
   -0.119698275848691D-01    0.445284902053847D-04
    0.000000000000000D+00    0.000000000000000D+00
    0.000000000000000D+00    0.000000000000000D+00
    0.566177424139415D-02    0.282394748723384D-03
    0.110124027089041D-01    0.105266437292236D-02
    0.159553765827558D-01    0.217613603907112D-02
    0.203723211889462D-01    0.353287916208505D-02
    0.241812940299368D-01    0.500275457892707D-02
    0.272973081848285D-01    0.648802669061180D-02
    0.297011120564797D-01    0.791332880681260D-02
    0.313714954016254D-01    0.922493406789219D-02
    0.323484132667462D-01    0.104054577402101D-01
    0.326549944935001D-01    0.114490258061997D-01
    0.323572102545023D-01    0.123819007821583D-01
    0.314846727015050D-01    0.132241671811118D-01
    0.300989053519839D-01    0.140164620488233D-01
    0.282142031808980D-01    0.147747934940845D-01
    0.258788665818572D-01    0.155283419922823D-01
    0.230955033700799D-01    0.162712473799924D-01
    0.199088559624166D-01    0.170094669841857D-01
    0.163259827065989D-01    0.177151176885144D-01
    0.124023683833310D-01    0.183725972352989D-01
    0.816249614044683D-02    0.189427331913033D-01
    0.368086671979116D-02    0.193968367464592D-01
   -0.997404307960676D-03    0.196971744562203D-01
   -0.577913607905143D-02    0.198111736043701D-01
   -0.106033081919480D-01    0.197122491619157D-01
   -0.153638865832688D-01    0.193714411066993D-01
   -0.199908809504166D-01    0.187793536815556D-01
   -0.243713503436625D-01    0.179170963846859D-01
   -0.284292376992287D-01    0.167969225881198D-01
   -0.320445260048442D-01    0.154174856740345D-01
   -0.351278814120761D-01    0.138180689084315D-01
   -0.375402900197809D-01    0.120246612786716D-01
   -0.391589650752176D-01    0.101093393465770D-01
   -0.398046931992558D-01    0.813281703773876D-02
   -0.392989349477763D-01    0.619609285904182D-02
   -0.374152271630837D-01    0.438985678448827D-02
   -0.339281283255365D-01    0.281569688389861D-02
   -0.286087104492391D-01    0.155822191633941D-02
   -0.212556546898761D-01    0.658563331911216D-03
   -0.117424994182111D-01    0.156692670126211D-03
    0.000000000000000D+00    0.000000000000000D+00
    0.000000000000000D+00    0.000000000000000D+00
    0.507845367943517D-02    0.311966312266913D-03
    0.997717797714710D-02    0.116822342383994D-02
    0.145889347716805D-01    0.245015292412298D-02
    0.187994450152254D-01    0.403634567473702D-02
    0.225047055432430D-01    0.581787411135887D-02
    0.256160491216418D-01    0.768433896945914D-02
    0.280785130049354D-01    0.956183681112881D-02
    0.298593521638172D-01    0.113691107447049D-01
    0.309616204620612D-01    0.130812346811052D-01
    0.313997316280454D-01    0.146575726062145D-01
    0.312133226451260D-01    0.161150175160213D-01
    0.304358505557628D-01    0.174411377221908D-01
    0.291153456569319D-01    0.186750763708609D-01
    0.272843427784159D-01    0.198067333632037D-01
    0.249839112422784D-01    0.208769752706067D-01
    0.222444028954621D-01    0.218591839473953D-01
    0.191011466349130D-01    0.227820166452093D-01
    0.155917981162144D-01    0.236002976288418D-01
    0.117557114473355D-01    0.243250622456339D-01
    0.764591895955040D-02    0.249031100301340D-01
    0.331434334563399D-02    0.253291133871805D-01
   -0.116977529559623D-02    0.255554655640035D-01
   -0.573949379953918D-02    0.255653182012243D-01
   -0.103147051032152D-01    0.253265511077723D-01
   -0.148166584272551D-01    0.248174675802815D-01
   -0.191614393658271D-01    0.240261408018316D-01
   -0.232633299048387D-01    0.229338067381068D-01
   -0.270385191387548D-01    0.215511680814814D-01
   -0.303947874726676D-01    0.198720854794094D-01
   -0.332430780487553D-01    0.179348768697811D-01
   -0.354737520125289D-01    0.157587148167402D-01
   -0.369721011046101D-01    0.134182523369665D-01
   -0.375876582188155D-01    0.109717368358661D-01
   -0.371488126770967D-01    0.853025001988731D-02
   -0.354478221815579D-01    0.619989657888466D-02
   -0.322456848022034D-01    0.409858674604618D-02
   -0.273091613681371D-01    0.235979266027947D-02
   -0.203878943533400D-01    0.103963266840282D-02
   -0.113289776102254D-01    0.263278800857387D-03
    0.000000000000000D+00    0.000000000000000D+00
    0.000000000000000D+00    0.000000000000000D+00
    0.446111524295304D-02    0.324977183151679D-03
    0.885091376532442D-02    0.123452421533233D-02
    0.130707338007656D-01    0.261525362132779D-02
    0.169982691233714D-01    0.436072318039596D-02
    0.205321423366319D-01    0.636202065128186D-02
    0.235634909913955D-01    0.851894253094317D-02
    0.260314851531133D-01    0.107449324199477D-01
    0.278737007958187D-01    0.129582734624780D-01
    0.290833418617996D-01    0.151111767329329D-01
    0.296450110745854D-01    0.171525304599141D-01
    0.295939139309896D-01    0.190733963967314D-01
    0.289411911903543D-01    0.208490105949266D-01
    0.277429659198251D-01    0.224953940429914D-01
    0.260165238249814D-01    0.239980080489555D-01
    0.238244733808172D-01    0.253792418289612D-01
    0.211828835611914D-01    0.266196780618087D-01
    0.181576917675420D-01    0.277340324887714D-01
    0.147677246850832D-01    0.286926017294558D-01
    0.110857896837809D-01    0.294968192352275D-01
    0.714021695543982D-02    0.301107156119048D-01
    0.301421133057328D-02    0.305237365197543D-01
   -0.125156101289836D-02    0.307019017695205D-01
   -0.556376680568207D-02    0.306270652463352D-01
   -0.987166726011862D-02    0.302746002377494D-01
   -0.140760971503243D-01    0.296240372608863D-01
   -0.181210453251062D-01    0.286647188509209D-01
   -0.219075062474456D-01    0.273792800469036D-01
   -0.253776274350467D-01    0.257743749103890D-01
   -0.284355507369041D-01    0.238441741825155D-01
   -0.310176418912949D-01    0.216189298948589D-01
   -0.330226564587476D-01    0.191185693400718D-01
   -0.343633764769399D-01    0.164092804002450D-01
   -0.349062312643973D-01    0.135552560267660D-01
   -0.345070921234042D-01    0.106681152090238D-01
   -0.329678825455155D-01    0.786837745096674D-02
   -0.300662731951905D-01    0.529829921916621D-02
   -0.255478110869658D-01    0.311059728947805D-02
   -0.191563330567732D-01    0.141975831986373D-02
   -0.106879398033953D-01    0.366467915649105D-03
    0.000000000000000D+00    0.000000000000000D+00
    0.000000000000000D+00    0.000000000000000D+00
    0.381289590032657D-02    0.331050884086848D-03
    0.766498922507367D-02    0.125857337331755D-02
    0.114466719836288D-01    0.268960202063095D-02
    0.150447443315083D-01    0.451991455933203D-02
    0.183427801237375D-01    0.666073215999706D-02
    0.212402931361793D-01    0.900598038548238D-02
    0.236500642100166D-01    0.114833482209229D-01
    0.255126152659953D-01    0.139931659078017D-01
    0.267878916536732D-01    0.164922454992530D-01
    0.274619954211623D-01    0.189034644336220D-01
    0.275379918115318D-01    0.212140177991331D-01
    0.270339625729873D-01    0.233726988693642D-01
    0.259799967295588D-01    0.253890734897207D-01
    0.244097017622192D-01    0.272275450622679D-01
    0.223650408300213D-01    0.289079521643907D-01
    0.198868097119169D-01    0.303966738689023D-01
    0.170215593977405D-01    0.317128175441541D-01
    0.138173013215795D-01    0.328180809279999D-01
    0.103250656924507D-01    0.337238735742461D-01
    0.660266765682287D-02    0.343898304800119D-01
    0.270823572835962D-02    0.348169340502245D-01
   -0.129063628611659D-02    0.349701149406409D-01
   -0.532772905788233D-02    0.348407350093599D-01
   -0.932894042375249D-02    0.344052291740321D-01
   -0.132223907834964D-01    0.336488117451085D-01
   -0.169329856493353D-01    0.325618029711145D-01
   -0.203881552165013D-01    0.311282884999264D-01
   -0.235171705414401D-01    0.293531259246136D-01
   -0.262508035994721D-01    0.272279667481168D-01
   -0.285238042788302D-01    0.247784358862614D-01
   -0.302641799453866D-01    0.220176907524270D-01
   -0.313992499083636D-01    0.190098284879033D-01
   -0.318290570507896D-01    0.158123484953580D-01
   -0.314332818952459D-01    0.125458268445059D-01
   -0.300455226537525D-01    0.933677502588108D-02
   -0.274515065952259D-01    0.634744574641576D-02
   -0.234099342370934D-01    0.376900074333514D-02
   -0.176300089091709D-01    0.173463128614244D-02
   -0.989145524779258D-02    0.456234676690116D-03
    0.000000000000000D+00    0.000000000000000D+00
    0.000000000000000D+00    0.000000000000000D+00
    0.317512808608688D-02    0.322865304748895D-03
    0.647442796758876D-02    0.124043226924145D-02
    0.979673563590698D-02    0.266741724821679D-02
    0.130223065104015D-01    0.451911395360309D-02
    0.160438012300565D-01    0.671046248461887D-02
    0.187487089895005D-01    0.915475599988048D-02
    0.210549419166985D-01    0.117725332621189D-01
    0.228827707614701D-01    0.144778546130626D-01
    0.241927660887737D-01    0.172099220256172D-01
    0.249459119932887D-01    0.198957652954298D-01
    0.251458266320395D-01    0.225000488010980D-01
    0.247862700329352D-01    0.249676752960110D-01
    0.239031968230288D-01    0.272868371412362D-01
    0.225093715328891D-01    0.294160784514114D-01
    0.206607165909968D-01    0.313586097760223D-01
    0.183791564085105D-01    0.330785346360120D-01
    0.157323832678266D-01    0.345842113714698D-01
    0.127485441122400D-01    0.358401890076652D-01
    0.950364210309524D-02    0.368529738809375D-01
    0.603308724499945D-02    0.375881610273741D-01
    0.242000295923797D-02    0.380470055677801D-01
   -0.129228145986660D-02    0.382002175428146D-01
   -0.501517955340764D-02    0.380437428433466D-01
   -0.869811628051867D-02    0.375574585207532D-01
   -0.122508576527939D-01    0.367325941109045D-01
   -0.156193941048724D-01    0.355600892821994D-01
   -0.187188595777063D-01    0.340276596946113D-01
   -0.214955325219881D-01    0.321379226834885D-01
   -0.238793330912976D-01    0.298806750264297D-01
   -0.258197700733477D-01    0.272753421571467D-01
   -0.272639802535706D-01    0.243304261587891D-01
   -0.281567381312781D-01    0.210998755134318D-01
   -0.284381674123253D-01    0.176440096196137D-01
   -0.280111434282645D-01    0.140777863817653D-01
   -0.267507524466804D-01    0.105426561001304D-01
   -0.244647082716426D-01    0.721686788884593D-02
   -0.209171225190950D-01    0.431179911365896D-02
   -0.158166920451439D-01    0.201135424924739D-02
   -0.891023550997243D-02    0.529349935936814D-03
    0.000000000000000D+00    0.000000000000000D+00
    0.000000000000000D+00    0.000000000000000D+00
    0.254867605389776D-02    0.308521645216351D-03
    0.530572538694834D-02    0.118526154885233D-02
    0.815841944560464D-02    0.256718941791109D-02
    0.109970615561051D-01    0.437461472936565D-02
    0.137052333524287D-01    0.654614300397654D-02
    0.161837054397734D-01    0.899502182064357D-02
    0.183350155714096D-01    0.116616615969916D-01
    0.200899516208151D-01    0.144519576904188D-01
    0.213861487997069D-01    0.173165386409386D-01
    0.221925513902166D-01    0.201677298073524D-01
    0.224854679073531D-01    0.229714842271035D-01
    0.222678744176407D-01    0.256561960547827D-01
    0.215480478687807D-01    0.282035389811053D-01
    0.203528190030743D-01    0.305587539221863D-01
    0.187119958460527D-01    0.327155387934568D-01
    0.166672709232988D-01    0.346304834435451D-01
    0.142613462003218D-01    0.363040520845338D-01
    0.115460514853789D-01    0.376990512219366D-01
    0.857237590183474D-02    0.388179087766851D-01
    0.540029583776094D-02    0.396290359766273D-01
    0.208763923317878D-02    0.401330252589401D-01
   -0.129905680125445D-02    0.403062337584836D-01
   -0.469611062692080D-02    0.401465572081793D-01
   -0.803203801374002D-02    0.396412583229269D-01
   -0.112388408002745D-01    0.387833278607917D-01
   -0.142445999794318D-01    0.375693844873595D-01
   -0.169836419730876D-01    0.359888297721126D-01
   -0.193885391582574D-01    0.340447274600176D-01
   -0.214064935818983D-01    0.317242617329833D-01
   -0.229867173542499D-01    0.290401133446624D-01
   -0.240973412365454D-01    0.259917753014913D-01
   -0.247089948151139D-01    0.226276669509823D-01
   -0.247915471013075D-01    0.189937334967390D-01
   -0.242993217413693D-01    0.152187501935343D-01
   -0.231429120936873D-01    0.114334154291611D-01
   -0.211679616758741D-01    0.784806429538936D-02
   -0.181645995303128D-01    0.469685855141548D-02
   -0.138125468447918D-01    0.219010614139135D-02
   -0.783997903314462D-02    0.579614673364225D-03
    0.000000000000000D+00    0.000000000000000D+00
    0.000000000000000D+00    0.000000000000000D+00
    0.196878324486246D-02    0.283025535272383D-03
    0.420395744927196D-02    0.109764450070942D-02
    0.659947350347052D-02    0.239095124541522D-02
    0.904028680902906D-02    0.410435719337847D-02
    0.114210417795282D-01    0.618313757351012D-02
    0.136378907535587D-01    0.856300871528003D-02
    0.156037759211352D-01    0.111824740449535D-01
    0.172395286528807D-01    0.139672654292868D-01
    0.184899186195954D-01    0.168572035822735D-01
    0.193075623403125D-01    0.197774163566131D-01
    0.196738210148447D-01    0.226775251230862D-01
    0.195717266710302D-01    0.254901655720245D-01
    0.190154537696174D-01    0.281798270312298D-01
    0.180113280561805D-01    0.306898242089360D-01
    0.165982455799732D-01    0.329995357518796D-01
    0.147980458677094D-01    0.350615526867280D-01
    0.126661973695091D-01    0.368670306768616D-01
    0.102350150260492D-01    0.383757041245518D-01
    0.757052370827940D-02    0.395865447971952D-01
    0.471290767986072D-02    0.404663291305531D-01
    0.173499279805756D-02    0.410186474733598D-01
   -0.131551115934463D-02    0.412182566095819D-01
   -0.436126857215720D-02    0.410725606212499D-01
   -0.734732438369396D-02    0.405668884930386D-01
   -0.101942084605775D-01    0.397063354062883D-01
   -0.128417880509867D-01    0.384845936144036D-01
   -0.152159602449720D-01    0.369024849670699D-01
   -0.172524275976818D-01    0.349598738710903D-01
   -0.189019154992314D-01    0.326429375541242D-01
   -0.201081864870598D-01    0.299577676870309D-01
   -0.208751238802576D-01    0.268942644043048D-01
   -0.211664220036026D-01    0.234868097688150D-01
   -0.210279611663466D-01    0.197790688353084D-01
   -0.204238343169840D-01    0.158866758386525D-01
   -0.193535709984889D-01    0.119593830682437D-01
   -0.176787650191909D-01    0.821000650604777D-02
   -0.152269033381570D-01    0.490601987867838D-02
   -0.116583092619786D-01    0.229066870884018D-02
   -0.667483022622486D-02    0.599526355239671D-03
    0.000000000000000D+00    0.000000000000000D+00
    0.000000000000000D+00    0.000000000000000D+00
    0.143515100305742D-02    0.252429592190050D-03
    0.319061520022553D-02    0.980636907936115D-03
    0.514829502616897D-02    0.215530890808610D-02
    0.720312151298258D-02    0.372514433505951D-02
    0.924595727720931D-02    0.565912944862136D-02
    0.111872629952725D-01    0.789739258581055D-02
    0.129350653791722D-01    0.103983370535664D-01
    0.144231812595790D-01    0.130873616547162D-01
    0.155855089200772D-01    0.159173741923260D-01
    0.163851391205060D-01    0.188085450594117D-01
    0.167860880931983D-01    0.217150711727484D-01
    0.167810650359524D-01    0.245620085047980D-01
    0.163623881670450D-01    0.273104901835043D-01
    0.155476651167278D-01    0.298967200596795D-01
    0.143517262254748D-01    0.322914375338663D-01
    0.128104564347526D-01    0.344431018157518D-01
    0.109545669414630D-01    0.363325416236307D-01
    0.883244074686610D-02    0.379195555912132D-01
    0.648567941791564D-02    0.391937640347943D-01
    0.397054884180867D-02    0.401257720781765D-01
    0.133638615489339D-02    0.407133835697893D-01
   -0.135441787436513D-02    0.409387948293079D-01
   -0.404476450295607D-02    0.408069945599763D-01
   -0.666889213711877D-02    0.403135786113709D-01
   -0.916136580351726D-02    0.394645926106311D-01
   -0.114512509832236D-01    0.382629592392026D-01
   -0.134701951101530D-01    0.367163191591761D-01
   -0.151465723813856D-01    0.348274364600728D-01
   -0.164263987402510D-01    0.325805938196718D-01
   -0.172578438473897D-01    0.299760658359816D-01
   -0.176448331699445D-01    0.269865435421480D-01
   -0.175963481569243D-01    0.236438605695355D-01
   -0.171731859024070D-01    0.199525501156211D-01
   -0.164324490231954D-01    0.160530113619296D-01
   -0.154123021929822D-01    0.120655069514387D-01
   -0.140413125408615D-01    0.825110595903358D-02
   -0.121881174285947D-01    0.488771877690028D-02
   -0.946411319149623D-02    0.226132509109116D-02
   -0.552212365323245D-02    0.584487138424861D-03
    0.000000000000000D+00    0.000000000000000D+00
    0.000000000000000D+00    0.000000000000000D+00
    0.974669079815267D-03    0.214395794283407D-03
    0.229618517414578D-02    0.842977478771471D-03
    0.385252070356399D-02    0.186914634409348D-02
    0.553519698676472D-02    0.326333804326827D-02
    0.724683627881063D-02    0.500286768662702D-02
    0.889993104872288D-02    0.704962089376524D-02
    0.104148712270914D-01    0.936368557841815D-02
    0.117247419945887D-01    0.118905230530513D-01
    0.127737228776803D-01    0.145778979771998D-01
    0.135178051797015D-01    0.173618217123972D-01
    0.139289915066960D-01    0.201859981289514D-01
    0.139869764704302D-01    0.229853241297329D-01
    0.136908622827225D-01    0.257077697250370D-01
    0.130416531317765D-01    0.282936598425055D-01
    0.120609215009021D-01    0.307008139011298D-01
    0.107666313268816D-01    0.328779115419167D-01
    0.919655570943590D-02    0.347957071394887D-01
    0.738117526773276D-02    0.364122088292581D-01
    0.536851521706354D-02    0.377119692533470D-01
    0.319796147359325D-02    0.386619299732893D-01
    0.923605871581373D-03    0.392631852737713D-01
   -0.140616972304280D-02    0.394924322482145D-01
   -0.373258010956019D-02    0.393665085989043D-01
   -0.600232063919672D-02    0.388719611861420D-01
   -0.814955578141157D-02    0.380406600104238D-01
   -0.101034759747317D-01    0.368626813805098D-01
   -0.117923602560284D-01    0.353767881489753D-01
   -0.131373109031700D-01    0.335715753271309D-01
   -0.140868742343332D-01    0.314499931456129D-01
   -0.145495448051653D-01    0.289982865148692D-01
   -0.145821890038363D-01    0.261769484987798D-01
   -0.141478890960178D-01    0.229934067756289D-01
   -0.134472581509821D-01    0.194404153676125D-01
   -0.125108694627336D-01    0.156261411156063D-01
   -0.115489388541876D-01    0.117149288939381D-01
   -0.104669621326288D-01    0.794400229646713D-02
   -0.920293686129446D-02    0.464352907109877D-02
   -0.731840619460116D-02    0.211852460422476D-02
   -0.440350838689116D-02    0.530257831803654D-03
    0.000000000000000D+00    0.000000000000000D+00
    0.000000000000000D+00    0.000000000000000D+00
    0.585655806266835D-03    0.172615560076831D-03
    0.153662765015616D-02    0.685360879047777D-03
    0.273015617751521D-02    0.154671380403543D-02
    0.406967927879158D-02    0.273599384007796D-02
    0.545934097876258D-02    0.425175942408291D-02
    0.682616779074268D-02    0.606286233832940D-02
    0.809428197124620D-02    0.814576052815473D-02
    0.920985416585098D-02    0.104502960784328D-01
    0.101165901883049D-01    0.129356917601340D-01
    0.107811707867311D-01    0.155390231562432D-01
    0.111684324126858D-01    0.182102913738606D-01
    0.112670625291835D-01    0.208820786842569D-01
    0.110627084585502D-01    0.235037215220115D-01
    0.105649012365911D-01    0.260111240439998D-01
    0.977730730242372D-02    0.283595065803971D-01
    0.872661364788180D-02    0.304930925736353D-01
    0.743037578646808D-02    0.323774597931804D-01
    0.592746342038244D-02    0.339681009421572D-01
    0.424526017415936D-02    0.352433240556366D-01
    0.242995163582304D-02    0.361704000102569D-01
    0.515824762179329D-03    0.367459046140420D-01
   -0.144572188945553D-02    0.369523095153324D-01
   -0.341106614504765D-02    0.368011556948766D-01
   -0.532854944401734D-02    0.362850866076846D-01
   -0.714478555713514D-02    0.354468788808625D-01
   -0.878727504728126D-02    0.342905837242985D-01
   -0.101739221587945D-01    0.328676709030746D-01
   -0.112334910744913D-01    0.311587887620305D-01
   -0.118751940194974D-01    0.292020604675180D-01
   -0.120151791948950D-01    0.269859117473017D-01
   -0.116643162510455D-01    0.244161315984435D-01
   -0.108544063144599D-01    0.215082314551775D-01
   -0.979091910746541D-02    0.181766562863748D-01
   -0.865177790206722D-02    0.145797005230477D-01
   -0.767967977338957D-02    0.108213373053141D-01
   -0.689769788521142D-02    0.723366114728251D-02
   -0.629052773403780D-02    0.410375132170756D-02
   -0.531352754765999D-02    0.181449230086287D-02
   -0.345072102992836D-02    0.436396569514086D-03
    0.000000000000000D+00    0.000000000000000D+00
    0.000000000000000D+00    0.000000000000000D+00
    0.284966656724500D-03    0.127904744044820D-03
    0.924354009257023D-03    0.521447412207616D-03
    0.180449548575295D-02    0.120373974731504D-02
    0.282986422352008D-02    0.217559673829771D-02
    0.391774392317333D-02    0.344376919362634D-02
    0.500355084808222D-02    0.499491221995795D-02
    0.602414035978805D-02    0.680898267370956D-02
    0.693234930443727D-02    0.885198048300306D-02
    0.768289458386039D-02    0.110819486429656D-01
    0.824315420470337D-02    0.134507331990598D-01
    0.858696249808445D-02    0.159023067139434D-01
    0.869702279054592D-02    0.183818834884506D-01
    0.856613103720898D-02    0.208287472622062D-01
    0.819262711296392D-02    0.231887329287330D-01
    0.758563853416604D-02    0.254048783343832D-01
    0.675773898209110D-02    0.274285018585302D-01
    0.572994153643493D-02    0.292134857410636D-01
    0.452618933567516D-02    0.307192801139685D-01
    0.317435818395771D-02    0.319161685092806D-01
    0.170703535743684D-02    0.327711765747083D-01
    0.155031284950943D-03    0.332805722786055D-01
   -0.144254900573718D-02    0.334218581216754D-01
   -0.305303068286852D-02    0.332159180960711D-01
   -0.463349213660331D-02    0.326377989580666D-01
   -0.614111319285873D-02    0.317728090632257D-01
   -0.749863698164700D-02    0.306036577978068D-01
   -0.864017851824308D-02    0.292246981268038D-01
   -0.948401256933701D-02    0.275722803747244D-01
   -0.992078893353338D-02    0.258036104364262D-01
   -0.978042097358586D-02    0.238534889424838D-01
   -0.915916185689648D-02    0.216156766235575D-01
   -0.791930108109722D-02    0.190457048575832D-01
   -0.657958922666617D-02    0.160921399790042D-01
   -0.515257662329390D-02    0.128144462880863D-01
   -0.417564965038013D-02    0.938624347915684D-02
   -0.365195829815058D-02    0.609020050192715D-02
   -0.366576237790604D-02    0.328957712013317D-02
   -0.359019821954774D-02    0.134145092342153D-02
   -0.269623643122264D-02    0.278953150700680D-03
    0.000000000000000D+00    0.000000000000000D+00
    0.000000000000000D+00    0.000000000000000D+00
    0.691417958448765D-04    0.812067586354056D-04
    0.468994717620646D-03    0.349866903656151D-03
    0.108207181590426D-02    0.853240889369284D-03
    0.183033027107808D-02    0.160108979406332D-02
    0.263863068138950D-02    0.261576944539403D-02
    0.345746254921992D-02    0.389118739430648D-02
    0.423380306304688D-02    0.541756157561993D-02
    0.493255417549964D-02    0.716729423052042D-02
    0.551529588251723D-02    0.910641408708188D-02
    0.595886753721124D-02    0.111909332187675D-01
    0.623798960256561D-02    0.133717656497164D-01
    0.634264854433037D-02    0.155946042991148D-01
    0.626031096365266D-02    0.178048039996025D-01
    0.599475750946776D-02    0.199450971444616D-01
    0.554493694801862D-02    0.219632424218825D-01
    0.492699801434747D-02    0.238056294502244D-01
    0.414898549742701D-02    0.254285269518892D-01
    0.323605164217708D-02    0.267870259160397D-01
    0.220209697978842D-02    0.278509571272161D-01
    0.107770498296551D-02    0.285861065109375D-01
   -0.119919723056783D-03    0.289840731169523D-01
   -0.135847117735807D-02    0.290252354607217D-01
   -0.261873755143640D-02    0.287221194106264D-01
   -0.386656406019538D-02    0.280515261349523D-01
   -0.507549837185356D-02    0.271130929281692D-01
   -0.618600767317583D-02    0.258954695724321D-01
   -0.712872730159916D-02    0.245017320133143D-01
   -0.783407183291024D-02    0.228375185753761D-01
   -0.809907998656698D-02    0.212693042973616D-01
   -0.780800862846843D-02    0.195941494271086D-01
   -0.685614691434910D-02    0.176737387233547D-01
   -0.530608980899664D-02    0.155853309795622D-01
   -0.356020609947724D-02    0.130388847357515D-01
   -0.191420922597127D-02    0.102843958607215D-01
   -0.855609851930256D-03    0.728485442646425D-02
   -0.632172172827008D-03    0.444025616942019D-02
   -0.144432973774277D-02    0.208975778611438D-02
   -0.226543289309224D-02    0.633503619879605D-03
   -0.232068987679429D-02    0.285079370236288D-04
    0.000000000000000D+00    0.000000000000000D+00
    0.000000000000000D+00    0.000000000000000D+00
   -0.580180433116332D-04    0.384609800302154D-04
    0.162040532265717D-03    0.191545932694583D-03
    0.559675995259455D-03    0.520115726433488D-03
    0.106752330883897D-02    0.105151176532418D-02
    0.162489818542718D-02    0.181414651180516D-02
    0.219730373802925D-02    0.281106164532559D-02
    0.274263687511370D-02    0.403747797382038D-02
    0.323813443937486D-02    0.547415223440792D-02
    0.365421023554999D-02    0.709034199337977D-02
    0.397455389242328D-02    0.885236285511043D-02
    0.418106893037756D-02    0.107107243504960D-01
    0.426418716058008D-02    0.126235557191531D-01
    0.421693035262142D-02    0.145313828332784D-01
    0.403777300975505D-02    0.163905468059214D-01
    0.372936179270377D-02    0.181403323173905D-01
    0.329845137070645D-02    0.197403975102459D-01
    0.275439886208441D-02    0.211368804788582D-01
    0.211103749644660D-02    0.222958758040454D-01
    0.138060045914467D-02    0.231778514294089D-01
    0.582158258015339D-03    0.237558021308899D-01
   -0.273342801296453D-03    0.240137782445387D-01
   -0.116555528786947D-02    0.239324361618291D-01
   -0.208773081755406D-02    0.235226761134335D-01
   -0.301161725393903D-02    0.227502950053115D-01
   -0.393344833375659D-02    0.217245260308346D-01
   -0.481367326579963D-02    0.204175876600586D-01
   -0.562639325155540D-02    0.189665759103143D-01
   -0.628960174626547D-02    0.172023770384326D-01
   -0.657774040180641D-02    0.157367632483830D-01
   -0.629464431654425D-02    0.141392538805959D-01
   -0.538481412908209D-02    0.126269622250633D-01
   -0.348448916201309D-02    0.109957158520078D-01
   -0.143811372947376D-02    0.907200500784865D-02
    0.628144301171205D-03    0.683451743557014D-02
    0.172057405713913D-02    0.454504509753634D-02
    0.154810820797670D-02    0.221664613286986D-02
    0.184363430729866D-04    0.531419600840546D-03
   -0.171109387219803D-02   -0.240031420906345D-03
   -0.250330436672754D-02   -0.280101094872087D-03
    0.000000000000000D+00    0.000000000000000D+00
    0.000000000000000D+00    0.000000000000000D+00
   -0.105110773389476D-03   -0.551759143501523D-06
    0.998511780152868D-06    0.467464159744130D-04
    0.228136946582822D-03    0.221653560827906D-03
    0.535192146631257D-03    0.555332240617867D-03
    0.875750797830571D-03    0.108099905143885D-02
    0.122899354932309D-02    0.180702080171240D-02
    0.156688454588858D-02    0.272985723731279D-02
    0.187510430292634D-02    0.383885631495074D-02
    0.213547375536587D-02    0.510576249634582D-02
    0.233708032173122D-02    0.650581164968472D-02
    0.246886758628220D-02    0.799504311053873D-02
    0.252421826163807D-02    0.953812732168115D-02
    0.249848519928336D-02    0.110839654064690D-01
    0.239055032868675D-02    0.125920789088799D-01
    0.220147747917913D-02    0.140113778729082D-01
    0.193563754100985D-02    0.153022155610566D-01
    0.159833648037131D-02    0.164191278483108D-01
    0.119815543199196D-02    0.173283982133637D-01
    0.742264139004794D-03    0.179948400171417D-01
    0.241663851623503D-03    0.183934878596069D-01
   -0.297720463513150D-03    0.185033911658022D-01
   -0.865704687845652D-03    0.183077293213158D-01
   -0.146365522293478D-02    0.178063115857701D-01
   -0.207428930425084D-02    0.169684877150560D-01
   -0.270921977095387D-02    0.158756789434327D-01
   -0.333949703086766D-02    0.144924717102525D-01
   -0.401196610337158D-02    0.128787015973253D-01
   -0.463768372357118D-02    0.109350741871520D-01
   -0.497652108533390D-02    0.954633163406990D-02
   -0.476405396620925D-02    0.779882407870965D-02
   -0.367621323215379D-02    0.636157625462608D-02
   -0.191552128842569D-02    0.552841912773962D-02
    0.591875761211232D-03    0.392703590870236D-02
    0.266398959394658D-02    0.258199599834506D-02
    0.367204314531278D-02    0.110827820257445D-02
    0.331810123033153D-02   -0.511193769481324D-03
    0.113681218730075D-02   -0.127589229365322D-02
   -0.145580459661426D-02   -0.123763998493671D-02
   -0.305715302549166D-02   -0.645340451361216D-03
    0.000000000000000D+00    0.000000000000000D+00
    0.000000000000000D+00    0.000000000000000D+00
   -0.880888496039814D-04   -0.227311283994879D-04
   -0.497589798909923D-04   -0.507502654897123D-04
    0.508388737197268D-04    0.100097652771957D-05
    0.200898193701391D-03    0.166391591470989D-03
    0.363961608813689D-03    0.480978000320583D-03
    0.539111183688126D-03    0.946014762980352D-03
    0.702972659758989D-03    0.156689717936478D-02
    0.856202148970418D-03    0.233065025435115D-02
    0.983806129118896D-03    0.321986302060082D-02
    0.108478558574193D-02    0.421444943536570D-02
    0.115092030177962D-02    0.527973687945783D-02
    0.117986873618384D-02    0.639189343896189D-02
    0.116973198743824D-02    0.750539262472138D-02
    0.111785817260819D-02    0.859631698685318D-02
    0.102788271759530D-02    0.961490130906522D-02
    0.897618903811806D-03    0.105405366386719D-01
    0.734659249702633D-03    0.113253175208184D-01
    0.537576659836497D-03    0.119546347470333D-01
    0.315847054387125D-03    0.123870000808837D-01
    0.680893075503803D-04    0.126157820667069D-01
   -0.196712057822366D-03    0.126066852620069D-01
   -0.482326480121992D-03    0.123604873602125D-01
   -0.780821093332213D-03    0.118503809969534D-01
   -0.109600232548626D-02    0.110775011334128D-01
   -0.141897401979620D-02    0.100377041346859D-01
   -0.177744998597483D-02    0.874879113307918D-02
   -0.217242660677776D-02    0.717796823311651D-02
   -0.263600573250706D-02    0.534608130833058D-02
   -0.300499787806308D-02    0.367831200625521D-02
   -0.304822482186953D-02    0.130416751698350D-02
   -0.260456746942800D-02    0.152409362999017D-03
   -0.778484783284137D-03   -0.717197036988851D-03
    0.180893630358318D-02   -0.150510153397006D-02
    0.368018874583881D-02   -0.210724964200102D-02
    0.476379878488640D-02   -0.265938324719350D-02
    0.385736720432239D-02   -0.326233171776638D-02
    0.128997494367585D-02   -0.300724665004276D-02
   -0.224920557549711D-02   -0.208899144177040D-02
   -0.402858649418042D-02   -0.811635257914949D-03
    0.000000000000000D+00    0.000000000000000D+00
    0.000000000000000D+00    0.000000000000000D+00
   -0.297014637603895D-04   -0.297014637604199D-04
   -0.222907940771080D-04   -0.877826795303162D-04
    0.102445134381959D-05   -0.103266234404667D-03
    0.419208300984446D-04   -0.514423773494121D-04
    0.866690264447309D-04    0.827674751197288D-04
    0.135006753343915D-03    0.310174180330271D-03
    0.180811140143263D-03    0.622606199529444D-03
    0.222231157308233D-03    0.102498835632568D-02
    0.258492183210111D-03    0.149453032126287D-02
    0.285206198990396D-03    0.203166339345964D-02
    0.304780919702408D-03    0.260534691414118D-02
    0.311443387428350D-03    0.321100402636830D-02
    0.309943548010727D-03    0.381453782558195D-02
    0.294224646541763D-03    0.440732233878180D-02
    0.270436570874459D-03    0.495678091257542D-02
    0.233148753915457D-03    0.545201283610848D-02
    0.188811860167241D-03    0.586551907171669D-02
    0.133254670379845D-03    0.618623705339021D-02
    0.722468854092788D-04    0.639352219047380D-02
    0.282118389540890D-05    0.647790405715728D-02
   -0.711246360940004D-04    0.642446685819998D-02
   -0.152108677817041D-03    0.622309634084856D-02
   -0.239964756445550D-03    0.586725576851267D-02
   -0.331770989088675D-03    0.534082392819427D-02
   -0.427122570895795D-03    0.463807778231610D-02
   -0.537872631431208D-03    0.374852184663341D-02
   -0.687204835477959D-03    0.262133317484461D-02
   -0.871728127636464D-03    0.106072342059180D-02
   -0.120102853837568D-02   -0.494984635018050D-03
   -0.119833885999201D-02   -0.302500835902912D-02
   -0.205825578827987D-02   -0.507021278009960D-02
   -0.337433205092711D-03   -0.377915963598680D-02
    0.216706524905022D-02   -0.527071075990469D-02
    0.416834490851167D-02   -0.580173805027438D-02
    0.475220630659000D-02   -0.596395289709405D-02
    0.364386401745446D-02   -0.577786594600035D-02
    0.399552661759341D-03   -0.447932405852503D-02
   -0.348499942499984D-02   -0.295359164349541D-02
   -0.621621418521534D-02   -0.117809233504881D-02
    0.000000000000000D+00    0.000000000000000D+00
    0.000000000000000D+00    0.000000000000000D+00
    0.000000000000000D+00    0.000000000000000D+00
    0.000000000000000D+00    0.000000000000000D+00
    0.000000000000000D+00    0.000000000000000D+00
    0.000000000000000D+00    0.000000000000000D+00
    0.000000000000000D+00    0.000000000000000D+00
    0.000000000000000D+00    0.000000000000000D+00
    0.000000000000000D+00    0.000000000000000D+00
    0.000000000000000D+00    0.000000000000000D+00
    0.000000000000000D+00    0.000000000000000D+00
    0.000000000000000D+00    0.000000000000000D+00
    0.000000000000000D+00    0.000000000000000D+00
    0.000000000000000D+00    0.000000000000000D+00
    0.000000000000000D+00    0.000000000000000D+00
    0.000000000000000D+00    0.000000000000000D+00
    0.000000000000000D+00    0.000000000000000D+00
    0.000000000000000D+00    0.000000000000000D+00
    0.000000000000000D+00    0.000000000000000D+00
    0.000000000000000D+00    0.000000000000000D+00
    0.000000000000000D+00    0.000000000000000D+00
    0.000000000000000D+00    0.000000000000000D+00
    0.000000000000000D+00    0.000000000000000D+00
    0.000000000000000D+00    0.000000000000000D+00
    0.000000000000000D+00    0.000000000000000D+00
    0.000000000000000D+00    0.000000000000000D+00
    0.000000000000000D+00    0.000000000000000D+00
    0.000000000000000D+00    0.000000000000000D+00
    0.000000000000000D+00    0.000000000000000D+00
    0.000000000000000D+00    0.000000000000000D+00
    0.000000000000000D+00    0.000000000000000D+00
    0.000000000000000D+00    0.000000000000000D+00
    0.000000000000000D+00    0.000000000000000D+00
    0.000000000000000D+00    0.000000000000000D+00
    0.292241003047488D-02   -0.513838519255507D-02
    0.575098669143436D-02   -0.710490030917566D-02
    0.459579976846787D-02   -0.730026017711722D-02
    0.279545807520667D-02   -0.669518288677341D-02
   -0.883495065374214D-03   -0.550449595378998D-02
   -0.587346871463277D-02   -0.347019370564272D-02
   -0.789556653081098D-02   -0.171719331872601D-02
    0.000000000000000D+00    0.000000000000000D+00
