    0.000000000000000D+00    0.000000000000000D+00
    0.000000000000000D+00    0.000000000000000D+00
    0.000000000000000D+00    0.000000000000000D+00
    0.000000000000000D+00    0.000000000000000D+00
    0.000000000000000D+00    0.000000000000000D+00
    0.000000000000000D+00    0.000000000000000D+00
    0.000000000000000D+00    0.000000000000000D+00
    0.000000000000000D+00    0.000000000000000D+00
    0.000000000000000D+00    0.000000000000000D+00
    0.000000000000000D+00    0.000000000000000D+00
    0.000000000000000D+00    0.000000000000000D+00
    0.000000000000000D+00    0.000000000000000D+00
    0.000000000000000D+00    0.000000000000000D+00
    0.000000000000000D+00    0.000000000000000D+00
    0.000000000000000D+00    0.000000000000000D+00
    0.000000000000000D+00    0.000000000000000D+00
    0.000000000000000D+00    0.000000000000000D+00
    0.000000000000000D+00    0.000000000000000D+00
    0.000000000000000D+00    0.000000000000000D+00
    0.000000000000000D+00    0.000000000000000D+00
    0.000000000000000D+00    0.000000000000000D+00
    0.000000000000000D+00    0.000000000000000D+00
    0.000000000000000D+00    0.000000000000000D+00
    0.000000000000000D+00    0.000000000000000D+00
    0.000000000000000D+00    0.000000000000000D+00
    0.000000000000000D+00    0.000000000000000D+00
    0.000000000000000D+00    0.000000000000000D+00
    0.000000000000000D+00    0.000000000000000D+00
    0.000000000000000D+00    0.000000000000000D+00
    0.000000000000000D+00    0.000000000000000D+00
    0.000000000000000D+00    0.000000000000000D+00
    0.000000000000000D+00    0.000000000000000D+00
    0.000000000000000D+00    0.000000000000000D+00
    0.000000000000000D+00    0.000000000000000D+00
    0.000000000000000D+00    0.000000000000000D+00
    0.000000000000000D+00    0.000000000000000D+00
    0.000000000000000D+00    0.000000000000000D+00
    0.000000000000000D+00    0.000000000000000D+00
    0.000000000000000D+00    0.000000000000000D+00
    0.000000000000000D+00    0.000000000000000D+00
    0.000000000000000D+00    0.000000000000000D+00
    0.000000000000000D+00    0.000000000000000D+00
    0.225477352343786D-04   -0.222297989059969D-04
    0.872116386522015D-05   -0.345895383883202D-04
   -0.174833665618621D-04   -0.217624523702382D-04
   -0.488295416709381D-04    0.548613939125455D-04
   -0.787121882832357D-04    0.184246140350734D-03
   -0.104329140533769D-03    0.368910021595245D-03
   -0.127362552941471D-03    0.601476357219288D-03
   -0.145125424480968D-03    0.872280732720583D-03
   -0.160249675654474D-03    0.117757864764439D-02
   -0.170931695541502D-03    0.150594411015970D-02
   -0.179695406026115D-03    0.185628979802526D-02
   -0.185780475364845D-03    0.221916774142181D-02
   -0.191128621352012D-03    0.259558289339383D-02
   -0.196068835059123D-03    0.298078875820386D-02
   -0.201791273210902D-03    0.337710726319508D-02
   -0.209633048086009D-03    0.378659064946697D-02
   -0.220053764749633D-03    0.421196115231571D-02
   -0.235088719805327D-03    0.466366822436323D-02
   -0.254665149231028D-03    0.514369228854731D-02
   -0.280938266148130D-03    0.567168516736502D-02
   -0.313820788137425D-03    0.624771351059139D-02
   -0.354484229936200D-03    0.690001785481340D-02
   -0.403449372318314D-03    0.762560267159239D-02
   -0.459621617829484D-03    0.845948574039459D-02
   -0.525786506712782D-03    0.939399847666301D-02
   -0.596500072640037D-03    0.104641829384632D-01
   -0.681865741026071D-03    0.116632183879706D-01
   -0.758645012639084D-03    0.130080976845582D-01
   -0.828958250710208D-03    0.144791853576367D-01
   -0.882180007808331D-03    0.161060174172312D-01
   -0.976229179860731D-03    0.178362780207003D-01
   -0.103511409094335D-02    0.194878259491063D-01
   -0.119090618998096D-02    0.213461558074952D-01
   -0.999407625957668D-03    0.229337053457560D-01
    0.151782860868602D-03    0.234578387496188D-01
    0.437694922714107D-03    0.243479819499916D-01
   -0.978391361915088D-03    0.236560470781889D-01
   -0.442159635046643D-03    0.167469989084244D-01
    0.976265787637697D-02    0.976265787638465D-02
    0.000000000000000D+00    0.000000000000000D+00
    0.000000000000000D+00    0.000000000000000D+00
    0.342716020773245D-04   -0.751818094997992D-05
   -0.159465197879002D-04    0.185811792261345D-04
   -0.112424975240838D-03    0.109470251044018D-03
   -0.218371092222813D-03    0.297047663695959D-03
   -0.326202582216574D-03    0.582997559779660D-03
   -0.421043745445220D-03    0.959650661378162D-03
   -0.505867905701646D-03    0.142236455152395D-02
   -0.574866270422255D-03    0.195510127173359D-02
   -0.631902590306457D-03    0.255020058090571D-02
   -0.675720442125011D-03    0.319211582423747D-02
   -0.710126308878721D-03    0.387406302479530D-02
   -0.736372792702243D-03    0.458444762644453D-02
   -0.758529134042568D-03    0.531997885344569D-02
   -0.778749884604460D-03    0.607478261096679D-02
   -0.802268696384762D-03    0.685092279898861D-02
   -0.830444190517912D-03    0.764899650074012D-02
   -0.870820329883394D-03    0.847777100458357D-02
   -0.921920727541229D-03    0.934423005803924D-02
   -0.994851725641306D-03    0.102644953983452D-01
   -0.108289091676789D-02    0.112506231603754D-01
   -0.120199143982717D-02    0.123259276348646D-01
   -0.133743264152705D-02    0.135044504254967D-01
   -0.151111842625533D-02    0.148155316499256D-01
   -0.169717171253794D-02    0.162695254369415D-01
   -0.192461388844482D-02    0.178986756855374D-01
   -0.215107568981051D-02    0.196974191304282D-01
   -0.241248226438140D-02    0.216979851163869D-01
   -0.264485683337023D-02    0.238639638415144D-01
   -0.288577268532264D-02    0.262132866524567D-01
   -0.304004286586507D-02    0.286460642491414D-01
   -0.316935374875066D-02    0.311261532979169D-01
   -0.306326439728242D-02    0.333216016566486D-01
   -0.271839363171786D-02    0.352784716366673D-01
   -0.197965594754429D-02    0.366422750265701D-01
   -0.488020965315436D-03    0.367196976074887D-01
    0.230865916604258D-02    0.340519082606167D-01
    0.735399336861870D-02    0.279176749081319D-01
    0.151149104733067D-01    0.166519749202120D-01
    0.227404408658608D-01    0.447433606614788D-02
    0.000000000000000D+00    0.000000000000000D+00
    0.000000000000000D+00    0.000000000000000D+00
    0.183102987034976D-04    0.208554145204130D-04
   -0.110007843012684D-03    0.122849523745058D-03
   -0.305725989378364D-03    0.318997772963824D-03
   -0.526929404652097D-03    0.648545576028225D-03
   -0.745281428745261D-03    0.110135070763055D-02
   -0.946348617820327D-03    0.167788108039519D-02
   -0.112323554880761D-02    0.236477405384601D-02
   -0.127208137720574D-02    0.314857269189721D-02
   -0.139420467918311D-02    0.401643512586327D-02
   -0.149041790491542D-02    0.494978660009093D-02
   -0.156589999286533D-02    0.594014887883778D-02
   -0.162409659633441D-02    0.697020703217402D-02
   -0.167217372348080D-02    0.803742571559467D-02
   -0.171542975674381D-02    0.913003473857273D-02
   -0.176223647460381D-02    0.102521539416503D-01
   -0.181891285784910D-02    0.114005170088136D-01
   -0.189446816765855D-02    0.125857030226574D-01
   -0.199489840319250D-02    0.138147761991515D-01
   -0.212936502068770D-02    0.151034002355732D-01
   -0.230134928625048D-02    0.164690413657032D-01
   -0.251986844124207D-02    0.179297145422049D-01
   -0.278241643872010D-02    0.195105832437324D-01
   -0.309791056986624D-02    0.212275559308913D-01
   -0.345225009576161D-02    0.231061458431728D-01
   -0.385479763540089D-02    0.251535391813416D-01
   -0.426908440602218D-02    0.273799166890767D-01
   -0.470294979136047D-02    0.297715812375559D-01
   -0.508365057891623D-02    0.323013146361049D-01
   -0.541531585553028D-02    0.349052321496473D-01
   -0.556134420800197D-02    0.374604095081457D-01
   -0.551240235501667D-02    0.398285322005783D-01
   -0.497449012770109D-02    0.416678080849714D-01
   -0.373673939929770D-02    0.425937329875957D-01
   -0.166623293147322D-02    0.423316065280275D-01
    0.189684717563204D-02    0.395991089448112D-01
    0.715286377601649D-02    0.335221432723629D-01
    0.168859070049756D-01    0.240488853402076D-01
    0.253474398067868D-01    0.110765614222742D-01
    0.255113064335993D-01    0.303076050597532D-02
    0.000000000000000D+00    0.000000000000000D+00
    0.000000000000000D+00    0.000000000000000D+00
   -0.679297388541214D-04    0.560076533572568D-04
   -0.308030879565291D-03    0.240826407394375D-03
   -0.640451587081197D-03    0.562316951824680D-03
   -0.100010264321649D-02    0.104069531810300D-02
   -0.135696859926327D-02    0.166927401696225D-02
   -0.168523067710106D-02    0.244065598120906D-02
   -0.197731191833479D-02    0.334377790929731D-02
   -0.222474975814348D-02    0.436069248177366D-02
   -0.243031482028894D-02    0.547862814118530D-02
   -0.259362962994179D-02    0.667503847477981D-02
   -0.272332531011884D-02    0.794042784474870D-02
   -0.282318621932336D-02    0.925339665481024D-02
   -0.290597382133973D-02    0.106109713035725D-01
   -0.297737009045128D-02    0.119960651380582D-01
   -0.305377118941433D-02    0.134148133360854D-01
   -0.314053883045163D-02    0.148562351695274D-01
   -0.325729287259844D-02    0.163369392031984D-01
   -0.340625287631216D-02    0.178524629481871D-01
   -0.360951763272448D-02    0.194294566287059D-01
   -0.386247850118585D-02    0.210684398570745D-01
   -0.418832897215586D-02    0.228031938894878D-01
   -0.457078781132368D-02    0.246346878300650D-01
   -0.503158758489859D-02    0.265973834006463D-01
   -0.553584723137618D-02    0.286831808768987D-01
   -0.609867203833313D-02    0.309156445103628D-01
   -0.665578570232225D-02    0.332605228742595D-01
   -0.720458050447427D-02    0.357094443764838D-01
   -0.763280160891670D-02    0.381716868802838D-01
   -0.789906820526408D-02    0.405664173309396D-01
   -0.780596697849832D-02    0.426851310151383D-01
   -0.721416619746487D-02    0.443216057673759D-01
   -0.581053481565288D-02    0.450934767191535D-01
   -0.321360365123084D-02    0.445288606058280D-01
    0.102225598390782D-02    0.419731142356489D-01
    0.772886519000153D-02    0.366277813419575D-01
    0.169869598898517D-01    0.281128418777169D-01
    0.287896798662757D-01    0.172269150690000D-01
    0.363112727791550D-01    0.698667791675613D-02
    0.306700378733162D-01    0.686425971899122D-03
    0.000000000000000D+00    0.000000000000000D+00
    0.000000000000000D+00    0.000000000000000D+00
   -0.213506908808491D-03    0.908004529713745D-04
   -0.615777943836771D-03    0.364114875312192D-03
   -0.110914892187255D-02    0.807505098375907D-03
   -0.163393283708422D-02    0.143506880094848D-02
   -0.214620270298065D-02    0.223024220548497D-02
   -0.262088425955211D-02    0.318585666962962D-02
   -0.304238377585392D-02    0.428538900781014D-02
   -0.340324717769449D-02    0.551138541896489D-02
   -0.370314134274204D-02    0.684794530173696D-02
   -0.394391475453909D-02    0.827116016731924D-02
   -0.413401547682163D-02    0.976958275568813D-02
   -0.428107980232612D-02    0.113189406341848D-01
   -0.439910558830831D-02    0.129146519648138D-01
   -0.449967018684321D-02    0.145363506284271D-01
   -0.460020089329275D-02    0.161878774084326D-01
   -0.471434902662680D-02    0.178560986603368D-01
   -0.486073680817836D-02    0.195530694226774D-01
   -0.505228612199799D-02    0.212748318364252D-01
   -0.530612430553765D-02    0.230390462764794D-01
   -0.562995491150314D-02    0.248505740593244D-01
   -0.603614475428605D-02    0.267268967789725D-01
   -0.652004956074681D-02    0.286775267280135D-01
   -0.708500807764457D-02    0.307096965496130D-01
   -0.770247012723738D-02    0.328272984702621D-01
   -0.835950212832885D-02    0.350106625766826D-01
   -0.898526896740255D-02    0.372391494809562D-01
   -0.953578312863387D-02    0.394380418062530D-01
   -0.986925799794895D-02    0.415289694566427D-01
   -0.987637969945918D-02    0.433376758410578D-01
   -0.930439532877951D-02    0.446773218124961D-01
   -0.788315137158437D-02    0.451985246659791D-01
   -0.527503511107293D-02    0.445968493338359D-01
   -0.874259668533807D-03    0.422770196963650D-01
    0.551809013882838D-02    0.378646785366044D-01
    0.151354833740972D-01    0.308486256299060D-01
    0.263150567031543D-01    0.215593187907375D-01
    0.388067867263541D-01    0.117407637172905D-01
    0.442866870798716D-01    0.362497686226775D-02
    0.332121055265164D-01    0.150222228317266D-03
    0.000000000000000D+00    0.000000000000000D+00
    0.000000000000000D+00    0.000000000000000D+00
   -0.423898580858353D-03    0.120835247569694D-03
   -0.102424873334885D-02    0.471962630896687D-03
   -0.171273895465094D-02    0.103180110756485D-02
   -0.242026534483636D-02    0.179394751351809D-02
   -0.310607900884514D-02    0.274143377088466D-02
   -0.373738930786512D-02    0.385824846937223D-02
   -0.429984730345837D-02    0.512876134218744D-02
   -0.478109749891010D-02    0.653035113637316D-02
   -0.518283850566297D-02    0.804783352383533D-02
   -0.550467918055523D-02    0.965334435519779D-02
   -0.575881222248774D-02    0.113355675333260D-01
   -0.595229497549919D-02    0.130658761617160D-01
   -0.610502444918719D-02    0.148399465321553D-01
   -0.622846379757020D-02    0.166314839346263D-01
   -0.634816283140689D-02    0.184457795369237D-01
   -0.647677066324599D-02    0.202611262124195D-01
   -0.664289325861650D-02    0.220932031046003D-01
   -0.685600754713385D-02    0.239255550070406D-01
   -0.714395205800342D-02    0.257821567560829D-01
   -0.750692959189874D-02    0.276500115493632D-01
   -0.796627338259844D-02    0.295551650095076D-01
   -0.850431811611485D-02    0.314824239272710D-01
   -0.912694378962303D-02    0.334479763693927D-01
   -0.978600738222750D-02    0.354229822337257D-01
   -0.104568459231237D-01    0.373937773736212D-01
   -0.110412707069594D-01    0.392980588487934D-01
   -0.114572272412497D-01    0.410606980401090D-01
   -0.115260003252210D-01    0.425547229063663D-01
   -0.110588391045997D-01    0.435999952886499D-01
   -0.976091272562557D-02    0.439702176455918D-01
   -0.725610371756537D-02    0.433339479000016D-01
   -0.313578717017258D-02    0.413589276307639D-01
    0.320713477612279D-02    0.376173774352777D-01
    0.120046340509520D-01    0.318857435984394D-01
    0.236210510794817D-01    0.241970638696155D-01
    0.364601555344635D-01    0.153788309506065D-01
    0.472925151841134D-01    0.718335907954974D-02
    0.485382347919854D-01    0.185456550275523D-02
    0.334943812449642D-01    0.163791278769500D-04
    0.000000000000000D+00    0.000000000000000D+00
    0.000000000000000D+00    0.000000000000000D+00
   -0.688695620457210D-03    0.147896649681306D-03
   -0.152796308278134D-02    0.566910563051467D-03
   -0.243131737700097D-02    0.122269146580880D-02
   -0.333966345564963D-02    0.209880329403538D-02
   -0.420698807843769D-02    0.317137238921207D-02
   -0.500340910957229D-02    0.442033416513181D-02
   -0.570957378261443D-02    0.582612454984044D-02
   -0.631469819433496D-02    0.736411932215362D-02
   -0.681760160134171D-02    0.901690771225689D-02
   -0.722010062964149D-02    0.107547551944269D-01
   -0.753351730692236D-02    0.125646331896903D-01
   -0.776878399182918D-02    0.144154188670167D-01
   -0.794610328184851D-02    0.163008288671256D-01
   -0.808297224697107D-02    0.181918238544664D-01
   -0.820499048099384D-02    0.200904641737061D-01
   -0.833312174762528D-02    0.219731239352583D-01
   -0.849390180381595D-02    0.238494150325795D-01
   -0.870692453938052D-02    0.257031894993531D-01
   -0.899363302392928D-02    0.275472693574792D-01
   -0.936463562529160D-02    0.293725752524278D-01
   -0.982820184735201D-02    0.311860549535281D-01
   -0.103742857696890D-01    0.329810387273053D-01
   -0.109866376385173D-01    0.347435864003074D-01
   -0.116170051405341D-01    0.364584450583054D-01
   -0.122066975941814D-01    0.380684817673015D-01
   -0.126437961306083D-01    0.395305720103203D-01
   -0.127953594832349D-01    0.407141451113793D-01
   -0.124542835757763D-01    0.415216284884140D-01
   -0.113545874541534D-01    0.417148718327504D-01
   -0.918441704339787D-02    0.411253366945478D-01
   -0.545762347668372D-02    0.394012439426862D-01
    0.124472771381412D-03    0.363484538541729D-01
    0.830286885234436D-02    0.316495007786890D-01
    0.187151604578108D-01    0.253800623303800D-01
    0.317011481858639D-01    0.178772565642458D-01
    0.443270924574899D-01    0.101003694937297D-01
    0.534197837048171D-01    0.377819395945911D-02
    0.518800721517958D-01    0.134586988612789D-03
    0.337414481282482D-01   -0.454271372964008D-03
    0.000000000000000D+00    0.000000000000000D+00
    0.000000000000000D+00    0.000000000000000D+00
   -0.995988030048249D-03    0.166630948476437D-03
   -0.210223322392108D-02    0.636321682319775D-03
   -0.324448145579731D-02    0.136780912352848D-02
   -0.436473220245170D-02    0.233015131314286D-02
   -0.542254472745870D-02    0.349706370908868D-02
   -0.638561351048188D-02    0.484160752776810D-02
   -0.723683894285840D-02    0.634285801343844D-02
   -0.796253649111784D-02    0.797189948574542D-02
   -0.856339926315703D-02    0.971048953717806D-02
   -0.903949217831061D-02    0.115258676403904D-01
   -0.940522406952771D-02    0.134040804744862D-01
   -0.967093295988069D-02    0.153107553815051D-01
   -0.986183797268706D-02    0.172387805317551D-01
   -0.999531755760019D-02    0.191547274801800D-01
   -0.101039576368409D-01    0.210605082237599D-01
   -0.102078493229945D-01    0.229260322882470D-01
   -0.103418051957618D-01    0.247622195726927D-01
   -0.105221802149319D-01    0.265432639913875D-01
   -0.107782585340310D-01    0.282853660989905D-01
   -0.111133046423676D-01    0.299653269256302D-01
   -0.115397700214423D-01    0.315956879389243D-01
   -0.120346678318024D-01    0.331500585964738D-01
   -0.125771532442416D-01    0.346219886435921D-01
   -0.130995352808970D-01    0.359705386286493D-01
   -0.135229567618668D-01    0.371481048770987D-01
   -0.137095111562580D-01    0.380818534201543D-01
   -0.134850186050114D-01    0.386565057702496D-01
   -0.126114427341441D-01    0.387485268442005D-01
   -0.107708405379489D-01    0.381564226784931D-01
   -0.761631359596890D-02    0.367050134834134D-01
   -0.267020520222668D-02    0.341436689733225D-01
    0.439813440786088D-02    0.303299445607983D-01
    0.140026531810457D-01    0.251801707628670D-01
    0.258435128493485D-01    0.188969326892203D-01
    0.391165077276143D-01    0.120839266440167D-01
    0.511711665506057D-01    0.576132254834041D-02
    0.577030723442505D-01    0.115606187412829D-02
    0.525843768255424D-01   -0.783086667195481D-03
    0.328883318449036D-01   -0.613535446638986D-03
    0.000000000000000D+00    0.000000000000000D+00
    0.000000000000000D+00    0.000000000000000D+00
   -0.133737871491608D-02    0.180933113821341D-03
   -0.273356715373984D-02    0.684378898770006D-03
   -0.412561551890803D-02    0.146431833214967D-02
   -0.546551301400325D-02    0.248130064469775D-02
   -0.671415825354002D-02    0.370582228485357D-02
   -0.784293608979184D-02    0.510545239138118D-02
   -0.883334670320971D-02    0.665742065353981D-02
   -0.967331052908318D-02    0.832873171896791D-02
   -0.103621044455049D-01    0.101004154008701D-01
   -0.109014494027328D-01    0.119361282058468D-01
   -0.113053154993040D-01    0.138216070711820D-01
   -0.115871321745444D-01    0.157186498631957D-01
   -0.117724544346618D-01    0.176197730785293D-01
   -0.118838376461507D-01    0.194876536080572D-01
   -0.119538605800684D-01    0.213229475590017D-01
   -0.120099290714451D-01    0.230925801706014D-01
   -0.120846435164934D-01    0.248039056717129D-01
   -0.122030659656255D-01    0.264306851647494D-01
   -0.123876715940100D-01    0.279810840548260D-01
   -0.126499735803223D-01    0.294360158000389D-01
   -0.129884842332358D-01    0.307929459230108D-01
   -0.133848731383342D-01    0.320361068840569D-01
   -0.137949955177815D-01    0.331349936607696D-01
   -0.141484066608100D-01    0.340676323622500D-01
   -0.143319437384702D-01    0.347542364819975D-01
   -0.141961178245642D-01    0.351520322475336D-01
   -0.135206057180050D-01    0.351125792010078D-01
   -0.120579442910605D-01    0.345605409382492D-01
   -0.943420247794131D-02    0.332795209368917D-01
   -0.534446393099055D-02    0.311783138750475D-01
    0.745033356562163D-03    0.280421710179615D-01
    0.893604349832075D-02    0.238746487589482D-01
    0.196646432146340D-01    0.186968613024647D-01
    0.320195487981297D-01    0.128683241725872D-01
    0.452194595342372D-01    0.705377108130621D-02
    0.559385230509006D-01    0.211521533455800D-02
    0.603144960872664D-01   -0.879171680588782D-03
    0.532289185740654D-01   -0.166059806689803D-02
    0.320141932730549D-01   -0.786548977625564D-03
    0.000000000000000D+00    0.000000000000000D+00
    0.000000000000000D+00    0.000000000000000D+00
   -0.169377549481201D-02    0.185977925435303D-03
   -0.339221926661021D-02    0.704944003426039D-03
   -0.504257132185710D-02    0.150697692164084D-02
   -0.660391210297375D-02    0.254621460407915D-02
   -0.804237331749034D-02    0.379022275555348D-02
   -0.933089535151146D-02    0.520324351468368D-02
   -0.104531255048025D-01    0.675956757133186D-02
   -0.113963466366148D-01    0.842417423347172D-02
   -0.121611297906283D-01    0.101752038202512D-01
   -0.127486386889521D-01    0.119754027406172D-01
   -0.131749212812959D-01    0.138073384459710D-01
   -0.134536126043773D-01    0.156321830854671D-01
   -0.136140096317990D-01    0.174391573225266D-01
   -0.136793652389523D-01    0.191900635056150D-01
   -0.136877887841349D-01    0.208827219690531D-01
   -0.136667942949816D-01    0.224822224662995D-01
   -0.136555206753400D-01    0.239945719128382D-01
   -0.136768928475202D-01    0.253897592255715D-01
   -0.137590054216266D-01    0.266773470709901D-01
   -0.139071176973050D-01    0.278313231167425D-01
   -0.141212346605873D-01    0.288546035061370D-01
   -0.143711566738175D-01    0.297202961362794D-01
   -0.146060111499096D-01    0.304089323253844D-01
   -0.147374774887627D-01    0.308833259708366D-01
   -0.146345171146646D-01    0.310832065951022D-01
   -0.141251746911082D-01    0.309494942573144D-01
   -0.129652154914018D-01    0.303689012201833D-01
   -0.108832101520134D-01    0.292564795612809D-01
   -0.750719817368223D-02    0.274623444895691D-01
   -0.250972265471963D-02    0.249061180340907D-01
    0.451529032613947D-02    0.214937049989079D-01
    0.137028320165441D-01    0.172675608642633D-01
    0.250364387434267D-01    0.124090217453012D-01
    0.377193914568027D-01    0.730973266118347D-02
    0.501614499665158D-01    0.264009956592070D-02
    0.593987385044005D-01   -0.806254166979954D-03
    0.615149719230290D-01   -0.245122765632450D-02
    0.520796564109630D-01   -0.215278664793370D-02
    0.305968460221873D-01   -0.836338000365503D-03
    0.000000000000000D+00    0.000000000000000D+00
    0.000000000000000D+00    0.000000000000000D+00
   -0.205932849548248D-02    0.186318102693010D-03
   -0.406166577870770D-02    0.701822286286132D-03
   -0.596906953507275D-02    0.149900026850689D-02
   -0.774751423076864D-02    0.252614543025833D-02
   -0.936836147327006D-02    0.375187998454664D-02
   -0.108071442525959D-01    0.513499856968356D-02
   -0.120487828970097D-01    0.665067244203568D-02
   -0.130814118003570D-01    0.825858613807975D-02
   -0.139057480792610D-01    0.993832521570116D-02
   -0.145237611591489D-01    0.116471742968863D-01
   -0.149520433562868D-01    0.133698370210562D-01
   -0.152063319088996D-01    0.150614006992550D-01
   -0.153171139268267D-01    0.167139114185366D-01
   -0.153117943448674D-01    0.182827700456077D-01
   -0.152294798514741D-01    0.197688294038448D-01
   -0.151039868473204D-01    0.211316884360215D-01
   -0.149734469084547D-01    0.223793953220741D-01
   -0.148684538922945D-01    0.234795685625457D-01
   -0.148116012152183D-01    0.244407900627878D-01
   -0.148153480944593D-01    0.252407078645655D-01
   -0.148671632709456D-01    0.258758236311341D-01
   -0.149409495593687D-01    0.263320401255238D-01
   -0.149646159382113D-01    0.265765949613722D-01
   -0.148489830767715D-01    0.265971496069036D-01
   -0.144334567899727D-01    0.263151171462913D-01
   -0.135438351639052D-01    0.257114996824716D-01
   -0.119014324703163D-01    0.246575598161612D-01
   -0.925126902657304D-02    0.231288279455224D-01
   -0.518919552925829D-02    0.209769835655213D-01
    0.520817326188837D-03    0.182096178292976D-01
    0.830564395418469D-02    0.147617347512767D-01
    0.180336602064992D-01    0.107814882708416D-01
    0.297110895815931D-01    0.648253312753084D-02
    0.420726893384978D-01    0.229009492542305D-02
    0.536706044914900D-01   -0.117064668799215D-02
    0.613377138794607D-01   -0.334120155415567D-02
    0.616142377469208D-01   -0.374645041197125D-02
    0.511112045283388D-01   -0.265267508415436D-02
    0.292456156261362D-01   -0.940240424373853D-03
    0.000000000000000D+00    0.000000000000000D+00
    0.000000000000000D+00    0.000000000000000D+00
   -0.241285506791502D-02    0.178361541184569D-03
   -0.471354247025179D-02    0.674759801017677D-03
   -0.686995022971672D-02    0.144073251168601D-02
   -0.885709548021778D-02    0.242566892839893D-02
   -0.106492740039308D-01    0.359551566228493D-02
   -0.122257001905127D-01    0.491004661027767D-02
   -0.135720609484228D-01    0.634046200548083D-02
   -0.146776803285248D-01    0.784772045181465D-02
   -0.155433483638236D-01    0.940650277990995D-02
   -0.161719308484964D-01    0.109763212290865D-01
   -0.165807913666007D-01    0.125360033811265D-01
   -0.167872918458387D-01    0.140437666704491D-01
   -0.168242947638297D-01    0.154850912298519D-01
   -0.167216143034241D-01    0.168193166816494D-01
   -0.165225688581254D-01    0.180408988221450D-01
   -0.162632625637120D-01    0.191137253390256D-01
   -0.159871819205115D-01    0.200412377100866D-01
   -0.157253774420896D-01    0.207947705632031D-01
   -0.155051488118223D-01    0.213823676744043D-01
   -0.153354804966098D-01    0.217834372785332D-01
   -0.152052012888677D-01    0.220006980947713D-01
   -0.150791309291183D-01    0.220184700450027D-01
   -0.148807714824248D-01    0.218199282389887D-01
   -0.145060754976540D-01    0.213874428862755D-01
   -0.137855620044820D-01    0.206717756985649D-01
   -0.125264472878131D-01    0.196469689411175D-01
   -0.104497834434834D-01    0.182325361617603D-01
   -0.728164602673306D-02    0.164005645031218D-01
   -0.266708261114875D-02    0.140766366396779D-01
    0.365114577870251D-02    0.112734544532403D-01
    0.119157022373392D-01    0.802245976895633D-02
    0.220439436890739D-01    0.447892946875931D-02
    0.336375891421010D-01    0.921863372655578D-03
    0.455827265343504D-01   -0.224486968378042D-02
    0.559955274605713D-01   -0.451018802714998D-02
    0.620555588084454D-01   -0.539167579783868D-02
    0.606767447084830D-01   -0.478714068987273D-02
    0.488687719289958D-01   -0.298057462159012D-02
    0.274837368369514D-01   -0.964345789005895D-03
    0.000000000000000D+00    0.000000000000000D+00
    0.000000000000000D+00    0.000000000000000D+00
   -0.275153071088821D-02    0.166275516080336D-03
   -0.533223891299852D-02    0.626121558889676D-03
   -0.772389709309418D-02    0.133885322108988D-02
   -0.990387862284690D-02    0.225081828369258D-02
   -0.118528130978117D-01    0.333287456912429D-02
   -0.135501772650482D-01    0.454021935636354D-02
   -0.149843235347511D-01    0.584791062537312D-02
   -0.161439116184987D-01    0.721103946681982D-02
   -0.170311523407447D-01    0.860851543845329D-02
   -0.176484703733119D-01    0.999263453818445D-02
   -0.180150103463618D-01    0.113476168895560D-01
   -0.181490738621410D-01    0.126229102339179D-01
   -0.180862372054946D-01    0.138110309040897D-01
   -0.178594343833369D-01    0.148614744533260D-01
   -0.175151149854804D-01    0.157773105788962D-01
   -0.170948907881517D-01    0.165130855723965D-01
   -0.166441305541067D-01    0.170815363643357D-01
   -0.162011213366385D-01    0.174480705618325D-01
   -0.157912202871788D-01    0.176287830127615D-01
   -0.154307848044682D-01    0.176045539833313D-01
   -0.151001694437679D-01    0.173823171535613D-01
   -0.147697898571559D-01    0.169595382313283D-01
   -0.143466782710345D-01    0.163177959629240D-01
   -0.137305691266013D-01    0.154678042662997D-01
   -0.127288886007279D-01    0.143536151491056D-01
   -0.111578110019932D-01    0.129949037775357D-01
   -0.871365931122179D-02    0.113041347466801D-01
   -0.515981482552147D-02    0.931658453724421D-02
   -0.121352559608386D-03    0.695678396545045D-02
    0.654547560006697D-02    0.431268852716960D-02
    0.151015008093698D-01    0.141801082239347D-02
    0.252233753015293D-01   -0.151319769707302D-02
    0.365693026179937D-01   -0.422165009491778D-02
    0.477298069866765D-01   -0.634134342473390D-02
    0.570184290330272D-01   -0.743159548813396D-02
    0.616832568608065D-01   -0.722766760784639D-02
    0.589912681533580D-01   -0.568017625585724D-02
    0.468338203271421D-01   -0.330866878716288D-02
    0.258085505395407D-01   -0.102856718528925D-02
    0.000000000000000D+00    0.000000000000000D+00
    0.000000000000000D+00    0.000000000000000D+00
   -0.305609111253534D-02    0.148025151195865D-03
   -0.589501556750135D-02    0.560421048149126D-03
   -0.849921543752308D-02    0.119785495953530D-02
   -0.108541678226974D-01    0.201379939552469D-02
   -0.129400787112861D-01    0.297693966736555D-02
   -0.147405524335839D-01    0.404759015702287D-02
   -0.162424964248188D-01    0.519635456568691D-02
   -0.174367893064848D-01    0.638317406654609D-02
   -0.183239901600340D-01    0.758052412898925D-02
   -0.189087040062700D-01    0.874651537250740D-02
   -0.192092614269639D-01    0.985693883983916D-02
   -0.192473076995200D-01    0.108686011350083D-01
   -0.190593052345398D-01    0.117639170770926D-01
   -0.186830781110481D-01    0.125015825088368D-01
   -0.181680385466080D-01    0.130740324406453D-01
   -0.175615768513974D-01    0.134466283831388D-01
   -0.169136480446145D-01    0.136232513705963D-01
   -0.162674586321579D-01    0.135808094339111D-01
   -0.156531148261529D-01    0.133317705660725D-01
   -0.150885399706349D-01    0.128674994009429D-01
   -0.145569113337700D-01    0.122006240514674D-01
   -0.140245649337689D-01    0.113360019213279D-01
   -0.133983644768702D-01    0.102741389551567D-01
   -0.125675810835841D-01    0.902855165075580D-02
   -0.113403807116155D-01    0.757838144995478D-02
   -0.951770278620217D-02    0.594173234120417D-02
   -0.681364225494415D-02    0.408342546678014D-02
   -0.297353564497986D-02    0.203466414371742D-02
    0.230525463318413D-02   -0.214150055730004D-03
    0.919332585774001D-02   -0.258145438445503D-02
    0.177700423414298D-01   -0.497355711030631D-02
    0.277772789513896D-01   -0.719284439731367D-02
    0.385800077689796D-01   -0.898247109111502D-02
    0.489308393448572D-01   -0.100168427419575D-01
    0.569790497245333D-01   -0.100043265499164D-01
    0.602560289681923D-01   -0.873298346968841D-02
    0.565173137798129D-01   -0.641083305091472D-02
    0.438615472363146D-01   -0.353996349592954D-02
    0.238361630169942D-01   -0.104590953942201D-02
    0.000000000000000D+00    0.000000000000000D+00
    0.000000000000000D+00    0.000000000000000D+00
   -0.332659474341462D-02    0.126742415902332D-03
   -0.638989283243824D-02    0.478182068380209D-03
   -0.918237954591115D-02    0.102588406473494D-02
   -0.116871990491896D-01    0.172274223850726D-02
   -0.138899721155515D-01    0.254528534776206D-02
   -0.157717348815438D-01    0.345045278210609D-02
   -0.173222755293819D-01    0.441553032220477D-02
   -0.185298411212119D-01    0.539459858739863D-02
   -0.193971006141303D-01    0.636728691067911D-02
   -0.199266503673389D-01    0.728326640786385D-02
   -0.201397111109305D-01    0.812713795515838D-02
   -0.200574642501558D-01    0.884446846659520D-02
   -0.197209616837149D-01    0.942900947673852D-02
   -0.191699074698436D-01    0.982585843553693D-02
   -0.184599644574571D-01    0.100416764665502D-01
   -0.176430967073539D-01    0.100276217861370D-01
   -0.167758333593027D-01    0.980417668781364D-02
   -0.159082198901792D-01    0.933695693511345D-02
   -0.150746097731181D-01    0.865563394207208D-02
   -0.143007702213527D-01    0.774827924725938D-02
   -0.135685417883364D-01    0.664237310339702D-02
   -0.128517650906239D-01    0.535302578945223D-02
   -0.120481304908517D-01    0.389008739613612D-02
   -0.110550175994028D-01    0.229496317769405D-02
   -0.966425707019101D-02    0.548946523938472D-03
   -0.769344305341474D-02   -0.128375302160743D-02
   -0.483721898280430D-02   -0.324265725981715D-02
   -0.887031469451496D-03   -0.523712074298179D-02
    0.447922709676315D-02   -0.728692676134190D-02
    0.113236347881128D-01   -0.925215318886214D-02
    0.197558360549019D-01   -0.110609300160539D-01
    0.293351547345829D-01   -0.124920971941194D-01
    0.395109360119469D-01   -0.133358196476522D-01
    0.488886948072738D-01   -0.133344789408508D-01
    0.558173931152059D-01   -0.122637920134619D-01
    0.580301984345621D-01   -0.100927340209775D-01
    0.535147102732239D-01   -0.703994551278946D-02
    0.410779237160852D-01   -0.376066830652733D-02
    0.219443374099206D-01   -0.108273189827501D-02
    0.000000000000000D+00    0.000000000000000D+00
    0.000000000000000D+00    0.000000000000000D+00
   -0.354827738276311D-02    0.101958998703189D-03
   -0.680185607901577D-02    0.387123177666726D-03
   -0.974918576821725D-02    0.829866086602997D-03
   -0.123788099297068D-01    0.139414771653444D-02
   -0.146725304953664D-01    0.205500061208993D-02
   -0.166146626080855D-01    0.277776352946719D-02
   -0.181911231773879D-01    0.353541733270998D-02
   -0.193925488520671D-01    0.429015221568269D-02
   -0.202179838692855D-01    0.501443138935872D-02
   -0.206730133808511D-01    0.566717475877383D-02
   -0.207761896521151D-01    0.622267725191690D-02
   -0.205536527378041D-01    0.663786029788479D-02
   -0.200455368306499D-01    0.689311290431502D-02
   -0.192993063504030D-01    0.694759332056433D-02
   -0.183720129144073D-01    0.679268352381037D-02
   -0.173259748232234D-01    0.639630679965910D-02
   -0.162213243752214D-01    0.576454317299911D-02
   -0.151194185403273D-01    0.488158618024192D-02
   -0.140594088990481D-01    0.376813299991798D-02
   -0.130763410328186D-01    0.243066994743910D-02
   -0.121564228917533D-01    0.898694023349087D-03
   -0.112772918451177D-01   -0.797236043013949D-03
   -0.103400239463479D-01   -0.262939063215749D-02
   -0.923801143732403D-02   -0.454664556145709D-02
   -0.776978322155220D-02   -0.653206861460689D-02
   -0.574111063706522D-02   -0.851914213938178D-02
   -0.287136694130934D-02   -0.104973947651680D-01
    0.106751502801900D-02   -0.123818553632244D-01
    0.632664976169444D-02   -0.141398200397484D-01
    0.130028300731811D-01   -0.156465088970973D-01
    0.210619023413727D-01   -0.168012549411753D-01
    0.301388642777452D-01   -0.174117919450399D-01
    0.395067866408004D-01   -0.173087432964284D-01
    0.479241305576225D-01   -0.162776695721813D-01
    0.537462874647164D-01   -0.142399773187136D-01
    0.549189821909237D-01   -0.111979612466293D-01
    0.499095079040260D-01   -0.754875075609468D-02
    0.375975156271880D-01   -0.391119869367415D-02
    0.198298213422663D-01   -0.109299172355939D-02
    0.000000000000000D+00    0.000000000000000D+00
    0.000000000000000D+00    0.000000000000000D+00
   -0.372356885419950D-02    0.754728925751880D-04
   -0.712405299505891D-02    0.285978138460987D-03
   -0.101948430931917D-01    0.617678956516916D-03
   -0.129183576681829D-01    0.103586292611542D-02
   -0.152797008500046D-01    0.152516762828996D-02
   -0.172580560321051D-01    0.204899174509190D-02
   -0.188414666146132D-01    0.258922190743559D-02
   -0.200159866938278D-01    0.310296193773073D-02
   -0.207827247617768D-01    0.357232106192399D-02
   -0.211435425505004D-01    0.394757606295875D-02
   -0.211204978942810D-01    0.421469093722341D-02
   -0.207375308598369D-01    0.431782300726201D-02
   -0.200410991325407D-01    0.425214474612402D-02
   -0.190787519019849D-01    0.395995527853316D-02
   -0.179173979181695D-01    0.345127729232170D-02
   -0.166222382275392D-01    0.267458674269487D-02
   -0.152661477829841D-01    0.165841889482464D-02
   -0.139160503158407D-01    0.368698749052810D-03
   -0.126242103029597D-01   -0.114903048953311D-02
   -0.114330270443517D-01   -0.289928538703789D-02
   -0.103380986705999D-01   -0.482845307567654D-02
   -0.932513024550368D-02   -0.690259866469315D-02
   -0.829673179582943D-02   -0.907497088166956D-02
   -0.715596415789872D-02   -0.112713571365431D-01
   -0.569315018954943D-02   -0.134652197465485D-01
   -0.373199084212076D-02   -0.155472848068604D-01
   -0.975185719517133D-03   -0.175100099212361D-01
    0.276352472517192D-02   -0.192145652188800D-01
    0.776021335866254D-02   -0.206464905811801D-01
    0.140274811624045D-01   -0.216357981627770D-01
    0.215766151984704D-01   -0.221198089114917D-01
    0.299280578574993D-01   -0.219028392767883D-01
    0.384542813774525D-01   -0.208745490166836D-01
    0.458782080471213D-01   -0.188968473536153D-01
    0.507307928177505D-01   -0.159462846485854D-01
    0.512129046851768D-01   -0.121760292962979D-01
    0.459238209693466D-01   -0.796325418965519D-02
    0.342901117423214D-01   -0.404289113384206D-02
    0.178163868750620D-01   -0.110490855766488D-02
    0.000000000000000D+00    0.000000000000000D+00
    0.000000000000000D+00    0.000000000000000D+00
   -0.384341471632572D-02    0.481160783697741D-04
   -0.734953746851393D-02    0.183894271907528D-03
   -0.105044702592893D-01    0.396991112790745D-03
   -0.132926862575496D-01    0.665428752190151D-03
   -0.156928986398307D-01    0.973274680917469D-03
   -0.176859158332338D-01    0.129439744514662D-02
   -0.192539227035643D-01    0.160731689843250D-02
   -0.203846879266247D-01    0.187969804581116D-02
   -0.210738945253862D-01    0.208690742734482D-02
   -0.213263995906026D-01    0.219117945703339D-02
   -0.211596280552150D-01    0.216754415484755D-02
   -0.206034260866028D-01    0.197463373139348D-02
   -0.197010821192337D-01    0.159194946467855D-02
   -0.185104545906360D-01    0.979571115630435D-03
   -0.170974837525813D-01    0.127742837044026D-03
   -0.155426892772795D-01   -0.993748577292289D-03
   -0.139205555617679D-01   -0.237751064434479D-02
   -0.123172169490416D-01   -0.403349291557977D-02
   -0.107886953002192D-01   -0.593333221317750D-02
   -0.939717347611656D-02   -0.805660537348317D-02
   -0.814290541728869D-02   -0.103557416563694D-01
   -0.702694915159878D-02   -0.127742717273393D-01
   -0.595663913743583D-02   -0.152538336245996D-01
   -0.484103488715336D-02   -0.177038395533305D-01
   -0.347800022667480D-02   -0.200664637898416D-01
   -0.168480939329818D-02   -0.222255305769162D-01
    0.815033872986326D-03   -0.241287827132228D-01
    0.422874017705424D-02   -0.256423518156520D-01
    0.878044390952522D-02   -0.267107747967720D-01
    0.145250061726613D-01   -0.271828968723658D-01
    0.213833140065907D-01   -0.269870884540202D-01
    0.289569953818830D-01   -0.259612126269712D-01
    0.365435544153548D-01   -0.240518405664420D-01
    0.430016553346509D-01   -0.211615568386305D-01
    0.469674767768180D-01   -0.173979588451802D-01
    0.467901325098202D-01   -0.129325788732356D-01
    0.414901340967689D-01   -0.827460061662985D-02
    0.304787418653040D-01   -0.410889861344551D-02
    0.156300568444257D-01   -0.109924508705511D-02
    0.000000000000000D+00    0.000000000000000D+00
    0.000000000000000D+00    0.000000000000000D+00
   -0.391180304271533D-02    0.203242330586699D-04
   -0.747678432225588D-02    0.781577470264074D-04
   -0.106811589905880D-01    0.174004824587666D-03
   -0.135011460495838D-01    0.288566800028779D-03
   -0.159162525713647D-01    0.416085198905287D-03
   -0.179005223558295D-01    0.530218228404422D-03
   -0.194368339171138D-01    0.619699220183259D-03
   -0.205069436727754D-01    0.648870476862238D-03
   -0.211077386726977D-01    0.604330854743732D-03
   -0.212387861329575D-01    0.440970395038005D-03
   -0.209207354413387D-01    0.147202780775226D-03
   -0.201792177578882D-01   -0.330906694859550D-03
   -0.190647255911110D-01   -0.997212659668462D-03
   -0.176326306260854D-01   -0.191025791963242D-02
   -0.159618513222482D-01   -0.305891071247789D-02
   -0.141328243916873D-01   -0.449741049049043D-02
   -0.122393924919209D-01   -0.619279164166500D-02
   -0.103703082573258D-01   -0.818106079801003D-02
   -0.860557611032329D-02   -0.104043936736031D-01
   -0.701226975087250D-02   -0.128637240880550D-01
   -0.561453137420248D-02   -0.154808874786818D-01
   -0.441964502200038D-02   -0.182070088530756D-01
   -0.335195162296982D-02   -0.209569807040540D-01
   -0.232809284234160D-02   -0.236261861310006D-01
   -0.114983681623201D-02   -0.261402552256980D-01
    0.352895280538864D-03   -0.283460887521041D-01
    0.246915231796861D-02   -0.301914243992074D-01
    0.537926659100772D-02   -0.314926095313080D-01
    0.933896540095036D-02   -0.322161241847382D-01
    0.143546275164683D-01   -0.321713525660926D-01
    0.204070152649150D-01   -0.313328636306330D-01
    0.270496971826458D-01   -0.295423497259329D-01
    0.336866551775954D-01   -0.268084310349551D-01
    0.392197491562899D-01   -0.231089550511094D-01
    0.424304039509144D-01   -0.185925286875447D-01
    0.419306019972863D-01   -0.135639422796353D-01
    0.367967700786787D-01   -0.848669373439662D-02
    0.268384478960276D-01   -0.415335716075703D-02
    0.135863380464055D-01   -0.108352346088130D-02
    0.000000000000000D+00    0.000000000000000D+00
    0.000000000000000D+00    0.000000000000000D+00
   -0.392536755720446D-02   -0.619086207275719D-05
   -0.750589721298468D-02   -0.223108861538222D-04
   -0.107193441011977D-01   -0.441938937968987D-04
   -0.135409921454955D-01   -0.788023804617349D-04
   -0.159428421655658D-01   -0.131171614900153D-03
   -0.178985721342551D-01   -0.216453457843387D-03
   -0.193842366906712D-01   -0.347421728333322D-03
   -0.203818709868210D-01   -0.547878706115272D-03
   -0.208817817855909D-01   -0.836093042084979D-03
   -0.208854825749295D-01   -0.124366785962334D-02
   -0.204072310678994D-01   -0.179192517453852D-02
   -0.194782152104173D-01   -0.251857591955563D-02
   -0.181431506220487D-01   -0.344359939257888D-02
   -0.164689167976268D-01   -0.460577321973804D-02
   -0.145301020916855D-01   -0.601698301949823D-02
   -0.124264900440490D-01   -0.770776829258900D-02
   -0.102499491494857D-01   -0.967322312413228D-02
   -0.811655305839185D-02   -0.119221368684275D-01
   -0.610709187675833D-02   -0.144244408913250D-01
   -0.432100120406715D-02   -0.171519742012811D-01
   -0.278533091337591D-02   -0.200453625744472D-01
   -0.153838926134706D-02   -0.230277894970530D-01
   -0.508189004757905D-03   -0.260146994084452D-01
    0.367403170654023D-03   -0.288788402222613D-01
    0.128222359710446D-02   -0.315235296810824D-01
    0.240287040565692D-02   -0.337827798167597D-01
    0.400887286647355D-02   -0.355653704877849D-01
    0.630048246273431D-02   -0.366884244403961D-01
    0.951065734315391D-02   -0.370827873309532D-01
    0.136948266759113D-01   -0.365752201105391D-01
    0.188009902363865D-01   -0.351379327034241D-01
    0.244690234807053D-01   -0.326456749130528D-01
    0.301095484067647D-01   -0.291657429650589D-01
    0.347448311172058D-01   -0.247122641294476D-01
    0.373127069979160D-01   -0.195501061390769D-01
    0.365235007154680D-01   -0.139907609734345D-01
    0.317940048725735D-01   -0.860761847246529D-02
    0.228624517975090D-01   -0.412981506487932D-02
    0.114111357757232D-01   -0.105946706168899D-02
    0.000000000000000D+00    0.000000000000000D+00
    0.000000000000000D+00    0.000000000000000D+00
   -0.388868131653912D-02   -0.321698459809604D-04
   -0.743975932254769D-02   -0.121152347752633D-03
   -0.106277712480851D-01   -0.254017586502443D-03
   -0.134196409624432D-01   -0.434140832988033D-03
   -0.157859333565165D-01   -0.656857616128797D-03
   -0.176933020782393D-01   -0.935481396102463D-03
   -0.191167114157925D-01   -0.127234764674625D-02
   -0.200317157439844D-01   -0.169176603437045D-02
   -0.204282009949534D-01   -0.220036838976866D-02
   -0.203013538489555D-01   -0.283403180573106D-02
   -0.196671934064530D-01   -0.360041234076629D-02
   -0.185506770428646D-01   -0.454722207619141D-02
   -0.170029737471525D-01   -0.567784816607845D-02
   -0.150852489919351D-01   -0.704881344040913D-02
   -0.128862956074399D-01   -0.865154332951874D-02
   -0.105014799133848D-01   -0.105429276870686D-01
   -0.804712207970521D-02   -0.126930093671770D-01
   -0.563700259853932D-02   -0.151434990742711D-01
   -0.338670941389400D-02   -0.178347675823854D-01
   -0.139584416991487D-02   -0.207716152226942D-01
    0.267615300924394D-03   -0.238624084560363D-01
    0.156333955534146D-02   -0.270523758858656D-01
    0.252536606499601D-02   -0.302263606680386D-01
    0.321323778276777D-02   -0.332564465491370D-01
    0.379765372220222D-02   -0.360238479458257D-01
    0.444227959470874D-02   -0.383335795724949D-01
    0.542912905884528D-02   -0.400895679261724D-01
    0.695289161083789D-02   -0.410600501061879D-01
    0.928184833017502D-02   -0.411958703777871D-01
    0.124641015964690D-01   -0.402809677020594D-01
    0.165211194798611D-01   -0.383337631608077D-01
    0.211059119539570D-01   -0.352285359816341D-01
    0.257426258232719D-01   -0.310911388510511D-01
    0.295508956616024D-01   -0.260055184457898D-01
    0.315895325169503D-01   -0.202626496564593D-01
    0.308131033821566D-01   -0.143027701880504D-01
    0.266396127769233D-01   -0.862933671617787D-02
    0.190647302058313D-01   -0.409031174569114D-02
    0.943308268214084D-02   -0.101636168793813D-02
    0.000000000000000D+00    0.000000000000000D+00
    0.000000000000000D+00    0.000000000000000D+00
   -0.380310959856191D-02   -0.554655785969839D-04
   -0.728372504299563D-02   -0.210878683986416D-03
   -0.104089467777687D-01   -0.449665436066869D-03
   -0.131428317644286D-01   -0.764794009279385D-03
   -0.154490388476676D-01   -0.114923884303982D-02
   -0.172919685846184D-01   -0.160570090817682D-02
   -0.186401659901839D-01   -0.213534756973952D-02
   -0.194675170944228D-01   -0.275067356667149D-02
   -0.197572385762581D-01   -0.345982198861854D-02
   -0.195043346546176D-01   -0.428502902514963D-02
   -0.187173614461681D-01   -0.524025282407030D-02
   -0.174246979786345D-01   -0.635689497003847D-02
   -0.156692547623060D-01   -0.765203315771460D-02
   -0.135223679103979D-01   -0.916256335510708D-02
   -0.110644784744206D-01   -0.109031207631051D-01
   -0.841138252307744D-02   -0.129072991082363D-01
   -0.567229475982908D-02   -0.151779599076902D-01
   -0.299406263057483D-02   -0.177300177203724D-01
   -0.487884477778166D-03   -0.205423099801517D-01
    0.170198340097087D-02   -0.235903489517494D-01
    0.350860312787848D-02   -0.268174424359026D-01
    0.484191678201356D-02   -0.301392267718202D-01
    0.573487750722288D-02   -0.334591826775255D-01
    0.620443382608024D-02   -0.366229555443858D-01
    0.642103663381866D-02   -0.395039155017259D-01
    0.652756424733207D-02   -0.418881209331809D-01
    0.680935705708994D-02   -0.436467740630907D-01
    0.747452683446486D-02   -0.445418247972314D-01
    0.879998293847533D-02   -0.444854489137307D-01
    0.108890745428846D-01   -0.432725236578365D-01
    0.137860757867975D-01   -0.409106935469333D-01
    0.172396561755652D-01   -0.373014496806165D-01
    0.208459110155744D-01   -0.326187974825138D-01
    0.238394479529909D-01   -0.269761281256516D-01
    0.254575126576275D-01   -0.207689174538173D-01
    0.247222449895621D-01   -0.144339585681383D-01
    0.213002061769885D-01   -0.858288068829164D-02
    0.150816108497353D-01   -0.398557739697998D-02
    0.735176805845886D-02   -0.975382242521219D-03
    0.000000000000000D+00    0.000000000000000D+00
    0.000000000000000D+00    0.000000000000000D+00
   -0.367288504844127D-02   -0.776723587926191D-04
   -0.704345063657278D-02   -0.295466982743208D-03
   -0.100743749206970D-01   -0.630463729313081D-03
   -0.127230848720315D-01   -0.107146458495728D-02
   -0.149503112507801D-01   -0.160304313183249D-02
   -0.167146338266655D-01   -0.222388197478960D-02
   -0.179817725021256D-01   -0.292559317396970D-02
   -0.187198811880889D-01   -0.371762819497836D-02
   -0.189096782107192D-01   -0.459730794187663D-02
   -0.185397357157212D-01   -0.558649307238193D-02
   -0.176177798850854D-01   -0.668657025727290D-02
   -0.161644804507756D-01   -0.793375009483322D-02
   -0.142262971219429D-01   -0.933032998528995D-02
   -0.118655862118408D-01   -0.109263775047754D-01
   -0.917481407450083D-02   -0.127190347724245D-01
   -0.626026400855833D-02   -0.147662334121715D-01
   -0.325634571277927D-02   -0.170501815102750D-01
   -0.301281678691329D-03   -0.196217182031635D-01
    0.245210768610347D-02   -0.224356051126948D-01
    0.486584162660799D-02   -0.255102190141694D-01
    0.681635748682561D-02   -0.287620059884079D-01
    0.821714093967390D-02   -0.321448639098802D-01
    0.903871847191951D-02   -0.355349715844119D-01
    0.930085628640509D-02   -0.387950566484255D-01
    0.912310221408101D-02   -0.417762259800690D-01
    0.865473993274723D-02   -0.442466726427987D-01
    0.816278261192915D-02   -0.460689106700344D-01
    0.787157340454720D-02   -0.469542870358013D-01
    0.808853306302430D-02   -0.468277020270975D-01
    0.895133156629731D-02   -0.454268017104339D-01
    0.105898996479499D-01   -0.427971936388007D-01
    0.128222362466075D-01   -0.388211044491834D-01
    0.153716543178382D-01   -0.337201364311196D-01
    0.176110240953368D-01   -0.276669979368767D-01
    0.188888293392475D-01   -0.210651639171335D-01
    0.184407571624685D-01   -0.144875110094613D-01
    0.159006159691168D-01   -0.845386776887534D-02
    0.112769057552463D-01   -0.388112298241975D-02
    0.552547232716465D-02   -0.909540153576157D-03
    0.000000000000000D+00    0.000000000000000D+00
    0.000000000000000D+00    0.000000000000000D+00
   -0.350266552195289D-02   -0.965387769993195D-04
   -0.672763584844283D-02   -0.369352277369363D-03
   -0.963282592790349D-02   -0.791844739695838D-03
   -0.121721788933931D-01   -0.134512870423219D-02
   -0.143015946638846D-01   -0.200975135736666D-02
   -0.159760189624973D-01   -0.277546720276742D-02
   -0.171565225211679D-01   -0.362973485152271D-02
   -0.178076266349381D-01   -0.457156371132715D-02
   -0.179046062220822D-01   -0.559541286688137D-02
   -0.174330448450091D-01   -0.671081406507864D-02
   -0.163933864964510D-01   -0.791988971767640D-02
   -0.148058012894015D-01   -0.924412467096484D-02
   -0.127070338137826D-01   -0.106934677508411D-01
   -0.101648615378982D-01   -0.123006519047188D-01
   -0.725983561952933D-02   -0.140811546194196D-01
   -0.411455776282673D-02   -0.160730284132390D-01
   -0.850717984289890D-03   -0.182903642387966D-01
    0.236084968804383D-02   -0.207619510882280D-01
    0.537837998670358D-02   -0.234872137739848D-01
    0.801221066815712D-02   -0.264609404972040D-01
    0.101455325549448D-01   -0.296498668546437D-01
    0.116248151705981D-01   -0.329836443816650D-01
    0.124225977974288D-01   -0.363796013864415D-01
    0.124899427278889D-01   -0.396767510473608D-01
    0.119478261952314D-01   -0.427406789325153D-01
    0.108970508392721D-01   -0.453187557638964D-01
    0.961539050874781D-02   -0.472509668070110D-01
    0.832377677726844D-02   -0.482352738770525D-01
    0.736322559285065D-02   -0.481484708768376D-01
    0.692806335160091D-02   -0.467268690102003D-01
    0.721991934658478D-02   -0.439804925252365D-01
    0.816711992838545D-02   -0.398048029771172D-01
    0.962035633817346D-02   -0.344410406523108D-01
    0.110812660023267D-01   -0.280797153899698D-01
    0.120868416352893D-01   -0.212158776931700D-01
    0.119348181240072D-01   -0.144083480447537D-01
    0.104139740377861D-01   -0.830364715461659D-02
    0.741041380218851D-02   -0.372808823891839D-02
    0.360194185813392D-02   -0.861370514056483D-03
    0.000000000000000D+00    0.000000000000000D+00
    0.000000000000000D+00    0.000000000000000D+00
   -0.329572652749817D-02   -0.114142342310772D-03
   -0.634298072679540D-02   -0.436272810198399D-03
   -0.909596264172829D-02   -0.935557632735098D-03
   -0.115047750017197D-01   -0.158867743875290D-02
   -0.135218104611126D-01   -0.236972565888719D-02
   -0.150985425276451D-01   -0.326261448254475D-02
   -0.161920089270373D-01   -0.424714546295082D-02
   -0.167629523486301D-01   -0.531578676986786D-02
   -0.167822533936349D-01   -0.645404480682081D-02
   -0.162302063118179D-01   -0.766568080540598D-02
   -0.151033024309368D-01   -0.894239774089661D-02
   -0.134137601499377D-01   -0.103031608755419D-01
   -0.111970213661469D-01   -0.117461526806037D-01
   -0.850966921450627D-02   -0.133085831416121D-01
   -0.543786802113426D-02   -0.149931515621238D-01
   -0.209022806738921D-02   -0.168539228899155D-01
    0.139269614113604D-02   -0.188917710135520D-01
    0.485504579357953D-02   -0.211667824254491D-01
    0.811585176994183D-02   -0.236648886076122D-01
    0.109985415846150D-01   -0.264270167479775D-01
    0.133228596366749D-01   -0.294065680950970D-01
    0.149437911540634D-01   -0.325851955055074D-01
    0.157510029876808D-01   -0.358671465609542D-01
    0.157005686055057D-01   -0.391297980012126D-01
    0.148295349938134D-01   -0.422283535782423D-01
    0.132481985038908D-01   -0.449105943903559D-01
    0.111796860291427D-01   -0.470112944570540D-01
    0.887539643569716D-02   -0.481781452276048D-01
    0.668404421547337D-02   -0.482944694482535D-01
    0.486896736755480D-02   -0.470130294064548D-01
    0.372065122672673D-02   -0.443664518960723D-01
    0.329192277735514D-02   -0.401914788622225D-01
    0.358044179578854D-02   -0.347510134608300D-01
    0.426990144265542D-02   -0.282691014522710D-01
    0.502352261688658D-02   -0.212253686490904D-01
    0.532545210979680D-02   -0.143261961852654D-01
    0.492438983295069D-02   -0.811142415787395D-02
    0.368910104335303D-02   -0.360525171488449D-02
    0.197743812798687D-02   -0.784456235383545D-03
    0.000000000000000D+00    0.000000000000000D+00
    0.000000000000000D+00    0.000000000000000D+00
   -0.305865897758765D-02   -0.128232825990338D-03
   -0.590015713519193D-02   -0.492258521892575D-03
   -0.847709042634301D-02   -0.105751946657878D-02
   -0.107364885660741D-01   -0.179579454288705D-02
   -0.126287530129987D-01   -0.267609358898403D-02
   -0.141011724945359D-01   -0.367593090794955D-02
   -0.151088871560800D-01   -0.476856401518333D-02
   -0.156077485986903D-01   -0.593853136255913D-02
   -0.155656853639566D-01   -0.716415724357033D-02
   -0.149574382652212D-01   -0.843941966099539D-02
   -0.137740660310676D-01   -0.975004042949247D-02
   -0.120224238094221D-01   -0.111032167641574D-01
   -0.972885255254787D-02   -0.124955111059121D-01
   -0.694743402124081D-02   -0.139507927706558D-01
   -0.375106780781312D-02   -0.154790813467535D-01
   -0.254095192217457D-03   -0.171204575811599D-01
    0.341948024214667D-02   -0.188974416057672D-01
    0.709191793792111D-02   -0.208569148760279D-01
    0.105993217092440D-01   -0.230245667706172D-01
    0.137190067339934D-01   -0.254300351750112D-01
    0.162836880338184D-01   -0.280834750675925D-01
    0.180743975592084D-01   -0.309574597295278D-01
    0.189858417928333D-01   -0.340179729931995D-01
    0.188817829676640D-01   -0.371341716161055D-01
    0.177975696041111D-01   -0.402055729860706D-01
    0.157587267387087D-01   -0.429704360663680D-01
    0.129937157575040D-01   -0.452627043786416D-01
    0.971738141480071D-02   -0.467167436930562D-01
    0.631660456899670D-02   -0.471635425125461D-01
    0.309704402539856D-02   -0.462401494414566D-01
    0.451623845140976D-03   -0.439003830779705D-01
   -0.143668583522879D-02   -0.399707961496154D-01
   -0.239187339977113D-02   -0.346748413583859D-01
   -0.256408398749934D-02   -0.282262071113470D-01
   -0.207679416093699D-02   -0.211746149695272D-01
   -0.136364250080302D-02   -0.141909894359801D-01
   -0.593345090447732D-03   -0.798109533664095D-02
   -0.137038219152165D-04   -0.347458515515539D-02
    0.220555195620723D-03   -0.752155277006038D-03
    0.000000000000000D+00    0.000000000000000D+00
    0.000000000000000D+00    0.000000000000000D+00
   -0.279370781563130D-02   -0.141051877425445D-03
   -0.540582935405292D-02   -0.540312873317269D-03
   -0.778671852442628D-02   -0.116064115706264D-02
   -0.988226787776632D-02   -0.196956693956647D-02
   -0.116395651065925D-01   -0.293219143546756D-02
   -0.130053055646667D-01   -0.401941457556353D-02
   -0.139303825082211D-01   -0.519955988429365D-02
   -0.143697275308101D-01   -0.644830619945767D-02
   -0.142860038603442D-01   -0.773765217752264D-02
   -0.136511198378370D-01   -0.905113138590863D-02
   -0.124496658864462D-01   -0.103668347440577D-01
   -0.106821156986617D-01   -0.116815218809232D-01
   -0.836799150044250D-02   -0.129835300166179D-01
   -0.555024573991915D-02   -0.142894178826304D-01
   -0.229764538354751D-02   -0.156017419088485D-01
    0.129147723309661D-02   -0.169614750605329D-01
    0.508831837100462D-02   -0.183863838385992D-01
    0.893432129751010D-02   -0.199391308147510D-01
    0.126422504882224D-01   -0.216449730450219D-01
    0.160075846743421D-01   -0.235696201975010D-01
    0.188110836998294D-01   -0.257295638718268D-01
    0.208451565781016D-01   -0.281526322152553D-01
    0.219187707178703D-01   -0.308164113488485D-01
    0.218977863277443D-01   -0.336493674581108D-01
    0.207086585725144D-01   -0.365687306225933D-01
    0.183759660056132D-01   -0.393434047492252D-01
    0.150281891419374D-01   -0.418237049801980D-01
    0.109005802195940D-01   -0.436081859459414D-01
    0.634082212022836D-02   -0.445472269545392D-01
    0.173381694082801D-02   -0.441654275376023D-01
   -0.246451852832203D-02   -0.424215935486393D-01
   -0.589690719344643D-02   -0.390105697804639D-01
   -0.822397908523504D-02   -0.341433229838587D-01
   -0.935246354624499D-02   -0.279909518142855D-01
   -0.923263981634343D-02   -0.210560263275497D-01
   -0.809164339652227D-02   -0.141597272351663D-01
   -0.611602896062399D-02   -0.787390172359082D-02
   -0.367458291436219D-02   -0.342212831201950D-02
   -0.122478517409335D-02   -0.689591460303716D-03
    0.000000000000000D+00    0.000000000000000D+00
    0.000000000000000D+00    0.000000000000000D+00
   -0.250870494441811D-02   -0.150190279818856D-03
   -0.487222790229031D-02   -0.577102821372472D-03
   -0.704155781767946D-02   -0.124020054305146D-02
   -0.896017395930142D-02   -0.210457708680905D-02
   -0.105758734203657D-01   -0.313057123397300D-02
   -0.118316269838650D-01   -0.428578264549320D-02
   -0.126795167332937D-01   -0.553124356414007D-02
   -0.130697890189283D-01   -0.683796628133351D-02
   -0.129654707491562D-01   -0.816799886171009D-02
   -0.123318337429396D-01   -0.949844133376820D-02
   -0.111514595119341D-01   -0.107955087323164D-01
   -0.941541843992274D-02   -0.120479988949767D-01
   -0.713736069372448D-02   -0.132323057822373D-01
   -0.434875246471562D-02   -0.143565344097243D-01
   -0.110751782211140D-02   -0.154149073362205D-01
    0.249786255292679D-02   -0.164414565780341D-01
    0.635443436373622D-02   -0.174551441446071D-01
    0.103038996850464D-01   -0.185162641096010D-01
    0.141778575752752D-01   -0.196685313517517D-01
    0.177499370348750D-01   -0.209829779318579D-01
    0.208173705989173D-01   -0.225188183696378D-01
    0.231155346525229D-01   -0.243197351991054D-01
    0.244602994670219D-01   -0.264279430454640D-01
    0.246226026829971D-01   -0.287961395178484D-01
    0.235203649189457D-01   -0.314137220730487D-01
    0.210608633982372D-01   -0.340742021476959D-01
    0.173585662610801D-01   -0.366682815813010D-01
    0.125570634081953D-01   -0.388035285573875D-01
    0.701579639718246D-02   -0.403028922937780D-01
    0.111076365414183D-02   -0.406733279879521D-01
   -0.460300583275726D-02   -0.397537461412366D-01
   -0.964078582642367D-02   -0.371883789908706D-01
   -0.134422882703067D-01   -0.330665289621684D-01
   -0.157168484734799D-01   -0.274820520661635D-01
   -0.161262473657512D-01   -0.209320175752985D-01
   -0.147386424574002D-01   -0.141655213633877D-01
   -0.116625496058980D-01   -0.795148810116204D-02
   -0.731541250174999D-02   -0.342842302544240D-02
   -0.291434675253508D-02   -0.715945486343362D-03
    0.000000000000000D+00    0.000000000000000D+00
    0.000000000000000D+00    0.000000000000000D+00
   -0.220538895618887D-02   -0.157870776841994D-03
   -0.430616047821044D-02   -0.604522637997209D-03
   -0.625152905173493D-02   -0.129858379985628D-02
   -0.798548630647069D-02   -0.220178625084306D-02
   -0.945308241601123D-02   -0.327378686574234D-02
   -0.105994937641770D-01   -0.447646939159381D-02
   -0.113736285211582D-01   -0.576916461129519D-02
   -0.117280520939005D-01   -0.711396419110986D-02
   -0.116214005772694D-01   -0.846958138138477D-02
   -0.110195194728569D-01   -0.980047959262053D-02
   -0.989790883732952D-02   -0.110683021844361D-01
   -0.824465337182380D-02   -0.122454544612894D-01
   -0.606257624180678D-02   -0.133037478309049D-01
   -0.337503212667647D-02   -0.142322254877294D-01
   -0.225896821252988D-03   -0.150226553438541D-01
    0.331037877510479D-02   -0.156907707383881D-01
    0.713440387290460D-02   -0.162581824464677D-01
    0.111067947278950D-01   -0.167746229258341D-01
    0.150637777801764D-01   -0.172953082099690D-01
    0.187983417908173D-01   -0.178987522026629D-01
    0.220900450750072D-01   -0.186695445099043D-01
    0.246859857918301D-01   -0.196878074437201D-01
    0.263463647699873D-01   -0.210340649758669D-01
    0.268361238825344D-01   -0.227261937533594D-01
    0.259747067067772D-01   -0.248125705414921D-01
    0.236419954668341D-01   -0.271548520550134D-01
    0.198241754712824D-01   -0.297047231133827D-01
    0.146417993293337D-01   -0.320846990552365D-01
    0.834677055592677D-02   -0.341873645810176D-01
    0.135419219379819D-02   -0.354113754895422D-01
   -0.580283574448385D-02   -0.356071142116458D-01
   -0.124538081057921D-01   -0.341923279194342D-01
   -0.179096752062432D-01   -0.312345217041591D-01
   -0.215265540811335D-01   -0.266298430785579D-01
   -0.227675502720691D-01   -0.207254359700559D-01
   -0.213328619124726D-01   -0.143601684367326D-01
   -0.172547005104200D-01   -0.812413687858007D-02
   -0.111043219730685D-01   -0.356425610941521D-02
   -0.432239007846282D-02   -0.688896107506319D-03
    0.000000000000000D+00    0.000000000000000D+00
    0.000000000000000D+00    0.000000000000000D+00
   -0.189319795196195D-02   -0.161209616568901D-03
   -0.372194445546433D-02   -0.618835871569035D-03
   -0.543645861937424D-02   -0.132953366566045D-02
   -0.697831072528371D-02   -0.225489481827450D-02
   -0.829520940175211D-02   -0.335204342279129D-02
   -0.933009865086764D-02   -0.458292903907109D-02
   -0.100358233143242D-01   -0.590120190947611D-02
   -0.103623908760060D-01   -0.726770054784793D-02
   -0.102721226320292D-01   -0.863136743788203D-02
   -0.972562764778194D-02   -0.995379344769766D-02
   -0.870051202296407D-02   -0.111821511176569D-01
   -0.717432580841783D-02   -0.122849841796965D-01
   -0.514916763396035D-02   -0.132146378414838D-01
   -0.263060604490784D-02   -0.139567647949120D-01
    0.342163037158744D-03   -0.144795333255398D-01
    0.371968753607280D-02   -0.147984540820974D-01
    0.741179924433183D-02   -0.149106760851912D-01
    0.113071181113877D-01   -0.148731982466440D-01
    0.152546182143270D-01   -0.147235136225377D-01
    0.190669330673541D-01   -0.145611188201979D-01
    0.225357776191186D-01   -0.144708162607651D-01
    0.254018966361342D-01   -0.145754047278130D-01
    0.274294186692096D-01   -0.149862317919506D-01
    0.283288851705986D-01   -0.157871221428418D-01
    0.279033663878570D-01   -0.170956502199655D-01
    0.259188170011481D-01   -0.188605119203924D-01
    0.223218077975553D-01   -0.211106691344539D-01
    0.170931994632476D-01   -0.235496189876624D-01
    0.104334154070301D-01   -0.261086209136679D-01
    0.266071333933592D-02   -0.282217730034977D-01
   -0.567656144519675D-02   -0.296390675250048D-01
   -0.138518370375439D-01   -0.297059671190451D-01
   -0.209924834590111D-01   -0.282898660194646D-01
   -0.262445191006659D-01   -0.251126334616648D-01
   -0.286617426208742D-01   -0.203121154501320D-01
   -0.275935961577408D-01   -0.145258845052030D-01
   -0.228286969138092D-01   -0.856781126452695D-02
   -0.148859086831333D-01   -0.383408921190888D-02
   -0.614187896205944D-02   -0.827550515682344D-03
    0.000000000000000D+00    0.000000000000000D+00
    0.000000000000000D+00    0.000000000000000D+00
   -0.157421530409927D-02   -0.162452557438356D-03
   -0.312816827684264D-02   -0.620602892468825D-03
   -0.460795191908001D-02   -0.133349530636651D-02
   -0.595625707616387D-02   -0.226117094252185D-02
   -0.711862019679127D-02   -0.336399153579330D-02
   -0.804265914810237D-02   -0.460093107052303D-02
   -0.868038548062362D-02   -0.592712889273286D-02
   -0.898710484188148D-02   -0.729721413322680D-02
   -0.892353378362447D-02   -0.865961167442008D-02
   -0.845432492497028D-02   -0.996495601382330D-02
   -0.755201487977567D-02   -0.111588759115427D-01
   -0.619548648917506D-02   -0.121923578188922D-01
   -0.437554081297813D-02   -0.130168411818173D-01
   -0.209500147848078D-02   -0.135919979264111D-01
    0.626742142124827D-03   -0.138881465894079D-01
    0.374813534690929D-02   -0.138859117417235D-01
    0.720788265829715D-02   -0.135909771679469D-01
    0.109074865852216D-01   -0.130195693610322D-01
    0.147306685512177D-01   -0.122291951364768D-01
    0.185047812127717D-01   -0.112824831572864D-01
    0.220522316566805D-01   -0.103011224130714D-01
    0.251221032922035D-01   -0.939338974500494D-02
    0.274876775449973D-01   -0.872851655355273D-02
    0.288455516160605D-01   -0.841944211789273D-02
    0.289662272249692D-01   -0.867761060782439D-02
    0.275633230770014D-01   -0.953561491844493D-02
    0.244902202439229D-01   -0.111229839278721D-01
    0.196332424987632D-01   -0.132483007095102D-01
    0.130632675259204D-01   -0.159935348534386D-01
    0.499891350482544D-02   -0.187931977480462D-01
   -0.413757851821634D-02   -0.214721015691172D-01
   -0.135610892630216D-01   -0.231544936340436D-01
   -0.224059001483664D-01   -0.237736408319788D-01
   -0.294241041133680D-01   -0.225678448420724D-01
   -0.335179843525575D-01   -0.194218510903550D-01
   -0.333836463513332D-01   -0.146829212362138D-01
   -0.284768160341368D-01   -0.900123705121539D-02
   -0.191200258522237D-01   -0.426421832921791D-02
   -0.782366055703215D-02   -0.820549439784597D-03
    0.000000000000000D+00    0.000000000000000D+00
    0.000000000000000D+00    0.000000000000000D+00
   -0.126102614416612D-02   -0.157928158467039D-03
   -0.254206921241084D-02   -0.605447152305314D-03
   -0.378920624113473D-02   -0.130290424324560D-02
   -0.494169984600702D-02   -0.221305731052532D-02
   -0.594906386213053D-02   -0.329771637227642D-02
   -0.675923011785508D-02   -0.451905669706935D-02
   -0.733006354551887D-02   -0.583041894130452D-02
   -0.761820569889550D-02   -0.718789534449963D-02
   -0.759035310052078D-02   -0.853387155536338D-02
   -0.720983401052900D-02   -0.981916921424827D-02
   -0.645454038076740D-02   -0.109775434133851D-01
   -0.529571623806367D-02   -0.119600376633447D-01
   -0.372837893400828D-02   -0.126979316330780D-01
   -0.173748953188428D-02   -0.131524281141953D-01
    0.654923019205256D-03   -0.132626176072342D-01
    0.343928056173742D-02   -0.130146989586100D-01
    0.655333356310308D-02   -0.123702087253802D-01
    0.994685746197232D-02   -0.113593120067576D-01
    0.135032848530718D-01   -0.998405909758267D-02
    0.171119267575011D-01   -0.833725422431557D-02
    0.205928655009850D-01   -0.648069707509236D-02
    0.237590289653647D-01   -0.458014806985740D-02
    0.263731305743731D-01   -0.276061387342395D-02
    0.281679038551769D-01   -0.123254965251688D-02
    0.288835540115379D-01   -0.199078788255043D-03
    0.282132188711269D-01    0.149941011395804D-03
    0.259474936310937D-01   -0.359974545379779D-03
    0.218660728230844D-01   -0.172791791824890D-02
    0.159285857794731D-01   -0.414233944925573D-02
    0.815915248996479D-02   -0.721885656841450D-02
   -0.111819538408218D-02   -0.108309216285959D-01
   -0.112891330537938D-01   -0.141086295072199D-01
   -0.214485504340056D-01   -0.168863737700580D-01
   -0.303230262207924D-01   -0.181331723305113D-01
   -0.363335734062213D-01   -0.173233841926724D-01
   -0.378355670598698D-01   -0.142692074510207D-01
   -0.334179822274225D-01   -0.963445104605708D-02
   -0.232397819475503D-01   -0.493196680181667D-02
   -0.103775184302840D-01   -0.121879488002379D-02
    0.000000000000000D+00    0.000000000000000D+00
    0.000000000000000D+00    0.000000000000000D+00
   -0.956636646913871D-03   -0.149906968006453D-03
   -0.197634631759172D-02   -0.572457373420940D-03
   -0.299605932742510D-02   -0.123607822633587D-02
   -0.395716855978571D-02   -0.210480644008921D-02
   -0.480770928908210D-02   -0.314783445540912D-02
   -0.550268544203004D-02   -0.432841425503352D-02
   -0.600242738527555D-02   -0.560353555676493D-02
   -0.627086792854081D-02   -0.692820211695845D-02
   -0.627714172191333D-02   -0.824615946436943D-02
   -0.599085813830206D-02   -0.950316864008442D-02
   -0.538897725347268D-02   -0.106340383938033D-01
   -0.444757876788139D-02   -0.115776453636208D-01
   -0.315393772858440D-02   -0.122680141949301D-01
   -0.149586308564791D-02   -0.126426890876094D-01
    0.523156890932505D-03   -0.126475157999548D-01
    0.289334597087931D-02   -0.122284835765515D-01
    0.558609703405056D-02   -0.113610988820082D-01
    0.855383636125226D-02   -0.100147479852267D-01
    0.117320643180008D-01   -0.821751185333301D-02
    0.150141767405035D-01   -0.598202689852068D-02
    0.182899517248675D-01   -0.341287446636543D-02
    0.213723903896469D-01   -0.588136520297913D-03
    0.241039257473552D-01    0.229833157181918D-02
    0.262001712573447D-01    0.510005893365560D-02
    0.274710932870383D-01    0.751430786980621D-02
    0.275514558825469D-01    0.933961277731760D-02
    0.262631091759725D-01    0.102899853943057D-01
    0.232431763372587D-01    0.102362972810543D-01
    0.184201948341215D-01    0.877817907620565D-02
    0.115767759427083D-01    0.610678490435017D-02
    0.289192391707635D-02    0.220488825038293D-02
   -0.727292415284197D-02   -0.214440841613544D-02
   -0.182083709514673D-01   -0.709942032910904D-02
   -0.286064823478519D-01   -0.110536792275560D-01
   -0.371316630916807D-01   -0.132624280949733D-01
   -0.409234372083385D-01   -0.127254058741300D-01
   -0.384650674277805D-01   -0.965355253216450D-02
   -0.279945835037869D-01   -0.572236217188226D-02
   -0.125585115599299D-01   -0.144813294207290D-02
    0.000000000000000D+00    0.000000000000000D+00
    0.000000000000000D+00    0.000000000000000D+00
   -0.677931585556304D-03   -0.134450893680369D-03
   -0.145051306854063D-02   -0.518311660652402D-03
   -0.225437508032179D-02   -0.112671642330140D-02
   -0.302677474922657D-02   -0.193030559857976D-02
   -0.372124419093177D-02   -0.290442003873754D-02
   -0.429712238109775D-02   -0.401736049762264D-02
   -0.472123391406415D-02   -0.522946839699718D-02
   -0.496363427470810D-02   -0.649815639425344D-02
   -0.499967534982316D-02   -0.776786607066451D-02
   -0.480274846715042D-02   -0.898640146410568D-02
   -0.435596768690531D-02   -0.100846564699014D-01
   -0.363369407972900D-02   -0.110048794476247D-01
   -0.262964368965124D-02   -0.116688430023283D-01
   -0.132036581188714D-02   -0.120203062301204D-01
    0.283453257764805D-03   -0.119791321813462D-01
    0.219852939337943D-02   -0.115023048971903D-01
    0.438729732942830D-02   -0.105189464002264D-01
    0.685115047629550D-02   -0.901744516622054D-02
    0.951270905655949D-02   -0.695236259768689D-02
    0.123444926446257D-01   -0.436943532532584D-02
    0.152158812344804D-01   -0.126864507838964D-02
    0.180518841956353D-01    0.221563658765852D-02
    0.206602330598022D-01    0.601786699012983D-02
    0.228936505680492D-01    0.989162164784402D-02
    0.245060346745690D-01    0.136769373397386D-01
    0.252718862757859D-01    0.170014654553549D-01
    0.249242610088168D-01    0.196681274347653D-01
    0.231515482849931D-01    0.212962798713011D-01
    0.197425012478946D-01    0.214949630812480D-01
    0.143968363834964D-01    0.200459035637400D-01
    0.706959188342007D-02    0.168539875032944D-01
   -0.211772952191090D-02    0.122967603092810D-01
   -0.128229595249766D-01    0.611850107754483D-02
   -0.240053073419523D-01   -0.236589743400038D-03
   -0.343262836959807D-01   -0.582455854616380D-02
   -0.410513477287410D-01   -0.864313634651411D-02
   -0.413599627985839D-01   -0.874765362538287D-02
   -0.320415809412689D-01   -0.607240742399615D-02
   -0.166745000294558D-01   -0.203794249885346D-02
    0.000000000000000D+00    0.000000000000000D+00
    0.000000000000000D+00    0.000000000000000D+00
   -0.428906691523899D-03   -0.114255695217734D-03
   -0.983628842246196D-03   -0.441163501796099D-03
   -0.158561256220407D-02   -0.973348324002027D-03
   -0.217938797189618D-02   -0.168564020196245D-02
   -0.271903095880125D-02   -0.256340367094480D-02
   -0.317338190255078D-02   -0.358023291841360D-02
   -0.351560663110480D-02   -0.469955355117610D-02
   -0.372290793408626D-02   -0.588436955369012D-02
   -0.377705971219547D-02   -0.708057026118417D-02
   -0.365736410330214D-02   -0.824018396205290D-02
   -0.335061254628936D-02   -0.929676727078685D-02
   -0.283683558355143D-02   -0.101918867373668D-01
   -0.210789134400992D-02   -0.108531225802318D-01
   -0.114625307442945D-02   -0.112133062418010D-01
    0.487012800842590D-04   -0.112032875827711D-01
    0.148725542612268D-02   -0.107512007690171D-01
    0.315817674090619D-02   -0.980531011699895D-02
    0.505556047784820D-02   -0.829725785221120D-02
    0.715047127197329D-02   -0.621326327902711D-02
    0.940636699692378D-02   -0.350372567054282D-02
    0.117705004700905D-01   -0.218568268993853D-03
    0.141546189709680D-01    0.364864104218624D-02
    0.164789226903978D-01    0.795433692942361D-02
    0.185732118288386D-01    0.126282930298201D-01
    0.203338857289254D-01    0.174104543579662D-01
    0.214890839906214D-01    0.220994735927061D-01
    0.219341515006752D-01    0.263627394547706D-01
    0.212539285260593D-01    0.298906907161057D-01
    0.193889990895227D-01    0.321077899491639D-01
    0.157962740690500D-01    0.326232735762462D-01
    0.105386978176751D-01    0.312976877042982D-01
    0.317882168563385D-02    0.279072576320845D-01
   -0.596800524630369D-02    0.218304376320062D-01
   -0.166629032894316D-01    0.141221187856764D-01
   -0.280011927189404D-01    0.567074302696824D-02
   -0.371123908205408D-01   -0.914524076300134D-03
   -0.414810929063061D-01   -0.590868560679771D-02
   -0.350169164697623D-01   -0.620798436655106D-02
   -0.194782245069191D-01   -0.197031443450163D-02
    0.000000000000000D+00    0.000000000000000D+00
    0.000000000000000D+00    0.000000000000000D+00
   -0.231433588564910D-03   -0.867630383321433D-04
   -0.594126518739015D-03   -0.343660090079736D-03
   -0.101435229029438D-02   -0.777696117454918D-03
   -0.143807092537784D-02   -0.137393576460423D-02
   -0.182660103301679D-02   -0.212717780564299D-02
   -0.215907408334408D-02   -0.301429777535271D-02
   -0.241346760033165D-02   -0.400735916859689D-02
   -0.257705266241801D-02   -0.507009051597069D-02
   -0.263528949884120D-02   -0.615763906274148D-02
   -0.257531714255788D-02   -0.722447794541678D-02
   -0.238775418855903D-02   -0.821179914179400D-02
   -0.205694343810647D-02   -0.906682756380361D-02
   -0.157951344054080D-02   -0.971947827551430D-02
   -0.936182406981549D-03   -0.101125948318816D-01
   -0.132909565952954D-03   -0.101684572856074D-01
    0.852989990084854D-03   -0.983094258732881D-02
    0.200040971056238D-02   -0.902067854461081D-02
    0.333392768482912D-02   -0.769286511748500D-02
    0.480874115149412D-02   -0.577594411230880D-02
    0.644766294892978D-02   -0.325475427377296D-02
    0.817126558393012D-02   -0.784726221787835D-04
    0.999271209392601D-02    0.370922842995406D-02
    0.117865367358985D-01    0.812104636805307D-02
    0.135431221390229D-01    0.130086130087501D-01
    0.150854512186377D-01    0.183334313917803D-01
    0.163622891926174D-01    0.237811765833076D-01
    0.171515755846271D-01    0.292689448505304D-01
    0.173020935778322D-01    0.342855044962246D-01
    0.165882000793355D-01    0.385977015018487D-01
    0.147855647172904D-01    0.413910098834905D-01
    0.117119745537680D-01    0.426798652442541D-01
    0.692047784012065D-02    0.416795431626822D-01
    0.477485594989567D-03    0.376692801916769D-01
   -0.811872385809383D-02    0.307681536465558D-01
   -0.180551335080342D-01    0.212820760704896D-01
   -0.283896700057948D-01    0.114472722886790D-01
   -0.363218600124132D-01    0.139812137626868D-02
   -0.353937502348193D-01   -0.441977841439796D-02
   -0.235263561850748D-01   -0.329361119191015D-02
    0.000000000000000D+00    0.000000000000000D+00
    0.000000000000000D+00    0.000000000000000D+00
   -0.853708944254345D-04   -0.552864768969401D-04
   -0.302374156648092D-03   -0.225142859831090D-03
   -0.562828305180484D-03   -0.545367375485684D-03
   -0.832632380030590D-03   -0.100615805443962D-02
   -0.108052055679110D-02   -0.160676036033897D-02
   -0.129403446493512D-02   -0.233420092318644D-02
   -0.146127898776002D-02   -0.315847751439348D-02
   -0.157263839313241D-02   -0.405727495590358D-02
   -0.162247017183846D-02   -0.498537948129681D-02
   -0.160017653926348D-02   -0.591276098527737D-02
   -0.150328142977354D-02   -0.678355837498713D-02
   -0.131911867655430D-02   -0.755916507999756D-02
   -0.104784518978554D-02   -0.817677950757332D-02
   -0.674883522654730D-03   -0.858801176259301D-02
   -0.203788694889073D-03   -0.872815094237269D-02
    0.380802835003201D-03   -0.853781148913363D-02
    0.107040227736748D-02   -0.795883800035566D-02
    0.187851999254256D-02   -0.692057607844663D-02
    0.278963565916292D-02   -0.538510142430659D-02
    0.381027208265205D-02   -0.327290070167254D-02
    0.491571682418723D-02   -0.586573765126938D-03
    0.609583189434593D-02    0.275435999474566D-02
    0.731533017735502D-02    0.667949583303511D-02
    0.853284755121909D-02    0.112483185679227D-01
    0.970544876916029D-02    0.163006769513813D-01
    0.107400404497412D-01    0.218345296493680D-01
    0.115984734851147D-01    0.275691426876376D-01
    0.120763249206729D-01    0.333939883295667D-01
    0.121654246570544D-01    0.388841416738633D-01
    0.115684004286083D-01    0.435934324315427D-01
    0.103486712310168D-01    0.473616309810184D-01
    0.790571859018174D-02    0.494432979206517D-01
    0.444176392300517D-02    0.486377617903240D-01
   -0.113289450881005D-02    0.445817345222801D-01
   -0.744057030132168D-02    0.375734894452799D-01
   -0.164213710146436D-01    0.269644812656016D-01
   -0.264714623776311D-01    0.123193646734690D-01
   -0.304374088819178D-01    0.172404279143333D-03
   -0.289803782111560D-01   -0.158848867497992D-02
    0.000000000000000D+00    0.000000000000000D+00
    0.000000000000000D+00    0.000000000000000D+00
   -0.675827705436449D-05   -0.231414048687742D-04
   -0.109053292229807D-03   -0.106893563443183D-03
   -0.236461330580307D-03   -0.304123023735285D-03
   -0.375068245107434D-03   -0.611196078738153D-03
   -0.498498388733755D-03   -0.103666666663534D-02
   -0.608805034318573D-03   -0.156292318092828D-02
   -0.693747169472812D-03   -0.217506800197262D-02
   -0.754556255938193D-03   -0.284855265705758D-02
   -0.784410948329981D-03   -0.355692899172042D-02
   -0.781787041497670D-03   -0.427247771858092D-02
   -0.743521260010755D-03   -0.495921490954724D-02
   -0.664372670273560D-03   -0.558543394812491D-02
   -0.545053856235759D-03   -0.610701485255215D-02
   -0.375730270628976D-03   -0.648779989823183D-02
   -0.162621409364161D-03   -0.667682251337512D-02
    0.110079070694668D-03   -0.663351645897240D-02
    0.427753381770288D-03   -0.630252944720594D-02
    0.813989696525973D-03   -0.564030291316626D-02
    0.124144924511635D-02   -0.459163133059499D-02
    0.174349544946433D-02   -0.311404912868121D-02
    0.227408404869321D-02   -0.116013262616319D-02
    0.287779832986945D-02    0.130206264913930D-02
    0.348276463568361D-02    0.430148734411959D-02
    0.414607181550438D-02    0.783897466419985D-02
    0.476397390715913D-02    0.119176734410038D-01
    0.540003267045938D-02    0.164758159775159D-01
    0.591194410401434D-02    0.214727301553029D-01
    0.635559131389444D-02    0.267107812993992D-01
    0.656712115369362D-02    0.321393373058740D-01
    0.661321211411653D-02    0.372740211910347D-01
    0.632146112598564D-02    0.422178377838003D-01
    0.550115627955628D-02    0.461883621631622D-01
    0.395143524357150D-02    0.488194227813405D-01
    0.140540295960342D-02    0.485127688138523D-01
   -0.198522048063153D-02    0.467335817297012D-01
   -0.640315953133258D-02    0.398481121944461D-01
   -0.111151201159998D-01    0.284148573149577D-01
   -0.160539124317767D-01    0.159381964958962D-01
   -0.184121390894648D-01    0.111562091236228D-02
    0.000000000000000D+00    0.000000000000000D+00
    0.000000000000000D+00    0.000000000000000D+00
    0.821377962578268D-05    0.821377962620859D-05
   -0.238648033679754D-04   -0.698744409994138D-05
   -0.587517485541616D-04   -0.898246289956166D-04
   -0.965949489588472D-04   -0.247578618648133D-03
   -0.131993548055741D-03   -0.469629979550246D-03
   -0.162309725911842D-03   -0.761345578777878D-03
   -0.187892434831422D-03   -0.109886684286596D-02
   -0.204783441437091D-03   -0.148275887544666D-02
   -0.215910653158778D-03   -0.188457068653273D-02
   -0.215813894081949D-03   -0.230314440684808D-02
   -0.209313270889479D-03   -0.270544781567334D-02
   -0.189039405579428D-03   -0.308768329743238D-02
   -0.161452766055322D-03   -0.341327503320508D-02
   -0.117251025271343D-03   -0.367443687592068D-02
   -0.648640863553272D-04   -0.383239421390085D-02
    0.711475866950752D-05   -0.387314727688485D-02
    0.879487794688580D-04   -0.375899101184865D-02
    0.191122021396834D-03   -0.346627955953624D-02
    0.303297884575655D-03   -0.296461464058928D-02
    0.439543715761998D-03   -0.221573136206371D-02
    0.583828695460627D-03   -0.120749958138734D-02
    0.751284250609070D-03    0.119011726084133D-03
    0.923447774893461D-03    0.174168635072999D-02
    0.111386763728992D-02    0.374606754840411D-02
    0.130472649176155D-02    0.605330470532557D-02
    0.150012763096789D-02    0.878524782359917D-02
    0.168400074177377D-02    0.117670808327604D-01
    0.184021835390400D-02    0.151351235236474D-01
    0.195790724118405D-02    0.186514939274932D-01
    0.204323171174638D-02    0.224439943884003D-01
    0.215269695322677D-02    0.261068118343361D-01
    0.205962710738985D-02    0.299511112955875D-01
    0.180139752186914D-02    0.329945047430094D-01
    0.112770684721342D-02    0.346047244092728D-01
    0.805282478207862D-04    0.364296663370133D-01
   -0.447311852215415D-03    0.364059756726831D-01
    0.210433455022038D-03    0.320395325913829D-01
    0.135370335051389D-02    0.269687904262365D-01
   -0.209180446073590D-01    0.123613932705199D-01
    0.000000000000000D+00    0.000000000000000D+00
    0.000000000000000D+00    0.000000000000000D+00
    0.000000000000000D+00    0.000000000000000D+00
    0.000000000000000D+00    0.000000000000000D+00
    0.000000000000000D+00    0.000000000000000D+00
    0.000000000000000D+00    0.000000000000000D+00
    0.000000000000000D+00    0.000000000000000D+00
    0.000000000000000D+00    0.000000000000000D+00
    0.000000000000000D+00    0.000000000000000D+00
    0.000000000000000D+00    0.000000000000000D+00
    0.000000000000000D+00    0.000000000000000D+00
    0.000000000000000D+00    0.000000000000000D+00
    0.000000000000000D+00    0.000000000000000D+00
    0.000000000000000D+00    0.000000000000000D+00
    0.000000000000000D+00    0.000000000000000D+00
    0.000000000000000D+00    0.000000000000000D+00
    0.000000000000000D+00    0.000000000000000D+00
    0.000000000000000D+00    0.000000000000000D+00
    0.000000000000000D+00    0.000000000000000D+00
    0.000000000000000D+00    0.000000000000000D+00
    0.000000000000000D+00    0.000000000000000D+00
    0.000000000000000D+00    0.000000000000000D+00
    0.000000000000000D+00    0.000000000000000D+00
    0.000000000000000D+00    0.000000000000000D+00
    0.000000000000000D+00    0.000000000000000D+00
    0.000000000000000D+00    0.000000000000000D+00
    0.000000000000000D+00    0.000000000000000D+00
    0.000000000000000D+00    0.000000000000000D+00
    0.000000000000000D+00    0.000000000000000D+00
    0.000000000000000D+00    0.000000000000000D+00
    0.000000000000000D+00    0.000000000000000D+00
    0.000000000000000D+00    0.000000000000000D+00
    0.000000000000000D+00    0.000000000000000D+00
    0.000000000000000D+00    0.000000000000000D+00
    0.000000000000000D+00    0.000000000000000D+00
    0.000000000000000D+00    0.000000000000000D+00
    0.000000000000000D+00    0.000000000000000D+00
    0.000000000000000D+00    0.000000000000000D+00
    0.000000000000000D+00    0.000000000000000D+00
    0.000000000000000D+00    0.000000000000000D+00
    0.000000000000000D+00    0.000000000000000D+00
    0.000000000000000D+00    0.000000000000000D+00
