    0.000000000000000D+00    0.000000000000000D+00
    0.000000000000000D+00    0.000000000000000D+00
    0.000000000000000D+00    0.000000000000000D+00
    0.000000000000000D+00    0.000000000000000D+00
    0.000000000000000D+00    0.000000000000000D+00
    0.000000000000000D+00    0.000000000000000D+00
    0.000000000000000D+00    0.000000000000000D+00
    0.000000000000000D+00    0.000000000000000D+00
    0.000000000000000D+00    0.000000000000000D+00
    0.000000000000000D+00    0.000000000000000D+00
    0.000000000000000D+00    0.000000000000000D+00
    0.000000000000000D+00    0.000000000000000D+00
    0.000000000000000D+00    0.000000000000000D+00
    0.000000000000000D+00    0.000000000000000D+00
    0.000000000000000D+00    0.000000000000000D+00
    0.000000000000000D+00    0.000000000000000D+00
    0.000000000000000D+00    0.000000000000000D+00
    0.000000000000000D+00    0.000000000000000D+00
    0.000000000000000D+00    0.000000000000000D+00
    0.000000000000000D+00    0.000000000000000D+00
    0.000000000000000D+00    0.000000000000000D+00
    0.000000000000000D+00    0.000000000000000D+00
    0.000000000000000D+00    0.000000000000000D+00
    0.000000000000000D+00    0.000000000000000D+00
    0.000000000000000D+00    0.000000000000000D+00
    0.000000000000000D+00    0.000000000000000D+00
    0.000000000000000D+00    0.000000000000000D+00
    0.000000000000000D+00    0.000000000000000D+00
    0.000000000000000D+00    0.000000000000000D+00
    0.000000000000000D+00    0.000000000000000D+00
    0.000000000000000D+00    0.000000000000000D+00
    0.000000000000000D+00    0.000000000000000D+00
    0.000000000000000D+00    0.000000000000000D+00
    0.000000000000000D+00    0.000000000000000D+00
    0.000000000000000D+00    0.000000000000000D+00
    0.000000000000000D+00    0.000000000000000D+00
    0.000000000000000D+00    0.000000000000000D+00
    0.000000000000000D+00    0.000000000000000D+00
    0.000000000000000D+00    0.000000000000000D+00
    0.000000000000000D+00    0.000000000000000D+00
    0.000000000000000D+00    0.000000000000000D+00
    0.000000000000000D+00    0.000000000000000D+00
   -0.216169184506462D-04    0.214997864644287D-04
   -0.117189053012888D-04    0.392469643433054D-04
    0.107010244945156D-04    0.364323205875877D-04
    0.409331096156281D-04   -0.251694643766789D-04
    0.719502395464666D-04   -0.138412154140780D-03
    0.102454946894635D-03   -0.314381672577078D-03
    0.132496288727230D-03   -0.546939922571006D-03
    0.160028877144026D-03   -0.836005275550893D-03
    0.186336935447422D-03   -0.117676769903158D-02
    0.209008924996597D-03   -0.156468379351134D-02
    0.229915363674922D-03   -0.199555280928139D-02
    0.246377345953328D-03   -0.246142093085199D-02
    0.260633934917648D-03   -0.295876687549590D-02
    0.269908919972320D-03   -0.347684124970374D-02
    0.276687629942116D-03   -0.401303576026398D-02
    0.278399298940881D-03   -0.455461356557033D-02
    0.277636073755695D-03   -0.510028175262235D-02
    0.272409801467474D-03   -0.563678455123859D-02
    0.265206598092226D-03   -0.616450409949039D-02
    0.255056765109399D-03   -0.667197066734123D-02
    0.244121568153165D-03   -0.716146779267313D-02
    0.232829798899676D-03   -0.762645434155332D-02
    0.222708701243419D-03   -0.807107394047478D-02
    0.216124823274328D-03   -0.849821410664384D-02
    0.214191096570795D-03   -0.891335534874294D-02
    0.221445748072871D-03   -0.933310197034057D-02
    0.240712404518406D-03   -0.976739346462410D-02
    0.272250786295046D-03   -0.102477849706689D-01
    0.311175127028051D-03   -0.107791225157878D-01
    0.370814280911488D-03   -0.114394511508848D-01
    0.482674474277919D-03   -0.122194734493870D-01
    0.612900534117798D-03   -0.131008256307654D-01
    0.847702281040703D-03   -0.142953886331207D-01
    0.865475898882892D-03   -0.156067853829879D-01
    0.218874913666871D-03   -0.164459778219183D-01
    0.154674877960422D-03   -0.179286908023253D-01
    0.164538463020835D-02   -0.188188763662987D-01
    0.160843771191614D-02   -0.140084708836687D-01
   -0.876385305870406D-02   -0.876385305869165D-02
    0.000000000000000D+00    0.000000000000000D+00
    0.000000000000000D+00    0.000000000000000D+00
   -0.391298323436253D-04    0.115468817531291D-04
   -0.891048725119833D-06    0.546934191081526D-06
    0.838375991555172D-04   -0.655821386718646D-04
    0.186305936007583D-03   -0.221266002568914D-03
    0.299539199656589D-03   -0.475663256471178D-03
    0.410340466629499D-03   -0.830400970593141D-03
    0.520794949341050D-03   -0.128933405465671D-02
    0.622938373483721D-03   -0.184369582938269D-02
    0.719615315957728D-03   -0.249318832627536D-02
    0.804904563114170D-03   -0.322418711572960D-02
    0.881252098476204D-03   -0.403379222682960D-02
    0.944117792153998D-03   -0.490485892715155D-02
    0.995330394566677D-03   -0.583286602637702D-02
    0.103180120872044D-02   -0.679799142087471D-02
    0.105490179582917D-02   -0.779498336357338D-02
    0.106330298135454D-02   -0.880246922605624D-02
    0.105829467644802D-02   -0.981568815008373D-02
    0.104050832911314D-02   -0.108135851892758D-01
    0.101174618818803D-02   -0.117934650893735D-01
    0.974492405942606D-03   -0.127371502735690D-01
    0.932005670931862D-03   -0.136460193895111D-01
    0.888069100338811D-03   -0.145077932077262D-01
    0.848876045695008D-03   -0.153305655400960D-01
    0.818278991864378D-03   -0.161109257710796D-01
    0.808019827606758D-03   -0.168671071267840D-01
    0.818658372893724D-03   -0.176049472634556D-01
    0.870926118977666D-03   -0.183590580572890D-01
    0.956180586530458D-03   -0.191430577232257D-01
    0.110700612724524D-02   -0.200108918732377D-01
    0.128868505996035D-02   -0.209658874298528D-01
    0.156624725035122D-02   -0.220673602528204D-01
    0.179976209759158D-02   -0.231854581634037D-01
    0.202569711240122D-02   -0.244649323796135D-01
    0.205129913764264D-02   -0.257320468197495D-01
    0.167496561567963D-02   -0.266006236309364D-01
    0.153551771484937D-03   -0.258344652512889D-01
   -0.372093067406948D-02   -0.224969669317871D-01
   -0.112896535687703D-01   -0.141997343757664D-01
   -0.201619011866136D-01   -0.429138544766289D-02
    0.000000000000000D+00    0.000000000000000D+00
    0.000000000000000D+00    0.000000000000000D+00
   -0.355331715444587D-04   -0.111466147943054D-04
    0.651543749207146D-04   -0.838241996375288D-04
    0.238595061459604D-03   -0.237329571531426D-03
    0.451841623308225D-03   -0.514655316751800D-03
    0.680998270808695D-03   -0.915755198631835D-03
    0.913258981701121D-03   -0.145322872754530D-02
    0.114040509177720D-02   -0.212191645821407D-02
    0.135573253216785D-02   -0.292120504078614D-02
    0.155612280942157D-02   -0.384200494116393D-02
    0.173634475812585D-02   -0.487491506797399D-02
    0.189537691022917D-02   -0.600872265486510D-02
    0.202832001961245D-02   -0.722770795836738D-02
    0.213541384564545D-02   -0.851938228410656D-02
    0.221238783881035D-02   -0.986320691997598D-02
    0.226094348581714D-02   -0.112466180059244D-01
    0.227816473656704D-02   -0.126457717536468D-01
    0.226765059463066D-02   -0.140497406237538D-01
    0.222867264204733D-02   -0.154336550343313D-01
    0.216714418432978D-02   -0.167902362146781D-01
    0.208527868430124D-02   -0.180967780146044D-01
    0.199170398094487D-02   -0.193517548581935D-01
    0.189205112291838D-02   -0.205385324893113D-01
    0.179828025968980D-02   -0.216633739590012D-01
    0.171909601669456D-02   -0.227193910031031D-01
    0.167109725250033D-02   -0.237227216465987D-01
    0.166249797157761D-02   -0.246770081621764D-01
    0.171527853285738D-02   -0.256089569923400D-01
    0.182801271319683D-02   -0.265284502017474D-01
    0.203017747218247D-02   -0.274666311237604D-01
    0.227858289088760D-02   -0.284018021480301D-01
    0.260605816345635D-02   -0.293619319222419D-01
    0.281748346194290D-02   -0.301866763965660D-01
    0.281640159891995D-02   -0.307689952749022D-01
    0.231846718818407D-02   -0.308597077618055D-01
    0.912326116668062D-03   -0.297456247526054D-01
   -0.219175579515964D-02   -0.262705317589445D-01
   -0.102132725898774D-01   -0.199192015712218D-01
   -0.187005465422259D-01   -0.988550351866700D-02
   -0.227725137975401D-01   -0.281546708776936D-02
    0.000000000000000D+00    0.000000000000000D+00
    0.000000000000000D+00    0.000000000000000D+00
    0.251636852080152D-04   -0.397915446020755D-04
    0.216959594418792D-03   -0.179747176576811D-03
    0.512335703416065D-03   -0.437093727706019D-03
    0.859485476947739D-03   -0.839234637857965D-03
    0.123336468182822D-02   -0.139205047256450D-02
    0.161086240132981D-02   -0.210065736593218D-02
    0.198190999159142D-02   -0.296533264015022D-02
    0.233418118689283D-02   -0.397999275015973D-02
    0.266267681235243D-02   -0.513903357983032D-02
    0.295897346721916D-02   -0.642751751307147D-02
    0.321989972914320D-02   -0.783578403375928D-02
    0.343900015674845D-02   -0.934266290728050D-02
    0.361420888499043D-02   -0.109355064735708D-01
    0.374108051856430D-02   -0.125883650348148D-01
    0.381930223049602D-02   -0.142872576758448D-01
    0.384709671704935D-02   -0.160030200086684D-01
    0.382702540836473D-02   -0.177226029826223D-01
    0.376059789595225D-02   -0.194157295291754D-01
    0.365453950579699D-02   -0.210730495043213D-01
    0.351386293335030D-02   -0.226657509634881D-01
    0.335082717312470D-02   -0.241912228257571D-01
    0.317344995190806D-02   -0.256246925045267D-01
    0.300093349328138D-02   -0.269731902305455D-01
    0.284239147748131D-02   -0.282172613823726D-01
    0.272481287408051D-02   -0.293756158398824D-01
    0.265319861182147D-02   -0.304317506105919D-01
    0.265983478598513D-02   -0.314141974073632D-01
    0.273127251163806D-02   -0.322972130397582D-01
    0.289209344206906D-02   -0.331038841580432D-01
    0.307043879393068D-02   -0.337588566550345D-01
    0.322644678883267D-02   -0.342400320499861D-01
    0.315218406655102D-02   -0.343557464286172D-01
    0.257072963443004D-02   -0.338837177500749D-01
    0.969519739803124D-03   -0.323237113696917D-01
   -0.260347967771556D-02   -0.290051104049921D-01
   -0.893645072905509D-02   -0.232418882849955D-01
   -0.192617897826644D-01   -0.150611710410016D-01
   -0.285774717102165D-01   -0.649802936665534D-02
   -0.273313282419626D-01   -0.651394338484841D-03
    0.000000000000000D+00    0.000000000000000D+00
    0.000000000000000D+00    0.000000000000000D+00
    0.133690495440249D-03   -0.678906152502938D-04
    0.457985767550767D-03   -0.279552008701731D-03
    0.896528697289539D-03   -0.636169710927815D-03
    0.140215414889823D-02   -0.116212262723772D-02
    0.193822415271246D-02   -0.185441209808311D-02
    0.248158097561089D-02   -0.272146224051071D-02
    0.301379948916412D-02   -0.375673392810609D-02
    0.352149859324663D-02   -0.495874359649074D-02
    0.399427205776294D-02   -0.631580134394416D-02
    0.442201870088150D-02   -0.781663640125379D-02
    0.479823407941995D-02   -0.944579059042097D-02
    0.511419766046821D-02   -0.111842950313426D-01
    0.536647803610855D-02   -0.130140938761857D-01
    0.554799188430584D-02   -0.149097439447534D-01
    0.565908108678198D-02   -0.168525301130278D-01
    0.569542573085569D-02   -0.188121375853521D-01
    0.566217808153829D-02   -0.207715369958519D-01
    0.555912791984336D-02   -0.226978638123487D-01
    0.539708163087288D-02   -0.245781897762626D-01
    0.518100197883658D-02   -0.263800703709458D-01
    0.492777299840059D-02   -0.280966656514344D-01
    0.464767849847984D-02   -0.296988419908901D-01
    0.436361013678856D-02   -0.311868590429652D-01
    0.408891838493391D-02   -0.325358453065703D-01
    0.385120248032019D-02   -0.337521855205229D-01
    0.365855304442863D-02   -0.348108043961049D-01
    0.353783770389075D-02   -0.357183120643726D-01
    0.346758085049702D-02   -0.364311892742230D-01
    0.345327242985526D-02   -0.369383128592820D-01
    0.338211677152542D-02   -0.371333016222794D-01
    0.316102860875268D-02   -0.369310686469316D-01
    0.248742551365033D-02   -0.360993881872767D-01
    0.969113919159797D-03   -0.343654469987283D-01
   -0.197033940057122D-02   -0.312868866372729D-01
   -0.764894054164718D-02   -0.263411618426977D-01
   -0.156545974675578D-01   -0.194778647343606D-01
   -0.274993793466411D-01   -0.112678618110941D-01
   -0.355821348493392D-01   -0.393248469578112D-02
   -0.299261863251111D-01   -0.319340299525389D-03
    0.000000000000000D+00    0.000000000000000D+00
    0.000000000000000D+00    0.000000000000000D+00
    0.294112346176653D-03   -0.916930771989410D-04
    0.780448563134985D-03   -0.365392099998524D-03
    0.139068333459714D-02   -0.815934377652420D-03
    0.207083097467588D-02   -0.145120237766802D-02
    0.278583424301625D-02   -0.226923917789991D-02
    0.350610257649897D-02   -0.327077957328722D-02
    0.421172243385723D-02   -0.445174496242061D-02
    0.488432323268477D-02   -0.580547571872453D-02
    0.551091289835091D-02   -0.732284725174778D-02
    0.607799248862642D-02   -0.898842340124073D-02
    0.657606045501172D-02   -0.107885872459610D-01
    0.699433151793339D-02   -0.127004776257534D-01
    0.732653421139451D-02   -0.147069976713506D-01
    0.756469904912797D-02   -0.167788053019804D-01
    0.770708082307333D-02   -0.188973371153426D-01
    0.774953042467457D-02   -0.210282760957995D-01
    0.769654907212038D-02   -0.231541183332440D-01
    0.754881917327100D-02   -0.252375748229539D-01
    0.731856453884511D-02   -0.272648302188035D-01
    0.701169391422684D-02   -0.291978989933870D-01
    0.664881656422816D-02   -0.310286187171067D-01
    0.624023821714672D-02   -0.327200345381070D-01
    0.581396343770719D-02   -0.342698492943452D-01
    0.538141779059733D-02   -0.356416640457363D-01
    0.497301857224748D-02   -0.368355980239987D-01
    0.459208900041903D-02   -0.378100742094174D-01
    0.425579425669307D-02   -0.385562601227274D-01
    0.393499903504943D-02   -0.390106626995570D-01
    0.358899718706438D-02   -0.391283085609959D-01
    0.309955240793539D-02   -0.387909531547125D-01
    0.225601719106983D-02   -0.378579445724074D-01
    0.742412165485203D-03   -0.361022742040822D-01
   -0.203585096984115D-02   -0.332246650073692D-01
   -0.663975837546310D-02   -0.289274722469220D-01
   -0.141032055903215D-01   -0.229701354840362D-01
   -0.241546819448011D-01   -0.156998463496149D-01
   -0.351324457118016D-01   -0.822185499070418D-02
   -0.403474328443501D-01   -0.270423931511882D-02
   -0.307768355709142D-01   -0.304468211282654D-03
    0.000000000000000D+00    0.000000000000000D+00
    0.000000000000000D+00    0.000000000000000D+00
    0.497833741154395D-03   -0.112930326874154D-03
    0.117884002903705D-02   -0.440530041226715D-03
    0.197762395297381D-02   -0.967406952630150D-03
    0.284785382531550D-02   -0.169490410833786D-02
    0.375021538266600D-02   -0.261417255762265D-02
    0.465604827450644D-02   -0.372517244522437D-02
    0.554033487854209D-02   -0.501839807934186D-02
    0.638322737446866D-02   -0.648893281434641D-02
    0.716750214414788D-02   -0.812316822818795D-02
    0.787697210116712D-02   -0.990807146408873D-02
    0.849922139631360D-02   -0.118260367358893D-01
    0.902019507312996D-02   -0.138559836722840D-01
    0.943230742405180D-02   -0.159774574970884D-01
    0.972423028693736D-02   -0.181616219176070D-01
    0.989456994916540D-02   -0.203873483200805D-01
    0.993635051832846D-02   -0.226193717591901D-01
    0.985586158479131D-02   -0.248382925692908D-01
    0.965219579949116D-02   -0.270046430254761D-01
    0.934006220601151D-02   -0.291026198794561D-01
    0.892553262098533D-02   -0.310913725176440D-01
    0.843111454402760D-02   -0.329590293118850D-01
    0.786876637949147D-02   -0.346655554575085D-01
    0.726616671481678D-02   -0.362008703079959D-01
    0.663572115671781D-02   -0.375249337725978D-01
    0.600365368225741D-02   -0.386236868524545D-01
    0.536758512817105D-02   -0.394493831363495D-01
    0.473495948024595D-02   -0.399720642611550D-01
    0.405216178839293D-02   -0.401170709576288D-01
    0.326081600593611D-02   -0.398144914329591D-01
    0.218537950455786D-02   -0.389327699672924D-01
    0.586633718364065D-03   -0.373216590751166D-01
   -0.191330487543457D-02   -0.347766971244149D-01
   -0.596898749889524D-02   -0.310479603429961D-01
   -0.119122162154109D-01   -0.260424021418228D-01
   -0.208275825724936D-01   -0.196656936573434D-01
   -0.311387855041983D-01   -0.126404260923760D-01
   -0.415033147466861D-01   -0.600815331456055D-02
   -0.443451271137491D-01   -0.143060296514804D-02
   -0.313981181434897D-01   -0.566777294631556D-04
    0.000000000000000D+00    0.000000000000000D+00
    0.000000000000000D+00    0.000000000000000D+00
    0.734706238217654D-03   -0.127576251996056D-03
    0.163331258273108D-02   -0.495183264893626D-03
    0.263995204741352D-02   -0.108241685693968D-02
    0.371009389461919D-02   -0.187896632135503D-02
    0.480745732141252D-02   -0.287486207453615D-02
    0.590149618128743D-02   -0.406378496245141D-02
    0.696645055875051D-02   -0.543668610596655D-02
    0.797929015545904D-02   -0.698417015063966D-02
    0.892033956692653D-02   -0.869405763752106D-02
    0.977031854029144D-02   -0.105500177797650D-01
    0.105138429207169D-01   -0.125359407246612D-01
    0.111342796903089D-01   -0.146278313642095D-01
    0.116214037285414D-01   -0.168063840105592D-01
    0.119620177721381D-01   -0.190400202160824D-01
    0.121531651438839D-01   -0.213082566308879D-01
    0.121866445419647D-01   -0.235731458893197D-01
    0.120689270136848D-01   -0.258155061042181D-01
    0.117980970071003D-01   -0.279930190656823D-01
    0.113911006182504D-01   -0.300897728132198D-01
    0.108524155170817D-01   -0.320614190528047D-01
    0.102082599287990D-01   -0.338953796591713D-01
    0.946747925713239D-02   -0.355467918384655D-01
    0.866054563807407D-02   -0.370030640171008D-01
    0.779475402421272D-02   -0.382175669113194D-01
    0.689246846503767D-02   -0.391693034604948D-01
    0.594512056366292D-02   -0.398032148478273D-01
    0.493842647356142D-02   -0.400744227088775D-01
    0.381523399000061D-02   -0.399051228637262D-01
    0.246181921916778D-02   -0.392023673046310D-01
    0.707563727175775D-03   -0.378460674766762D-01
   -0.177532574786052D-02   -0.356743285247865D-01
   -0.534377664706712D-02   -0.325333172866358D-01
   -0.106255522134575D-01   -0.282561323677128D-01
   -0.179665981595041D-01   -0.228408581955498D-01
   -0.276262163952849D-01   -0.165034757720908D-01
   -0.383363118090320D-01   -0.996936916349363D-02
   -0.467280126862091D-01   -0.433844895581416D-02
   -0.464448251959981D-01   -0.908895953967975D-03
   -0.316150815537751D-01    0.144562833783770D-03
    0.000000000000000D+00    0.000000000000000D+00
    0.000000000000000D+00    0.000000000000000D+00
    0.998606641316238D-03   -0.138992666460990D-03
    0.213313063901830D-02   -0.534232083999146D-03
    0.335722797422540D-02   -0.116044189206893D-02
    0.463367675723425D-02   -0.200210887230298D-02
    0.592738135041766D-02   -0.304473528596478D-02
    0.720933360631651D-02   -0.428000634085095D-02
    0.845199462758585D-02   -0.569507508389627D-02
    0.963097400237094D-02   -0.728059598433714D-02
    0.107238800667954D-01   -0.902133152317844D-02
    0.117085532961274D-01   -0.109019863849352D-01
    0.125671118163155D-01   -0.129039755980101D-01
    0.132795106284298D-01   -0.150040464138538D-01
    0.138338974519572D-01   -0.171812823868664D-01
    0.142139204687059D-01   -0.194037901365186D-01
    0.144161038439019D-01   -0.216506061839573D-01
    0.144301759069111D-01   -0.238822404666488D-01
    0.142628845291832D-01   -0.260800481523011D-01
    0.139120502467943D-01   -0.281995377288879D-01
    0.133946760075884D-01   -0.302253542977877D-01
    0.127169513102514D-01   -0.321116366219965D-01
    0.119033830959738D-01   -0.338442785439055D-01
    0.109653326262643D-01   -0.353790210241978D-01
    0.992833503711565D-02   -0.366969285947874D-01
    0.879943283175909D-02   -0.377547976262738D-01
    0.759242071415825D-02   -0.385186463488160D-01
    0.628883769805545D-02   -0.389391104520861D-01
    0.486377732037804D-02   -0.389532336007297D-01
    0.323211495868731D-02   -0.384912128592235D-01
    0.127149842267675D-02   -0.374453674972215D-01
   -0.122928373295327D-02   -0.357156222471918D-01
   -0.460105127604249D-02   -0.331453438920214D-01
   -0.916915981621975D-02   -0.296535341231829D-01
   -0.155591890431738D-01   -0.251106849424155D-01
   -0.237092841053125D-01   -0.196931142054035D-01
   -0.339494859815049D-01   -0.136256348711233D-01
   -0.439865204116393D-01   -0.773735569744508D-02
   -0.510268441870758D-01   -0.300485089899854D-02
   -0.486814040694713D-01   -0.271526867482815D-03
   -0.315286493251255D-01    0.229377862549512D-03
    0.000000000000000D+00    0.000000000000000D+00
    0.000000000000000D+00    0.000000000000000D+00
    0.127524091938669D-02   -0.143593340754767D-03
    0.265622236422086D-02   -0.552463336572516D-03
    0.410441390478682D-02   -0.119826173031718D-02
    0.558899333138187D-02   -0.205940118719488D-02
    0.707799372549631D-02   -0.312002168091183D-02
    0.854371824191415D-02   -0.436757227161178D-02
    0.995850246282793D-02   -0.578907011834733D-02
    0.112963461902981D-01   -0.737176990007205D-02
    0.125330009354945D-01   -0.910122459582197D-02
    0.136434467218625D-01   -0.109595865715576D-01
    0.146074629550386D-01   -0.129292693639351D-01
    0.154017852891934D-01   -0.149849272933177D-01
    0.160127797570309D-01   -0.171064019340818D-01
    0.164210419652227D-01   -0.192601856337946D-01
    0.166228397767706D-01   -0.214257198272501D-01
    0.166050946237392D-01   -0.235624337943797D-01
    0.163765673446028D-01   -0.256520472716947D-01
    0.159320513953660D-01   -0.276494701339460D-01
    0.152929140691661D-01   -0.295402049750420D-01
    0.144611215296968D-01   -0.312779079169332D-01
    0.134666653821538D-01   -0.328501129198232D-01
    0.123144594464880D-01   -0.342115580680961D-01
    0.110333522104956D-01   -0.353451977919727D-01
    0.962160646441226D-02   -0.362059218380093D-01
    0.808823188656009D-02   -0.367604325400900D-01
    0.640574728071628D-02   -0.369575368728381D-01
    0.452864149725277D-02   -0.367329984609771D-01
    0.236759855333545D-02   -0.360188759326687D-01
   -0.237672126100304D-03   -0.347099052054195D-01
   -0.349141750533789D-02   -0.327181491504173D-01
   -0.773714136436102D-02   -0.299187871021351D-01
   -0.132914285802442D-01   -0.262537612444520D-01
   -0.205658556108105D-01   -0.217094070680615D-01
   -0.295740509722422D-01   -0.164600409044694D-01
   -0.397929578573148D-01   -0.109156817718276D-01
   -0.493162929806334D-01   -0.579679560984130D-02
   -0.543402820438388D-01   -0.193340948889930D-02
   -0.494568546874595D-01   -0.370389241740289D-05
   -0.313259779664475D-01    0.276477473576695D-03
    0.000000000000000D+00    0.000000000000000D+00
    0.000000000000000D+00    0.000000000000000D+00
    0.156036990627465D-02   -0.145017705856122D-03
    0.318992312792763D-02   -0.554375748139254D-03
    0.486180905126810D-02   -0.119906967961999D-02
    0.655070570077311D-02   -0.205436701064937D-02
    0.822906977956353D-02   -0.310257841763100D-02
    0.987058145646504D-02   -0.432936435899582D-02
    0.114480118048967D-01   -0.571975265825290D-02
    0.129342151182376D-01   -0.726048204965505D-02
    0.143031951845203D-01   -0.893538441019964D-02
    0.155274077927272D-01   -0.107266829078461D-01
    0.165841131506047D-01   -0.126156752777888D-01
    0.174472286552494D-01   -0.145765697354835D-01
    0.181007693082246D-01   -0.165892946466683D-01
    0.185233079090452D-01   -0.186186782771974D-01
    0.187093732679193D-01   -0.206460073350221D-01
    0.186458091920874D-01   -0.226279265109660D-01
    0.183399034542643D-01   -0.245497736249149D-01
    0.177892047070382D-01   -0.263638872660563D-01
    0.170125542060000D-01   -0.280599121764318D-01
    0.160174563965194D-01   -0.295917045482711D-01
    0.148283791873724D-01   -0.309486158383771D-01
    0.134566686858782D-01   -0.320913634804270D-01
    0.119212085554710D-01   -0.329987181145174D-01
    0.102232175371183D-01   -0.336393095125035D-01
    0.835798456689356D-02   -0.339674262493676D-01
    0.629148287649523D-02   -0.339532760298002D-01
    0.396474541982411D-02   -0.335142794091214D-01
    0.127070713221643D-02   -0.326112416468517D-01
   -0.195762242032144D-02   -0.311229983052735D-01
   -0.592868996701511D-02   -0.290047081895461D-01
   -0.109828708884979D-01   -0.261278886777634D-01
   -0.173203578476166D-01   -0.225126009562590D-01
   -0.253653040620090D-01   -0.181454693745963D-01
   -0.346764169328423D-01   -0.133082627166022D-01
   -0.448922857509219D-01   -0.836362601087872D-02
   -0.534010107028577D-01   -0.400351233654371D-02
   -0.569941649444629D-01   -0.963471127173071D-03
   -0.505917723552851D-01    0.406502482152005D-03
   -0.309693294964609D-01    0.337617473772952D-03
    0.000000000000000D+00    0.000000000000000D+00
    0.000000000000000D+00    0.000000000000000D+00
    0.183905045639679D-02   -0.140289658387354D-03
    0.371386007970990D-02   -0.537707121881432D-03
    0.560301122880821D-02   -0.116216231333031D-02
    0.748920587582830D-02   -0.198722100084664D-02
    0.934740064459891D-02   -0.299460428403788D-02
    0.111541903984894D-01   -0.416802668736195D-02
    0.128823908246462D-01   -0.549253421992161D-02
    0.145041606729122D-01   -0.695292319797256D-02
    0.159921221524873D-01   -0.853348115113581D-02
    0.173158892354155D-01   -0.102148991783055D-01
    0.184510778481496D-01   -0.119787953686729D-01
    0.193677361352789D-01   -0.137984187000427D-01
    0.200492103471534D-01   -0.156534675188941D-01
    0.204699903784721D-01   -0.175087517908773D-01
    0.206262118155380D-01   -0.193448744286453D-01
    0.205006954940646D-01   -0.211197291166234D-01
    0.201056120246059D-01   -0.228183778215152D-01
    0.194340155654798D-01   -0.243957065823765D-01
    0.185129423424395D-01   -0.258429895638359D-01
    0.173435639170636D-01   -0.271172940024881D-01
    0.159601690917907D-01   -0.282130436372827D-01
    0.143643550100714D-01   -0.290934624551201D-01
    0.125826575337796D-01   -0.297465667344369D-01
    0.106026995393710D-01   -0.301412259749965D-01
    0.842005703681965D-02   -0.302447853206476D-01
    0.598548288345003D-02   -0.300248148392496D-01
    0.322990646297441D-02   -0.294157321943606D-01
    0.344194428221348D-04   -0.283741126108776D-01
   -0.377668352193858D-02   -0.268051874381674D-01
   -0.841787239793173D-02   -0.246595965183649D-01
   -0.141729643801423D-01   -0.218621512286969D-01
   -0.212636704684502D-01   -0.184206747236115D-01
   -0.298159739848068D-01   -0.144199925904247D-01
   -0.395151266378298D-01   -0.100939571441068D-01
   -0.492889883419690D-01   -0.588176189216108D-02
   -0.569203508262675D-01   -0.236517590038621D-02
   -0.587856962209223D-01   -0.865209200785156D-04
   -0.505143713140128D-01    0.662312670204350D-03
   -0.304993887437221D-01    0.377251814505451D-03
    0.000000000000000D+00    0.000000000000000D+00
    0.000000000000000D+00    0.000000000000000D+00
    0.210854796019628D-02   -0.132732337378278D-03
    0.421534175067330D-02   -0.505954661187175D-03
    0.631055285473305D-02   -0.109208737502034D-02
    0.838027448663967D-02   -0.186350075889418D-02
    0.104050888630132D-01   -0.280251923425417D-02
    0.123623834799931D-01   -0.389199141521350D-02
    0.142263514782462D-01   -0.511672622497527D-02
    0.159680716307689D-01   -0.646105960316118D-02
    0.175586920688494D-01   -0.790897512816953D-02
    0.189657375822745D-01   -0.944050303640265D-02
    0.201618711893199D-01   -0.110376716501300D-01
    0.211151994359573D-01   -0.126718685671438D-01
    0.218058115824713D-01   -0.143249396569248D-01
    0.222078507087776D-01   -0.159579797347630D-01
    0.223146013070519D-01   -0.175564819088892D-01
    0.221117445683815D-01   -0.190731929504129D-01
    0.216086892287372D-01   -0.205010681461274D-01
    0.208057767130161D-01   -0.217906601682218D-01
    0.197256254989932D-01   -0.229425715535151D-01
    0.183809797064759D-01   -0.239145270129476D-01
    0.167972943496567D-01   -0.247077018967913D-01
    0.149895163368452D-01   -0.252958877741659D-01
    0.129688377553926D-01   -0.256658863984638D-01
    0.107330635981417D-01   -0.258101725568609D-01
    0.825684309412891D-02   -0.256834051493566D-01
    0.549323628216987D-02   -0.252889160004471D-01
    0.235174966762841D-02   -0.245390972038613D-01
   -0.128746861575236D-02   -0.234348009696264D-01
   -0.561554765689583D-02   -0.218579158381602D-01
   -0.108146798863907D-01   -0.198114430706154D-01
   -0.171812907811028D-01   -0.172016529155706D-01
   -0.247694867315511D-01   -0.141005103882521D-01
   -0.337565713601910D-01   -0.105676119218337D-01
   -0.434016229929847D-01   -0.688621422900907D-02
   -0.528498847608282D-01   -0.343182247121162D-02
   -0.594336985762596D-01   -0.712091342414571D-03
   -0.600386971354138D-01    0.801552026440222D-03
   -0.507399600912419D-01    0.103643365350027D-02
   -0.298432001545524D-01    0.454094979698951D-03
    0.000000000000000D+00    0.000000000000000D+00
    0.000000000000000D+00    0.000000000000000D+00
    0.235515642367962D-02   -0.120053471119670D-03
    0.467755705865507D-02   -0.458959724178307D-03
    0.696051675605067D-02   -0.989858628561085D-03
    0.919805392376324D-02   -0.168675046104802D-02
    0.113722093193988D-01   -0.253239867979674D-02
    0.134636560502875D-01   -0.350994039389893D-02
    0.154463277410767D-01   -0.460460255054743D-02
    0.172908450054134D-01   -0.580045395408676D-02
    0.189670198494256D-01   -0.708163816882601D-02
    0.204393671475114D-01   -0.842813124699250D-02
    0.216792243425580D-01   -0.982124481347891D-02
    0.226503666196046D-01   -0.112332020977680D-01
    0.233330832510378D-01   -0.126438022000455D-01
    0.236969649858306D-01   -0.140166448970120D-01
    0.237388158297541D-01   -0.153341427564863D-01
    0.234400639059805D-01   -0.165538452790412D-01
    0.228184301840793D-01   -0.176661489125680D-01
    0.218696455561444D-01   -0.186286870369390D-01
    0.206295896263690D-01   -0.194428638157338D-01
    0.191039310388883D-01   -0.200744540650630D-01
    0.173342279388771D-01   -0.205321026057031D-01
    0.153230635693944D-01   -0.207958189982276D-01
    0.130961908469941D-01   -0.208688052110326D-01
    0.106321439930504D-01   -0.207444256654679D-01
    0.791392539813780D-02   -0.204027307578929D-01
    0.487006976953179D-02   -0.198401846513190D-01
    0.141300217447865D-02   -0.190022760383006D-01
   -0.260239652271733D-02   -0.178752103752087D-01
   -0.734962026679967D-02   -0.163826819668264D-01
   -0.130369337158002D-01   -0.145058650028227D-01
   -0.198605391250788D-01   -0.122075575629923D-01
   -0.279266585390597D-01   -0.952560906426911D-02
   -0.370993869764063D-01   -0.658604107539966D-02
   -0.467924170894879D-01   -0.361154845503466D-02
   -0.556121468766632D-01   -0.983954541879776D-03
   -0.612475745203486D-01    0.875004923583973D-03
   -0.604994454900913D-01    0.167521723837888D-02
   -0.499176083627947D-01    0.135579587066991D-02
   -0.290939544342442D-01    0.521992002904820D-03
    0.000000000000000D+00    0.000000000000000D+00
    0.000000000000000D+00    0.000000000000000D+00
    0.257727167636258D-02   -0.105012227065025D-03
    0.508889932964821D-02   -0.399193366255848D-03
    0.753850933700855D-02   -0.860543806174295D-03
    0.992147105227150D-02   -0.146356732287198D-02
    0.122253009260659D-01   -0.219365771041694D-02
    0.144305939033456D-01   -0.303415031851713D-02
    0.165126427309812D-01   -0.397168517085034D-02
    0.184407344044040D-01   -0.499010697829540D-02
    0.201829032002330D-01   -0.607480757873998D-02
    0.217017360143302D-01   -0.720439182157890D-02
    0.229649470226898D-01   -0.836245845780031D-02
    0.239350536111669D-01   -0.951757322135569D-02
    0.245883093455563D-01   -0.106544050849616D-01
    0.248955815868693D-01   -0.117297746562539D-01
    0.248503372323543D-01   -0.127351548771422D-01
    0.244400030256327D-01   -0.136187001444667D-01
    0.236795227388416D-01   -0.143847494859879D-01
    0.225770236588151D-01   -0.149819528665561D-01
    0.211638862113045D-01   -0.154287028498480D-01
    0.194644084430998D-01   -0.156881618424154D-01
    0.175097428861685D-01   -0.157835141945274D-01
    0.153241683603923D-01   -0.157058048271785D-01
    0.129133262518261D-01   -0.154624608466796D-01
    0.102748476043416D-01   -0.150761578031348D-01
    0.736197286286128D-02   -0.145151703887755D-01
    0.411593741073988D-02   -0.138215892497134D-01
    0.415156400412292D-03   -0.129146979332970D-01
   -0.387021006911486D-02   -0.118346774322637D-01
   -0.894565621814242D-02   -0.104731509183198D-01
   -0.149606713878335D-01   -0.886584081773063D-02
   -0.221481635000909D-01   -0.694376476222914D-02
   -0.304270039109453D-01   -0.479355600827871D-02
   -0.397473727629100D-01   -0.250040254104796D-02
   -0.491579733756131D-01   -0.302170197099851D-03
   -0.574991401193170D-01    0.148710434876595D-02
   -0.621959635512904D-01    0.252650490939696D-02
   -0.604459153115159D-01    0.258375848662042D-02
   -0.492851037372574D-01    0.175007405651032D-02
   -0.281002014204201D-01    0.613920404607305D-03
    0.000000000000000D+00    0.000000000000000D+00
    0.000000000000000D+00    0.000000000000000D+00
    0.276347758045287D-02   -0.861218197095894D-04
    0.543705833287172D-02   -0.328266235432577D-03
    0.802544098181302D-02   -0.706722650036700D-03
    0.105308203875180D-01   -0.120017490899682D-02
    0.129408970748602D-01   -0.179541019908858D-02
    0.152390958441416D-01   -0.247805602701362D-02
    0.173996844125508D-01   -0.323551450197628D-02
    0.193912905670177D-01   -0.405318691541271D-02
    0.211800505804668D-01   -0.491616278600037D-02
    0.227253645237845D-01   -0.580498116707929D-02
    0.239932283401057D-01   -0.670102765211200D-02
    0.249417748589975D-01   -0.757633519083398D-02
    0.255475511824833D-01   -0.841072085567986D-02
    0.257773247717306D-01   -0.916725945836558D-02
    0.256292572941720D-01   -0.983013686948176D-02
    0.250879015235823D-01   -0.103575346566693D-01
    0.241793989159262D-01   -0.107461235592532D-01
    0.229095235450397D-01   -0.109582526825690D-01
    0.213277461241329D-01   -0.110085660007996D-01
    0.194533773500189D-01   -0.108753722887841D-01
    0.173399430302798D-01   -0.105876125524909D-01
    0.149992210576910D-01   -0.101482315079347D-01
    0.124581410215441D-01   -0.958422638725091D-02
    0.969054899556625D-02   -0.892112770552814D-02
    0.666500142332579D-02   -0.816086880534036D-02
    0.328833747394521D-02   -0.733538148965502D-02
   -0.548663159580389D-03   -0.640770955482002D-02
   -0.501598433270633D-02   -0.539505886053654D-02
   -0.102853994120628D-01   -0.423799393752029D-02
   -0.165519106151088D-01   -0.293929768094205D-02
   -0.239301786918849D-01   -0.148050173577663D-02
   -0.324127432334671D-01    0.947368130029915D-04
   -0.416618584346183D-01    0.166479252189021D-02
   -0.508861561155819D-01    0.304962257166557D-02
   -0.585464170318500D-01    0.396862815820222D-02
   -0.623637474544964D-01    0.414357445567337D-02
   -0.596413477004557D-01    0.349980632817951D-02
   -0.477006088234247D-01    0.212799976334820D-02
   -0.270004037707607D-01    0.702611599918214D-03
    0.000000000000000D+00    0.000000000000000D+00
    0.000000000000000D+00    0.000000000000000D+00
    0.291318239424207D-02   -0.654691398193877D-04
    0.571246688065332D-02   -0.247785017090859D-03
    0.841085460508668D-02   -0.533745920268696D-03
    0.110099526535436D-01   -0.903980348195715D-03
    0.135019379110995D-01   -0.134945491509406D-02
    0.158690617358013D-01   -0.185695642613328D-02
    0.180863321966205D-01   -0.241676745398788D-02
    0.201204028690932D-01   -0.301428947462817D-02
    0.219350497526579D-01   -0.363753308532788D-02
    0.234874005570555D-01   -0.426490604255772D-02
    0.247391979709320D-01   -0.488237460437579D-02
    0.256473647796929D-01   -0.545617344894681D-02
    0.261840529068551D-01   -0.597446223268735D-02
    0.263181254531582D-01   -0.638941423399848D-02
    0.260449874785652D-01   -0.669966877906254D-02
    0.253573335211378D-01   -0.684738585200015D-02
    0.242806281956659D-01   -0.685121364903579D-02
    0.228369745174943D-01   -0.665559269501647D-02
    0.210746025317378D-01   -0.630290332647423D-02
    0.190371883432647D-01   -0.575928985269385D-02
    0.167702865538039D-01   -0.508025575141898D-02
    0.143142900688100D-01   -0.427270300568643D-02
    0.116744966117044D-01   -0.337803396349422D-02
    0.885118199571370D-02   -0.244938949178366D-02
    0.577524268305529D-02   -0.148191751487584D-02
    0.237435988400305D-02   -0.556991944140061D-03
   -0.150905913367478D-02    0.390112455655747D-03
   -0.601844760889394D-02    0.128264596023008D-02
   -0.113769425291054D-01    0.221923313242973D-02
   -0.177068853500445D-01    0.314155013427560D-02
   -0.251828858611747D-01    0.411061166517916D-02
   -0.336140718595373D-01    0.504328205994442D-02
   -0.427707134667760D-01    0.586984305345281D-02
   -0.515697210680086D-01    0.641081801145103D-02
   -0.586945479340969D-01    0.645553287086240D-02
   -0.617419444612030D-01    0.580064253244077D-02
   -0.583037273000008D-01    0.442472531031851D-02
   -0.462025904668870D-01    0.254019828215251D-02
   -0.256251475550322D-01    0.799386867917835D-03
    0.000000000000000D+00    0.000000000000000D+00
    0.000000000000000D+00    0.000000000000000D+00
    0.301807688596539D-02   -0.424968493388654D-04
    0.590806164963400D-02   -0.160961954003432D-03
    0.868212745464728D-02   -0.345749706743999D-03
    0.113469942989566D-01   -0.583550449316044D-03
    0.138935754251646D-01   -0.867437806104789D-03
    0.163060313717046D-01   -0.118815124038789D-02
    0.185571991907530D-01   -0.153693349260933D-02
    0.206126968885078D-01   -0.190256083047140D-02
    0.224332787965350D-01   -0.227219768994376D-02
    0.239728551088946D-01   -0.262852585080350D-02
    0.251902454029433D-01   -0.295361336591732D-02
    0.260384374307035D-01   -0.322051569915689D-02
    0.264887731857858D-01   -0.340904878322093D-02
    0.265075234375566D-01   -0.348255821675240D-02
    0.260942692416927D-01   -0.342635845861746D-02
    0.252422405217291D-01   -0.319961240080270D-02
    0.239887859470455D-01   -0.280451643834536D-02
    0.223593658952451D-01   -0.220831431328178D-02
    0.204225317018258D-01   -0.143929799774493D-02
    0.182239399212611D-01   -0.489115272618914D-03
    0.158348457459745D-01    0.590008329982270D-03
    0.132885273168251D-01    0.176970999733088D-02
    0.106147504903986D-01    0.299344003868006D-02
    0.779039770822284D-02    0.419900117935466D-02
    0.476377564395205D-02    0.535612918402785D-02
    0.142185811422385D-02    0.639231087718319D-02
   -0.237866580225681D-02    0.732381112482738D-02
   -0.683309934225928D-02    0.809965601475718D-02
   -0.121276720712429D-01    0.876777322577779D-02
   -0.184439507040308D-01    0.930661379465370D-02
   -0.258422805826664D-01    0.973545406465775D-02
   -0.342148075165899D-01    0.100145097686297D-01
   -0.430930227913966D-01    0.100611813628160D-01
   -0.515410984759177D-01    0.974604030414515D-02
   -0.580037799822509D-01    0.891362970064897D-02
   -0.603033820659005D-01    0.740680698620290D-02
   -0.562583296956758D-01    0.534297754545945D-02
   -0.438291210030567D-01    0.293539358052160D-02
   -0.241345748620922D-01    0.897405057984364D-03
    0.000000000000000D+00    0.000000000000000D+00
    0.000000000000000D+00    0.000000000000000D+00
    0.307860691701362D-02   -0.185182372162952D-04
    0.601719068084309D-02   -0.686821198002141D-04
    0.883363333410613D-02   -0.148206361790496D-03
    0.115322259886338D-01   -0.246891883926925D-03
    0.141068541476670D-01   -0.362946154981896D-03
    0.165392663862623D-01   -0.489033861913590D-03
    0.188021892882534D-01   -0.620454598742252D-03
    0.208583149526417D-01   -0.746201744304228D-03
    0.226655018554656D-01   -0.858041246404018D-03
    0.241745282209241D-01   -0.935943169059762D-03
    0.253395966887286D-01   -0.969112132720006D-03
    0.261116526290353D-01   -0.922835509916378D-03
    0.264578112436848D-01   -0.789210263124631D-03
    0.263457491884784D-01   -0.516192852296737D-03
    0.257740416614272D-01   -0.109649063182689D-03
    0.247437673399720D-01    0.495770203113452D-03
    0.232963316301003D-01    0.126658008819698D-02
    0.214738975964452D-01    0.226689683124081D-02
    0.193519844853615D-01    0.342741299382064D-02
    0.170017894790539D-01    0.478597189150330D-02
    0.144962077308609D-01    0.624733828155514D-02
    0.118989681707391D-01    0.779636453356939D-02
    0.922436179084137D-02    0.934574108844849D-02
    0.647788753785615D-02    0.108172835891088D-01
    0.356797499584277D-02    0.121758312259268D-01
    0.405127554888980D-03    0.133025997696026D-01
   -0.321408780202885D-02    0.142377059895670D-01
   -0.745457802283810D-02    0.148676397933599D-01
   -0.125717186660363D-01    0.152832081820020D-01
   -0.186733025808388D-01    0.154043326817702D-01
   -0.258974493573338D-01    0.153014947640629D-01
   -0.339749178997363D-01    0.148976181394229D-01
   -0.425532473037527D-01    0.141716161726821D-01
   -0.504837795253115D-01    0.129996386275899D-01
   -0.564053880455097D-01    0.112986663260338D-01
   -0.581285508755472D-01    0.898228183879169D-02
   -0.536631912428399D-01    0.621332510935187D-02
   -0.414801028013908D-01    0.332824961431805D-02
   -0.223777848518075D-01    0.978796345852942D-03
    0.000000000000000D+00    0.000000000000000D+00
    0.000000000000000D+00    0.000000000000000D+00
    0.309031555871340D-02    0.601286247404477D-05
    0.603865518100088D-02    0.245053608983420D-04
    0.886034269801376D-02    0.533731605663189D-04
    0.115626810916244D-01    0.956545152955480D-04
    0.141368096124026D-01    0.150616182568414D-03
    0.165652474598613D-01    0.220535844413448D-03
    0.188172945273269D-01    0.308996902557113D-03
    0.208542435263731D-01    0.422104366321725D-03
    0.226295858037042D-01    0.569202724690601D-03
    0.240910517600976D-01    0.763726836436936D-03
    0.251881637046174D-01    0.102153949593278D-02
    0.258687414159331D-01    0.136692321626977D-02
    0.260967047117342D-01    0.181929391512327D-02
    0.258393843016235D-01    0.241402884682149D-02
    0.250965296749224D-01    0.316541979996605D-02
    0.238749470822538D-01    0.411379381293744D-02
    0.222246254124581D-01    0.525410466024553D-02
    0.202006643202775D-01    0.661671091590987D-02
    0.178957647981089D-01    0.816336912630551D-02
    0.153968714632513D-01    0.989292936035140D-02
    0.127996737634098D-01    0.117321783739929D-01
    0.101755314146055D-01    0.136302652194102D-01
    0.755971129989208D-02    0.154996653297991D-01
    0.494467574639590D-02    0.172409459588930D-01
    0.225094302772350D-02    0.187907835556393D-01
   -0.649544088246703D-03    0.200311863066150D-01
   -0.395338519625175D-02    0.209541318689922D-01
   -0.788218499130448D-02    0.214677424284024D-01
   -0.126644816592923D-01    0.216123768116558D-01
   -0.184733364168400D-01    0.213422067876371D-01
   -0.253550502530230D-01    0.206935849643959D-01
   -0.331216899208544D-01    0.196286343719979D-01
   -0.412466912941692D-01    0.181306569682961D-01
   -0.487036860587738D-01    0.161176478337697D-01
   -0.540189405716387D-01    0.135751995753671D-01
   -0.551558683344353D-01    0.104514342945983D-01
   -0.504357890712455D-01    0.703996444127625D-02
   -0.383489483781908D-01    0.367579228385080D-02
   -0.205107609128027D-01    0.106860697807279D-02
    0.000000000000000D+00    0.000000000000000D+00
    0.000000000000000D+00    0.000000000000000D+00
    0.305469557738893D-02    0.306570308513804D-04
    0.596940342395953D-02    0.118346465925722D-03
    0.876210564382668D-02    0.253741841312345D-03
    0.114360338154276D-01    0.435980798914830D-03
    0.139835537697906D-01    0.658999620971367D-03
    0.163836070818184D-01    0.922615169292311D-03
    0.186045998078412D-01    0.122565384933637D-02
    0.206039431921162D-01    0.157364656893003D-02
    0.223320131768922D-01    0.196990706267918D-02
    0.237323456241241D-01    0.243050477681459D-02
    0.247498811305929D-01    0.296174289958565D-02
    0.253288215556500D-01    0.359647584922185D-02
    0.254293899718930D-01    0.433812591106862D-02
    0.250177908732357D-01    0.524068514076472D-02
    0.240951552681648D-01    0.629230725917396D-02
    0.226722323123217D-01    0.756605919469320D-02
    0.208098652528854D-01    0.901700925448307D-02
    0.185744473398844D-01    0.107227443003216D-01
    0.160791867330332D-01    0.125909584453217D-01
    0.134300328189152D-01    0.146738843723091D-01
    0.107438641986154D-01    0.168371203477523D-01
    0.811556847623175D-02    0.190706692663519D-01
    0.558452202816366D-02    0.212348213169065D-01
    0.316523019058137D-02    0.232371167669067D-01
    0.749041853986279D-03    0.249897817517611D-01
   -0.177421963222739D-02    0.263393861832491D-01
   -0.466444754740164D-02    0.272899915701495D-01
   -0.811826198634714D-02    0.276858017271319D-01
   -0.124460996576358D-01    0.276082917423753D-01
   -0.177590788218984D-01    0.269468700245886D-01
   -0.241927392306594D-01    0.257952852492429D-01
   -0.314348637961194D-01    0.240748850045007D-01
   -0.390720072803360D-01    0.218396314477514D-01
   -0.459480873471759D-01    0.190142811103606D-01
   -0.507454768658062D-01    0.156579940758065D-01
   -0.515126165142806D-01    0.117947916356091D-01
   -0.466751681249500D-01    0.774363990075828D-02
   -0.352356853259569D-01    0.399124886200615D-02
   -0.184459037121442D-01    0.111143517265042D-02
    0.000000000000000D+00    0.000000000000000D+00
    0.000000000000000D+00    0.000000000000000D+00
    0.297171591382601D-02    0.539653715011725D-04
    0.581440453285008D-02    0.207444584592236D-03
    0.854204807367110D-02    0.446474751759248D-03
    0.111585784185999D-01    0.762968092950112D-03
    0.136523781468769D-01    0.114822838524433D-02
    0.160019849231977D-01    0.159673979582829D-02
    0.181714721610381D-01    0.210595113854641D-02
    0.201166354782161D-01    0.267562356125336D-02
    0.217825436117280D-01    0.330973634045220D-02
    0.231100322411074D-01    0.401599154448425D-02
    0.240377579870350D-01    0.480549340843575D-02
    0.245075999205210D-01    0.569757642211033D-02
    0.244734747166112D-01    0.670837439991503D-02
    0.239032742382626D-01    0.787031903991687D-02
    0.227938114152274D-01    0.919688236477369D-02
    0.211669648280278D-01    0.107287623148942D-01
    0.190838387767263D-01    0.124618944028497D-01
    0.166357843035149D-01    0.144295198215336D-01
    0.139425122466676D-01    0.165920753940487D-01
    0.111464502227795D-01    0.189486018695292D-01
    0.837552963212829D-02    0.214150466054458D-01
    0.575923533935927D-02    0.239287420653564D-01
    0.334594813612025D-02    0.263766742992348D-01
    0.116259423288192D-02    0.286275927537210D-01
   -0.900405678556270D-03    0.305821944487992D-01
   -0.297595679381389D-02    0.320723705660720D-01
   -0.533307825168486D-02    0.330581563517634D-01
   -0.822062771591470D-02    0.333938425547269D-01
   -0.119440541724929D-01    0.331089375374185D-01
   -0.166797906419385D-01    0.321191858829446D-01
   -0.225094215806659D-01    0.304877837763075D-01
   -0.291939839297202D-01    0.281690034524474D-01
   -0.362212731595552D-01    0.252335969963411D-01
   -0.425271055166901D-01    0.216412221504823D-01
   -0.467948366372396D-01    0.175310953866300D-01
   -0.471571516147767D-01    0.129514913251749D-01
   -0.424093662796583D-01    0.835682131148426D-02
   -0.314769825698116D-01    0.421594430136694D-02
   -0.162873112411546D-01    0.117225736294755D-02
    0.000000000000000D+00    0.000000000000000D+00
    0.000000000000000D+00    0.000000000000000D+00
    0.284377850039506D-02    0.764352190914519D-04
    0.557451028108317D-02    0.292108858361242D-03
    0.820553839459695D-02    0.627104868097093D-03
    0.107354918823771D-01    0.106918468340130D-02
    0.131522180338396D-01    0.160504116291745D-02
    0.154299403657287D-01    0.222644918717847D-02
    0.175313570369745D-01    0.292610708270781D-02
    0.194079274420514D-01    0.370260192907223D-02
    0.210019285817365D-01    0.455305950027746D-02
    0.222493567957106D-01    0.548666083154019D-02
    0.230848202828708D-01    0.650321958830051D-02
    0.234449025902307D-01    0.762920409658129D-02
    0.232803649770713D-01    0.886217770908548D-02
    0.225540501470549D-01    0.102529235112556D-01
    0.212658684766003D-01    0.117852966611930D-01
    0.194341239080758D-01    0.135368202550477D-01
    0.171370644228480D-01    0.154587574862160D-01
    0.144654301204849D-01    0.176445087993700D-01
    0.115755029631825D-01    0.199926620745580D-01
    0.861278443399180D-02    0.225807640161685D-01
    0.575550735141908D-02    0.252500236432852D-01
    0.313884183502412D-02    0.280133349056772D-01
    0.852568272591274D-03    0.306849181195740D-01
   -0.107128739598536D-02    0.331738473521717D-01
   -0.273983671279323D-02    0.353322060969398D-01
   -0.428300657870119D-02    0.369750633429801D-01
   -0.601995642385096D-02    0.380540020620267D-01
   -0.819067599741679D-02    0.383591937214953D-01
   -0.111866930943101D-01    0.379508976785749D-01
   -0.151480887607642D-01    0.366694072068570D-01
   -0.202533787620152D-01    0.346376435394090D-01
   -0.261897415219804D-01    0.317610992894299D-01
   -0.325507267298057D-01    0.281892352797767D-01
   -0.382282948905864D-01    0.238910246710810D-01
   -0.420217726661190D-01    0.190766785637312D-01
   -0.422319224269439D-01    0.138885641633753D-01
   -0.376799437851832D-01    0.876973787121284D-02
   -0.277851986820541D-01    0.439035181373382D-02
   -0.140681725027676D-01    0.115398212046566D-02
    0.000000000000000D+00    0.000000000000000D+00
    0.000000000000000D+00    0.000000000000000D+00
    0.267550113950859D-02    0.957603085863943D-04
    0.526062277635672D-02    0.366773321233628D-03
    0.776372281958282D-02    0.788956814823418D-03
    0.101817961025400D-01    0.134401846615931D-02
    0.124980594442868D-01    0.201628498858807D-02
    0.146853105868009D-01    0.279297047249197D-02
    0.167018627985390D-01    0.366503928190127D-02
    0.184976591984564D-01    0.462542546632948D-02
    0.200098585073356D-01    0.567062456957143D-02
    0.211723420222721D-01    0.680075607535901D-02
    0.219130117449050D-01    0.801814452600237D-02
    0.221665804565537D-01    0.933404015062002D-02
    0.218750106052563D-01    0.107562912567800D-01
    0.210032686991976D-01    0.123112656040082D-01
    0.195404123838329D-01    0.140081756967689D-01
    0.175184420890285D-01    0.158878444163384D-01
    0.150036119717689D-01    0.179497523942755D-01
    0.121214229217943D-01    0.202365786276187D-01
    0.901666183707831D-02    0.227192550834510D-01
    0.589414274733072D-02    0.254126678702980D-01
    0.292214271500809D-02    0.282413487292565D-01
    0.308152375436080D-03    0.311515356799024D-01
   -0.186929202099541D-02    0.340226059003101D-01
   -0.352114407788386D-02    0.367061598334796D-01
   -0.477372722203306D-02    0.390714632361791D-01
   -0.574378146762663D-02    0.408981328992372D-01
   -0.678009759348078D-02    0.421015093801448D-01
   -0.815881661374252D-02    0.424629478170955D-01
   -0.102968179710593D-01    0.419838160926871D-01
   -0.133971375775567D-01    0.405167107905441D-01
   -0.176347884472640D-01    0.381491726679828D-01
   -0.227648069971552D-01    0.348123764315246D-01
   -0.283632921398971D-01    0.306783863024731D-01
   -0.333898803346838D-01    0.257471842404711D-01
   -0.367425627259567D-01    0.203218488945937D-01
   -0.367491916342451D-01    0.145585933398500D-01
   -0.326262420859459D-01    0.905334092655976D-02
   -0.236403552846097D-01    0.442410217525736D-02
   -0.117766799064289D-01    0.116756363315301D-02
    0.000000000000000D+00    0.000000000000000D+00
    0.000000000000000D+00    0.000000000000000D+00
    0.246986857853904D-02    0.113351814953512D-03
    0.487731732927367D-02    0.432212673900280D-03
    0.722677605520146D-02    0.928930556702621D-03
    0.950934660687962D-02    0.158151943210634D-02
    0.117061395848586D-01    0.237140157768767D-02
    0.137857053146053D-01    0.328325544110194D-02
    0.157049910264127D-01    0.430418852006946D-02
    0.174101631878605D-01    0.542526497660682D-02
    0.188366718371135D-01    0.663625217267126D-02
    0.199140561736190D-01    0.793658723106615D-02
    0.205674087921060D-01    0.931681553629758D-02
    0.207254196498819D-01    0.107912509963905D-01
    0.203272840672812D-01    0.123485043639167D-01
    0.193291028993503D-01    0.140277624691728D-01
    0.177225096100573D-01    0.158085923055653D-01
    0.155267651983219D-01    0.177640949082065D-01
    0.128266693694979D-01    0.198507925933921D-01
    0.973079670439179D-02    0.221736270303357D-01
    0.643148157887685D-02    0.246441372511431D-01
    0.311345511954753D-02    0.273716297062744D-01
    0.251961779317896D-04    0.302065186218192D-01
   -0.264615849693968D-02    0.332028358470007D-01
   -0.472935930695868D-02    0.361599818579116D-01
   -0.615537259385145D-02    0.390097645503887D-01
   -0.698850938032920D-02    0.415541105490875D-01
   -0.736645549730332D-02    0.435838480437985D-01
   -0.764492837943528D-02    0.449790037214841D-01
   -0.811952652867995D-02    0.454579911529611D-01
   -0.928128994986447D-02    0.450327990437556D-01
   -0.113371168069116D-01    0.434609738283697D-01
   -0.145673526233589D-01    0.408844242901233D-01
   -0.187172271294547D-01    0.371705470281104D-01
   -0.234680497502705D-01    0.325731751887212D-01
   -0.278200609713020D-01    0.271063049350357D-01
   -0.307574458178643D-01    0.211390757567200D-01
   -0.308376723000382D-01    0.149535821012476D-01
   -0.272338935953734D-01    0.908215070510637D-02
   -0.196511272885839D-01    0.440999036139668D-02
   -0.962589451271441D-02    0.107344812428567D-02
    0.000000000000000D+00    0.000000000000000D+00
    0.000000000000000D+00    0.000000000000000D+00
    0.223589073625600D-02    0.126289688737254D-03
    0.444053232612421D-02    0.483411717134707D-03
    0.661293873897336D-02    0.104081339181779D-02
    0.874041800026575D-02    0.177285019509113D-02
    0.107996405403669D-01    0.265935658660260D-02
    0.127571044268349D-01    0.368228619685867D-02
    0.145664605748351D-01    0.482684625904991D-02
    0.161730492743802D-01    0.607966732354833D-02
    0.175089574915485D-01    0.742820653058278D-02
    0.185027567228986D-01    0.886353856698091D-02
    0.190744802965620D-01    0.103748273084327D-01
    0.191512022404598D-01    0.119614835940989D-01
    0.186632199808547D-01    0.136159471925487D-01
    0.175667829677595D-01    0.153532208809344D-01
    0.158381831395026D-01    0.171704323518254D-01
    0.135066923306290D-01    0.191046334746152D-01
    0.106332389687650D-01    0.211557154638953D-01
    0.736055833349104D-02    0.233795975901311D-01
    0.384862606716972D-02    0.257660083914518D-01
    0.354437934522544D-03    0.283632595199767D-01
   -0.291040727725360D-02    0.311306899879326D-01
   -0.564792638564708D-02    0.340545036010128D-01
   -0.772403733430744D-02    0.370419353054582D-01
   -0.895195313753868D-02    0.399595448215775D-01
   -0.943344370228604D-02    0.426691276151914D-01
   -0.923185246911677D-02    0.449084630049221D-01
   -0.874837411505513D-02    0.465394304387850D-01
   -0.828112623655712D-02    0.472459813395055D-01
   -0.837494617342897D-02    0.469698204261460D-01
   -0.929818276049116D-02    0.454584395654759D-01
   -0.113842687824567D-01    0.427921596663384D-01
   -0.144615111465551D-01    0.388554054902320D-01
   -0.182778770739384D-01    0.339141652836383D-01
   -0.218971747466818D-01    0.280118564052287D-01
   -0.244814869961208D-01    0.216261494117342D-01
   -0.245759113105270D-01    0.150434465240056D-01
   -0.217304593614167D-01    0.898035039407631D-02
   -0.154465542326692D-01    0.422122319506691D-02
   -0.741205943753281D-02    0.103260833363725D-02
    0.000000000000000D+00    0.000000000000000D+00
    0.000000000000000D+00    0.000000000000000D+00
    0.197669063155312D-02    0.136760744158086D-03
    0.395799071823641D-02    0.521444945683391D-03
    0.593590311345745D-02    0.112325146673217D-02
    0.789204528754839D-02    0.191409106052800D-02
    0.979979034246830D-02    0.287349052659419D-02
    0.116224685953125D-01    0.398164512096175D-02
    0.133130017440339D-01    0.522169136638055D-02
    0.148147554184381D-01    0.657805995856958D-02
    0.160601275961497D-01    0.803272502380185D-02
    0.169754133281316D-01    0.957377338126608D-02
    0.174801629509167D-01    0.111796813417731D-01
    0.174966692741093D-01    0.128472926789854D-01
    0.169531977916160D-01    0.145514412271074D-01
    0.157956061593705D-01    0.163095035998886D-01
    0.139996348709227D-01    0.180927143606158D-01
    0.115748246393766D-01    0.199549973425784D-01
    0.859343510485730D-02    0.218614993951439D-01
    0.516621191659078D-02    0.239140454866798D-01
    0.149551475622920D-02    0.260574927233351D-01
   -0.220478260235882D-02    0.284268475002239D-01
   -0.563121824685336D-02    0.309296226936828D-01
   -0.853368355610961D-02    0.336740606946739D-01
   -0.106379897582861D-01    0.365054310683811D-01
   -0.118042668815614D-01    0.394097787299410D-01
   -0.119909660696567D-01    0.421871589265853D-01
   -0.113041764803378D-01    0.446262864620688D-01
   -0.100702657809879D-01    0.465383590958313D-01
   -0.863432696209014D-02    0.475499528550734D-01
   -0.757516038359238D-02    0.475922530575164D-01
   -0.721622909575315D-02    0.462821677867927D-01
   -0.800195291966292D-02    0.437310547501327D-01
   -0.983288820495311D-02    0.397194498756955D-01
   -0.125867058649418D-01    0.345932456657161D-01
   -0.154483027275510D-01    0.284024845850262D-01
   -0.176648416611749D-01    0.216832482798660D-01
   -0.180473670106736D-01    0.148980590694920D-01
   -0.160425700850402D-01    0.863202146297633D-02
   -0.114840303135600D-01    0.402329919912229D-02
   -0.557575877176234D-02    0.866101056903566D-03
    0.000000000000000D+00    0.000000000000000D+00
    0.000000000000000D+00    0.000000000000000D+00
    0.170493180097543D-02    0.141542849887511D-03
    0.344912140084903D-02    0.542478678613122D-03
    0.521927759379827D-02    0.117116820067272D-02
    0.699143583638482D-02    0.199920316297300D-02
    0.873559215471896D-02    0.300594734931702D-02
    0.104130691170182D-01    0.417149127743032D-02
    0.119755734684344D-01    0.547755940894587D-02
    0.133672350499769D-01    0.690625278648926D-02
    0.145201679661383D-01    0.843622029269088D-02
    0.153619549475495D-01    0.100492080086155D-01
    0.158108542959952D-01    0.117185756005516D-01
    0.157886097729040D-01    0.134286699777049D-01
    0.152180211301868D-01    0.151497833837987D-01
    0.140418898329245D-01    0.168785492098082D-01
    0.122215916494761D-01    0.185889508155232D-01
    0.976595642603955D-02    0.203046956832371D-01
    0.671852620513577D-02    0.220133336264269D-01
    0.320624143883369D-02    0.237779427856694D-01
   -0.614888243654147D-03    0.256016550904313D-01
   -0.447246468103399D-02    0.275748190423695D-01
   -0.812260522046641D-02    0.297096100605708D-01
   -0.111926672030835D-01    0.320697041066483D-01
   -0.134700787694256D-01    0.346322043668687D-01
   -0.146441214649114D-01    0.373387605055750D-01
   -0.147235002772482D-01    0.401047630419518D-01
   -0.136507087087987D-01    0.426695551199924D-01
   -0.117998704531206D-01    0.448726290862671D-01
   -0.944632843497167D-02    0.462871530302982D-01
   -0.723268824928452D-02    0.467712663028270D-01
   -0.553227534763040D-02    0.459011144245856D-01
   -0.489481545602871D-02    0.436659970131667D-01
   -0.535074650022026D-02    0.398377491301131D-01
   -0.693137913468229D-02    0.347265946099728D-01
   -0.891751132367445D-02    0.284081037442670D-01
   -0.107955704213044D-01    0.215124891117630D-01
   -0.113840863330769D-01    0.145195326779820D-01
   -0.104288407290435D-01    0.823829065131159D-02
   -0.753578821721215D-02    0.366276611286203D-02
   -0.364649731668243D-02    0.789673285351425D-03
    0.000000000000000D+00    0.000000000000000D+00
    0.000000000000000D+00    0.000000000000000D+00
    0.142343417910531D-02    0.143340155682314D-03
    0.292403444932915D-02    0.547644221866338D-03
    0.447876461085725D-02    0.118500032925513D-02
    0.605904647413362D-02    0.202650570617177D-02
    0.763093981672927D-02    0.305438469141550D-02
    0.915462562977955D-02    0.424842199645830D-02
    0.105823790005562D-01    0.559065829880954D-02
    0.118591118127576D-01    0.706159121353982D-02
    0.129201772719810D-01    0.863658685177926D-02
    0.136942337039971D-01    0.102933944391124D-01
    0.141027654730188D-01    0.119973320901022D-01
    0.140662060074746D-01    0.137256537226087D-01
    0.135075873285710D-01    0.154349286614698D-01
    0.123617467522692D-01    0.171126394875410D-01
    0.105860257659232D-01    0.187135372926468D-01
    0.816883015844980D-02    0.202554216956749D-01
    0.515052719553230D-02    0.217029936016238D-01
    0.161977256403463D-02    0.231291467963786D-01
   -0.225220224349794D-02    0.245147217898579D-01
   -0.624924809155678D-02    0.259946396325040D-01
   -0.100631663332765D-01    0.275668024304802D-01
   -0.133872226557129D-01    0.293920067009390D-01
   -0.158661210463656D-01    0.314306027838004D-01
   -0.172475763938998D-01    0.337594176734197D-01
   -0.173384709790980D-01    0.362892707470210D-01
   -0.161231907367177D-01    0.388611173805190D-01
   -0.137870811979274D-01    0.412886366753281D-01
   -0.106628326219300D-01    0.431266169947003D-01
   -0.732001405319351D-02    0.442259000582171D-01
   -0.423768414554400D-02    0.439838519705124D-01
   -0.204143029987704D-02    0.423905880804078D-01
   -0.936170389953744D-03    0.390022933572027D-01
   -0.113762456569277D-02    0.342089327222988D-01
   -0.215396154689834D-02    0.280280391657499D-01
   -0.359922558267809D-02    0.210924732229697D-01
   -0.458174571936250D-02    0.141133787513314D-01
   -0.473490506585501D-02    0.772485442587267D-02
   -0.383367887246103D-02    0.338555067279266D-02
   -0.229783170566096D-02    0.574742360233434D-03
    0.000000000000000D+00    0.000000000000000D+00
    0.000000000000000D+00    0.000000000000000D+00
    0.114735743193678D-02    0.139005288058564D-03
    0.240351327666079D-02    0.534841848973302D-03
    0.374083599425128D-02    0.116151285247461D-02
    0.512400748604743D-02    0.199359115994697D-02
    0.651749583062530D-02    0.301514427786840D-02
    0.788043467556645D-02    0.420865802724704D-02
    0.916635921040945D-02    0.555619974052357D-02
    0.103235407244047D-01    0.703832344752001D-02
    0.112904133104928D-01    0.862781441596321D-02
    0.120006162606819D-01    0.102988974199237D-01
    0.123789659935370D-01    0.120106871602150D-01
    0.123486385352842D-01    0.137319409987935D-01
    0.118333045191172D-01    0.154089328986722D-01
    0.107638356034149D-01    0.170143320874314D-01
    0.909051912521683D-02    0.184902238164974D-01
    0.678878989489178D-02    0.198333402518783D-01
    0.387739786265444D-02    0.209997511608321D-01
    0.429542423935334D-03    0.220382982558947D-01
   -0.342557729050900D-02    0.229403360518606D-01
   -0.746453263000934D-02    0.238222742141939D-01
   -0.114407844783326D-01    0.247308783791814D-01
   -0.149778418382552D-01    0.258269948634697D-01
   -0.177901447600382D-01    0.271729239003240D-01
   -0.194569026601658D-01    0.288607251336097D-01
   -0.198381345338800D-01    0.309460252972525D-01
   -0.186721449151064D-01    0.332901459025299D-01
   -0.161757705714862D-01    0.357997702068142D-01
   -0.124988216330477D-01    0.380193737078209D-01
   -0.823184465151557D-02    0.397802791632118D-01
   -0.384310591920025D-02    0.404164174722801D-01
   -0.534396846442394D-04    0.397409946076715D-01
    0.273924307804968D-02    0.372397262036960D-01
    0.411136934126898D-02    0.331212833047826D-01
    0.432528814233633D-02    0.274120467455283D-01
    0.344084548706097D-02    0.206897883543921D-01
    0.222415132680470D-02    0.137001618186684D-01
    0.780215144795696D-03    0.740174809207131D-02
   -0.312089754692419D-03    0.305330600691811D-02
   -0.760833169740935D-03    0.526985362802703D-03
    0.000000000000000D+00    0.000000000000000D+00
    0.000000000000000D+00    0.000000000000000D+00
    0.878866195939340D-03    0.131428758589732D-03
    0.189931056813195D-02    0.504977011396648D-03
    0.302176856536104D-02    0.110275952557983D-02
    0.420846169879399D-02    0.190115138945018D-02
    0.542006503709658D-02    0.289021737693159D-02
    0.661722151520990D-02    0.405402455587269D-02
    0.775588775871064D-02    0.537725746241113D-02
    0.878800625158508D-02    0.684062513356500D-02
    0.965865502974956D-02    0.841614956620105D-02
    0.103060437157971D-01    0.100755734425790D-01
    0.106629774256673D-01    0.117736270623133D-01
    0.106559110114372D-01    0.134717097066903D-01
    0.102134337762532D-01    0.151079526042556D-01
    0.926444336254118D-02    0.166397539676443D-01
    0.775541048056372D-02    0.179982641728456D-01
    0.564852380228409D-02    0.191547089582459D-01
    0.294618634114438D-02    0.200548453059137D-01
   -0.309334129829308D-03    0.207140372564257D-01
   -0.401227072304620D-02    0.211231041282814D-01
   -0.799002076180000D-02    0.213717850560661D-01
   -0.120002367617413D-01    0.215268488533453D-01
   -0.157283848931917D-01    0.217617844242139D-01
   -0.188261770743722D-01    0.221831369413538D-01
   -0.209203769959809D-01    0.229654267693175D-01
   -0.217038892158545D-01    0.242552520401121D-01
   -0.209306249357488D-01    0.260561468318377D-01
   -0.185580896596863D-01    0.283154920817503D-01
   -0.147322219587348D-01    0.306790034700858D-01
   -0.983940862500291D-02    0.330671742465178D-01
   -0.438653842548917D-02    0.346510911660547D-01
    0.935889984613118D-03    0.352654313165713D-01
    0.550184951263739D-02    0.340114227425840D-01
    0.868890850533282D-02    0.311965018440864D-01
    0.103596812607584D-01    0.264637313335860D-01
    0.103492264458785D-01    0.203165798530660D-01
    0.902538079872562D-02    0.136030739957224D-01
    0.648436534464519D-02    0.717151997185343D-02
    0.320403368206264D-02    0.299178671782582D-02
    0.153938293158427D-03    0.323170387156355D-03
    0.000000000000000D+00    0.000000000000000D+00
    0.000000000000000D+00    0.000000000000000D+00
    0.634168913315837D-03    0.118000923283541D-03
    0.143086556776947D-02    0.458385468946346D-03
    0.234759748503169D-02    0.100836427993728D-02
    0.333988637003653D-02    0.175145994530090D-02
    0.436913809094864D-02    0.268166483532537D-02
    0.539697530983179D-02    0.378786007102880D-02
    0.638268829896190D-02    0.505687358904050D-02
    0.728478766189327D-02    0.647123241046941D-02
    0.805368464119929D-02    0.800317634405332D-02
    0.863709755988054D-02    0.962363633746342D-02
    0.897450320253350D-02    0.112842971381910D-01
    0.900082606584910D-02    0.129427424821633D-01
    0.865100727866157D-02    0.145281258834975D-01
    0.785470953250269D-02    0.159903851717619D-01
    0.656116856247249D-02    0.172418462246298D-01
    0.471627060232564D-02    0.182430134759007D-01
    0.231683660196236D-02    0.189072831577307D-01
   -0.635971765535175D-03    0.192399487395091D-01
   -0.405445591936474D-02    0.191873935016949D-01
   -0.782736683332534D-02    0.188431537463913D-01
   -0.117438134075657D-01    0.182277264984481D-01
   -0.155379425967761D-01    0.175537318025502D-01
   -0.188977034678576D-01    0.169178462140667D-01
   -0.214079905949339D-01    0.165905716863633D-01
   -0.227821099651725D-01    0.167660017598156D-01
   -0.225987111280426D-01    0.176208340739113D-01
   -0.208014933527143D-01    0.192044754222460D-01
   -0.172632403488144D-01    0.213164784402911D-01
   -0.123143135965451D-01    0.239987568575872D-01
   -0.622890269573356D-02    0.264676436263366D-01
    0.283557031282765D-03    0.284625941446482D-01
    0.649208245773444D-02    0.289610482566824D-01
    0.116093578679105D-01    0.279609159494562D-01
    0.150823973795527D-01    0.249188159210773D-01
    0.162901092166567D-01    0.199578563350956D-01
    0.153398548686582D-01    0.138451295196236D-01
    0.117765306564409D-01    0.762100403679009D-02
    0.661566108533971D-02    0.322168336742310D-02
    0.175124734329000D-02    0.502948064287494D-03
    0.000000000000000D+00    0.000000000000000D+00
    0.000000000000000D+00    0.000000000000000D+00
    0.414336981271346D-03    0.101371227106299D-03
    0.101057159664076D-02    0.395473924421458D-03
    0.173352416071967D-02    0.881994179049302D-03
    0.253996473914631D-02    0.154828819434393D-02
    0.338886286524516D-02    0.239641341436954D-02
    0.424613893185538D-02    0.341852859624291D-02
    0.507566118908043D-02    0.460523382583948D-02
    0.584156648609822D-02    0.594171344665351D-02
    0.650388671921083D-02    0.740122403747167D-02
    0.701698237999016D-02    0.895629165311587D-02
    0.733274183253158D-02    0.105577605691521D-01
    0.739289534681355D-02    0.121612927320800D-01
    0.714340050839599D-02    0.136939674072288D-01
    0.651862232071877D-02    0.150948952039756D-01
    0.546987435560562D-02    0.162742869043523D-01
    0.394159048605699D-02    0.171637414212018D-01
    0.191279054399443D-02    0.176781314836119D-01
   -0.627856571600474D-03    0.177641829238357D-01
   -0.364072146980585D-02    0.173828490430829D-01
   -0.704074766919653D-02    0.165340159265852D-01
   -0.106927830466209D-01    0.152784974089507D-01
   -0.143642326790979D-01    0.137162943428829D-01
   -0.178166998918585D-01    0.120360953930726D-01
   -0.206518213304997D-01    0.104348778918206D-01
   -0.225879616163855D-01    0.926037570086577D-02
   -0.231637857433304D-01    0.874599043468417D-02
   -0.222000164017241D-01    0.908353160338065D-02
   -0.194304259394608D-01    0.102740064173997D-01
   -0.149754984325518D-01    0.126571923369794D-01
   -0.894419194424628D-02    0.155318701049982D-01
   -0.182574063060210D-02    0.187332855434500D-01
    0.562013450890626D-02    0.209853785301998D-01
    0.125763617966220D-01    0.225774876943958D-01
    0.180894253704864D-01    0.219211638521545D-01
    0.213831161872672D-01    0.191120851980674D-01
    0.214261961329877D-01    0.143640632718758D-01
    0.177908265121219D-01    0.840581448402240D-02
    0.106346890912359D-01    0.410862553157708D-02
    0.264019222091762D-02    0.677481207234095D-03
    0.000000000000000D+00    0.000000000000000D+00
    0.000000000000000D+00    0.000000000000000D+00
    0.234422371294180D-03    0.802193277572637D-04
    0.652807792546864D-03    0.320337134524431D-03
    0.120056585238134D-02    0.728026863747912D-03
    0.183016325159638D-02    0.130051875269328D-02
    0.250392411855596D-02    0.204500336308891D-02
    0.319193492242469D-02    0.295869507056289D-02
    0.386230392561639D-02    0.403631601221681D-02
    0.448871717454557D-02    0.526494527160189D-02
    0.503656335418975D-02    0.662205832965057D-02
    0.547345505109168D-02    0.808084594963691D-02
    0.575815344305704D-02    0.959582055227378D-02
    0.584690893992475D-02    0.111228295478590D-01
    0.569384165326178D-02    0.125891579587758D-01
    0.524351943595692D-02    0.139337750123499D-01
    0.445571505321724D-02    0.150570574339008D-01
    0.326970292133468D-02    0.158904831732726D-01
    0.167228964750629D-02    0.163175947904914D-01
   -0.386025081841851D-03    0.162877370064583D-01
   -0.285736160192023D-02    0.156933609878793D-01
   -0.574930203948858D-02    0.145498842182326D-01
   -0.891256923265760D-02    0.127990060221294D-01
   -0.122680273630342D-01    0.105891039916221D-01
   -0.155426182848956D-01    0.795174453323896D-02
   -0.185186035138478D-01    0.521445929365548D-02
   -0.208445287562934D-01    0.254334441985238D-02
   -0.221841465924954D-01    0.443252878208428D-03
   -0.222442764779396D-01   -0.961689298638175D-03
   -0.206284997472385D-01   -0.128062402228742D-02
   -0.173087923991633D-01   -0.155855282285683D-03
   -0.120848515809157D-01    0.227158140784742D-02
   -0.524856753522235D-02    0.582919150539302D-02
    0.256186842826199D-02    0.952248063625845D-02
    0.108419352968084D-01    0.135447555821074D-01
    0.182483008398910D-01    0.159706543064001D-01
    0.238675251432111D-01    0.164659616677790D-01
    0.260723990036498D-01    0.142017752152818D-01
    0.234264156194871D-01    0.986755434955674D-02
    0.150503049540601D-01    0.533882146629973D-02
    0.563361353404020D-02    0.146389568178111D-02
    0.000000000000000D+00    0.000000000000000D+00
    0.000000000000000D+00    0.000000000000000D+00
    0.940838171696301D-04    0.564350689567787D-04
    0.369049161617390D-03    0.233067009470739D-03
    0.760771244102289D-03    0.552747075833102D-03
    0.122875297063841D-02    0.101742240970639D-02
    0.173606660971792D-02    0.164178043641060D-02
    0.225924814328079D-02    0.242701104835753D-02
    0.277315184174595D-02    0.337038375108336D-02
    0.325705855669780D-02    0.446404526792881D-02
    0.368757624679033D-02    0.568636488244693D-02
    0.403828339317177D-02    0.701743398404875D-02
    0.428262426923116D-02    0.841284934407725D-02
    0.438390725882423D-02    0.983590671516674D-02
    0.431187420885790D-02    0.112163647498097D-01
    0.401906575475783D-02    0.124966458043975D-01
    0.347576458290400D-02    0.135823184830878D-01
    0.262905768351974D-02    0.143938623431408D-01
    0.145943129089231D-02    0.148258144780239D-01
   -0.762713004392385D-04    0.147829418337878D-01
   -0.197159399352594D-02    0.141815646058466D-01
   -0.422916667621600D-02    0.129315110373165D-01
   -0.679690589839691D-02    0.110252790094028D-01
   -0.958692766752731D-02    0.841910727867159D-02
   -0.124893301711307D-01    0.525354506256114D-02
   -0.152583316705553D-01    0.158967401216050D-02
   -0.177425660510700D-01   -0.223677164884261D-02
   -0.195234616158000D-01   -0.597055513695829D-02
   -0.204849252584213D-01   -0.922432578940507D-02
   -0.200392484811301D-01   -0.116612993176771D-01
   -0.182399712111204D-01   -0.125338485566566D-01
   -0.144899300998814D-01   -0.116861458583882D-01
   -0.907614278313776D-02   -0.924637639830061D-02
   -0.196595841456662D-02   -0.551792945431535D-02
    0.630594691452564D-02    0.160216542750110D-03
    0.148692298527716D-01    0.543296134268583D-02
    0.228917393325356D-01    0.100515103168914D-01
    0.275879303306386D-01    0.115532883563576D-01
    0.273759221200970D-01    0.106960413066832D-01
    0.195903508663593D-01    0.721084286798172D-02
    0.812206696045952D-02    0.165034282791417D-02
    0.000000000000000D+00    0.000000000000000D+00
    0.000000000000000D+00    0.000000000000000D+00
    0.336357434760547D-05    0.318207138904692D-04
    0.163713597804995D-03    0.144198665658488D-03
    0.423983989707546D-03    0.369065479952848D-03
    0.746242618725060D-03    0.718246140842087D-03
    0.109911995721576D-02    0.121073610342000D-02
    0.146738567216554D-02    0.184977113754668D-02
    0.182928143216602D-02    0.263774349039218D-02
    0.217518556045092D-02    0.356641553590802D-02
    0.248475386169402D-02    0.462201338586560D-02
    0.274574599418476D-02    0.578485552379047D-02
    0.293550436328372D-02    0.702147239615679D-02
    0.303448297582750D-02    0.829739381472464D-02
    0.301767422653949D-02    0.955505644533289D-02
    0.285542450257995D-02    0.107420275631071D-01
    0.252473869148639D-02    0.117734268229045D-01
    0.198441146874444D-02    0.125787003809597D-01
    0.122393679239938D-02    0.130474483141510D-01
    0.191072559981798D-03    0.130991619354634D-01
   -0.109276420119841D-02    0.126094613549377D-01
   -0.268633696790212D-02    0.115129705323763D-01
   -0.450591224259070D-02    0.969514835119446D-02
   -0.660321495019154D-02    0.715728549379041D-02
   -0.879590556118506D-02    0.383269365311987D-02
   -0.111057934523383D-01   -0.117876651770843D-03
   -0.132348763146202D-01   -0.469196927076484D-02
   -0.151486368743755D-01   -0.944534220802873D-02
   -0.164688953376144D-01   -0.143603178067603D-01
   -0.170167377016921D-01   -0.186831743837146D-01
   -0.164779579963879D-01   -0.222337562948089D-01
   -0.146521749283601D-01   -0.238922352556295D-01
   -0.114074765220964D-01   -0.241105852350355D-01
   -0.640777743215255D-02   -0.221074669524709D-01
   -0.192597227308471D-04   -0.172362987763578D-01
    0.797618776295985D-02   -0.108315536705086D-01
    0.165127147017917D-01   -0.281465831527038D-02
    0.237250201988902D-01    0.342756270656793D-02
    0.275899129737432D-01    0.812547754022531D-02
    0.238485569067947D-01    0.911435754527829D-02
    0.120530643726235D-01    0.421359569236780D-02
    0.000000000000000D+00    0.000000000000000D+00
    0.000000000000000D+00    0.000000000000000D+00
   -0.418515561849841D-04    0.785258524370503D-05
    0.418372500389011D-04    0.555587552673154D-04
    0.193881212086014D-03    0.189503140710674D-03
    0.391099533596890D-03    0.423845528457393D-03
    0.608170401635515D-03    0.779545977356516D-03
    0.836048180006036D-03    0.126309899314286D-02
    0.106130259901214D-02    0.187506709515362D-02
    0.127724374509728D-02    0.261415312660208D-02
    0.147425192094638D-02    0.346507915533929D-02
    0.164260008798790D-02    0.441962035833011D-02
    0.177310348098618D-02    0.544495874001185D-02
    0.184995116233235D-02    0.652288026976545D-02
    0.186373638343938D-02    0.759976540071291D-02
    0.179077344671289D-02    0.864294690187597D-02
    0.162287419156939D-02    0.957595857359825D-02
    0.132794942043413D-02    0.103459661579172D-01
    0.902339946328987D-03    0.108576954020722D-01
    0.307639410627335D-03    0.110320479446127D-01
   -0.449884733476404D-03    0.107713951854176D-01
   -0.140721727569542D-02    0.996626330373513D-02
   -0.254100726004329D-02    0.855312658807835D-02
   -0.386689585367887D-02    0.639574005549045D-02
   -0.533802567187562D-02    0.352581486241362D-02
   -0.691474228335344D-02   -0.186794940969058D-03
   -0.853342165878873D-02   -0.456384577273547D-02
   -0.100534046894902D-01   -0.965192905198484D-02
   -0.114325245969520D-01   -0.150748653700857D-01
   -0.123128334188365D-01   -0.207226650570701D-01
   -0.127580772812128D-01   -0.260067145768269D-01
   -0.122763261913875D-01   -0.302882461476719D-01
   -0.111011688436672D-01   -0.336750904391206D-01
   -0.841991155900711D-02   -0.351434295140258D-01
   -0.477220648038028D-02   -0.331685540088368D-01
    0.108129423051375D-02   -0.283661940252519D-01
    0.723505644850813D-02   -0.207460198347306D-01
    0.154849081612534D-01   -0.110350401529508D-01
    0.241208092083239D-01    0.941048715441963D-03
    0.251310726289411D-01    0.742877228909132D-02
    0.217943214996284D-01    0.280332829712194D-02
    0.000000000000000D+00    0.000000000000000D+00
    0.000000000000000D+00    0.000000000000000D+00
   -0.441888895477563D-04   -0.827250541303697D-05
   -0.106776820901163D-04   -0.109194289423495D-04
    0.584861380557523D-04    0.431388108062306D-04
    0.155651858368913D-03    0.170835840142267D-03
    0.259768624980309D-03    0.394114123252814D-03
    0.372799683084394D-03    0.713748143378950D-03
    0.481448992342176D-03    0.113614425541504D-02
    0.589274816315874D-03    0.165526271931908D-02
    0.685545113131586D-03    0.226645660029434D-02
    0.772491306957478D-03    0.295923891185095D-02
    0.839594885794570D-03    0.371707252011410D-02
    0.886272897296047D-03    0.452282489423453D-02
    0.901864584952485D-03    0.534551637698784D-02
    0.881500566502244D-03    0.615810393272208D-02
    0.815872944473470D-03    0.691212325934990D-02
    0.693592742523908D-03    0.756673730909417D-02
    0.510537284851345D-03    0.805475564482283D-02
    0.245242666776858D-03    0.831824664460268D-02
   -0.936215262206691D-04    0.827438774369923D-02
   -0.542753538283690D-03    0.784755815273342D-02
   -0.106688209677413D-02    0.695084284115171D-02
   -0.172382811435569D-02    0.549913355619294D-02
   -0.243093549279900D-02    0.342378586695123D-02
   -0.327544655237859D-02    0.662531056023815D-03
   -0.410534613242760D-02   -0.281784930749959D-02
   -0.503223159106515D-02   -0.699718041225490D-02
   -0.581397072153643D-02   -0.118408610477818D-01
   -0.656557696559726D-02   -0.170958598147583D-01
   -0.699588963126207D-02   -0.227646059129132D-01
   -0.727129738393462D-02   -0.280490511477253D-01
   -0.710779511978178D-02   -0.334223777933431D-01
   -0.624297695063753D-02   -0.375420601993993D-01
   -0.445641917307365D-02   -0.403121389004491D-01
   -0.150388051275886D-02   -0.392488651111821D-01
    0.224546370504998D-02   -0.375563905201884D-01
    0.610447860962565D-02   -0.302990618554213D-01
    0.926655284305706D-02   -0.190006701238724D-01
    0.124995953321741D-01   -0.102239211575426D-01
    0.131693822360791D-01    0.259599570620115D-02
    0.000000000000000D+00    0.000000000000000D+00
    0.000000000000000D+00    0.000000000000000D+00
   -0.164616495580798D-04   -0.164616495576139D-04
   -0.832618077291882D-05   -0.444247210374662D-04
    0.830025635815073D-05   -0.410395728173929D-04
    0.346924334034959D-04    0.667777173118095D-05
    0.631531601786070D-04    0.107182355819133D-03
    0.942113386364691D-04    0.266854482578656D-03
    0.124380454275552D-03    0.482730561677902D-03
    0.153705736000704D-03    0.758884823430723D-03
    0.181153978972827D-03    0.108509511841922D-02
    0.205057260906903D-03    0.146530304115063D-02
    0.225865009868878D-03    0.188135552448683D-02
    0.239526771130615D-03    0.233668968066106D-02
    0.248291797108327D-03    0.280277412000787D-02
    0.244813258967062D-03    0.328162270156171D-02
    0.234045693714479D-03    0.373166969282193D-02
    0.204207253318948D-03    0.415112960476420D-02
    0.164212683982358D-03    0.448470861842734D-02
    0.966507721276500D-04    0.472191294999678D-02
    0.159142743214301D-04    0.479789106060452D-02
   -0.101770320030044D-03    0.468376825290738D-02
   -0.234793020226933D-03    0.431999484550490D-02
   -0.412124660028774D-03    0.364387558062352D-02
   -0.603181171264682D-03    0.263078190946533D-02
   -0.840779037996752D-03    0.116447067263117D-02
   -0.108986639726985D-02   -0.695354319872519D-03
   -0.137138832782964D-02   -0.315056957118837D-02
   -0.164862900690311D-02   -0.596693226831322D-02
   -0.190410379432916D-02   -0.939179891243233D-02
   -0.210896497770937D-02   -0.131054752218753D-01
   -0.229906342052043D-02   -0.173044624066934D-01
   -0.257986685888718D-02   -0.214756600365148D-01
   -0.254054383226181D-02   -0.260995801932224D-01
   -0.231304143066651D-02   -0.297623333238459D-01
   -0.142255794528066D-02   -0.311800408189927D-01
   -0.372909041540953D-04   -0.343337400965303D-01
   -0.330512590846475D-05   -0.348163906597930D-01
   -0.194427093404049D-02   -0.304400986406926D-01
   -0.257996283245000D-02   -0.269920374215835D-01
    0.249623754100880D-01   -0.111397202246986D-01
    0.000000000000000D+00    0.000000000000000D+00
    0.000000000000000D+00    0.000000000000000D+00
    0.000000000000000D+00    0.000000000000000D+00
    0.000000000000000D+00    0.000000000000000D+00
    0.000000000000000D+00    0.000000000000000D+00
    0.000000000000000D+00    0.000000000000000D+00
    0.000000000000000D+00    0.000000000000000D+00
    0.000000000000000D+00    0.000000000000000D+00
    0.000000000000000D+00    0.000000000000000D+00
    0.000000000000000D+00    0.000000000000000D+00
    0.000000000000000D+00    0.000000000000000D+00
    0.000000000000000D+00    0.000000000000000D+00
    0.000000000000000D+00    0.000000000000000D+00
    0.000000000000000D+00    0.000000000000000D+00
    0.000000000000000D+00    0.000000000000000D+00
    0.000000000000000D+00    0.000000000000000D+00
    0.000000000000000D+00    0.000000000000000D+00
    0.000000000000000D+00    0.000000000000000D+00
    0.000000000000000D+00    0.000000000000000D+00
    0.000000000000000D+00    0.000000000000000D+00
    0.000000000000000D+00    0.000000000000000D+00
    0.000000000000000D+00    0.000000000000000D+00
    0.000000000000000D+00    0.000000000000000D+00
    0.000000000000000D+00    0.000000000000000D+00
    0.000000000000000D+00    0.000000000000000D+00
    0.000000000000000D+00    0.000000000000000D+00
    0.000000000000000D+00    0.000000000000000D+00
    0.000000000000000D+00    0.000000000000000D+00
    0.000000000000000D+00    0.000000000000000D+00
    0.000000000000000D+00    0.000000000000000D+00
    0.000000000000000D+00    0.000000000000000D+00
    0.000000000000000D+00    0.000000000000000D+00
    0.000000000000000D+00    0.000000000000000D+00
    0.000000000000000D+00    0.000000000000000D+00
    0.000000000000000D+00    0.000000000000000D+00
    0.000000000000000D+00    0.000000000000000D+00
    0.000000000000000D+00    0.000000000000000D+00
    0.000000000000000D+00    0.000000000000000D+00
    0.000000000000000D+00    0.000000000000000D+00
    0.000000000000000D+00    0.000000000000000D+00
    0.000000000000000D+00    0.000000000000000D+00
    0.000000000000000D+00    0.000000000000000D+00
