    0.000000000000000D+00    0.000000000000000D+00
    0.000000000000000D+00    0.000000000000000D+00
    0.000000000000000D+00    0.000000000000000D+00
    0.000000000000000D+00    0.000000000000000D+00
    0.000000000000000D+00    0.000000000000000D+00
    0.000000000000000D+00    0.000000000000000D+00
    0.000000000000000D+00    0.000000000000000D+00
    0.000000000000000D+00    0.000000000000000D+00
    0.000000000000000D+00    0.000000000000000D+00
    0.000000000000000D+00    0.000000000000000D+00
    0.000000000000000D+00    0.000000000000000D+00
    0.000000000000000D+00    0.000000000000000D+00
    0.000000000000000D+00    0.000000000000000D+00
    0.000000000000000D+00    0.000000000000000D+00
    0.000000000000000D+00    0.000000000000000D+00
    0.000000000000000D+00    0.000000000000000D+00
    0.000000000000000D+00    0.000000000000000D+00
    0.000000000000000D+00    0.000000000000000D+00
    0.000000000000000D+00    0.000000000000000D+00
    0.000000000000000D+00    0.000000000000000D+00
    0.000000000000000D+00    0.000000000000000D+00
    0.000000000000000D+00    0.000000000000000D+00
    0.000000000000000D+00    0.000000000000000D+00
    0.000000000000000D+00    0.000000000000000D+00
    0.000000000000000D+00    0.000000000000000D+00
    0.000000000000000D+00    0.000000000000000D+00
    0.000000000000000D+00    0.000000000000000D+00
    0.000000000000000D+00    0.000000000000000D+00
    0.000000000000000D+00    0.000000000000000D+00
    0.000000000000000D+00    0.000000000000000D+00
    0.000000000000000D+00    0.000000000000000D+00
    0.000000000000000D+00    0.000000000000000D+00
    0.000000000000000D+00    0.000000000000000D+00
    0.000000000000000D+00    0.000000000000000D+00
    0.000000000000000D+00    0.000000000000000D+00
    0.000000000000000D+00    0.000000000000000D+00
    0.000000000000000D+00    0.000000000000000D+00
    0.000000000000000D+00    0.000000000000000D+00
    0.000000000000000D+00    0.000000000000000D+00
    0.000000000000000D+00    0.000000000000000D+00
    0.000000000000000D+00    0.000000000000000D+00
    0.000000000000000D+00    0.000000000000000D+00
    0.201997894800273D-04   -0.201769810259759D-04
    0.197794092249457D-04   -0.507996058201195D-04
    0.728639342002577D-05   -0.727598070620403D-04
   -0.147152550429765D-04   -0.551567027545992D-04
   -0.389828285903832D-04   -0.908340515231986D-07
   -0.646001620605292D-04    0.106941257137216D-03
   -0.903851909918012D-04    0.260981488091902D-03
   -0.114309807649124D-03    0.464344452375789D-03
   -0.137081610098346D-03    0.712024180607108D-03
   -0.155898945264927D-03    0.999780348256760D-03
   -0.172472994507908D-03    0.132247848321678D-02
   -0.183577672484662D-03    0.167054292121010D-02
   -0.191564454888946D-03    0.203928640053043D-02
   -0.193092488352243D-03    0.241458991991335D-02
   -0.190858925583764D-03    0.279286362546104D-02
   -0.181831644066918D-03    0.315642046784230D-02
   -0.168776749279141D-03    0.350349924203582D-02
   -0.149454158103174D-03    0.381447167529172D-02
   -0.126358127447767D-03    0.408999340507014D-02
   -0.985252199100247D-04    0.431096635232844D-02
   -0.677927975260189D-04    0.448067683166449D-02
   -0.348514837121112D-04    0.458371914186609D-02
   -0.495783598919287D-06    0.462569724765458D-02
    0.327283411214500D-04    0.459839949143573D-02
    0.652841686790070D-04    0.450887010832804D-02
    0.928682848274155D-04    0.435907234263744D-02
    0.116864041306816D-03    0.415690969697379D-02
    0.132776939390132D-03    0.391562378979428D-02
    0.144192157918806D-03    0.364155563356175D-02
    0.144425513175715D-03    0.336375299090734D-02
    0.132465297053868D-03    0.308358173123787D-02
    0.108043016411604D-03    0.282362177780516D-02
    0.614093553575553D-04    0.261616334959534D-02
    0.356201811726366D-04    0.246122765578597D-02
    0.996310054628221D-04    0.227301384045744D-02
    0.646974784281888D-04    0.226068340872175D-02
   -0.148946348358670D-03    0.218023964813249D-02
   -0.125176159144226D-03    0.155131567714978D-02
    0.967776701001019D-03    0.967776701001725D-03
    0.000000000000000D+00    0.000000000000000D+00
    0.000000000000000D+00    0.000000000000000D+00
    0.507767973676875D-04   -0.198924135526687D-04
    0.410918089973432D-04   -0.413581734515154D-04
   -0.101050783794270D-04   -0.333820733098990D-04
   -0.845338859975402D-04    0.370411611285542D-04
   -0.173639987645982D-03    0.181284559347455D-03
   -0.265637982322610D-03    0.407912372680904D-03
   -0.359907173678738D-03    0.721068709228402D-03
   -0.447841119234785D-03    0.111637815103207D-02
   -0.530392172007757D-03    0.159209158183407D-02
   -0.600783311483872D-03    0.213663527410029D-02
   -0.659864380426794D-03    0.274340493841648D-02
   -0.702830287700799D-03    0.339564716788384D-02
   -0.729662121650742D-03    0.408298964194781D-02
   -0.738080181429324D-03    0.478516803233585D-02
   -0.726799415682507D-03    0.548906060740807D-02
   -0.696781456098168D-03    0.617264341623401D-02
   -0.645387861027375D-03    0.682145298445205D-02
   -0.577382004172849D-03    0.741399400875259D-02
   -0.488945647137647D-03    0.793630860050476D-02
   -0.388741652867131D-03    0.837025877470186D-02
   -0.272234851338056D-03    0.870456223787607D-02
   -0.151379833317445D-03    0.892751397743716D-02
   -0.217092170107029D-04    0.903274993191051D-02
    0.102980894058410D-03    0.901777850320890D-02
    0.225909220802335D-03    0.888313331439105D-02
    0.333929588588504D-03    0.863698930208800D-02
    0.427524184557021D-03    0.828850443052037D-02
    0.497648238458730D-03    0.785607603191671D-02
    0.540614784293329D-03    0.735789253447188D-02
    0.556348362467543D-03    0.681800650308797D-02
    0.532596634102050D-03    0.626032505376661D-02
    0.491450536784702D-03    0.569261822505083D-02
    0.419851818426967D-03    0.515727786628493D-02
    0.352226583533996D-03    0.465764009254413D-02
    0.311413033038166D-03    0.416530735100464D-02
    0.398496116680213D-03    0.355797242906253D-02
    0.722062309936685D-03    0.276010079546300D-02
    0.140531119508056D-02    0.158003620320706D-02
    0.219530058992665D-02    0.404971539161903D-03
    0.000000000000000D+00    0.000000000000000D+00
    0.000000000000000D+00    0.000000000000000D+00
    0.727684841654669D-04   -0.762861212910617D-05
    0.338251411802648D-04    0.797570696161194D-05
   -0.756701375309233D-04    0.719838134600645D-04
   -0.231367155356425D-03    0.224115672489255D-03
   -0.411984843943209D-03    0.471121893891014D-03
   -0.604062321951197D-03    0.829423739424157D-03
   -0.797038675013574D-03    0.129716890356957D-02
   -0.981652584961597D-03    0.187626404064140D-02
   -0.115192111634877D-02    0.255783859546760D-02
   -0.130032770529616D-02    0.333314274939625D-02
   -0.142338954141461D-02    0.418834939756481D-02
   -0.151463572541338D-02    0.510618259700787D-02
   -0.157222948614624D-02    0.606957834601506D-02
   -0.159102987748178D-02    0.705439841512575D-02
   -0.157082906553490D-02    0.804226624828205D-02
   -0.150853803773904D-02    0.900375142181954D-02
   -0.140588880912680D-02    0.992159367877051D-02
   -0.126271550251057D-02    0.107633616277839D-01
   -0.108294387924335D-02    0.115156404051849D-01
   -0.870080340435458D-03    0.121463518405705D-01
   -0.630191583939501D-03    0.126485666603640D-01
   -0.370789178925350D-03    0.129948890976986D-01
   -0.996352329481482D-04    0.131869375977535D-01
    0.172156885798456D-03    0.132066333852797D-01
    0.435844189971210D-03    0.130652482923446D-01
    0.678411723260657D-03    0.127575615110386D-01
    0.891162971462920D-03    0.123042153721091D-01
    0.106248859795838D-02    0.117139174598562D-01
    0.118465217084981D-02    0.110138606363890D-01
    0.125365769849862D-02    0.102209555084642D-01
    0.126419036154102D-02    0.936425901110768D-02
    0.123451963687152D-02    0.845286751531506D-02
    0.118298845053312D-02    0.749470076446995D-02
    0.112657433726765D-02    0.651442553074242D-02
    0.114331495541542D-02    0.541944451615441D-02
    0.128789391224848D-02    0.417675234043204D-02
    0.190952248564712D-02    0.276173447127081D-02
    0.249330158526935D-02    0.117632675885827D-02
    0.240223862021683D-02    0.300727052666629D-03
    0.000000000000000D+00    0.000000000000000D+00
    0.000000000000000D+00    0.000000000000000D+00
    0.578228159808338D-04    0.123631897467988D-04
   -0.314627443966140D-04    0.748633774053724D-04
   -0.223976143138755D-03    0.212717914989386D-03
   -0.480357100403686D-03    0.456397690316875D-03
   -0.776363851092358D-03    0.817425685466750D-03
   -0.108880778824209D-02    0.130650527621746D-02
   -0.140331325956918D-02    0.192610747010197D-02
   -0.170453222856511D-02    0.267398967715288D-02
   -0.198234648704999D-02    0.354360394795016D-02
   -0.222586166724028D-02    0.452202986349490D-02
   -0.242692619656409D-02    0.559547610717560D-02
   -0.257813265457929D-02    0.674291107328696D-02
   -0.267228472110035D-02    0.794475926562250D-02
   -0.270576169171861D-02    0.917384736543203D-02
   -0.267243440807883D-02    0.104066907141769D-01
   -0.257338817528312D-02    0.116118588901915D-01
   -0.240428201324745D-02    0.127645793676290D-01
   -0.217190551607579D-02    0.138315492561627D-01
   -0.187463082744085D-02    0.147901038434911D-01
   -0.152548256338899D-02    0.156081428425073D-01
   -0.112634331562036D-02    0.162690297277667D-01
   -0.696020165326716D-03    0.167454766302485D-01
   -0.240324558050095D-03    0.170307392403154D-01
    0.218020438873743D-03    0.171058191740357D-01
    0.669481980960130D-03    0.169768750929442D-01
    0.109106945821026D-02    0.166353602341678D-01
    0.147089143475098D-02    0.161013569242288D-01
    0.179156121223484D-02    0.153758446703943D-01
    0.204225143497708D-02    0.144898432285381D-01
    0.221989939542511D-02    0.134469320564167D-01
    0.232400168279824D-02    0.122810891028916D-01
    0.237406303583063D-02    0.109893035564449D-01
    0.240264198465990D-02    0.958668830628844D-02
    0.245717182374811D-02    0.805068185062851D-02
    0.264680395763495D-02    0.635493060534712D-02
    0.300477575582788D-02    0.451803013798365D-02
    0.362397080222911D-02    0.263535098585647D-02
    0.387972284630679D-02    0.105245221498489D-02
    0.301277540670943D-02    0.139371093118822D-03
    0.000000000000000D+00    0.000000000000000D+00
    0.000000000000000D+00    0.000000000000000D+00
    0.972748188468969D-05    0.333595142094414D-04
   -0.160921156464265D-03    0.150456372104803D-03
   -0.454696697352366D-03    0.364654579949971D-03
   -0.832542968435625D-03    0.705569364886640D-03
   -0.125968338771376D-02    0.117792533988804D-02
   -0.171062594305141D-02    0.179521563388413D-02
   -0.216238901278492D-02    0.255442577196771D-02
   -0.259654964184102D-02    0.345728611399033D-02
   -0.299689547547855D-02    0.449203513156049D-02
   -0.334890091396532D-02    0.564908469452918D-02
   -0.364075029449029D-02    0.690961479002056D-02
   -0.386056272965848D-02    0.825447858594557D-02
   -0.400015803964854D-02    0.965957964997262D-02
   -0.405040273118134D-02    0.110973784716439D-01
   -0.400729425686750D-02    0.125409904563486D-01
   -0.386544393755685D-02    0.139557039390189D-01
   -0.362614114664894D-02    0.153150522513549D-01
   -0.328922182222645D-02    0.165791272060798D-01
   -0.286227805562567D-02    0.177256742810917D-01
   -0.235176151007876D-02    0.187127455905914D-01
   -0.177182517958976D-02    0.195262195551032D-01
   -0.113616961621749D-02    0.201264408377288D-01
   -0.464586392654585D-03    0.205107372988305D-01
    0.222883362738196D-03    0.206465008127287D-01
    0.903134627113269D-03    0.205443550352245D-01
    0.155317550190922D-02    0.201824085016144D-01
    0.215059229595934D-02    0.195838355320752D-01
    0.267642509908686D-02    0.187379187908616D-01
    0.311568577410762D-02    0.176753124127829D-01
    0.346438085347457D-02    0.163925777536401D-01
    0.372872697683484D-02    0.149149003401916D-01
    0.392567121518683D-02    0.132456208363859D-01
    0.410719142644845D-02    0.113848230009731D-01
    0.429628738843399D-02    0.935436226165664D-02
    0.464063366171789D-02    0.713789912984108D-02
    0.500532311514031D-02    0.486841974312954D-02
    0.545320587812609D-02    0.273388288437898D-02
    0.523610166040244D-02    0.103523392878112D-02
    0.352635044197268D-02    0.185790640774796D-03
    0.000000000000000D+00    0.000000000000000D+00
    0.000000000000000D+00    0.000000000000000D+00
   -0.800498354168596D-04    0.529220585149275D-04
   -0.356179145601678D-03    0.220652689480662D-03
   -0.774167645918043D-03    0.511793163221844D-03
   -0.128791084861214D-02    0.944132452774146D-03
   -0.186102667243153D-02    0.152311360185135D-02
   -0.246124073246012D-02    0.225632706074758D-02
   -0.306170283045073D-02    0.314274677569091D-02
   -0.363855057618883D-02    0.418025687415653D-02
   -0.417073247944430D-02    0.535927074360817D-02
   -0.464021700999050D-02    0.666733560972584D-02
   -0.502959773115774D-02    0.808706251377127D-02
   -0.532559198933381D-02    0.959712894675211D-02
   -0.551377944850094D-02    0.111734065855122D-01
   -0.558586563945421D-02    0.127868010852773D-01
   -0.553117524763942D-02    0.144083545747940D-01
   -0.534768681919794D-02    0.160025550504501D-01
   -0.503006049851481D-02    0.175384550359400D-01
   -0.458428172594738D-02    0.189761013645313D-01
   -0.401208382023631D-02    0.202864208761970D-01
   -0.332880587936393D-02    0.214279252384774D-01
   -0.254433678166318D-02    0.223779407816090D-01
   -0.168342273350019D-02    0.230972000570764D-01
   -0.763775402169963D-03    0.235737742624416D-01
    0.182515232359639D-03    0.237745486690180D-01
    0.113245297797474D-02    0.237012706315639D-01
    0.205149782530370D-02    0.233298321627722D-01
    0.291722170146570D-02    0.226755611927482D-01
    0.370087462818123D-02    0.217236412467063D-01
    0.439143858956927D-02    0.204981648030628D-01
    0.497640132335980D-02    0.189915229672084D-01
    0.547278932142387D-02    0.172264624624768D-01
    0.589005989214037D-02    0.152031882340884D-01
    0.628797793506430D-02    0.129383679109589D-01
    0.667210341181578D-02    0.104684708216237D-01
    0.711314603128166D-02    0.785097796817256D-02
    0.746326729234134D-02    0.526434654858100D-02
    0.748446390705356D-02    0.294887767746512D-02
    0.649783671185136D-02    0.121763814544877D-02
    0.399419050795483D-02    0.280334266121165D-03
    0.000000000000000D+00    0.000000000000000D+00
    0.000000000000000D+00    0.000000000000000D+00
   -0.205342878519535D-03    0.711908111794699D-04
   -0.614673593456782D-03    0.286255549542161D-03
   -0.117306820270893D-02    0.644792233239888D-03
   -0.183748443468679D-02    0.116017446904892D-02
   -0.256623300280838D-02    0.183180182672984D-02
   -0.332534037111171D-02    0.266743025389848D-02
   -0.408204133166878D-02    0.366118528802629D-02
   -0.480905295087351D-02    0.481364444411525D-02
   -0.548048000312372D-02    0.611105610685912D-02
   -0.607374327904134D-02    0.754470352099139D-02
   -0.656831818949177D-02    0.909337962164617D-02
   -0.694526482397029D-02    0.107391776991229D-01
   -0.718931149377955D-02    0.124546485823583D-01
   -0.728533357621315D-02    0.142125174908573D-01
   -0.722459054701808D-02    0.159813864425870D-01
   -0.699725027221430D-02    0.177248580858663D-01
   -0.660322412591187D-02    0.194109179713650D-01
   -0.604029243434212D-02    0.209951882612397D-01
   -0.531900738608785D-02    0.224493170312121D-01
   -0.444704083747193D-02    0.237235708987102D-01
   -0.344630530412672D-02    0.247978340635577D-01
   -0.233544973039825D-02    0.256212388372422D-01
   -0.114626946032763D-02    0.261856968106644D-01
    0.930262277100994D-04    0.264443581617788D-01
    0.134508353725555D-02    0.264028806587653D-01
    0.257739612238920D-02    0.260231781038857D-01
    0.375491933390204D-02    0.253228861914065D-01
    0.485069185020060D-02    0.242759615230813D-01
    0.584452436126433D-02    0.229053218864193D-01
    0.672603419655081D-02    0.212007297729444D-01
    0.750668840027521D-02    0.191799159118810D-01
    0.818909866000915D-02    0.168616669700175D-01
    0.882872875161269D-02    0.142572367593951D-01
    0.937554849872995D-02    0.114605024751724D-01
    0.987664223403231D-02    0.853421738071224D-02
    0.100426214998710D-01    0.571298819390230D-02
    0.961944311262033D-02    0.324208553813767D-02
    0.797298534203095D-02    0.136057156346182D-02
    0.465386606720048D-02    0.327237624674975D-03
    0.000000000000000D+00    0.000000000000000D+00
    0.000000000000000D+00    0.000000000000000D+00
   -0.361629466973100D-03    0.853609823944422D-04
   -0.925725584794855D-03    0.338880469587440D-03
   -0.164236224360072D-02    0.755711844475475D-03
   -0.246817972407657D-02    0.133963552219996D-02
   -0.336132112501865D-02    0.208920873287595D-02
   -0.428462526561694D-02    0.300720572918041D-02
   -0.520241991927954D-02    0.408868289769351D-02
   -0.608355472515654D-02    0.533105747211417D-02
   -0.689775711521265D-02    0.672269083321580D-02
   -0.761928926178579D-02    0.825304289048680D-02
   -0.822213405820929D-02    0.990308300350559D-02
   -0.868549975712000D-02    0.116539064080921D-01
   -0.898763802344603D-02    0.134792264969106D-01
   -0.911333584043911D-02    0.153514841052669D-01
   -0.904665421176998D-02    0.172383960803471D-01
   -0.877994245264154D-02    0.191040645970757D-01
   -0.830577760905051D-02    0.209127706631037D-01
   -0.762685537527274D-02    0.226215195983599D-01
   -0.674711047564295D-02    0.241951345861702D-01
   -0.568203422259709D-02    0.255861654625867D-01
   -0.444850411930572D-02    0.267648199369181D-01
   -0.307554250746243D-02    0.276832276534260D-01
   -0.159192053972936D-02    0.283215200584861D-01
   -0.379296539811157D-04    0.286361800519521D-01
    0.155067800983504D-02    0.286199780644316D-01
    0.312855199255948D-02    0.282381376160908D-01
    0.466277525546395D-02    0.274955598306659D-01
    0.611315306221657D-02    0.263695304781659D-01
    0.746401086006791D-02    0.248730952044122D-01
    0.869092204801004D-02    0.229997020247840D-01
    0.980712203853272D-02    0.207677299028913D-01
    0.107988620500460D-01    0.182009165650184D-01
    0.116899036650290D-01    0.153385723366336D-01
    0.124160994640201D-01    0.122769759710603D-01
    0.128952379541923D-01    0.913941386154113D-02
    0.128482948257949D-01    0.614875664264991D-02
    0.118799870755559D-01    0.355085120692774D-02
    0.943393498890300D-02    0.157161323436577D-02
    0.535996153771533D-02    0.395460835580888D-03
    0.000000000000000D+00    0.000000000000000D+00
    0.000000000000000D+00    0.000000000000000D+00
   -0.544163706020033D-03    0.975211691872645D-04
   -0.128190260977286D-02    0.381864926755430D-03
   -0.216866704512930D-02    0.842603791245463D-03
   -0.316469909004157D-02    0.147973653906837D-02
   -0.422732787545040D-02    0.228717828121619D-02
   -0.531874304948957D-02    0.326740577010326D-02
   -0.640026365656282D-02    0.441173906833900D-02
   -0.743795406082370D-02    0.571996855411664D-02
   -0.839814679551465D-02    0.717737961953017D-02
   -0.925073738133467D-02    0.877749940409781D-02
   -0.996696861222220D-02    0.104985404532596D-01
   -0.105201738298135D-01    0.123258613068994D-01
   -0.108872963871027D-01    0.142308262419147D-01
   -0.110457249178775D-01    0.161887485403618D-01
   -0.109804399624272D-01    0.181657914588048D-01
   -0.106751582209616D-01    0.201259734556762D-01
   -0.101264377037438D-01    0.220334912491147D-01
   -0.932784055730114D-02    0.238410753506761D-01
   -0.829089011789194D-02    0.255156379642690D-01
   -0.702252345293721D-02    0.270007799523704D-01
   -0.555070526889123D-02    0.282712777485518D-01
   -0.389754539750857D-02    0.292662495765428D-01
   -0.210549114373354D-02    0.299723511437203D-01
   -0.210049240400459D-03    0.303308292351346D-01
    0.173818280494112D-02    0.303414040982849D-01
    0.369702870744123D-02    0.299549100794198D-01
    0.561881110676611D-02    0.291813226638253D-01
    0.746573467017617D-02    0.279890100007215D-01
    0.920781038895443D-02    0.263918413641059D-01
    0.108193076274893D-01    0.243870633236265D-01
    0.122989281351995D-01    0.219878900703036D-01
    0.136114867555006D-01    0.192441391914657D-01
    0.147632300895400D-01    0.161839470767162D-01
    0.156160781797068D-01    0.129502520436653D-01
    0.160701557647142D-01    0.964937685781330D-02
    0.157427905112020D-01    0.652665394581064D-02
    0.142602985722253D-01    0.381980176763985D-02
    0.111329530266971D-01    0.171481430855645D-02
    0.621118370071354D-02    0.444357803975512D-03
    0.000000000000000D+00    0.000000000000000D+00
    0.000000000000000D+00    0.000000000000000D+00
   -0.744107511383410D-03    0.104897440679407D-03
   -0.166920576799704D-02    0.409919365939857D-03
   -0.273541783962649D-02    0.901461910197803D-03
   -0.390704918544795D-02    0.157348142393320D-02
   -0.514216951236709D-02    0.241919108791693D-02
   -0.640281949050176D-02    0.343742181305834D-02
   -0.764871405931750D-02    0.462081173781567D-02
   -0.884361437928720D-02    0.596675175737060D-02
   -0.995062097046505D-02    0.746342959399478D-02
   -0.109367447014950D-01    0.910309287146848D-02
   -0.117684936715075D-01    0.108672949876574D-01
   -0.124166287647581D-01    0.127408611861436D-01
   -0.128518515164262D-01    0.146975856103704D-01
   -0.130500649827415D-01    0.167129730802592D-01
   -0.129887855958030D-01    0.187532960613934D-01
   -0.126521737893774D-01    0.207836592209884D-01
   -0.120288427287956D-01    0.227649063781162D-01
   -0.111155614008882D-01    0.246521088402462D-01
   -0.991650920775490D-02    0.264047984676669D-01
   -0.844510110816718D-02    0.279705634553728D-01
   -0.672360931616718D-02    0.293129942059861D-01
   -0.478378244813964D-02    0.303770362240305D-01
   -0.266452420223153D-02    0.311353583589557D-01
   -0.413431040022381D-03    0.315366675173645D-01
    0.192074351595748D-02    0.315655773672400D-01
    0.428216723626462D-02    0.311813102276319D-01
    0.662428651889265D-02    0.303802116368109D-01
    0.889466512828472D-02    0.291386596099511D-01
    0.110623319806793D-01    0.274630781226294D-01
    0.130864178788203D-01    0.253560785076968D-01
    0.149507208972220D-01    0.228382568119868D-01
    0.166070184715631D-01    0.199575685938778D-01
    0.180019409134007D-01    0.167734608958660D-01
    0.189946193347348D-01    0.134131071860343D-01
    0.193649071341355D-01    0.100231232674706D-01
    0.187497085084821D-01    0.682161336692163D-02
    0.167213743001949D-01    0.403815846939615D-02
    0.128301965235153D-01    0.186103805761978D-02
    0.711463346558068D-02    0.490479768354688D-03
    0.000000000000000D+00    0.000000000000000D+00
    0.000000000000000D+00    0.000000000000000D+00
   -0.957723891622750D-03    0.110119417481031D-03
   -0.207766877597315D-02    0.426813552737275D-03
   -0.332820128466935D-02    0.933652109002820D-03
   -0.467698605674933D-02    0.162244230868498D-02
   -0.608467448576101D-02    0.248363985869941D-02
   -0.751356282889915D-02    0.351647270337007D-02
   -0.892273285965546D-02    0.471123487043272D-02
   -0.102742265722015D-01    0.606833510346881D-02
   -0.115288351741546D-01    0.757384728496350D-02
   -0.126500639805107D-01    0.922497529309544D-02
   -0.136015780324904D-01    0.110011893650480D-01
   -0.143486950562924D-01    0.128927259030025D-01
   -0.148596989180630D-01    0.148714590186172D-01
   -0.151030260026524D-01    0.169169166933836D-01
   -0.150553344349660D-01    0.189941447369701D-01
   -0.146916721580442D-01    0.210688801622371D-01
   -0.140026281046203D-01    0.231024156037080D-01
   -0.129751840269828D-01    0.250454132813993D-01
   -0.116193369148830D-01    0.268606600506576D-01
   -0.993942631440119D-02    0.284856599700136D-01
   -0.796760891722721D-02    0.298907149885057D-01
   -0.572857102670499D-02    0.310059900801834D-01
   -0.327439163357902D-02    0.318137729884017D-01
   -0.648232824040355D-03    0.322460923781685D-01
    0.208608574093186D-02    0.322979892458449D-01
    0.487473612585886D-02    0.319144895241067D-01
    0.765542479931510D-02    0.310998544718400D-01
    0.103747906031260D-01    0.298243406296422D-01
    0.129860175820812D-01    0.280961008518491D-01
    0.154384101237300D-01    0.259260035453865D-01
    0.177005010258599D-01    0.233271128580111D-01
    0.196876619647544D-01    0.203738452063572D-01
    0.213349642444066D-01    0.171073393305220D-01
    0.224208748161429D-01    0.136900383560698D-01
    0.227264022019706D-01    0.102425960979485D-01
    0.218092321924184D-01    0.699540081371494D-02
    0.192653782420372D-01    0.416802287159661D-02
    0.146980312956217D-01    0.193254374069221D-02
    0.810968692023427D-02    0.513043498145441D-03
    0.000000000000000D+00    0.000000000000000D+00
    0.000000000000000D+00    0.000000000000000D+00
   -0.117479634654495D-02    0.110543823481083D-03
   -0.249314296081660D-02    0.428757036680729D-03
   -0.392755097299248D-02    0.936593526194833D-03
   -0.545229478718695D-02    0.162257359507576D-02
   -0.702958173517916D-02    0.247774485527025D-02
   -0.862363508391979D-02    0.349902452963949D-02
   -0.101933390295317D-01    0.467941857622412D-02
   -0.116995711826311D-01    0.601758671249528D-02
   -0.131013158776605D-01    0.750412052307375D-02
   -0.143591951915001D-01    0.913502682375916D-02
   -0.154331939800212D-01    0.108950201026565D-01
   -0.162850016777047D-01    0.127735646381764D-01
   -0.168771268797761D-01    0.147469564260722D-01
   -0.171746339435637D-01    0.167945061465270D-01
   -0.171465954693784D-01    0.188830923711487D-01
   -0.167661805056165D-01    0.209791670602491D-01
   -0.160155479221525D-01    0.230417175817274D-01
   -0.148826389998627D-01    0.250237255537578D-01
   -0.133696438755967D-01    0.268807128676309D-01
   -0.114856817954105D-01    0.285548583928105D-01
   -0.925717532643289D-02    0.300045717384210D-01
   -0.671753573712123D-02    0.311674755721429D-01
   -0.391599523195508D-02    0.320109506006333D-01
   -0.907533656735064D-03    0.324768926460068D-01
    0.224402786648857D-02    0.325451796085220D-01
    0.547138655660354D-02    0.321715669553212D-01
    0.870930526689674D-02    0.313487775269257D-01
    0.118908553747788D-01    0.300557270263090D-01
    0.149596270767018D-01    0.282980474995559D-01
    0.178534623227818D-01    0.260887348935417D-01
    0.205111016253894D-01    0.234538583097646D-01
    0.228431212011529D-01    0.204578830374189D-01
    0.247127239264439D-01    0.171720237722641D-01
    0.259069457126608D-01    0.137340540880146D-01
    0.261038094191909D-01    0.102930656560704D-01
    0.248836037659729D-01    0.705108369620532D-02
    0.218180287343018D-01    0.422059160775216D-02
    0.165219665728099D-01    0.197830185527318D-02
    0.910967093090487D-02    0.528214676999609D-03
    0.000000000000000D+00    0.000000000000000D+00
    0.000000000000000D+00    0.000000000000000D+00
   -0.139223453863130D-02    0.108840206809680D-03
   -0.290433177838638D-02    0.419239713618822D-03
   -0.451880831792030D-02    0.912586090163350D-03
   -0.621311928975294D-02    0.157693525603558D-02
   -0.795428193962546D-02    0.240238567295254D-02
   -0.970769053842028D-02    0.338767330433254D-02
   -0.114331510990247D-01    0.452462755258438D-02
   -0.130911327223148D-01    0.581634323949935D-02
   -0.146388802699764D-01    0.725189525478006D-02
   -0.160347332401701D-01    0.883384015718477D-02
   -0.172352600182712D-01    0.105449460080282D-01
   -0.181975021189801D-01    0.123819768349167D-01
   -0.188798803828197D-01    0.143190421775138D-01
   -0.192402219473674D-01    0.163414834465132D-01
   -0.192442690817451D-01    0.184144384541450D-01
   -0.188558328167796D-01    0.205066999661927D-01
   -0.180563116923577D-01    0.225772586728867D-01
   -0.168234705787434D-01    0.245756019903966D-01
   -0.151629595374567D-01    0.264605848418171D-01
   -0.130747677046401D-01    0.281641732027289D-01
   -0.105936854784854D-01    0.296524645437970D-01
   -0.774679321257092D-02    0.308474523740508D-01
   -0.459586146165623D-02    0.317279863114286D-01
   -0.119328408721312D-02    0.322186635679855D-01
    0.238223050225573D-02    0.323119170238561D-01
    0.606199706732651D-02    0.319500400973515D-01
    0.976552732764870D-02    0.311350694036880D-01
    0.134190516524537D-01    0.298422478238133D-01
    0.169522715729654D-01    0.280786172101042D-01
    0.202835308818758D-01    0.258680023935604D-01
    0.233418235704162D-01    0.232263624734068D-01
    0.259903262443030D-01    0.202436470869704D-01
    0.280922389031367D-01    0.169684602307623D-01
    0.293533073110561D-01    0.135680619175258D-01
    0.294661282825957D-01    0.101620591987090D-01
    0.279454378512602D-01    0.696486551502538D-02
    0.243807330406479D-01    0.417248013760733D-02
    0.184226584904871D-01    0.195667811042795D-02
    0.101389507940629D-01    0.522284746315699D-03
    0.000000000000000D+00    0.000000000000000D+00
    0.000000000000000D+00    0.000000000000000D+00
   -0.159957268440744D-02    0.102460419558561D-03
   -0.329817541060447D-02    0.395185062943712D-03
   -0.508230552820217D-02    0.859661765729592D-03
   -0.693758754226748D-02    0.148271765357994D-02
   -0.883342444357391D-02    0.225675333956356D-02
   -0.107383900607637D-01    0.317936128048486D-02
   -0.126135303575699D-01    0.424687190180753D-02
   -0.144187579605534D-01    0.546102610835118D-02
   -0.161110586002359D-01    0.681745589466571D-02
   -0.176455684536192D-01    0.831725819679168D-02
   -0.189764023317624D-01    0.995086022017380D-02
   -0.200555941080015D-01    0.117135472520450D-01
   -0.208364446867395D-01    0.135865582554649D-01
   -0.212710267078705D-01    0.155540172114627D-01
   -0.213175733002613D-01    0.175855779988426D-01
   -0.209349806652171D-01    0.196496646809618D-01
   -0.200960054962852D-01    0.217051464605246D-01
   -0.187762939136347D-01    0.237029419462171D-01
   -0.169737248875898D-01    0.255959492008686D-01
   -0.146905954942057D-01    0.273204058201777D-01
   -0.119568369356259D-01    0.288309975939404D-01
   -0.880671244491572D-02    0.300573650445913D-01
   -0.530131725667715D-02    0.309637634491914D-01
   -0.150395300551984D-02    0.314851228243264D-01
    0.250284267630973D-02    0.315999667418845D-01
    0.663813767273210D-02    0.312612136638218D-01
    0.108124334287386D-01    0.304625208966148D-01
    0.149413198916986D-01    0.291859681452270D-01
    0.189357899038605D-01    0.274409246270216D-01
    0.227087365026547D-01    0.252491396991442D-01
    0.261483019785991D-01    0.226434945486801D-01
    0.291223741227220D-01    0.196985434769647D-01
    0.314175057894964D-01    0.164916457092135D-01
    0.327581690375452D-01    0.131620358318869D-01
    0.327472244267732D-01    0.985229124585853D-02
    0.309241668030569D-01    0.674872070557826D-02
    0.268635595833703D-01    0.404220077465532D-02
    0.202161586420559D-01    0.190036852638436D-02
    0.111286072443275D-01    0.506552797009409D-03
    0.000000000000000D+00    0.000000000000000D+00
    0.000000000000000D+00    0.000000000000000D+00
   -0.179399789078651D-02    0.939439653675890D-04
   -0.366241811576683D-02    0.359705218357507D-03
   -0.560316891980757D-02    0.780356322277553D-03
   -0.760500208357869D-02    0.134384144573977D-02
   -0.964349209000470D-02    0.204316867985249D-02
   -0.116892850641164D-01    0.287934139887417D-02
   -0.137052219005886D-01    0.384831116160312D-02
   -0.156522011917890D-01    0.495788645918068D-02
   -0.174856029550753D-01    0.620237870712114D-02
   -0.191597011645408D-01    0.759133486429186D-02
   -0.206242985335448D-01    0.911294902374819D-02
   -0.218278641471648D-01    0.107721920700993D-01
   -0.227175226519830D-01    0.125474019928737D-01
   -0.232386859343775D-01    0.144315774423211D-01
   -0.233430901347907D-01    0.163915612446461D-01
   -0.229804346112094D-01    0.184010697666096D-01
   -0.221190034133675D-01    0.204177510363401D-01
   -0.207243922363952D-01    0.223914907149003D-01
   -0.187945229009292D-01    0.242775187222746D-01
   -0.163232254170394D-01    0.260033273658581D-01
   -0.133464167995647D-01    0.275308984248794D-01
   -0.989377940131226D-02    0.287747413579294D-01
   -0.603774938086633D-02    0.297108720816327D-01
   -0.184222871293576D-02    0.302571527980463D-01
    0.259602798663592D-02    0.304052023462482D-01
    0.718985629717110D-02    0.300953855682197D-01
    0.118359271777733D-01    0.293307006456689D-01
    0.164361477268623D-01    0.280914491045828D-01
    0.208913523812973D-01    0.263872917759165D-01
    0.250862816281582D-01    0.242526924665257D-01
    0.289068201875787D-01    0.217080611865261D-01
    0.321663707931591D-01    0.188536266105904D-01
    0.346626524753462D-01    0.157410534774120D-01
    0.360409828719499D-01    0.125381285897699D-01
    0.359281010728200D-01    0.935431415392458D-02
    0.338077556375480D-01    0.639094583397264D-02
    0.292691233494632D-01    0.381342006875061D-02
    0.219939592311103D-01    0.178642682425804D-02
    0.120859039481223D-01    0.473821016719721D-03
    0.000000000000000D+00    0.000000000000000D+00
    0.000000000000000D+00    0.000000000000000D+00
   -0.196521956190400D-02    0.809895340767779D-04
   -0.398567699671360D-02    0.310573023472111D-03
   -0.606316943514312D-02    0.673743026273075D-03
   -0.819549461466559D-02    0.115903544681020D-02
   -0.103613241320299D-01    0.176333925678990D-02
   -0.125350602988175D-01    0.248745612092253D-02
   -0.146821222403123D-01    0.333336953057525D-02
   -0.167630662639846D-01    0.430771049062742D-02
   -0.187345584202959D-01    0.541311261283247D-02
   -0.205472126433516D-01    0.665726599960885D-02
   -0.221497464044566D-01    0.803831432545901D-02
   -0.234841270033752D-01    0.955894245164816D-02
   -0.244932987533386D-01    0.112075664711932D-01
   -0.251141742637557D-01    0.129748639554812D-01
   -0.252914581481119D-01    0.148356073553438D-01
   -0.249661157884151D-01    0.167618743792078D-01
   -0.240980957042589D-01    0.187145372787674D-01
   -0.226466306731527D-01    0.206436540572575D-01
   -0.206026069243857D-01    0.225011573089555D-01
   -0.179583856951519D-01    0.242177542278340D-01
   -0.147468872094120D-01    0.257457320025960D-01
   -0.110022736489096D-01    0.270064343487067D-01
   -0.679978177603584D-02    0.279624910223866D-01
   -0.221240502690834D-02    0.285412409820953D-01
    0.265403286076799D-02    0.287220598813236D-01
    0.770211236261618D-02    0.284544313255460D-01
    0.128125037702748D-01    0.277358948394891D-01
    0.178801225971107D-01    0.265508716761324D-01
    0.227785914488664D-01    0.249152202420294D-01
    0.273936232009149D-01    0.228575332376878D-01
    0.315622170023419D-01    0.204180801260311D-01
    0.351115030082142D-01    0.176780755297913D-01
    0.377612671073055D-01    0.147177273856697D-01
    0.391845665081190D-01    0.116747615962714D-01
    0.389293222869880D-01    0.867958280658369D-02
    0.365079769135484D-01    0.590307695663210D-02
    0.315035154050717D-01    0.350552998721728D-02
    0.235951011166446D-01    0.163598914793921D-02
    0.129608360786097D-01    0.430653477544575D-03
    0.000000000000000D+00    0.000000000000000D+00
    0.000000000000000D+00    0.000000000000000D+00
   -0.211071841120057D-02    0.659547289415242D-04
   -0.425530611617967D-02    0.250669272655791D-03
   -0.644782472487782D-02    0.542938003178180D-03
   -0.868885619583298D-02    0.933838465230108D-03
   -0.109638251612426D-01    0.142209480725559D-02
   -0.132498841903565D-01    0.201316530177027D-02
   -0.155146016401372D-01    0.270906481442173D-02
   -0.177208167284976D-01    0.352363424839322D-02
   -0.198235529891139D-01    0.445812846485492D-02
   -0.217740680713940D-01    0.553008821070271D-02
   -0.235159114030789D-01    0.673508691656103D-02
   -0.249888826951430D-01    0.808758204291094D-02
   -0.261275813667732D-01    0.957250241298871D-02
   -0.268633846758640D-01    0.111924279093945D-01
   -0.271307776737651D-01    0.129184120639108D-01
   -0.268624423574699D-01    0.147316224986802D-01
   -0.260089422605668D-01    0.165904618692326D-01
   -0.245204876625278D-01    0.184478519570893D-01
   -0.223829308376383D-01    0.202566502469009D-01
   -0.195818306780126D-01    0.219419396485765D-01
   -0.161520713107089D-01    0.234620821234833D-01
   -0.121260345971076D-01    0.247251380453199D-01
   -0.758793582631458D-02    0.257046854515957D-01
   -0.261555065641368D-02    0.263118682452634D-01
    0.267233547507272D-02    0.265385730694235D-01
    0.816653221237292D-02    0.263224969133743D-01
    0.137355477869215D-01    0.256696441301708D-01
    0.192539041157871D-01    0.245639918722445D-01
    0.245888860564114D-01    0.230200198412533D-01
    0.295910526693794D-01    0.210808208296292D-01
    0.341021574064198D-01    0.187715295856698D-01
    0.378909099685047D-01    0.162007154815259D-01
    0.406976032291238D-01    0.134191729370563D-01
    0.421207397692535D-01    0.105949495620730D-01
    0.417395855295302D-01    0.781996831873922D-02
    0.390225465394442D-01    0.528260301206366D-02
    0.335687952209519D-01    0.310713585287087D-02
    0.250962200748993D-01    0.143727433287151D-02
    0.137494382962198D-01    0.374208386312926D-03
    0.000000000000000D+00    0.000000000000000D+00
    0.000000000000000D+00    0.000000000000000D+00
   -0.222104607660866D-02    0.471281650264232D-04
   -0.446265893014139D-02    0.179331414033613D-03
   -0.674214725780720D-02    0.389070995668192D-03
   -0.906914717255367D-02    0.669876616434443D-03
   -0.114323878108808D-01    0.102528357901553D-02
   -0.138127879820372D-01    0.146128128304560D-02
   -0.161814534248343D-01    0.198653195802906D-02
   -0.185009682530412D-01    0.261373728751474D-02
   -0.207290220736308D-01    0.335321530651543D-02
   -0.228129828015510D-01    0.422029691877113D-02
   -0.246968242980240D-01    0.522190526157649D-02
   -0.263126629448005D-01    0.636963301173699D-02
   -0.275923218296758D-01    0.766099551268137D-02
   -0.284559493820391D-01    0.909551520491766D-02
   -0.288321909772792D-01    0.106558583601254D-01
   -0.286405482210943D-01    0.123206723534094D-01
   -0.278243902042747D-01    0.140559340082042D-01
   -0.263219666352379D-01    0.158137297985009D-01
   -0.241136838439944D-01    0.175477087117278D-01
   -0.211780727573083D-01    0.191850803437947D-01
   -0.175497282169863D-01    0.206775511221449D-01
   -0.132611449815808D-01    0.219388372739268D-01
   -0.840361937052775D-02    0.229310660858124D-01
   -0.306113852375591D-02    0.235734075043570D-01
    0.263262451555130D-02    0.238470817330385D-01
    0.856049696801872D-02    0.236968465810240D-01
    0.145680666522839D-01    0.231253549410559D-01
    0.205260616266046D-01    0.221178314113349D-01
    0.262673439050593D-01    0.206976986161847D-01
    0.316487304760248D-01    0.188987688995400D-01
    0.364578655440708D-01    0.167683776630669D-01
    0.404844595549178D-01    0.143928537468492D-01
    0.433928873740943D-01    0.118521168383796D-01
    0.448168010852530D-01    0.928122590281817D-02
    0.442696896348878D-01    0.679221056438107D-02
    0.412530020858046D-01    0.453825162997559D-02
    0.353750230376287D-01    0.263679983986192D-02
    0.263527742034240D-01    0.120422322927870D-02
    0.144172252302617D-01    0.308067800219389D-03
    0.000000000000000D+00    0.000000000000000D+00
    0.000000000000000D+00    0.000000000000000D+00
   -0.229437635100437D-02    0.265471064659010D-04
   -0.459592604379515D-02    0.993019981057963D-04
   -0.693372234715752D-02    0.216518800798501D-03
   -0.931904130115495D-02    0.375407645803985D-03
   -0.117470337319479D-01    0.582068294387562D-03
   -0.142015049680418D-01    0.847566075148561D-03
   -0.166557242326183D-01    0.118065397133055D-02
   -0.190755128667708D-01    0.160119193949489D-02
   -0.214170810859006D-01    0.211801064183480D-02
   -0.236299046445350D-01    0.275632163094755D-02
   -0.256524900425180D-01    0.352046061032995D-02
   -0.274165446516839D-01    0.443462919885613D-02
   -0.288438910094285D-01    0.549295539361948D-02
   -0.298510560230070D-01    0.670915588118147D-02
   -0.303526740388961D-01    0.806220096535244D-02
   -0.302619973200876D-01    0.954374558671205D-02
   -0.295070223760264D-01    0.111169552047695D-01
   -0.280192601509971D-01    0.127417052362141D-01
   -0.257669655928389D-01    0.143717171205468D-01
   -0.227246967517405D-01    0.159332393860144D-01
   -0.189226145524875D-01    0.173828463717688D-01
   -0.143951271615915D-01    0.186241691618126D-01
   -0.923831444748150D-02    0.196290322419675D-01
   -0.354561933067214D-02    0.203018443599986D-01
    0.253830518723270D-02    0.206351537145618D-01
    0.887904692194542D-02    0.205623920257102D-01
    0.153113277068726D-01    0.200932823952690D-01
    0.216796751948796D-01    0.192133090922701D-01
    0.278132597117863D-01    0.179423484518096D-01
    0.335288404995673D-01    0.163303992465515D-01
    0.386239805338222D-01    0.144061663051439D-01
    0.428293583983168D-01    0.122859252562640D-01
    0.458368555847655D-01    0.100148721487224D-01
    0.472140052358220D-01    0.776116169116318D-02
    0.465118502587301D-01    0.559094564089749D-02
    0.432047412701252D-01    0.367614009507665D-02
    0.369211738568251D-01    0.208789421732802D-02
    0.274347706001695D-01    0.931950426995269D-03
    0.149528137373916D-01    0.232146273200031D-03
    0.000000000000000D+00    0.000000000000000D+00
    0.000000000000000D+00    0.000000000000000D+00
   -0.232344830037038D-02    0.354061909450730D-05
   -0.465097064659865D-02    0.122551175151179D-04
   -0.701314087599505D-02    0.293443207777986D-04
   -0.942902266521519D-02    0.562352017685060D-04
   -0.118963926708667D-01    0.103690057030236D-03
   -0.144022900675949D-01    0.183742234434753D-03
   -0.169238221704482D-01    0.311013813326407D-03
   -0.194267642908668D-01    0.504157667109444D-03
   -0.218710335792816D-01    0.780191563847968D-03
   -0.242026388905307D-01    0.116192231485455D-02
   -0.263621306227237D-01    0.166481863935633D-02
   -0.282732793735353D-01    0.231009734791895D-02
   -0.298571430373923D-01    0.310573119216913D-02
   -0.310170360091845D-01    0.406239887389157D-02
   -0.316639356884271D-01    0.517389888088636D-02
   -0.316934729776221D-01    0.642945419134794D-02
   -0.310286805489679D-01    0.780468955571989D-02
   -0.295824361727661D-01    0.925863531646884D-02
   -0.273199928050833D-01    0.107512022739391D-01
   -0.242013875632651D-01    0.122104700480564D-01
   -0.202596045688644D-01    0.135907957406091D-01
   -0.155228126759105D-01    0.148007281763788D-01
   -0.100983640916157D-01    0.158033015796590D-01
   -0.408194404270808D-02    0.165096268071210D-01
    0.236169011704015D-02    0.169028652407013D-01
    0.909208212692447D-02    0.169214732391900D-01
    0.159154040540853D-01    0.165728439712285D-01
    0.226738699116305D-01    0.158409539943069D-01
    0.291573710585058D-01    0.147561167129068D-01
    0.351915003775730D-01    0.133557402313769D-01
    0.405182999861171D-01    0.116923288449042D-01
    0.448935359114393D-01    0.985622566260442D-02
    0.479403078573069D-01    0.792226473280200D-02
    0.492656468843533D-01    0.602117681707169D-02
    0.483737525397965D-01    0.423812784144096D-02
    0.447744246964613D-01    0.270346839709764D-02
    0.381288644198614D-01    0.147851182012985D-02
    0.282115621282990D-01    0.631450070533125D-03
    0.153362810662768D-01    0.147948698370401D-03
    0.000000000000000D+00    0.000000000000000D+00
    0.000000000000000D+00    0.000000000000000D+00
   -0.230772148345835D-02   -0.204438074821665D-04
   -0.461872294294914D-02   -0.792648461757218D-04
   -0.697263547981979D-02   -0.166395198527098D-03
   -0.938795008227490D-02   -0.276131690381117D-03
   -0.118674401651945D-01   -0.395181992063377D-03
   -0.144004068588678D-01   -0.507179386387058D-03
   -0.169659063675234D-01   -0.597702115336472D-03
   -0.195333680470275D-01   -0.642602131772661D-03
   -0.220618860812386D-01   -0.626413359339918D-03
   -0.245008695295098D-01   -0.518368662887093D-03
   -0.267861868353465D-01   -0.305131471523871D-03
   -0.288432954047758D-01    0.459086695529502D-04
   -0.305829392260215D-01    0.540405011277249D-03
   -0.319076074828302D-01    0.120378511036480D-02
   -0.327114360857861D-01    0.202765412936489D-02
   -0.328871117352907D-01    0.301725322829056D-02
   -0.323361229354357D-01    0.414685839152058D-02
   -0.309682109351137D-01    0.538846429047883D-02
   -0.287276670237771D-01    0.670290328325484D-02
   -0.255743527135855D-01    0.802315558451418D-02
   -0.215277441165016D-01    0.930837734863265D-02
   -0.166219549308971D-01    0.104615839930078D-01
   -0.109625470877767D-01    0.114546810484336D-01
   -0.465895712283953D-02    0.121860645453698D-01
    0.211594251500034D-02    0.126490025472328D-01
    0.920005675281334D-02    0.127706768182036D-01
    0.163890452660107D-01    0.125639275544583D-01
    0.234949636188145D-01    0.120128095441625D-01
    0.303043490422645D-01    0.111414766616223D-01
    0.366008428889557D-01    0.100046485821050D-01
    0.421385554388204D-01    0.863170855047306D-02
    0.466180883904640D-01    0.714553501711114D-02
    0.496940357852543D-01    0.557913807443026D-02
    0.509213865233224D-01    0.409877300999640D-02
    0.498460988305108D-01    0.273484961235077D-02
    0.459743282612141D-01    0.163564928742890D-02
    0.389909265063665D-01    0.807964330336256D-03
    0.287512746755773D-01    0.301483210191594D-03
    0.155517716698011D-01    0.580196714895542D-04
    0.000000000000000D+00    0.000000000000000D+00
    0.000000000000000D+00    0.000000000000000D+00
   -0.224402285891369D-02   -0.446456575195822D-04
   -0.450162329789841D-02   -0.170939658774266D-03
   -0.681094944936408D-02   -0.363556723947188D-03
   -0.919541985183687D-02   -0.611455056682887D-03
   -0.116587740487806D-01   -0.898103148285058D-03
   -0.141924509236410D-01   -0.120621872866812D-02
   -0.167788737108794D-01   -0.151780535514853D-02
   -0.193878779525436D-01   -0.181011310253134D-02
   -0.219828276036865D-01   -0.206222018388563D-02
   -0.245110603518786D-01   -0.224576702699515D-02
   -0.269120805901773D-01   -0.233863791983864D-02
   -0.291047645393633D-01   -0.231077157577224D-02
   -0.310016305775240D-01   -0.214355632563449D-02
   -0.324918350832163D-01   -0.181356897247650D-02
   -0.334690261650880D-01   -0.131279455228296D-02
   -0.338052050365818D-01   -0.636807833510002D-03
   -0.334001850200723D-01    0.205425761267899D-03
   -0.321385165113285D-01    0.118696758987654D-02
   -0.299644820892966D-01    0.228082134719963D-02
   -0.268146149919292D-01    0.342348752698823D-02
   -0.227139054973668D-01    0.457750843747153D-02
   -0.176819743133943D-01    0.565172965470371D-02
   -0.118383815730759D-01    0.661265693682152D-02
   -0.528980412711026D-02    0.736517229753712D-02
    0.176784797049478D-02    0.789400833955697D-02
    0.916738302350264D-02    0.813000597064215D-02
    0.166732723632961D-01    0.808321380590664D-02
    0.240935726344727D-01    0.773382446868799D-02
    0.311747331676560D-01    0.711617932027728D-02
    0.377072769026129D-01    0.626914221289587D-02
    0.433941532229488D-01    0.524610678348695D-02
    0.479601807747043D-01    0.413973665777373D-02
    0.510058871795523D-01    0.301206221037285D-02
    0.521252843195972D-01    0.198626733422965D-02
    0.508445167496072D-01    0.110937579426820D-02
    0.467034385079940D-01    0.481216893553084D-03
    0.394499827329845D-01    0.945514828301164D-04
    0.289388186080657D-01   -0.455158500255840D-04
    0.155932126760444D-01   -0.376648152572632D-04
    0.000000000000000D+00    0.000000000000000D+00
    0.000000000000000D+00    0.000000000000000D+00
   -0.213358416853747D-02   -0.685534323570072D-04
   -0.429550362809520D-02   -0.260625040812509D-03
   -0.652766378307826D-02   -0.554678920484916D-03
   -0.884988271125167D-02   -0.935629136922408D-03
   -0.112683216426757D-01   -0.138546460666506D-02
   -0.137753868737536D-01   -0.188449405293083D-02
   -0.163550055985671D-01   -0.241559781757495D-02
   -0.189805175436593D-01   -0.295371472271501D-02
   -0.216156684843358D-01   -0.347954243314288D-02
   -0.242121857655842D-01   -0.396067450221847D-02
   -0.267070805261845D-01   -0.437632784070154D-02
   -0.290231405622909D-01   -0.468874550546703D-02
   -0.310644822492769D-01   -0.487972024929508D-02
   -0.327228564024930D-01   -0.491324382368582D-02
   -0.338747926540717D-01   -0.478038466528819D-02
   -0.343935979395354D-01   -0.446002399188473D-02
   -0.341532022616307D-01   -0.395855837971768D-02
   -0.330394505099485D-01   -0.328598802831811D-02
   -0.309668840411634D-01   -0.246458792311408D-02
   -0.278758221307605D-01   -0.154685361844462D-02
   -0.237667770421815D-01   -0.562809458821068D-03
   -0.186684927334394D-01    0.396490274380490D-03
   -0.126896686125085D-01    0.130741428512149D-02
   -0.595321502727062D-02    0.206489316166558D-02
    0.134085564937046D-02    0.266334339156613D-02
    0.900180117572719D-02    0.302191649483180D-02
    0.167825910109723D-01    0.315462855269558D-02
    0.244604015394435D-01    0.304009759427309D-02
    0.317751245329155D-01    0.270377978592655D-02
    0.384779537756164D-01    0.220136887807710D-02
    0.442816925567045D-01    0.155803085781029D-02
    0.488659371184696D-01    0.900289688841327D-03
    0.518628431857720D-01    0.240049813824664D-03
    0.528353905983367D-01   -0.263155263679388D-03
    0.513527451412789D-01   -0.626121675767005D-03
    0.469803573659065D-01   -0.734722276726108D-03
    0.394901544544505D-01   -0.654910751150522D-03
    0.288431098488876D-01   -0.410642850839460D-03
    0.154448894136819D-01   -0.134123897519119D-03
    0.000000000000000D+00    0.000000000000000D+00
    0.000000000000000D+00    0.000000000000000D+00
   -0.197924657814412D-02   -0.898329111870903D-04
   -0.401092544407194D-02   -0.341893229361133D-03
   -0.613175457787805D-02   -0.730438104015855D-03
   -0.836209005788808D-02   -0.123529893227474D-02
   -0.107067933481123D-01   -0.183773482993904D-02
   -0.131587670134587D-01   -0.251787710220880D-02
   -0.157042254809681D-01   -0.325846623176019D-02
   -0.183175366241024D-01   -0.403618425515742D-02
   -0.209667273939164D-01   -0.483055854859886D-02
   -0.236038483508497D-01   -0.561143838792857D-02
   -0.261708014736759D-01   -0.635383544084349D-02
   -0.285872392580825D-01   -0.702162676472936D-02
   -0.307616398577851D-01   -0.758743965757696D-02
   -0.325754559280164D-01   -0.801523015984518D-02
   -0.339083457154999D-01   -0.828124000996308D-02
   -0.346133984287980D-01   -0.836171702506496D-02
   -0.345666614967624D-01   -0.824457328761512D-02
   -0.336248598805048D-01   -0.793403260595302D-02
   -0.317053541172044D-01   -0.743540264078691D-02
   -0.287169914328993D-01   -0.679249061353241D-02
   -0.246668893328134D-01   -0.602614015619088D-02
   -0.195600153834363D-01   -0.521718529062326D-02
   -0.135185063273015D-01   -0.439078578002507D-02
   -0.665663815284247D-02   -0.364293806925642D-02
    0.804132354933714D-03   -0.298752221088472D-02
    0.866746613300734D-02   -0.250127981912521D-02
    0.166577523113537D-01   -0.217547499595403D-02
    0.245420813054214D-01   -0.203679474362270D-02
    0.320256324026812D-01   -0.205255223261750D-02
    0.388581556026025D-01   -0.218579365680316D-02
    0.447135589960772D-01   -0.238977770597175D-02
    0.492879972156376D-01   -0.257250030376526D-02
    0.521835911520766D-01   -0.269578617712602D-02
    0.529960462010545D-01   -0.264911537532203D-02
    0.513096373700929D-01   -0.243689147021241D-02
    0.467169507187949D-01   -0.199940545273419D-02
    0.390856533318922D-01   -0.142207124953749D-02
    0.283694958008914D-01   -0.775568656079335D-03
    0.151131919521231D-01   -0.232752497280361D-03
    0.000000000000000D+00    0.000000000000000D+00
    0.000000000000000D+00    0.000000000000000D+00
   -0.178406090733000D-02   -0.109212814503847D-03
   -0.365031895988939D-02   -0.413267655531282D-03
   -0.563184094208035D-02   -0.883135250190140D-03
   -0.774240325165310D-02   -0.149581331667863D-02
   -0.998579215117844D-02   -0.223321483196157D-02
   -0.123543912809505D-01   -0.307577031732252D-02
   -0.148351602018930D-01   -0.400815040289081D-02
   -0.174054291239348D-01   -0.500875291815889D-02
   -0.200350905639370D-01   -0.605890111991681D-02
   -0.226811285903716D-01   -0.712967629222974D-02
   -0.252864052726137D-01   -0.819659653381625D-02
   -0.277763829323450D-01   -0.922185205933585D-02
   -0.300557963482308D-01   -0.101762285086565D-01
   -0.320120147608947D-01   -0.110166544263344D-01
   -0.335115836860946D-01   -0.117142433548530D-01
   -0.344131663795860D-01   -0.122318656799763D-01
   -0.345674628460536D-01   -0.125485510085642D-01
   -0.338366113275943D-01   -0.126510544576211D-01
   -0.321030646611478D-01   -0.125323713094701D-01
   -0.292821177820086D-01   -0.122208977247575D-01
   -0.253462546267912D-01   -0.117229612499926D-01
   -0.203100253569510D-01   -0.111134196021459D-01
   -0.142740647292445D-01   -0.104027630816305D-01
   -0.736738875858976D-02   -0.969330889144162D-02
    0.189884647556674D-03   -0.898739944959724D-02
    0.818067300931052D-02   -0.837428567927284D-02
    0.163154897125712D-01   -0.784163132473743D-02
    0.243350835192366D-01   -0.742169596665539D-02
    0.319303558208099D-01   -0.709293308859297D-02
    0.388203185446213D-01   -0.680522408383821D-02
    0.446809500264589D-01   -0.654502372150665D-02
    0.491801805461914D-01   -0.618819895760801D-02
    0.519473019967833D-01   -0.575431271689049D-02
    0.525748131084691D-01   -0.509851599014789D-02
    0.506882558266617D-01   -0.429612006975303D-02
    0.459377342209969D-01   -0.327974396590205D-02
    0.382112637506876D-01   -0.219211492217683D-02
    0.275887701522503D-01   -0.114599266034253D-02
    0.145884476694883D-01   -0.326190725194522D-03
    0.000000000000000D+00    0.000000000000000D+00
    0.000000000000000D+00    0.000000000000000D+00
   -0.155807011458455D-02   -0.123040885518345D-03
   -0.323247629137677D-02   -0.467697502803951D-03
   -0.504781728583303D-02   -0.100319792672473D-02
   -0.701314255155621D-02   -0.170364897467381D-02
   -0.912887965473985D-02   -0.255322078515334D-02
   -0.113859061680020D-01   -0.353363458520435D-02
   -0.137721931530879D-01   -0.463313357886886D-02
   -0.162666653638335D-01   -0.583233003037412D-02
   -0.188429517702221D-01   -0.711630298095336D-02
   -0.214613564499325D-01   -0.845814043353719D-02
   -0.240700990552843D-01   -0.983532147190959D-02
   -0.265969193891671D-01   -0.112105293525950D-01
   -0.289526892016480D-01   -0.125522021260741D-01
   -0.310214830403984D-01   -0.138146369898281D-01
   -0.326759250486346D-01   -0.149601558943184D-01
   -0.337607841348566D-01   -0.159441369776691D-01
   -0.341320365805167D-01   -0.167304362581466D-01
   -0.336250848669552D-01   -0.172924423372085D-01
   -0.321267989465999D-01   -0.176054921565862D-01
   -0.295173460004850D-01   -0.176795588287427D-01
   -0.257740938232626D-01   -0.175080127135705D-01
   -0.208798665016492D-01   -0.171454985403615D-01
   -0.149431688116530D-01   -0.166004710168247D-01
   -0.807789982126374D-02   -0.159583452394555D-01
   -0.517274285865335D-03   -0.152299536381843D-01
    0.751501563313037D-02   -0.144963808933792D-01
    0.157110357983298D-01   -0.137552981207581D-01
    0.237913090557195D-01   -0.130437164731021D-01
    0.314253105272372D-01   -0.123401711088543D-01
    0.383146322210820D-01   -0.116150638612731D-01
    0.441174355630924D-01   -0.108398651342001D-01
    0.485027220852470D-01   -0.992871658792291D-02
    0.511026654461975D-01   -0.887987313095103D-02
    0.515309422492167D-01   -0.760237267852810D-02
    0.494679812378023D-01   -0.616486225428917D-02
    0.445811400200761D-01   -0.455738327885341D-02
    0.368821182135434D-01   -0.294866669249212D-02
    0.264331822030573D-01   -0.149409185628767D-02
    0.138861125530889D-01   -0.417906218997574D-03
    0.000000000000000D+00    0.000000000000000D+00
    0.000000000000000D+00    0.000000000000000D+00
   -0.130551796870918D-02   -0.133399833333262D-03
   -0.276685804412304D-02   -0.504593498804017D-03
   -0.439694329115827D-02   -0.108460281276854D-02
   -0.619658064639763D-02   -0.184677171352134D-02
   -0.816133443392605D-02   -0.277887007084887D-02
   -0.102806104302043D-01   -0.386565942959365D-02
   -0.125420293536737D-01   -0.509858346104400D-02
   -0.149268472292391D-01   -0.646371984845231D-02
   -0.174118211136634D-01   -0.794823152237608D-02
   -0.199621366700341D-01   -0.953182754579676D-02
   -0.225309654103330D-01   -0.111919237734522D-01
   -0.250528080156898D-01   -0.128968227979321D-01
   -0.274417915445442D-01   -0.146112641408176D-01
   -0.295900945088144D-01   -0.162912464295875D-01
   -0.313663351868759D-01   -0.178898577117573D-01
   -0.326238308849738D-01   -0.193575180797341D-01
   -0.332015355191204D-01   -0.206418507244091D-01
   -0.329426137560603D-01   -0.217041673430645D-01
   -0.317023766524893D-01   -0.224968400810126D-01
   -0.293671600434165D-01   -0.230146146792649D-01
   -0.258755208801079D-01   -0.232241835629767D-01
   -0.212155315553982D-01   -0.231698691173514D-01
   -0.154650269481706D-01   -0.228348667381831D-01
   -0.874453360506910D-02   -0.223063159403819D-01
   -0.127903698703295D-02   -0.215771034563567D-01
    0.669720204560757D-02   -0.207409919324325D-01
    0.148603886388734D-01   -0.197900641035398D-01
    0.229160614085238D-01   -0.187729599804652D-01
    0.305084134055270D-01   -0.176813245840363D-01
    0.373233056702862D-01   -0.164809230881485D-01
    0.430066299508299D-01   -0.151796731539188D-01
    0.472232049286271D-01   -0.136669416305799D-01
    0.496220518419548D-01   -0.120025922446391D-01
    0.498458403211315D-01   -0.100666407040437D-01
    0.476127489436216D-01   -0.800108368870278D-02
    0.426772549442018D-01   -0.579678881290229D-02
    0.350655328186728D-01   -0.367108208701739D-02
    0.249735547125869D-01   -0.183637051000407D-02
    0.130092941026669D-01   -0.498237142321918D-03
    0.000000000000000D+00    0.000000000000000D+00
    0.000000000000000D+00    0.000000000000000D+00
   -0.104332513552740D-02   -0.136020111296243D-03
   -0.227847412557005D-02   -0.518487628631229D-03
   -0.370847080268528D-02   -0.112015385739067D-02
   -0.532454021855314D-02   -0.191559625194333D-02
   -0.711799159154152D-02   -0.289743230893524D-02
   -0.907484913105731D-02   -0.405366531404435D-02
   -0.111827651453674D-01   -0.538218451472809D-02
   -0.134249014978969D-01   -0.687171766734510D-02
   -0.157807203052797D-01   -0.851738199875838D-02
   -0.182215538406081D-01   -0.103005301902138D-01
   -0.207052245591142D-01   -0.122068377524299D-01
   -0.231748054014492D-01   -0.142040374017720D-01
   -0.255506530700206D-01   -0.162632316200906D-01
   -0.277319381431455D-01   -0.183354951372108D-01
   -0.295943795410685D-01   -0.203755186438636D-01
   -0.309904596204137D-01   -0.223214635645709D-01
   -0.317655821517656D-01   -0.241157442174175D-01
   -0.317482340237766D-01   -0.256975644028071D-01
   -0.307974767732699D-01   -0.270082996557777D-01
   -0.287705875738264D-01   -0.280109316607025D-01
   -0.256059139847146D-01   -0.286609132649584D-01
   -0.212576189640829D-01   -0.289660179564118D-01
   -0.158003531382941D-01   -0.289058895422966D-01
   -0.933317496818282D-02   -0.285352375708665D-01
   -0.207803464483230D-02   -0.278557282431736D-01
    0.572548330450305D-02   -0.269422052303570D-01
    0.137542333981548D-01   -0.258032014351817D-01
    0.216825271850428D-01   -0.244876635314321D-01
    0.291547963662803D-01   -0.229993596020052D-01
    0.358177078243976D-01   -0.213257406070600D-01
    0.413274195912229D-01   -0.194706673602021D-01
    0.453277092275343D-01   -0.173649795147155D-01
    0.475072083716016D-01   -0.150548528513042D-01
    0.475139851574257D-01   -0.124758809332930D-01
    0.451583517412287D-01   -0.976695415722119D-02
    0.402055990541946D-01   -0.697577756855223D-02
    0.328203825144773D-01   -0.434946998847448D-02
    0.231734002682221D-01   -0.213369011696026D-02
    0.119745511453676D-01   -0.574451873608647D-03
    0.000000000000000D+00    0.000000000000000D+00
    0.000000000000000D+00    0.000000000000000D+00
   -0.775651917904465D-03   -0.134116206265650D-03
   -0.178241200527308D-02   -0.509721725183561D-03
   -0.300527778529883D-02   -0.110764123953265D-02
   -0.442805616284585D-02   -0.190419965205021D-02
   -0.603417014030658D-02   -0.289869720421478D-02
   -0.780838920197517D-02   -0.408409528618925D-02
   -0.973683156789209D-02   -0.546258505801020D-02
   -0.118045398566528D-01   -0.703064462996277D-02
   -0.139947048590407D-01   -0.878564481863300D-02
   -0.162827892528306D-01   -0.107194834264028D-01
   -0.186349462947066D-01   -0.128174612394670D-01
   -0.210005017817260D-01   -0.150596566222671D-01
   -0.233107245425116D-01   -0.174125338573701D-01
   -0.254730504794413D-01   -0.198390331154642D-01
   -0.273719947941828D-01   -0.222821147855037D-01
   -0.288691931361060D-01   -0.246878021585635D-01
   -0.298095642560981D-01   -0.269765944426084D-01
   -0.300289909907952D-01   -0.290881745774214D-01
   -0.293705141326548D-01   -0.309305979547766D-01
   -0.276936838799269D-01   -0.324595004774349D-01
   -0.249062535637088D-01   -0.335888726278885D-01
   -0.209577515963121D-01   -0.343164231419485D-01
   -0.158902387693218D-01   -0.345803705676954D-01
   -0.979332213861625D-02   -0.344318065091722D-01
   -0.287353829051060D-02   -0.338421927511561D-01
    0.463850746526402D-02   -0.328953324077245D-01
    0.124058324501643D-01   -0.315889274628570D-01
    0.201080562215376D-01   -0.299884622127083D-01
    0.273539269157496D-01   -0.281122092454297D-01
    0.337963996555643D-01   -0.259565946632727D-01
    0.390591115321241D-01   -0.235628345945841D-01
    0.428081308308728D-01   -0.208511201384158D-01
    0.447328445094492D-01   -0.179305884663502D-01
    0.445391143085926D-01   -0.147152022877805D-01
    0.420705632513320D-01   -0.114081361912498D-01
    0.372031640949051D-01   -0.806464956117561D-02
    0.301145968237825D-01   -0.496343389573485D-02
    0.210992198776656D-01   -0.241958716211387D-02
    0.108045079363947D-01   -0.632836174449388D-03
    0.000000000000000D+00    0.000000000000000D+00
    0.000000000000000D+00    0.000000000000000D+00
   -0.523913198957650D-03   -0.123878063521515D-03
   -0.130555793366453D-02   -0.476811472376029D-03
   -0.232157248554324D-02   -0.104500586014870D-02
   -0.354344838306001D-02   -0.181127318692057D-02
   -0.495126286656298D-02   -0.278110852811505D-02
   -0.652548801921414D-02   -0.395255388475985D-02
   -0.825191502900331D-02   -0.533531052113428D-02
   -0.101176038358942D-01   -0.692858642483268D-02
   -0.121070750932620D-01   -0.873980750685157D-02
   -0.142037737124577D-01   -0.107618651083317D-01
   -0.163765851562505D-01   -0.129927871308592D-01
   -0.185886735158914D-01   -0.154111916695955D-01
   -0.207756536858546D-01   -0.179980061269332D-01
   -0.228627046173716D-01   -0.207100396333236D-01
   -0.247399699047939D-01   -0.235041570104007D-01
   -0.262854711089117D-01   -0.263115731057766D-01
   -0.273491469269112D-01   -0.290629893283128D-01
   -0.277737143410496D-01   -0.316699327785581D-01
   -0.274029316065715D-01   -0.340446680564728D-01
   -0.260866888510493D-01   -0.360989911933525D-01
   -0.237251029471068D-01   -0.377461966948706D-01
   -0.202431444862215D-01   -0.389284970173489D-01
   -0.156653769152613D-01   -0.395843467839026D-01
   -0.100568390082086D-01   -0.397095416634754D-01
   -0.359985110149637D-02   -0.392847958377462D-01
    0.347746555274961D-02   -0.383552713140867D-01
    0.108638879499331D-01   -0.369390977716420D-01
    0.182077631728531D-01   -0.350923082337364D-01
    0.251436109142268D-01   -0.328574901416556D-01
    0.312703226069844D-01   -0.302535846623734D-01
    0.362478287083667D-01   -0.273340557628010D-01
    0.396969290918172D-01   -0.240642356171479D-01
    0.413732429266728D-01   -0.205489248654626D-01
    0.409699865501637D-01   -0.167608990400853D-01
    0.384480419933523D-01   -0.128869778309037D-01
    0.337008990831918D-01   -0.903516492736147D-02
    0.270467288719273D-01   -0.551118964450778D-02
    0.187512485244722D-01   -0.264536730844127D-02
    0.950719431471496D-02   -0.690255174223672D-03
    0.000000000000000D+00    0.000000000000000D+00
    0.000000000000000D+00    0.000000000000000D+00
   -0.290626412412181D-03   -0.109025424751506D-03
   -0.865318892524187D-03   -0.420829233952969D-03
   -0.168053069291741D-02   -0.935477941375710D-03
   -0.270417351728723D-02   -0.163980152479850D-02
   -0.390748532053209D-02   -0.254818918525089D-02
   -0.527123247917337D-02   -0.366408353491134D-02
   -0.677902882796075D-02   -0.500182659986845D-02
   -0.841960192236051D-02   -0.656842976017842D-02
   -0.101811039084889D-01   -0.837318917904531D-02
   -0.120496676062419D-01   -0.104206954229110D-01
   -0.140042456793792D-01   -0.127081842993416D-01
   -0.160121865299775D-01   -0.152305519697029D-01
   -0.180258413017452D-01   -0.179639826923734D-01
   -0.199765535293991D-01   -0.208855844792372D-01
   -0.217757775035839D-01   -0.239404477255293D-01
   -0.233087567096797D-01   -0.270814785740158D-01
   -0.244454240188108D-01   -0.302161880929885D-01
   -0.250332683101082D-01   -0.332743597290150D-01
   -0.249258557783171D-01   -0.361300690005303D-01
   -0.239695885075722D-01   -0.387045651000712D-01
   -0.220574375537590D-01   -0.408589149331375D-01
   -0.190974469195661D-01   -0.425339822049531D-01
   -0.150931785338867D-01   -0.436108044066139D-01
   -0.100794710649842D-01   -0.440780922572858D-01
   -0.421973058677318D-02   -0.438704182159348D-01
    0.229425882591769D-02   -0.430313976235942D-01
    0.914779976783809D-02   -0.415583812091462D-01
    0.160224807184496D-01   -0.395190450840220D-01
    0.225209547252191D-01   -0.369720101870706D-01
    0.282701446306853D-01   -0.339542241639174D-01
    0.328862585476435D-01   -0.305637551756059D-01
    0.360278238822620D-01   -0.267719666118309D-01
    0.374296871988151D-01   -0.227533402325013D-01
    0.368619076485910D-01   -0.184646802906978D-01
    0.342988709258298D-01   -0.141326934413718D-01
    0.297626274526107D-01   -0.986068620747512D-02
    0.235950603449926D-01   -0.597096557337112D-02
    0.161733079023811D-01   -0.286406385283585D-02
    0.811801876034757D-02   -0.720912321686928D-03
    0.000000000000000D+00    0.000000000000000D+00
    0.000000000000000D+00    0.000000000000000D+00
   -0.972117124369656D-04   -0.875153209185036D-04
   -0.484248616588161D-03   -0.346241047162712D-03
   -0.111401608630969D-02   -0.784441299647167D-03
   -0.194329336080538D-02   -0.140022240832403D-02
   -0.294262590550916D-02   -0.221368353700440D-02
   -0.408944072627808D-02   -0.323421993848400D-02
   -0.536727364543317D-02   -0.448249094425266D-02
   -0.676711834481627D-02   -0.596759591407928D-02
   -0.827697345095413D-02   -0.770808815865424D-02
   -0.989135269245366D-02   -0.970840436347694D-02
   -0.115893090949480D-01   -0.119794506378605D-01
   -0.133543426932595D-01   -0.145137652204760D-01
   -0.151399927398263D-01   -0.173064249213575D-01
   -0.169023722215484D-01   -0.203283874156749D-01
   -0.185554454042090D-01   -0.235483625802844D-01
   -0.200157348241885D-01   -0.269053950393989D-01
   -0.211552520854381D-01   -0.303330088106297D-01
   -0.218523852612120D-01   -0.337334447202553D-01
   -0.219577911184805D-01   -0.370051414996373D-01
   -0.213375151510200D-01   -0.400224655385584D-01
   -0.198703923353906D-01   -0.426651091395669D-01
   -0.174638328549861D-01   -0.448072802812722D-01
   -0.140919532435492D-01   -0.463423109374488D-01
   -0.977116288127488D-02   -0.471826596884211D-01
   -0.462237457696395D-02   -0.472737384608717D-01
    0.118121845633038D-02   -0.465951836662186D-01
    0.737290159556086D-02   -0.451617823233177D-01
    0.136286697975745D-01   -0.430121625273824D-01
    0.195981166268868D-01   -0.402345134680403D-01
    0.248656642624923D-01   -0.368841585201616D-01
    0.290987258636466D-01   -0.330883374003650D-01
    0.318969379062095D-01   -0.288739788910930D-01
    0.330637742898643D-01   -0.244227996324017D-01
    0.323375755744359D-01   -0.197570711405518D-01
    0.298043653252144D-01   -0.150690200523311D-01
    0.255046265240488D-01   -0.104899899308321D-01
    0.199241590911310D-01   -0.634643901693414D-02
    0.134165222216756D-01   -0.302712058910767D-02
    0.660705139723560D-02   -0.774153935117124D-03
    0.000000000000000D+00    0.000000000000000D+00
    0.000000000000000D+00    0.000000000000000D+00
    0.569421634245026D-04   -0.626775693493572D-04
   -0.177190887551713D-03   -0.254493438215044D-03
   -0.638975037458474D-03   -0.601093053065210D-03
   -0.128804698917820D-02   -0.110575395110454D-02
   -0.208845433098962D-02   -0.179746030944507D-02
   -0.302016574597561D-02   -0.268977515677481D-02
   -0.406519107501150D-02   -0.380696095340233D-02
   -0.521600374141407D-02   -0.516374412949989D-02
   -0.646387549816136D-02   -0.677923399830153D-02
   -0.780407829682140D-02   -0.866752652303254D-02
   -0.922548507373666D-02   -0.108377590581729D-01
   -0.107126704756299D-01   -0.132983351652478D-01
   -0.122378223288944D-01   -0.160396891326331D-01
   -0.137596043409355D-01   -0.190564051665557D-01
   -0.152205254420135D-01   -0.223073223793613D-01
   -0.165409222247456D-01   -0.257626628192130D-01
   -0.176288480493320D-01   -0.293365642940723D-01
   -0.183645198012252D-01   -0.329664963212822D-01
   -0.186345607203980D-01   -0.365169059223399D-01
   -0.182979446532621D-01   -0.398937926432244D-01
   -0.172580385495677D-01   -0.429257055722692D-01
   -0.153980162729273D-01   -0.455050060230788D-01
   -0.126963140650326D-01   -0.474622501730336D-01
   -0.912411616147931D-02   -0.487087080156845D-01
   -0.478898130939172D-02   -0.491315361116536D-01
    0.196137393615578D-03   -0.486952758904346D-01
    0.557993503064859D-02   -0.473825635031646D-01
    0.110983452040145D-01   -0.452183620202742D-01
    0.164006475125742D-01   -0.423093402384357D-01
    0.211194038539398D-01   -0.387136948344233D-01
    0.248956514512153D-01   -0.346154555922020D-01
    0.273717793167193D-01   -0.300603534323788D-01
    0.283115905445101D-01   -0.253193802421856D-01
    0.275127592657984D-01   -0.204080317436773D-01
    0.250261227946155D-01   -0.155491840359481D-01
    0.210197661243700D-01   -0.108333715632679D-01
    0.159958064839386D-01   -0.657446368174950D-02
    0.104955124930189D-01   -0.318793114297320D-02
    0.508370820330093D-02   -0.801169429768962D-03
    0.000000000000000D+00    0.000000000000000D+00
    0.000000000000000D+00    0.000000000000000D+00
    0.156446785878744D-03   -0.353793124172161D-04
    0.448843782374331D-04   -0.157190724282243D-03
   -0.275288109431100D-03   -0.399867337021747D-03
   -0.758791937546358D-03   -0.780318177762855D-03
   -0.137246553447706D-02   -0.133056263280928D-02
   -0.209600266419269D-02   -0.206912122280179D-02
   -0.291190895946499D-02   -0.302338880358249D-02
   -0.381559364822596D-02   -0.420865027459617D-02
   -0.479691868801468D-02   -0.564974481290208D-02
   -0.585864673588391D-02   -0.735896436522306D-02
   -0.698725892854002D-02   -0.935603611092021D-02
   -0.818212461251783D-02   -0.116458846822152D-01
   -0.941347690573252D-02   -0.142366534312841D-01
   -0.106651352640790D-01   -0.171172597084421D-01
   -0.118790120016571D-01   -0.202730302313575D-01
   -0.130124592143550D-01   -0.236639054220778D-01
   -0.139732712472316D-01   -0.272392727278083D-01
   -0.146877378102060D-01   -0.309168954426774D-01
   -0.150383886143522D-01   -0.346020789478993D-01
   -0.149297776793345D-01   -0.381651308724181D-01
   -0.142505149809070D-01   -0.414741426205290D-01
   -0.129134183073834D-01   -0.443646476005960D-01
   -0.108658318540945D-01   -0.466970587868915D-01
   -0.807825220574356D-02   -0.483074768131442D-01
   -0.461168908005068D-02   -0.490982152082972D-01
   -0.545900992493042D-03   -0.489564796683595D-01
    0.392025300120349D-02   -0.478716483658409D-01
    0.856869311707612D-02   -0.458172108339114D-01
    0.130943942371831D-01   -0.429089847058293D-01
    0.171616624399579D-01   -0.392134511441972D-01
    0.204439618983529D-01   -0.349329568608390D-01
    0.225849896067094D-01   -0.301806163369282D-01
    0.233615249465669D-01   -0.252531554585594D-01
    0.225487682442200D-01   -0.202484053278000D-01
    0.202226268540750D-01   -0.153838352968317D-01
    0.165331568054160D-01   -0.107388315330269D-01
    0.120945156115079D-01   -0.659122833391605D-02
    0.754598182643774D-02   -0.322954748287590D-02
    0.336630524994669D-02   -0.850828229877961D-03
    0.000000000000000D+00    0.000000000000000D+00
    0.000000000000000D+00    0.000000000000000D+00
    0.205721547612723D-03   -0.707853607939875D-05
    0.175622794486440D-03   -0.560219215525933D-04
   -0.273586388633706D-04   -0.195584546106103D-03
   -0.367388682864638D-03   -0.447322298694330D-03
   -0.810544304595396D-03   -0.848689573583902D-03
   -0.134076848644379D-02   -0.141964472084850D-02
   -0.194110881015257D-02   -0.218870474131852D-02
   -0.260810540710956D-02   -0.317299780830048D-02
   -0.333478774126235D-02   -0.439573037776101D-02
   -0.412267745986514D-02   -0.587428880784718D-02
   -0.496635992330588D-02   -0.762502110519234D-02
   -0.586306385264627D-02   -0.966401373651246D-02
   -0.679937557030903D-02   -0.119944887966591D-01
   -0.775781110726921D-02   -0.146256520690495D-01
   -0.870810866785041D-02   -0.175352836578923D-01
   -0.960791104477725D-02   -0.207153264885176D-01
   -0.104054336895264D-01   -0.241022671739013D-01
   -0.110271207578398D-01   -0.276577485528379D-01
   -0.114047711478981D-01   -0.312645313826703D-01
   -0.114375458646177D-01   -0.348434170190985D-01
   -0.110615514002836D-01   -0.382261597590491D-01
   -0.101703367918673D-01   -0.412926442116113D-01
   -0.874117386014621D-02   -0.438536381772929D-01
   -0.670442998897488D-02   -0.457660837735524D-01
   -0.412001331513217D-02   -0.468789448766757D-01
   -0.100785124444817D-02   -0.470640400516920D-01
    0.246783438665046D-02   -0.462766797680748D-01
    0.615541914602908D-02   -0.444440980023105D-01
    0.980532354203791D-02   -0.416929920775622D-01
    0.131352211007491D-01   -0.380440156819828D-01
    0.158725708958891D-01   -0.337497820494115D-01
    0.176752496776375D-01   -0.289194984203334D-01
    0.183476151434524D-01   -0.239630929141129D-01
    0.176346387596231D-01   -0.189987510593435D-01
    0.155636181525644D-01   -0.143189572472910D-01
    0.123056757374121D-01   -0.997231834752103D-02
    0.839092923877666D-02   -0.626726722842813D-02
    0.470341625855649D-02   -0.322332431118425D-02
    0.179924587996147D-02   -0.834451438130591D-03
    0.000000000000000D+00    0.000000000000000D+00
    0.000000000000000D+00    0.000000000000000D+00
    0.204204053506308D-03    0.163317824411845D-04
    0.222790348814781D-03    0.297998794862749D-04
    0.106721603701609D-03   -0.126608482630723D-04
   -0.112842366487000D-03   -0.143672389957184D-03
   -0.407590738495485D-03   -0.399210548397840D-03
   -0.765376623083077D-03   -0.800842191595844D-03
   -0.117031369445180D-02   -0.137596886653062D-02
   -0.162285566040892D-02   -0.214001741988147D-02
   -0.211397939209723D-02   -0.311669367678465D-02
   -0.265090170916037D-02   -0.431987331584310D-02
   -0.322442256718550D-02   -0.577027082175919D-02
   -0.384226060675821D-02   -0.747954829513536D-02
   -0.448723284571725D-02   -0.946196020026393D-02
   -0.516103820500871D-02   -0.117216695717137D-01
   -0.583105170694779D-02   -0.142573093027364D-01
   -0.648634760291293D-02   -0.170547538121334D-01
   -0.707416800308874D-02   -0.200836997274949D-01
   -0.756572580522087D-02   -0.232971598724313D-01
   -0.789065122608613D-02   -0.266231753765732D-01
   -0.800157303193251D-02   -0.299681458721557D-01
   -0.782591289808512D-02   -0.332152701450332D-01
   -0.730591717051918D-02   -0.362197473944559D-01
   -0.639818723134000D-02   -0.388372490869447D-01
   -0.505475968832395D-02   -0.408867544225951D-01
   -0.330272726210068D-02   -0.422395490795557D-01
   -0.113344717646539D-02   -0.427190907314708D-01
    0.132293185352148D-02   -0.422718564539759D-01
    0.400489770376739D-02   -0.407837490301444D-01
    0.668108509629276D-02   -0.383394272138173D-01
    0.921262809512687D-02   -0.349552089109319D-01
    0.113161195084346D-01   -0.308446006692039D-01
    0.127828194862069D-01   -0.261606252822122D-01
    0.133799480934998D-01   -0.213109159514353D-01
    0.128852583870525D-01   -0.165177112895399D-01
    0.112758706557937D-01   -0.121436616569868D-01
    0.857307904976091D-02   -0.828909302831661D-02
    0.523653822813760D-02   -0.525623115089544D-02
    0.213753750777744D-02   -0.289272615516091D-02
    0.113805785163629D-03   -0.931585172313814D-03
    0.000000000000000D+00    0.000000000000000D+00
    0.000000000000000D+00    0.000000000000000D+00
    0.160044774985529D-03    0.348991427390888D-04
    0.195097664534750D-03    0.963040159480528D-04
    0.141066072230516D-03    0.128339265615953D-03
    0.163704896528793D-04    0.982031797950810D-04
   -0.155819776828192D-03   -0.302522261509919D-04
   -0.368248240638290D-03   -0.275220004281614D-03
   -0.608093133051232D-03   -0.661911633827803D-03
   -0.876355732068412D-03   -0.120319862485115D-02
   -0.116746857922743D-02   -0.191842662430211D-02
   -0.148579118743443D-02   -0.282108512763771D-02
   -0.182782894690709D-02   -0.392684810825237D-02
   -0.219706188224106D-02   -0.525107745658105D-02
   -0.258741676003267D-02   -0.680283054944352D-02
   -0.299682608739497D-02   -0.859736858189031D-02
   -0.341280514265645D-02   -0.106278534239822D-01
   -0.382239380954054D-02   -0.129032209868990D-01
   -0.420475829425825D-02   -0.153866773350034D-01
   -0.453082446688041D-02   -0.180705700091301D-01
   -0.477350931735783D-02   -0.208736974595583D-01
   -0.488482269676818D-02   -0.237587756211619D-01
   -0.484020870693493D-02   -0.265944061141307D-01
   -0.457649510237365D-02   -0.293014968357174D-01
   -0.408830073037242D-02   -0.317138459165064D-01
   -0.331206974470077D-02   -0.337063644069753D-01
   -0.228226736092121D-02   -0.351235778429474D-01
   -0.962354745383942D-03   -0.358071329051593D-01
    0.559770452771207D-03   -0.356849477558756D-01
    0.225742078578407D-02   -0.346011478290333D-01
    0.399640795452813D-02   -0.326421336078018D-01
    0.566576178182915D-02   -0.297237206286591D-01
    0.712190653881614D-02   -0.260989719805839D-01
    0.815853430194426D-02   -0.218038682961623D-01
    0.867687280241232D-02   -0.173484678720132D-01
    0.841155228826381D-02   -0.128992587962380D-01
    0.744104938145454D-02   -0.886572644801241D-02
    0.551243994238968D-02   -0.558873554364577D-02
    0.288868675324921D-02   -0.344103534184840D-02
    0.396917614798913D-03   -0.210396163642104D-02
   -0.154364568842624D-02   -0.674444939228056D-03
    0.000000000000000D+00    0.000000000000000D+00
    0.000000000000000D+00    0.000000000000000D+00
    0.930926386433342D-04    0.373777589918420D-04
    0.121058267388361D-03    0.119076674698471D-03
    0.104440563774542D-03    0.195224063006765D-03
    0.479372976361541D-04    0.231467107117884D-03
   -0.307485547926524D-04    0.198584404694574D-03
   -0.131464472032340D-03    0.827407715564525D-04
   -0.242476932512532D-03   -0.135917555778280D-03
   -0.368876997531349D-03   -0.465861085254926D-03
   -0.503179008665111D-03   -0.921747658547876D-03
   -0.652898913354022D-03   -0.151234386575784D-02
   -0.810834716577627D-03   -0.225074801839140D-02
   -0.985932783374776D-03   -0.314728174907036D-02
   -0.116771799091491D-02   -0.421288546125715D-02
   -0.136548505546254D-02   -0.545756393948583D-02
   -0.156252146391935D-02   -0.688457064140132D-02
   -0.176670379787787D-02   -0.849844541076801D-02
   -0.195352997048788D-02   -0.102848911845566D-01
   -0.212668970787857D-02   -0.122350610680022D-01
   -0.225542097012355D-02   -0.143049826958260D-01
   -0.233543370396367D-02   -0.164627640422943D-01
   -0.233678489725198D-02   -0.186256488025002D-01
   -0.224297102079424D-02   -0.207301244884089D-01
   -0.203971764805858D-02   -0.226572186949920D-01
   -0.169492409584989D-02   -0.243096173779002D-01
   -0.123186478621798D-02   -0.255554333737529D-01
   -0.602876499010721D-03   -0.262742420627834D-01
    0.108985772294121D-03   -0.263698681339908D-01
    0.960781045563695D-03   -0.257296191585022D-01
    0.180265291719511D-02   -0.243526399527499D-01
    0.269183317776828D-02   -0.221867243869155D-01
    0.343196783432719D-02   -0.193639572959527D-01
    0.404269640269304D-02   -0.159344934245921D-01
    0.432893849193797D-02   -0.122339593493216D-01
    0.428027176390340D-02   -0.849969074320750D-02
    0.380427527042716D-02   -0.499295431962777D-02
    0.288919695755569D-02   -0.222540147866932D-02
    0.163212851684357D-02   -0.568685340115702D-03
    0.332005770985318D-04    0.170945289865482D-03
   -0.127173931287459D-02   -0.212014536912432D-03
    0.000000000000000D+00    0.000000000000000D+00
    0.000000000000000D+00    0.000000000000000D+00
    0.249209100530492D-04    0.249209100530933D-04
    0.382258468252341D-04    0.936409327996983D-04
    0.379697448432794D-04    0.163714964443249D-03
    0.229372514909810D-04    0.216925937931678D-03
    0.280343021200059D-05    0.231518201123670D-03
   -0.244987688981612D-04    0.201966427601427D-03
   -0.531868811653588D-04    0.116348167911500D-03
   -0.864240807967208D-04   -0.291245451082142D-04
   -0.121049399992776D-03   -0.242122234642774D-03
   -0.160319699901603D-03   -0.526704830238674D-03
   -0.201218232812203D-03   -0.890627990785584D-03
   -0.247344904284539D-03   -0.133949833607627D-02
   -0.295175191427032D-03   -0.187975243433412D-02
   -0.347808320723685D-03   -0.251971631679675D-02
   -0.401180276282976D-03   -0.325922455368541D-02
   -0.456296741249402D-03   -0.410949812435244D-02
   -0.509486585864573D-03   -0.505522455469546D-02
   -0.557259542909420D-03   -0.610933164586735D-02
   -0.598414683883618D-03   -0.723134135923554D-02
   -0.622080987898662D-03   -0.843221786453660D-02
   -0.632810274565590D-03   -0.963926304493663D-02
   -0.609984157281696D-03   -0.108540413356799D-01
   -0.567975659458602D-03   -0.119749787196330D-01
   -0.476271910604554D-03   -0.129826159014275D-01
   -0.362286680170017D-03   -0.137689279627820D-01
   -0.190293294412261D-03   -0.142798735924157D-01
   -0.607350210692460D-06   -0.144470156772170D-01
    0.236747257048991D-03   -0.141763804296937D-01
    0.475700840229417D-03   -0.134929350635282D-01
    0.729143385799184D-03   -0.122746856568913D-01
    0.966060169862367D-03   -0.106919291374455D-01
    0.114737968683935D-02   -0.861345543542334D-02
    0.126752747705140D-02   -0.639284450399387D-02
    0.125033717790664D-02   -0.404230131263588D-02
    0.113537507729339D-02   -0.173148322468522D-02
    0.940384990697304D-03    0.319711146966466D-03
    0.800890174045375D-03    0.152781481887291D-02
    0.598978528860924D-03    0.211796547458798D-02
   -0.210338120079016D-02    0.125715503907199D-02
    0.000000000000000D+00    0.000000000000000D+00
    0.000000000000000D+00    0.000000000000000D+00
    0.000000000000000D+00    0.000000000000000D+00
    0.000000000000000D+00    0.000000000000000D+00
    0.000000000000000D+00    0.000000000000000D+00
    0.000000000000000D+00    0.000000000000000D+00
    0.000000000000000D+00    0.000000000000000D+00
    0.000000000000000D+00    0.000000000000000D+00
    0.000000000000000D+00    0.000000000000000D+00
    0.000000000000000D+00    0.000000000000000D+00
    0.000000000000000D+00    0.000000000000000D+00
    0.000000000000000D+00    0.000000000000000D+00
    0.000000000000000D+00    0.000000000000000D+00
    0.000000000000000D+00    0.000000000000000D+00
    0.000000000000000D+00    0.000000000000000D+00
    0.000000000000000D+00    0.000000000000000D+00
    0.000000000000000D+00    0.000000000000000D+00
    0.000000000000000D+00    0.000000000000000D+00
    0.000000000000000D+00    0.000000000000000D+00
    0.000000000000000D+00    0.000000000000000D+00
    0.000000000000000D+00    0.000000000000000D+00
    0.000000000000000D+00    0.000000000000000D+00
    0.000000000000000D+00    0.000000000000000D+00
    0.000000000000000D+00    0.000000000000000D+00
    0.000000000000000D+00    0.000000000000000D+00
    0.000000000000000D+00    0.000000000000000D+00
    0.000000000000000D+00    0.000000000000000D+00
    0.000000000000000D+00    0.000000000000000D+00
    0.000000000000000D+00    0.000000000000000D+00
    0.000000000000000D+00    0.000000000000000D+00
    0.000000000000000D+00    0.000000000000000D+00
    0.000000000000000D+00    0.000000000000000D+00
    0.000000000000000D+00    0.000000000000000D+00
    0.000000000000000D+00    0.000000000000000D+00
    0.000000000000000D+00    0.000000000000000D+00
    0.000000000000000D+00    0.000000000000000D+00
    0.000000000000000D+00    0.000000000000000D+00
    0.000000000000000D+00    0.000000000000000D+00
    0.000000000000000D+00    0.000000000000000D+00
    0.000000000000000D+00    0.000000000000000D+00
    0.000000000000000D+00    0.000000000000000D+00
    0.000000000000000D+00    0.000000000000000D+00
