   0.00000    
  0.265149E-01
  0.530238E-01
  0.795287E-01
  0.106016    
  0.132494    
  0.158942    
  0.185376    
  0.211766    
  0.238137    
  0.264448    
  0.290733    
  0.316939    
  0.343111    
  0.369184    
  0.395211    
  0.421113    
  0.446954    
  0.472640    
  0.498243    
  0.523654    
  0.548955    
  0.574014    
  0.598928    
  0.623535    
  0.647955    
  0.671973    
  0.695759    
  0.719003    
  0.741968    
  0.764149    
  0.785928    
  0.806238    
  0.824887    
  0.837158    
  0.833612    
  0.786497    
  0.668219    
  0.478710    
  0.251135    
   0.00000    
