   1.00000      -3.00000       9.00000    
   1.00000      -2.00000       4.00000    
   1.00000       0.00000       0.00000    
   1.00000       0.00000       0.00000    
   1.00000       0.00000       0.00000    
   1.00000       0.00000       0.00000    
   1.00000       0.00000       0.00000    
   1.00000       0.00000       0.00000    
   1.00000       0.00000       0.00000    
   1.00000       0.00000       0.00000    
   1.00000       0.00000       0.00000    
   1.00000       0.00000       0.00000    
   1.00000       0.00000       0.00000    
   1.00000       1.00000       1.00000    
   1.00000       2.00000       4.00000    
   1.00000       4.00000       16.0000    
   1.00000       4.00000       16.0000    
