February  6 2003   4:56:23.689 AM
 
MIXTURE
  Last modified on 09 May 2002.
 
Read mixture data from file.
 
 
 
MIXTURE_READ - Note:
  Number of records read was     38
  Number of goofy records was      0
 
Numeric key for amino acid abbreviations.
 
 
  I  Amino Acid Symbol
 
  1  A  Alanine                    
  2  C  Cysteine                   
  3  D  Aspartic acid              
  4  E  Glutamic acid              
  5  F  Phenylalanine              
  6  G  Glycine                    
  7  H  Histidine                  
  8  I  Isoleucine                 
  9  K  Lysine                     
 10  L  Leucine                    
 11  M  Methionine                 
 12  N  Asparagine                 
 13  P  Proline                    
 14  Q  Glutamine                  
 15  R  Arginine                   
 16  S  Serine                     
 17  T  Threonine                  
 18  V  Valine                     
 19  W  Tryptophan                 
 20  Y  Tyrosine                   
 
  Number of components =      9
 
 
Compon:       1       2       3       4       5       6       7       8       9
Weight:  0.1781  0.0566  0.0960  0.0781  0.0835  0.0904  0.1145  0.0682  0.2346
 
 1  A    0.2707  0.0215  0.5615  0.0701  0.0411  0.1156  0.0935  0.4522  0.0052
 2  C    0.0398  0.0103  0.0454  0.0111  0.0148  0.0374  0.0047  0.1146  0.0040
 3  D    0.0176  0.0117  0.4384  0.0195  0.0056  0.0124  0.3873  0.0625  0.0067
 4  E    0.0164  0.0109  0.7642  0.0947  0.0102  0.0182  0.3478  0.1157  0.0061
 5  F    0.0143  0.3857  0.0874  0.0132  0.1536  0.0518  0.0108  0.2842  0.0035
 6  G    0.1319  0.0164  0.2591  0.0480  0.0078  0.0173  0.1059  0.1402  0.0169
 7  H    0.0124  0.0762  0.2149  0.0770  0.0072  0.0049  0.0498  0.1004  0.0036
 8  I    0.0226  0.0353  0.1459  0.0329  0.2996  0.7969  0.0150  0.5502  0.0022
 9  K    0.0204  0.0139  0.7622  0.5766  0.0108  0.0171  0.0943  0.1440  0.0050
10  L    0.0307  0.0935  0.2473  0.0723  0.9994  0.2859  0.0278  0.7006  0.0060
11  M    0.0153  0.0220  0.1187  0.0282  0.2102  0.0758  0.0100  0.2766  0.0015
12  N    0.0483  0.0286  0.4416  0.0804  0.0061  0.0145  0.1879  0.1186  0.0042
13  P    0.0538  0.0131  0.1748  0.0377  0.0130  0.0151  0.0500  0.0975  0.0091
14  Q    0.0207  0.0230  0.5308  0.1850  0.0198  0.0114  0.1100  0.1267  0.0036
15  R    0.0236  0.0189  0.4655  0.5068  0.0145  0.0127  0.0387  0.1436  0.0066
16  S    0.2161  0.0292  0.5834  0.0737  0.0120  0.0275  0.1195  0.2790  0.0032
17  T    0.1472  0.0182  0.4456  0.0716  0.0358  0.0883  0.0658  0.3585  0.0037
18  V    0.0654  0.0361  0.2271  0.0425  0.1801  0.9443  0.0254  0.6618  0.0030
19  W    0.0038  0.0718  0.0295  0.0113  0.0127  0.0044  0.0032  0.0615  0.0028
20  Y    0.0096  0.4196  0.1211  0.0287  0.0265  0.0167  0.0187  0.1994  0.0027
 
Sum      1.1806  1.3558  6.6644  2.0814  2.0810  2.5682  1.7661  4.9877  0.0995
 
Site numbers =     10
 
 
Sample number      1
 
  WEIGHTS:
 
  True, Estimated, Est norm, Count:
 
     1  0.178091       1.00000      0.111111       0.00000    
     2  0.565910E-01   1.00000      0.111111       0.00000    
     3  0.960191E-01   1.00000      0.111111       0.00000    
     4  0.781233E-01   1.00000      0.111111       0.00000    
     5  0.834977E-01   1.00000      0.111111       0.00000    
     6  0.904123E-01   1.00000      0.111111       0.00000    
     7  0.114468       1.00000      0.111111       1.00000    
     8  0.682132E-01   1.00000      0.111111       0.00000    
     9  0.234585       1.00000      0.111111       0.00000    
 
Sample number      2
 
  WEIGHTS:
 
  True, Estimated, Est norm, Count:
 
     1  0.178091       1.00170      0.100170       0.00000    
     2  0.565910E-01   1.00000      0.100000       0.00000    
     3  0.960191E-01   1.32409      0.132409       0.00000    
     4  0.781233E-01   1.00186      0.100186       0.00000    
     5  0.834977E-01   1.00000      0.100000       0.00000    
     6  0.904123E-01   1.00000      0.100000       0.00000    
     7  0.114468       1.27889      0.127889       1.00000    
     8  0.682132E-01   1.00023      0.100023       0.00000    
     9  0.234585       1.39324      0.139324       0.00000    
 
Sample number      3
 
  WEIGHTS:
 
  True, Estimated, Est norm, Count:
 
     1  0.178091       1.00173      0.910667E-01   0.00000    
     2  0.565910E-01   1.00000      0.909091E-01   0.00000    
     3  0.960191E-01   1.34469      0.122245       0.00000    
     4  0.781233E-01   1.00186      0.910783E-01   0.00000    
     5  0.834977E-01   1.00000      0.909091E-01   0.00000    
     6  0.904123E-01   1.00000      0.909091E-01   0.00000    
     7  0.114468       2.23020      0.202746       1.00000    
     8  0.682132E-01   1.00023      0.909303E-01   0.00000    
     9  0.234585       1.42128      0.129207       0.00000    
 
Sample number      4
 
  WEIGHTS:
 
  True, Estimated, Est norm, Count:
 
     1  0.178091       1.00175      0.834790E-01   0.00000    
     2  0.565910E-01   1.00000      0.833334E-01   0.00000    
     3  0.960191E-01   1.77934      0.148279       0.00000    
     4  0.781233E-01   1.00314      0.835952E-01   0.00000    
     5  0.834977E-01   1.00000      0.833333E-01   0.00000    
     6  0.904123E-01   1.00000      0.833333E-01   0.00000    
     7  0.114468       2.79246      0.232705       1.00000    
     8  0.682132E-01   1.00026      0.833549E-01   0.00000    
     9  0.234585       1.42305      0.118588       0.00000    
 
Sample number      5
 
  WEIGHTS:
 
  True, Estimated, Est norm, Count:
 
     1  0.178091       1.00177      0.770590E-01   0.00000    
     2  0.565910E-01   1.00000      0.769231E-01   0.00000    
     3  0.960191E-01   2.03312      0.156394      0.200000    
     4  0.781233E-01   1.00330      0.771770E-01   0.00000    
     5  0.834977E-01   1.00000      0.769231E-01   0.00000    
     6  0.904123E-01   1.00000      0.769231E-01   0.00000    
     7  0.114468       3.53685      0.272066      0.800000    
     8  0.682132E-01   1.00026      0.769434E-01   0.00000    
     9  0.234585       1.42470      0.109592       0.00000    
 
Sample number      6
 
  WEIGHTS:
 
  True, Estimated, Est norm, Count:
 
     1  0.178091       1.00183      0.715591E-01   0.00000    
     2  0.565910E-01   1.00000      0.714286E-01   0.00000    
     3  0.960191E-01   2.15391      0.153850      0.333333    
     4  0.781233E-01   1.00428      0.717340E-01   0.00000    
     5  0.834977E-01   1.00000      0.714286E-01   0.00000    
     6  0.904123E-01   1.00000      0.714286E-01   0.00000    
     7  0.114468       4.39724      0.314089      0.666667    
     8  0.682132E-01   1.00027      0.714478E-01   0.00000    
     9  0.234585       1.44248      0.103034       0.00000    
 
Sample number      7
 
  WEIGHTS:
 
  True, Estimated, Est norm, Count:
 
     1  0.178091       1.00185      0.667900E-01   0.00000    
     2  0.565910E-01   1.00000      0.666667E-01   0.00000    
     3  0.960191E-01   2.77805      0.185204      0.285714    
     4  0.781233E-01   1.16671      0.777807E-01   0.00000    
     5  0.834977E-01   1.00000      0.666667E-01   0.00000    
     6  0.904123E-01   1.00000      0.666667E-01   0.00000    
     7  0.114468       4.60340      0.306893      0.714286    
     8  0.682132E-01   1.00030      0.666870E-01   0.00000    
     9  0.234585       1.44969      0.966457E-01   0.00000    
 
Sample number      8
 
  WEIGHTS:
 
  True, Estimated, Est norm, Count:
 
     1  0.178091       1.00185      0.626157E-01   0.00000    
     2  0.565910E-01   1.00000      0.625000E-01   0.00000    
     3  0.960191E-01   2.91511      0.182194      0.250000    
     4  0.781233E-01   1.16675      0.729219E-01  0.125000    
     5  0.834977E-01   1.00000      0.625000E-01   0.00000    
     6  0.904123E-01   1.00000      0.625000E-01   0.00000    
     7  0.114468       5.46595      0.341622      0.625000    
     8  0.682132E-01   1.00031      0.625191E-01   0.00000    
     9  0.234585       1.45003      0.906269E-01   0.00000    
 
Sample number      9
 
  WEIGHTS:
 
  True, Estimated, Est norm, Count:
 
     1  0.178091       1.00185      0.589324E-01   0.00000    
     2  0.565910E-01   1.00000      0.588236E-01   0.00000    
     3  0.960191E-01   2.94195      0.173056      0.222222    
     4  0.781233E-01   2.13966      0.125862      0.111111    
     5  0.834977E-01   1.00000      0.588235E-01   0.00000    
     6  0.904123E-01   1.00000      0.588235E-01   0.00000    
     7  0.114468       5.46602      0.321530      0.555556    
     8  0.682132E-01   1.00032      0.588424E-01  0.111111    
     9  0.234585       1.45020      0.853059E-01   0.00000    
 
Sample number     10
 
  WEIGHTS:
 
  True, Estimated, Est norm, Count:
 
     1  0.178091       1.00304      0.557242E-01   0.00000    
     2  0.565910E-01   1.01293      0.562737E-01   0.00000    
     3  0.960191E-01   2.94658      0.163699      0.200000    
     4  0.781233E-01   2.13990      0.118883      0.100000    
     5  0.834977E-01   1.01526      0.564035E-01   0.00000    
     6  0.904123E-01   1.00007      0.555597E-01   0.00000    
     7  0.114468       5.46603      0.303668      0.500000    
     8  0.682132E-01   1.93776      0.107653      0.100000    
     9  0.234585       1.47843      0.821352E-01  0.100000    
 
Sample number   1000
 
  WEIGHTS:
 
  True, Estimated, Est norm, Count:
 
     1  0.178091       149.281      0.148097      0.158000    
     2  0.565910E-01   72.4479      0.718730E-01  0.710000E-01
     3  0.960191E-01   112.656      0.111762      0.980000E-01
     4  0.781233E-01   99.9994      0.992058E-01  0.870000E-01
     5  0.834977E-01   85.7514      0.850709E-01  0.840000E-01
     6  0.904123E-01   80.5843      0.799448E-01  0.770000E-01
     7  0.114468       120.505      0.119549      0.118000    
     8  0.682132E-01   92.3127      0.915800E-01  0.760000E-01
     9  0.234585       194.461      0.192918      0.231000    
 
Sample number   2000
 
  WEIGHTS:
 
  True, Estimated, Est norm, Count:
 
     1  0.178091       324.130      0.161420      0.173500    
     2  0.565910E-01   127.091      0.632924E-01  0.620000E-01
     3  0.960191E-01   224.110      0.111608      0.960000E-01
     4  0.781233E-01   177.561      0.884271E-01  0.775000E-01
     5  0.834977E-01   166.281      0.828092E-01  0.845000E-01
     6  0.904123E-01   159.806      0.795849E-01  0.785000E-01
     7  0.114468       244.383      0.121705      0.113500    
     8  0.682132E-01   183.095      0.911827E-01  0.735000E-01
     9  0.234585       401.542      0.199971      0.241000    
 
Sample number   3000
 
  WEIGHTS:
 
  True, Estimated, Est norm, Count:
 
     1  0.178091       492.141      0.163611      0.172667    
     2  0.565910E-01   187.223      0.622418E-01  0.616667E-01
     3  0.960191E-01   339.103      0.112734      0.100333    
     4  0.781233E-01   253.713      0.843462E-01  0.753333E-01
     5  0.834977E-01   249.703      0.830130E-01  0.853333E-01
     6  0.904123E-01   254.000      0.844415E-01  0.826667E-01
     7  0.114468       356.376      0.118476      0.110667    
     8  0.682132E-01   269.835      0.897058E-01  0.720000E-01
     9  0.234585       605.903      0.201431      0.239333    
 
Sample number   4000
 
  WEIGHTS:
 
  True, Estimated, Est norm, Count:
 
     1  0.178091       658.560      0.164312      0.172000    
     2  0.565910E-01   244.170      0.609208E-01  0.602500E-01
     3  0.960191E-01   460.323      0.114851      0.100000    
     4  0.781233E-01   334.376      0.834273E-01  0.760000E-01
     5  0.834977E-01   317.688      0.792636E-01  0.827500E-01
     6  0.904123E-01   347.525      0.867079E-01  0.855000E-01
     7  0.114468       486.868      0.121474      0.116000    
     8  0.682132E-01   349.695      0.872493E-01  0.722500E-01
     9  0.234585       808.788      0.201794      0.235250    
 
Sample number   5000
 
  WEIGHTS:
 
  True, Estimated, Est norm, Count:
 
     1  0.178091       822.935      0.164324      0.173800    
     2  0.565910E-01   307.436      0.613892E-01  0.606000E-01
     3  0.960191E-01   565.191      0.112858      0.956000E-01
     4  0.781233E-01   408.727      0.816150E-01  0.750000E-01
     5  0.834977E-01   404.869      0.808447E-01  0.828000E-01
     6  0.904123E-01   420.809      0.840276E-01  0.844000E-01
     7  0.114468       611.776      0.122160      0.116400    
     8  0.682132E-01   441.574      0.881740E-01  0.720000E-01
     9  0.234585       1024.67      0.204607      0.239400    
 
Sample number   6000
 
  WEIGHTS:
 
  True, Estimated, Est norm, Count:
 
     1  0.178091       989.797      0.164747      0.174000    
     2  0.565910E-01   370.957      0.617440E-01  0.600000E-01
     3  0.960191E-01   686.873      0.114327      0.985000E-01
     4  0.781233E-01   498.926      0.830439E-01  0.748333E-01
     5  0.834977E-01   490.826      0.816956E-01  0.836667E-01
     6  0.904123E-01   508.888      0.847021E-01  0.851667E-01
     7  0.114468       737.202      0.122704      0.116667    
     8  0.682132E-01   517.188      0.860835E-01  0.711667E-01
     9  0.234585       1207.32      0.200953      0.236000    
 
Sample number   7000
 
  WEIGHTS:
 
  True, Estimated, Est norm, Count:
 
     1  0.178091       1180.29      0.168421      0.178714    
     2  0.565910E-01   426.558      0.608675E-01  0.590000E-01
     3  0.960191E-01   794.480      0.113368      0.967143E-01
     4  0.781233E-01   575.500      0.821207E-01  0.738571E-01
     5  0.834977E-01   574.039      0.819123E-01  0.837143E-01
     6  0.904123E-01   609.296      0.869433E-01  0.877143E-01
     7  0.114468       836.107      0.119308      0.113714    
     8  0.682132E-01   616.756      0.880078E-01  0.714286E-01
     9  0.234585       1394.94      0.199051      0.235143    
 
Sample number   8000
 
  WEIGHTS:
 
  True, Estimated, Est norm, Count:
 
     1  0.178091       1331.05      0.166216      0.175125    
     2  0.565910E-01   486.320      0.607295E-01  0.590000E-01
     3  0.960191E-01   905.559      0.113082      0.965000E-01
     4  0.781233E-01   659.440      0.823480E-01  0.743750E-01
     5  0.834977E-01   657.679      0.821280E-01  0.837500E-01
     6  0.904123E-01   702.998      0.877874E-01  0.886250E-01
     7  0.114468       967.175      0.120777      0.115250    
     8  0.682132E-01   693.296      0.865758E-01  0.700000E-01
     9  0.234585       1604.45      0.200357      0.237375    
 
Sample number   9000
 
  WEIGHTS:
 
  True, Estimated, Est norm, Count:
 
     1  0.178091       1501.00      0.166631      0.175000    
     2  0.565910E-01   560.170      0.621861E-01  0.602222E-01
     3  0.960191E-01   1020.73      0.113315      0.955556E-01
     4  0.781233E-01   743.377      0.825244E-01  0.746667E-01
     5  0.834977E-01   725.340      0.805221E-01  0.818889E-01
     6  0.904123E-01   789.726      0.876697E-01  0.887778E-01
     7  0.114468       1081.92      0.120107      0.115333    
     8  0.682132E-01   769.511      0.854256E-01  0.690000E-01
     9  0.234585       1816.18      0.201620      0.239556    
 
Sample number  10000
 
  WEIGHTS:
 
  True, Estimated, Est norm, Count:
 
     1  0.178091       1679.64      0.167830      0.176900    
     2  0.565910E-01   615.312      0.614823E-01  0.595000E-01
     3  0.960191E-01   1133.31      0.113241      0.957000E-01
     4  0.781233E-01   819.172      0.818521E-01  0.743000E-01
     5  0.834977E-01   808.106      0.807463E-01  0.820000E-01
     6  0.904123E-01   882.237      0.881535E-01  0.891000E-01
     7  0.114468       1189.20      0.118825      0.113600    
     8  0.682132E-01   853.527      0.852848E-01  0.684000E-01
     9  0.234585       2027.45      0.202584      0.240500    
 
MIXTURE
  Normal end of execution.
 
February  6 2003   4:56:28.222 AM
