    0.000000000000000D+00    0.000000000000000D+00
    0.000000000000000D+00    0.000000000000000D+00
    0.000000000000000D+00    0.000000000000000D+00
    0.000000000000000D+00    0.000000000000000D+00
    0.000000000000000D+00    0.000000000000000D+00
    0.000000000000000D+00    0.000000000000000D+00
    0.000000000000000D+00    0.000000000000000D+00
    0.000000000000000D+00    0.000000000000000D+00
    0.000000000000000D+00    0.000000000000000D+00
    0.000000000000000D+00    0.000000000000000D+00
    0.000000000000000D+00    0.000000000000000D+00
    0.000000000000000D+00    0.000000000000000D+00
    0.000000000000000D+00    0.000000000000000D+00
    0.000000000000000D+00    0.000000000000000D+00
    0.000000000000000D+00    0.000000000000000D+00
    0.000000000000000D+00    0.000000000000000D+00
    0.000000000000000D+00    0.000000000000000D+00
    0.000000000000000D+00    0.000000000000000D+00
    0.000000000000000D+00    0.000000000000000D+00
    0.000000000000000D+00    0.000000000000000D+00
    0.000000000000000D+00    0.000000000000000D+00
    0.000000000000000D+00    0.000000000000000D+00
    0.000000000000000D+00    0.000000000000000D+00
    0.000000000000000D+00    0.000000000000000D+00
    0.000000000000000D+00    0.000000000000000D+00
    0.000000000000000D+00    0.000000000000000D+00
    0.000000000000000D+00    0.000000000000000D+00
    0.000000000000000D+00    0.000000000000000D+00
    0.000000000000000D+00    0.000000000000000D+00
    0.000000000000000D+00    0.000000000000000D+00
    0.000000000000000D+00    0.000000000000000D+00
    0.000000000000000D+00    0.000000000000000D+00
    0.000000000000000D+00    0.000000000000000D+00
    0.000000000000000D+00    0.000000000000000D+00
    0.000000000000000D+00    0.000000000000000D+00
    0.000000000000000D+00    0.000000000000000D+00
    0.000000000000000D+00    0.000000000000000D+00
    0.000000000000000D+00    0.000000000000000D+00
    0.000000000000000D+00    0.000000000000000D+00
    0.000000000000000D+00    0.000000000000000D+00
    0.000000000000000D+00    0.000000000000000D+00
    0.000000000000000D+00    0.000000000000000D+00
   -0.201949297956417D-04    0.201192561090638D-04
   -0.140925346370976D-04    0.417184404594686D-04
    0.376022760193951D-05    0.479324500323632D-04
    0.295327763210125D-04    0.513171345038359D-05
    0.565034770304481D-04   -0.816243662033043D-04
    0.835854262581647D-04   -0.223822722527022D-03
    0.110438573715566D-03   -0.416076719846268D-03
    0.135249348512925D-03   -0.659230157334083D-03
    0.159000563466841D-03   -0.948765119141104D-03
    0.179479121068919D-03   -0.128099948320326D-02
    0.198274734781181D-03   -0.165179571834187D-02
    0.212903914097132D-03   -0.205394678381368D-02
    0.225315044474153D-03   -0.248386460418975D-02
    0.232894219612350D-03   -0.293124417682841D-02
    0.237804434446162D-03   -0.339333161446719D-02
    0.237559283739749D-03   -0.385715710029321D-02
    0.234404351998921D-03   -0.432126970949098D-02
    0.226332647974100D-03   -0.477095456253782D-02
    0.215476707030402D-03   -0.520658024063592D-02
    0.200763431213851D-03   -0.561338801218577D-02
    0.183977754793505D-03   -0.599404022796956D-02
    0.165467121664559D-03   -0.633638607575280D-02
    0.146328301476186D-03   -0.664566397219574D-02
    0.128990217251522D-03   -0.691645362655944D-02
    0.113839428794853D-03   -0.715643061732602D-02
    0.105916568581763D-03   -0.737161438645195D-02
    0.106200088116393D-03   -0.757432836795360D-02
    0.118251790169855D-03   -0.778549321477743D-02
    0.136962429949745D-03   -0.801531137925387D-02
    0.176750048669784D-03   -0.832535319060991D-02
    0.257389849233316D-03   -0.871683223701504D-02
    0.360987179419487D-03   -0.919571183168742D-02
    0.545624409653591D-03   -0.991693001406394D-02
    0.585270284223257D-03   -0.107716713297779D-01
    0.164639873594833D-03   -0.113400447733621D-01
    0.150323975544916D-03   -0.124371439337225D-01
    0.124489669531453D-02   -0.131727464037663D-01
    0.118674834702787D-02   -0.986621712557640D-02
   -0.619779295909636D-02   -0.619779295908798D-02
    0.000000000000000D+00    0.000000000000000D+00
    0.000000000000000D+00    0.000000000000000D+00
   -0.416427667634294D-04    0.140569825980119D-04
   -0.153088552304561D-04    0.152706503883451D-04
    0.533933045536848D-04   -0.268207682620650D-04
    0.140639298947646D-03   -0.144204659280474D-03
    0.239181994938737D-03   -0.346315144645003D-03
    0.337188393294502D-03   -0.636714089593977D-03
    0.435746885187786D-03   -0.101941578748426D-02
    0.527504749003045D-03   -0.148751582571594D-02
    0.614519890955683D-03   -0.204094413616674D-02
    0.691372822445218D-03   -0.266777494324815D-02
    0.759744359426023D-03   -0.336515568656377D-02
    0.815660895822712D-03   -0.411754455562217D-02
    0.859968671413191D-03   -0.492012138174219D-02
    0.890275372129179D-03   -0.575453325786832D-02
    0.906472015596345D-03   -0.661460509574916D-02
    0.908173788282501D-03   -0.748003434055924D-02
    0.894408203344354D-03   -0.834418012099416D-02
    0.867258912851756D-03   -0.918621378123211D-02
    0.825197625815826D-03   -0.100003516490541D-01
    0.773077639835105D-03   -0.107673214622593D-01
    0.709476726649689D-03   -0.114841462621558D-01
    0.641961691652805D-03   -0.121357821120877D-01
    0.570450995433013D-03   -0.127248926341065D-01
    0.504511580356115D-03   -0.132436131414914D-01
    0.447779240251811D-03   -0.137041860934883D-01
    0.409275707877498D-03   -0.141073649342991D-01
    0.399903924880507D-03   -0.144816031954654D-01
    0.423139901297328D-03   -0.148364733562479D-01
    0.501176888728509D-03   -0.152221266124684D-01
    0.617991000943994D-03   -0.156450630445764D-01
    0.824027122316576D-03   -0.161712924208975D-01
    0.102283965163910D-02   -0.167162721191706D-01
    0.125106865741268D-02   -0.174199034231428D-01
    0.135519123054218D-02   -0.181610770401593D-01
    0.120778251156027D-02   -0.187102096581603D-01
    0.224508136753558D-03   -0.181690724826471D-01
   -0.244840969773880D-02   -0.158766115564692D-01
   -0.787224404619755D-02   -0.100649813252271D-01
   -0.142617710005260D-01   -0.307133991096948D-02
    0.000000000000000D+00    0.000000000000000D+00
    0.000000000000000D+00    0.000000000000000D+00
   -0.474751894631786D-04   -0.381503852298256D-05
    0.263855865495168D-04   -0.523148611571924D-04
    0.168488239754272D-03   -0.166004466105902D-03
    0.350157106190907D-03   -0.384293849734518D-03
    0.549626894277486D-03   -0.709371871376678D-03
    0.754730603599285D-03   -0.115432660726697D-02
    0.957206585365829D-03   -0.171543293055896D-02
    0.115036555660481D-02   -0.239336127118097D-02
    0.133064800788446D-02   -0.317998955522936D-02
    0.149293824843940D-02   -0.406772636155941D-02
    0.163563350069618D-02   -0.504584577025783D-02
    0.175404732684670D-02   -0.610064089121028D-02
    0.184756569703233D-02   -0.721964808296131D-02
    0.191202474142293D-02   -0.838422289647016D-02
    0.194779626939119D-02   -0.958117935589366D-02
    0.195179890309845D-02   -0.107878694168051D-01
    0.192574252055266D-02   -0.119918854475326D-01
    0.186842843539068D-02   -0.131680270309914D-01
    0.178338652186296D-02   -0.143066515137739D-01
    0.167221567389794D-02   -0.153822946601896D-01
    0.154082075643007D-02   -0.163905076686493D-01
    0.139447896175208D-02   -0.173087789344503D-01
    0.124219214332147D-02   -0.181406349119019D-01
    0.109337745833822D-02   -0.188701906763627D-01
    0.961314420502009D-03   -0.195121221169375D-01
    0.857923178848910D-03   -0.200595323520621D-01
    0.801560753014536D-03   -0.205408123144212D-01
    0.801028065876839D-03   -0.209573369892776D-01
    0.881499401867325D-03   -0.213494375886346D-01
    0.102600140297910D-02   -0.217023963787627D-01
    0.126313109567317D-02   -0.220644274565274D-01
    0.146794160756146D-02   -0.223303542333425D-01
    0.157533722457593D-02   -0.224604087562282D-01
    0.137738483678288D-02   -0.222885514973264D-01
    0.576555278466947D-03   -0.213410833986765D-01
   -0.145235061597709D-02   -0.187987047309469D-01
   -0.701010494383527D-02   -0.142570326781172D-01
   -0.130927280318477D-01   -0.713129505671935D-02
   -0.161859027892274D-01   -0.204319092405723D-02
    0.000000000000000D+00    0.000000000000000D+00
    0.000000000000000D+00    0.000000000000000D+00
   -0.646582872289443D-05   -0.277748639692752D-04
    0.139241322628260D-03   -0.132483970827332D-03
    0.383024359955190D-03   -0.333362540378340D-03
    0.679509602581042D-03   -0.657292846194303D-03
    0.100522106005972D-02   -0.111172163820685D-02
    0.133857487245212D-02   -0.170323148756923D-02
    0.166908690506967D-02   -0.243308705137806D-02
    0.198490852126745D-02   -0.329712646722938D-02
    0.228019938003069D-02   -0.429058091744658D-02
    0.254708696539268D-02   -0.540094296965718D-02
    0.278129377393888D-02   -0.661910285669592D-02
    0.297707814268284D-02   -0.792661610473660D-02
    0.313065996279466D-02   -0.931088646806085D-02
    0.323829944252655D-02   -0.107487962125578D-01
    0.329690943763781D-02   -0.122254285067332D-01
    0.330533387874268D-02   -0.137140878095526D-01
    0.326199172032873D-02   -0.151992739375865D-01
    0.316910926776368D-02   -0.166521322767071D-01
    0.302783460921181D-02   -0.180590483736824D-01
    0.284446154777749D-02   -0.193908688939084D-01
    0.262444489132541D-02   -0.206391296549484D-01
    0.237836570197324D-02   -0.217764956770604D-01
    0.211789728199294D-02   -0.228035667923815D-01
    0.185701528129697D-02   -0.236963873777854D-01
    0.161546492451501D-02   -0.244687094697183D-01
    0.140713167406952D-02   -0.250992784005459D-01
    0.125966335665735D-02   -0.256170793966587D-01
    0.117649715423236D-02   -0.259961317941070D-01
    0.118541611295221D-02   -0.262735627333174D-01
    0.124995028650794D-02   -0.263911724006225D-01
    0.135672947954704D-02   -0.263681790594330D-01
    0.136884021568559D-02   -0.260676421215000D-01
    0.109953560374340D-02   -0.253765196421377D-01
    0.176382605017511D-03   -0.239430745499042D-01
   -0.209862886728589D-02   -0.213231875999941D-01
   -0.634766013183542D-02   -0.170357513600477D-01
   -0.135282391557988D-01   -0.110618699124304D-01
   -0.202222211147235D-01   -0.483300621356448D-02
   -0.195128574303524D-01   -0.539336999999542D-03
    0.000000000000000D+00    0.000000000000000D+00
    0.000000000000000D+00    0.000000000000000D+00
    0.744298537947719D-04   -0.516283970750545D-04
    0.327205605749447D-03   -0.217461177342906D-03
    0.691420018900639D-03   -0.503212164541069D-03
    0.112438364609193D-02   -0.933659629125321D-03
    0.159205168145260D-02   -0.150853999195810D-02
    0.207212695742272D-02   -0.223763882760411D-02
    0.254643757506304D-02   -0.311605542560558D-02
    0.300171424403622D-02   -0.414421257731641D-02
    0.342716683244529D-02   -0.531163834327993D-02
    0.381296495153396D-02   -0.660983732486315D-02
    0.415187649716126D-02   -0.802415005610183D-02
    0.443548379742031D-02   -0.953901255753070D-02
    0.465893276422958D-02   -0.111365470410176D-01
    0.481503877929983D-02   -0.127949929316890D-01
    0.490164236437350D-02   -0.144947449307723D-01
    0.491354365796340D-02   -0.162086802049956D-01
    0.485224215197272D-02   -0.179174618097803D-01
    0.471577926516450D-02   -0.195898117151549D-01
    0.451051927239719D-02   -0.212091936699380D-01
    0.423915314028581D-02   -0.227419106400047D-01
    0.391407258948116D-02   -0.241771456602779D-01
    0.354370242133553D-02   -0.254807911362381D-01
    0.314734420697008D-02   -0.266507158232210D-01
    0.273881612613830D-02   -0.276535888681726D-01
    0.234424458959102D-02   -0.284981528358796D-01
    0.197837373916867D-02   -0.291498396318279D-01
    0.167091458211951D-02   -0.296273395107238D-01
    0.142155572401797D-02   -0.298837189584803D-01
    0.124904528343271D-02   -0.299376319759158D-01
    0.109356605764685D-02   -0.297009220604676D-01
    0.906405731037638D-03   -0.291523593019151D-01
    0.489176200041269D-03   -0.281222453677359D-01
   -0.424110180169743D-03   -0.264591626848565D-01
   -0.226097348773812D-02   -0.238605302296776D-01
   -0.596583650453112D-02   -0.199656235940788D-01
   -0.113637717111531D-01   -0.147773224244208D-01
   -0.195786472387967D-01   -0.862879691618127D-02
   -0.253643572201735D-01   -0.313587279261866D-02
   -0.215210916827153D-01   -0.333115342546059D-03
    0.000000000000000D+00    0.000000000000000D+00
    0.000000000000000D+00    0.000000000000000D+00
    0.200083468900138D-03   -0.722609200317575D-04
    0.585502275235883D-03   -0.291823925655553D-03
    0.109483242192511D-02   -0.658972046941108D-03
    0.167857396419176D-02   -0.118471635777213D-02
    0.230315197393632D-02   -0.186973130385161D-02
    0.294015711803710D-02   -0.271718524397648D-02
    0.356951318184421D-02   -0.372455146595493D-02
    0.417339550090699D-02   -0.488775937959210D-02
    0.473819885695899D-02   -0.619898528180779D-02
    0.525118234466401D-02   -0.764615669115946D-02
    0.570175118704085D-02   -0.921670942401771D-02
    0.607995442806281D-02   -0.108918940993129D-01
    0.637728896763134D-02   -0.126550145611447D-01
    0.658625098075244D-02   -0.144813314889633D-01
    0.670105942692383D-02   -0.163512887511373D-01
    0.671738583263157D-02   -0.182349917200281D-01
    0.663361092499988D-02   -0.201118545716582D-01
    0.644977056784756D-02   -0.219478864244798D-01
    0.617022038834705D-02   -0.237239092165943D-01
    0.580050207597886D-02   -0.254031571723726D-01
    0.535266722475084D-02   -0.269706494029064D-01
    0.483826728121530D-02   -0.283880795635654D-01
    0.427793198870182D-02   -0.296471497024372D-01
    0.368803083197895D-02   -0.307081874740181D-01
    0.309593114755012D-02   -0.315702630359869D-01
    0.251733256452038D-02   -0.321894184883251D-01
    0.197663028211572D-02   -0.325674840302551D-01
    0.147246532535211D-02   -0.326462866242360D-01
    0.994593806142249D-03   -0.324137561931559D-01
    0.484120403539206D-03   -0.317773351602693D-01
   -0.188127028058353D-03   -0.306682822400461D-01
   -0.122172356781978D-02   -0.289269686829031D-01
   -0.303375460449702D-02   -0.263730744394368D-01
   -0.602369023259068D-02   -0.228137907559867D-01
   -0.109730790507192D-01   -0.180849794213993D-01
   -0.177787094458821D-01   -0.124701691044809D-01
   -0.253628606804049D-01   -0.671245301579659D-02
   -0.291061697979761D-01   -0.237669179902808D-02
   -0.223439100265911D-01   -0.356094655799583D-03
    0.000000000000000D+00    0.000000000000000D+00
    0.000000000000000D+00    0.000000000000000D+00
    0.363292021183866D-03   -0.908455117837017D-04
    0.909951028477335D-03   -0.357853945923473D-03
    0.157963642861788D-02   -0.792346344949489D-03
    0.232828342012618D-02   -0.139997272981908D-02
    0.311787547843618D-02   -0.217523571160303D-02
    0.392016867726213D-02   -0.312111728193836D-02
    0.471025250946128D-02   -0.423008783379937D-02
    0.546862542440757D-02   -0.550038802392405D-02
    0.617784740638996D-02   -0.691993765347816D-02
    0.682244802027820D-02   -0.847987994664315D-02
    0.738927482746882D-02   -0.101637398606855D-01
    0.786487199898413D-02   -0.119557128276430D-01
    0.823964094018346D-02   -0.138356065713926D-01
    0.850194196397448D-02   -0.157805669829337D-01
    0.864648446672308D-02   -0.177681212592303D-01
    0.866444216739423D-02   -0.197686329640235D-01
    0.855635541389589D-02   -0.217592980589704D-01
    0.831784241747983D-02   -0.237043047868127D-01
    0.795694287280066D-02   -0.255828538616679D-01
    0.747537542450767D-02   -0.273539372623049D-01
    0.688986540998914D-02   -0.290010569255433D-01
    0.620899773082405D-02   -0.304788867088970D-01
    0.545806601212742D-02   -0.317767841320052D-01
    0.465057683164274D-02   -0.328446431338349D-01
    0.381716151054099D-02   -0.336771988008118D-01
    0.296747093965364D-02   -0.342155206792696D-01
    0.212605696185679D-02   -0.344544154955781D-01
    0.127432794368290D-02   -0.343159060535159D-01
    0.397201933417516D-03   -0.337786274480754D-01
   -0.604031745700794D-03   -0.327309644728165D-01
   -0.186873337238713D-02   -0.311015729750983D-01
   -0.364604809857126D-02   -0.287460954309876D-01
   -0.637697406845147D-02   -0.255108319706188D-01
   -0.103276636559237D-01   -0.213642194039313D-01
   -0.162808391269617D-01   -0.162204759605552D-01
   -0.232574408718287D-01   -0.106613057338000D-01
   -0.303715055931872D-01   -0.536811266260445D-02
   -0.323469573184885D-01   -0.157980526241297D-02
   -0.230845809331117D-01   -0.213364399875299D-03
    0.000000000000000D+00    0.000000000000000D+00
    0.000000000000000D+00    0.000000000000000D+00
    0.556070996360733D-03   -0.104046945207240D-03
    0.128444751055690D-02   -0.407104924492014D-03
    0.213180051743064D-02   -0.896028607900932D-03
    0.305454928216524D-02   -0.156644452985885D-02
    0.401658286897938D-02   -0.241200172238272D-02
    0.498741340786699D-02   -0.343022536474496D-02
    0.594111791743902D-02   -0.461441606144671D-02
    0.685521283413593D-02   -0.595896843854178D-02
    0.770982075258042D-02   -0.745374306634575D-02
    0.848682703291779D-02   -0.908717116685002D-02
    0.916992650136110D-02   -0.108449206252159D-01
    0.974361919945013D-02   -0.127089640047299D-01
    0.101948520029896D-01   -0.146608420767258D-01
    0.105106650790692D-01   -0.166757930081621D-01
    0.106823810872544D-01   -0.187321420524544D-01
    0.107006392902015D-01   -0.207986196039269D-01
    0.105630929684671D-01   -0.228518399447072D-01
    0.102655679934239D-01   -0.248546028980171D-01
    0.981409895508886D-02   -0.267836993958681D-01
    0.921114040297295D-02   -0.285969051368146D-01
    0.847230425455188D-02   -0.302728563953076D-01
    0.760709147793337D-02   -0.317651127156783D-01
    0.663953930026882D-02   -0.330546037058764D-01
    0.558403926535330D-02   -0.340904438438365D-01
    0.446648992965557D-02   -0.348534789030636D-01
    0.329800582830654D-02   -0.352856551506558D-01
    0.208739185346687D-02   -0.353600623931676D-01
    0.820896997316076D-03   -0.350051360080933D-01
   -0.555230098919434D-03   -0.341704142269277D-01
   -0.212613252639371D-02   -0.327632502349508D-01
   -0.409606765414458D-02   -0.306914919014096D-01
   -0.668360169713760D-02   -0.278563976802346D-01
   -0.103253524505043D-01   -0.241566563106770D-01
   -0.152735499957359D-01   -0.196255125686496D-01
   -0.217632559405112D-01   -0.144096469619891D-01
   -0.290065757434333D-01   -0.907597921283423D-02
   -0.346921622624939D-01   -0.438918590855558D-02
   -0.343973728463129D-01   -0.131342600012869D-02
   -0.235721421511465D-01   -0.100372737720981D-03
    0.000000000000000D+00    0.000000000000000D+00
    0.000000000000000D+00    0.000000000000000D+00
    0.773297540810289D-03   -0.114623578347887D-03
    0.170034580877595D-02   -0.443656558966186D-03
    0.273464179352277D-02   -0.969322009095033D-03
    0.383807047703630D-02   -0.168295625579921D-02
    0.497474050196128D-02   -0.257394854008254D-02
    0.611515328434442D-02   -0.363872547460999D-02
    0.723146604013380D-02   -0.486699796541755D-02
    0.829993245850991D-02   -0.625428348070842D-02
    0.929819907557391D-02   -0.778748246588028D-02
    0.102055288577413D-01   -0.945746691390778D-02
    0.110033924266960D-01   -0.112473310247258D-01
    0.116728069644762D-01   -0.131416309526841D-01
    0.121991929046187D-01   -0.151198256257511D-01
    0.125655416512393D-01   -0.171589381034920D-01
    0.127626264155172D-01   -0.192358992508793D-01
    0.127768184210534D-01   -0.213196673285533D-01
    0.126063212716769D-01   -0.233863301643479D-01
    0.122428829334394D-01   -0.253968597343963D-01
    0.116940310627706D-01   -0.273283261255643D-01
    0.109586178539253D-01   -0.291344288451825D-01
    0.100542166055564D-01   -0.307944194783452D-01
    0.898690548031436D-02   -0.322555835493995D-01
    0.778252228441596D-02   -0.334989761008743D-01
    0.645056336126891D-02   -0.344654221835988D-01
    0.501824370313950D-02   -0.351346578932235D-01
    0.348638220084375D-02   -0.354389567706839D-01
    0.186539580064976D-02   -0.353492358417557D-01
    0.120090279154761D-03   -0.347859336613765D-01
   -0.179837689145983D-02   -0.336979749623380D-01
   -0.400609429024154D-02   -0.319986289076937D-01
   -0.669448122048705D-02   -0.296022460319924D-01
   -0.100701391256091D-01   -0.264651853331753D-01
   -0.145443025863359D-01   -0.225020333891853D-01
   -0.201088027591016D-01   -0.178904060255430D-01
   -0.270143541587147D-01   -0.127618616356560D-01
   -0.337733897303412D-01   -0.778267448055123D-02
   -0.384586248787826D-01   -0.362126391553489D-02
   -0.365689173409186D-01   -0.942765730032246D-03
   -0.239143006948032D-01   -0.640367485145829D-04
    0.000000000000000D+00    0.000000000000000D+00
    0.000000000000000D+00    0.000000000000000D+00
    0.100328501624907D-02   -0.119540863382170D-03
    0.213925172009629D-02   -0.462816682575000D-03
    0.336732877690362D-02   -0.100918441238260D-02
    0.465392286569417D-02   -0.174445625829385D-02
    0.596552040053533D-02   -0.265710502296877D-02
    0.727321086335511D-02   -0.373973957219347D-02
    0.854907203791368D-02   -0.498270232650614D-02
    0.976779626042720D-02   -0.637854535601438D-02
    0.109054792540494D-01   -0.791602282260626D-02
    0.119389577545826D-01   -0.958389907182059D-02
    0.128473355076854D-01   -0.113675777397711D-01
    0.136089529377865D-01   -0.132499995979915D-01
    0.142064814405774D-01   -0.152126925793199D-01
    0.146203764026015D-01   -0.172315256668601D-01
    0.148386964089254D-01   -0.192846165283930D-01
    0.148456481891313D-01   -0.213403062856235D-01
    0.146371728788796D-01   -0.233744642810487D-01
    0.142033029157939D-01   -0.253481695057132D-01
    0.135499934317652D-01   -0.272364096652137D-01
    0.126747395692774D-01   -0.289939531668072D-01
    0.115938990386795D-01   -0.305955817352952D-01
    0.103124423790963D-01   -0.319909403055658D-01
    0.885384583454581D-02   -0.331534789042320D-01
    0.722707836888771D-02   -0.340283102391060D-01
    0.545250896149907D-02   -0.345836139321555D-01
    0.353260092761189D-02   -0.347592148366128D-01
    0.146140557723543D-02   -0.345110144508742D-01
   -0.788782685522174D-03   -0.337724412329893D-01
   -0.329454099395785D-02   -0.324802523976521D-01
   -0.615352054302321D-02   -0.305681263673840D-01
   -0.956980519660818D-02   -0.279636978846207D-01
   -0.137258028597188D-01   -0.246452122556812D-01
   -0.188964265825759D-01   -0.206118358986231D-01
   -0.251038316021644D-01   -0.160313963357111D-01
   -0.320226903715267D-01   -0.111882473137654D-01
   -0.384164540115661D-01   -0.665039411230940D-02
   -0.416261588839246D-01   -0.302027366258908D-02
   -0.378394965950274D-01   -0.834735541480726D-03
   -0.241959494497457D-01   -0.508140771890246D-04
    0.000000000000000D+00    0.000000000000000D+00
    0.000000000000000D+00    0.000000000000000D+00
    0.124240114339948D-02   -0.121854849745029D-03
    0.259078536661958D-02   -0.468541748293441D-03
    0.401345492109839D-02   -0.101814553385798D-02
    0.548124581131085D-02   -0.175397131619571D-02
    0.696380406996000D-02   -0.266245795089512D-02
    0.843354428378776D-02   -0.373545539448182D-02
    0.986267052395417D-02   -0.496127669636214D-02
    0.112252409381608D-01   -0.633344738291948D-02
    0.124957982437241D-01   -0.783890752118519D-02
    0.136492211816724D-01   -0.946858241915160D-02
    0.146623509206072D-01   -0.112063564735093D-01
    0.155107025316852D-01   -0.130375093976457D-01
    0.161746040649833D-01   -0.149426133397226D-01
    0.166311933582281D-01   -0.168991045154402D-01
    0.168665590573613D-01   -0.188850688750454D-01
    0.168615498386647D-01   -0.208688844225395D-01
    0.166107377323528D-01   -0.228276342694892D-01
    0.161012260352015D-01   -0.247205944751050D-01
    0.153381008124306D-01   -0.265251922880606D-01
    0.143165676652050D-01   -0.281928593163840D-01
    0.130522234764639D-01   -0.297014345646017D-01
    0.115478371688703D-01   -0.309966075240301D-01
    0.982591266570516D-02   -0.320543618513255D-01
    0.789145407140124D-02   -0.328165960481421D-01
    0.576414897474405D-02   -0.332523975889478D-01
    0.343770682860012D-02   -0.333010826398581D-01
    0.908032347337646D-03   -0.329177248728370D-01
   -0.186710238878390D-02   -0.320421903173281D-01
   -0.495565660238818D-02   -0.306100157241211D-01
   -0.846065902268658D-02   -0.285791693464818D-01
   -0.125673401454305D-01   -0.258762843165299D-01
   -0.173856883723391D-01   -0.225409153160507D-01
   -0.231761894051966D-01   -0.185618630248941D-01
   -0.296612970551750D-01   -0.142006110124982D-01
   -0.366007522591639D-01   -0.969066751460523D-02
   -0.422666037245695D-01   -0.560168338627751D-02
   -0.444070306334729D-01   -0.246452912433023D-02
   -0.393699468867752D-01   -0.601368003851021D-03
   -0.244229680291403D-01   -0.240440000100250D-04
    0.000000000000000D+00    0.000000000000000D+00
    0.000000000000000D+00    0.000000000000000D+00
    0.147828331681259D-02   -0.118947985089026D-03
    0.303758885678306D-02   -0.458332958410944D-03
    0.465068125089494D-02   -0.995072216606714D-03
    0.629457560919998D-02   -0.171039214523090D-02
    0.794132872125208D-02   -0.259071535374889D-02
    0.956549713207724D-02   -0.362585102889063D-02
    0.111399084407944D-01   -0.480529275478794D-02
    0.126379621773356D-01   -0.612067269623294D-02
    0.140335538821072D-01   -0.756112719114609D-02
    0.152991899184705D-01   -0.911609459904239D-02
    0.164102524534928D-01   -0.107720641707735D-01
    0.173389171676231D-01   -0.125132587583753D-01
    0.180636519484531D-01   -0.143225703494265D-01
    0.185578683986788D-01   -0.161770000124827D-01
    0.188058838716583D-01   -0.180560442200386D-01
    0.187848533119216D-01   -0.199285400381582D-01
    0.184881767103146D-01   -0.217716739695858D-01
    0.178995103757859D-01   -0.235464162040500D-01
    0.170236431027455D-01   -0.252288668156047D-01
    0.158525514291070D-01   -0.267736652985234D-01
    0.144020254067981D-01   -0.281559756657286D-01
    0.126717321243869D-01   -0.293263470634457D-01
    0.106834118965805D-01   -0.302569210580710D-01
    0.843946591614771D-02   -0.308961224172280D-01
    0.595543816580029D-02   -0.312085670875354D-01
    0.322450162969973D-02   -0.311416865121814D-01
    0.233544006001613D-03   -0.306477737362949D-01
   -0.305517526104375D-02   -0.296757913009591D-01
   -0.671606443234159D-02   -0.281678553211205D-01
   -0.108414334260635D-01   -0.260885740135643D-01
   -0.155793543489399D-01   -0.233980648860933D-01
   -0.210376489495760D-01   -0.201280702783770D-01
   -0.272789505873536D-01   -0.163459149759179D-01
   -0.340950809805212D-01   -0.122665260365470D-01
   -0.407605940953861D-01   -0.820217778845814D-02
   -0.458080187620294D-01   -0.462467493499418D-02
   -0.466562229494853D-01   -0.195920087830282D-02
   -0.401561042472417D-01   -0.480239284438278D-03
   -0.245807288640835D-01   -0.918339040320115D-05
    0.000000000000000D+00    0.000000000000000D+00
    0.000000000000000D+00    0.000000000000000D+00
    0.170839975707274D-02   -0.113670825898751D-03
    0.346903260259683D-02   -0.435439946953781D-03
    0.526393964975566D-02   -0.943514893004254D-03
    0.707341100378778D-02   -0.161831267648869D-02
    0.887399924679557D-02   -0.244623783605510D-02
    0.106416809871353D-01   -0.341733025974495D-02
    0.123504322484414D-01   -0.452047415690308D-02
    0.139736340436516D-01   -0.574873900616051D-02
    0.154840096308005D-01   -0.709048807400155D-02
    0.168529241030082D-01   -0.853740463964485D-02
    0.180531436856862D-01   -0.100753998850317D-01
    0.190549314153414D-01   -0.116909071283085D-01
    0.198334184965388D-01   -0.133669322505282D-01
    0.203597802715710D-01   -0.150817458715960D-01
    0.206148900480306D-01   -0.168162552245884D-01
    0.205739623521551D-01   -0.185389639794914D-01
    0.202272046964530D-01   -0.202302631808392D-01
    0.195572901565228D-01   -0.218492064440858D-01
    0.185659964925774D-01   -0.233768371585190D-01
    0.172455996714248D-01   -0.247653178870901D-01
    0.156085875937239D-01   -0.259954703005582D-01
    0.136556642553939D-01   -0.270167907927861D-01
    0.114046000350929D-01   -0.278058466524577D-01
    0.885790435800654D-02   -0.283138460808000D-01
    0.602712996182769D-02   -0.285065651107021D-01
    0.290296391777685D-02   -0.283403771491881D-01
   -0.529313951471123D-03   -0.277645455292792D-01
   -0.430913098078602D-02   -0.267460269855817D-01
   -0.850682279794931D-02   -0.252200371767100D-01
   -0.131929856595640D-01   -0.231837511437931D-01
   -0.185077775773903D-01   -0.205849952420385D-01
   -0.244484550248590D-01   -0.175079995882109D-01
   -0.310926328477819D-01   -0.139926480967548D-01
   -0.379463638152344D-01   -0.103051253236989D-01
   -0.444136870392761D-01   -0.669930265753649D-02
   -0.487023213153380D-01   -0.361317831326480D-02
   -0.485840794002188D-01   -0.141946801025803D-02
   -0.411446733157960D-01   -0.251462053159962D-03
   -0.246463844513162D-01    0.355829481535165D-04
    0.000000000000000D+00    0.000000000000000D+00
    0.000000000000000D+00    0.000000000000000D+00
    0.192114629592038D-02   -0.103850145478434D-03
    0.387023653700259D-02   -0.398803259033624D-03
    0.583250282812510D-02   -0.863524548531625D-03
    0.779475098403178D-02   -0.147894026379353D-02
    0.973573474233064D-02   -0.223259012075644D-02
    0.116341354970616D-01   -0.311415829070810D-02
    0.134649725051431D-01   -0.411448726969503D-02
    0.152013197798557D-01   -0.522586200131524D-02
    0.168159293932610D-01   -0.643929645097620D-02
    0.182776903599323D-01   -0.774574796792765D-02
    0.195586400781033D-01   -0.913393992842307D-02
    0.206251361294726D-01   -0.105900048745989D-01
    0.214512373494971D-01   -0.120992589629387D-01
    0.220034701333541D-01   -0.136405352128203D-01
    0.222619335911674D-01   -0.151960045229013D-01
    0.221970243845117D-01   -0.167360634065655D-01
    0.217992214873044D-01   -0.182411765735788D-01
    0.210465118528825D-01   -0.196739975265280D-01
    0.199424875682752D-01   -0.210148995103051D-01
    0.184747441659588D-01   -0.222213787226450D-01
    0.166588827917742D-01   -0.232738366602559D-01
    0.144905096935766D-01   -0.241282873797968D-01
    0.119905777877486D-01   -0.247623999809178D-01
    0.915593085040717D-02   -0.251339082767308D-01
    0.599986902136604D-02   -0.252126514739385D-01
    0.250770053360659D-02   -0.249598357505322D-01
   -0.133367663683667D-02   -0.243341415691447D-01
   -0.556719756922679D-02   -0.233031880710554D-01
   -0.102488556786528D-01   -0.218223384053730D-01
   -0.154527079877233D-01   -0.198804866804662D-01
   -0.212487007480235D-01   -0.174653678177639D-01
   -0.276556886727515D-01   -0.146344234187734D-01
   -0.345391838076908D-01   -0.114871395859826D-01
   -0.414983511325694D-01   -0.823286241464272D-02
   -0.475628249861653D-01   -0.515438590360721D-02
   -0.511791039554339D-01   -0.261170281199025D-02
   -0.500094712414135D-01   -0.874011725308051D-03
   -0.414855217405949D-01   -0.625754131327563D-04
   -0.246480952456715D-01    0.770761206356117D-04
    0.000000000000000D+00    0.000000000000000D+00
    0.000000000000000D+00    0.000000000000000D+00
    0.211473938424623D-02   -0.919406072577013D-04
    0.423106542018981D-02   -0.350927194998840D-03
    0.634310659033447D-02   -0.758968919459451D-03
    0.843986873472552D-02   -0.129767552836151D-02
    0.105048642355878D-01   -0.195625080164065D-02
    0.125180957568539D-01   -0.272570934174672D-02
    0.144559786261963D-01   -0.359749748427793D-02
    0.162919944395415D-01   -0.456594316225469D-02
    0.179976640931910D-01   -0.562223562892040D-02
    0.195414238747218D-01   -0.675973036681809D-02
    0.208921868237278D-01   -0.796752540022081D-02
    0.220152569948250D-01   -0.923372721336487D-02
    0.228804317715863D-01   -0.105450074160233D-01
    0.234531255416837D-01   -0.118808388036625D-01
    0.237087868558836D-01   -0.132266301610057D-01
    0.236175022162425D-01   -0.145514778536412D-01
    0.231652081349899D-01   -0.158416799071293D-01
    0.223313562177691D-01   -0.170569846740187D-01
    0.211149984497868D-01   -0.181860638273000D-01
    0.195075476912102D-01   -0.191837074265862D-01
    0.175192548961059D-01   -0.200394312212163D-01
    0.151514553574193D-01   -0.207099023863615D-01
    0.124180021278606D-01   -0.211795811595055D-01
    0.932186831453704D-02   -0.214136151638833D-01
    0.586760458180894D-02   -0.213829437273230D-01
    0.204634320572183D-02   -0.210650700321815D-01
   -0.216355932286352D-02   -0.204123262933879D-01
   -0.679346101310049D-02   -0.194180004628701D-01
   -0.119057827138937D-01   -0.180238358302831D-01
   -0.175322979622986D-01   -0.162538169055515D-01
   -0.237525435161235D-01   -0.140737554152398D-01
   -0.304583566285246D-01   -0.115826115562776D-01
   -0.375573973091329D-01   -0.884278608812646D-02
   -0.443995824653953D-01   -0.608893155120646D-02
   -0.501608923435013D-01   -0.354540747248303D-02
   -0.530834384864134D-01   -0.153167840757375D-02
   -0.511101500296804D-01   -0.273076498215439D-03
   -0.419315800044155D-01    0.202944729715645D-03
   -0.245004730670530D-01    0.140271866413368D-03
    0.000000000000000D+00    0.000000000000000D+00
    0.000000000000000D+00    0.000000000000000D+00
    0.227904558785964D-02   -0.763321232762756D-04
    0.453981030248134D-02   -0.292055013247199D-03
    0.677847711180857D-02   -0.631142162962693D-03
    0.899010978423460D-02   -0.107777463605912D-02
    0.111600082864521D-01   -0.162332263411542D-02
    0.132707421051479D-01   -0.225991518527466D-02
    0.152998542832158D-01   -0.298157270669093D-02
    0.172204961337829D-01   -0.378294058569271D-02
    0.190045100722617D-01   -0.465806604690499D-02
    0.206177396493915D-01   -0.560054845336308D-02
    0.220287184403506D-01   -0.660212421758737D-02
    0.231985521364830D-01   -0.765173249783164D-02
    0.240964086821219D-01   -0.873779325769131D-02
    0.246826365027647D-01   -0.984190179690328D-02
    0.249326621992425D-01   -0.109498023792288D-01
    0.248113506751773D-01   -0.120346580621590D-01
    0.243063185252213D-01   -0.130817697594579D-01
    0.233920005586409D-01   -0.140572401563565D-01
    0.220716742615152D-01   -0.149484942476112D-01
    0.203315679236625D-01   -0.157185510603585D-01
    0.181886542657317D-01   -0.163575175386324D-01
    0.156377973056709D-01   -0.168306366609005D-01
    0.127009074183148D-01   -0.171272603754266D-01
    0.937203157842115D-02   -0.172189059298324D-01
    0.566399267279339D-02   -0.170876462577066D-01
    0.155635671795644D-02   -0.167121490314518D-01
   -0.296129064279463D-02   -0.160633981462069D-01
   -0.793394369162735D-02   -0.151276591072494D-01
   -0.133949085479669D-01   -0.138744718888304D-01
   -0.193945446734406D-01   -0.123090714209367D-01
   -0.259261037575461D-01   -0.104357607790041D-01
   -0.329218126935010D-01   -0.831797379417638D-02
   -0.400897082978044D-01   -0.605804725280674D-02
   -0.468817330984078D-01   -0.383532821494957D-02
   -0.522005435277097D-01   -0.187360829619164D-02
   -0.544910850169264D-01   -0.432470892360163D-03
   -0.517112142006488D-01    0.353663231284818D-03
   -0.417738101393613D-01    0.461035341554966D-03
   -0.242702208766127D-01    0.203663806324154D-03
    0.000000000000000D+00    0.000000000000000D+00
    0.000000000000000D+00    0.000000000000000D+00
    0.241297214166391D-02   -0.590104837454088D-04
    0.478755514055460D-02   -0.224084771576371D-03
    0.712784936019746D-02   -0.484217204271251D-03
    0.942997587129266D-02   -0.825551430008970D-03
    0.116835079000897D-01   -0.124240944647623D-02
    0.138719899404698D-01   -0.172915644979827D-02
    0.159740888064141D-01   -0.228136607622064D-02
    0.179634830262748D-01   -0.289613557105203D-02
    0.198105225285906D-01   -0.356856141481896D-02
    0.214809729828760D-01   -0.429455092078755D-02
    0.229398317437020D-01   -0.506730097614740D-02
    0.241477081858833D-01   -0.587711271963219D-02
    0.250689196657737D-01   -0.671536614283128D-02
    0.256635406631540D-01   -0.756304185498223D-02
    0.259017183587436D-01   -0.841158693042358D-02
    0.257493875446637D-01   -0.923082387774378D-02
    0.251891612733772D-01   -0.100155192366201D-01
    0.241992186389653D-01   -0.107261287891223D-01
    0.227779953536904D-01   -0.113632049083970D-01
    0.209190227706765D-01   -0.118842761501963D-01
    0.186332280520552D-01   -0.122939660810648D-01
    0.159260060980497D-01   -0.125566634149680D-01
    0.128099396341550D-01   -0.126730336863493D-01
    0.929131708764630D-02   -0.126231481373187D-01
    0.536917855659489D-02   -0.123920250118123D-01
    0.103667547256952D-02   -0.119785553189382D-01
   -0.373384899199771D-02   -0.113454528898222D-01
   -0.896542656105057D-02   -0.105092071252397D-01
   -0.147107443991817D-01   -0.942026778793730D-02
   -0.209658565235726D-01   -0.811974303613620D-02
   -0.277513256349112D-01   -0.658239526036494D-02
   -0.348718243650963D-01   -0.490570985745016D-02
   -0.420967873701751D-01   -0.314799736327415D-02
   -0.486729450252245D-01   -0.150133287127534D-02
   -0.536476804979796D-01   -0.130190275715007D-03
   -0.553495793203325D-01    0.742270026441388D-03
   -0.519489986512021D-01    0.102644247492453D-02
   -0.416273920148723D-01    0.767793565767886D-03
   -0.238475305336718D-01    0.280272693663935D-03
    0.000000000000000D+00    0.000000000000000D+00
    0.000000000000000D+00    0.000000000000000D+00
    0.250851293957253D-02   -0.391081077790289D-04
    0.496650309063547D-02   -0.148706957195918D-03
    0.737887181739150D-02   -0.321051690798065D-03
    0.974669921463582D-02   -0.546560926769760D-03
    0.120606217151116D-01   -0.822379485352379D-03
    0.143061463911095D-01   -0.114518879364861D-02
    0.164627549193167D-01   -0.151333243746204D-02
    0.185036121453859D-01   -0.192525727934654D-02
    0.203992518390170D-01   -0.237867815573990D-02
    0.221128870579458D-01   -0.287088371658178D-02
    0.236090308670629D-01   -0.339702674929346D-02
    0.248442312932976D-01   -0.394978453425775D-02
    0.257821063681924D-01   -0.452104578956532D-02
    0.263779373666196D-01   -0.509615784660753D-02
    0.266019966153361D-01   -0.566491808280380D-02
    0.264156123934314D-01   -0.620439337455504D-02
    0.258037953931863D-01   -0.670558512786383D-02
    0.247408334184654D-01   -0.713942135551721D-02
    0.232310750886208D-01   -0.750214564295684D-02
    0.212642388423122D-01   -0.776411318789820D-02
    0.188608325196716D-01   -0.792840213291271D-02
    0.160204156943446D-01   -0.797199056075886D-02
    0.127675067001422D-01   -0.790074943488572D-02
    0.909787815808055D-02   -0.770311461027085D-02
    0.502349963192566D-02   -0.737871799836949D-02
    0.520813797285479D-03   -0.692648985510063D-02
   -0.442094223790269D-02   -0.633312581804063D-02
   -0.984763723541697D-02   -0.560399268214561D-02
   -0.157761738298465D-01   -0.472060042287641D-02
   -0.222336667114024D-01   -0.370019380495593D-02
   -0.291527818598707D-01   -0.255144188411577D-02
   -0.363902534292752D-01   -0.133400919737656D-02
   -0.435435742473368D-01   -0.129834653881006D-03
   -0.499590712406407D-01    0.919565794653122D-03
   -0.544984622216610D-01    0.166708633060127D-02
   -0.556514347441087D-01    0.193823260955241D-02
   -0.516818606780984D-01    0.172282507318997D-02
   -0.408992999563411D-01    0.107488353920378D-02
   -0.233249571133099D-01    0.359689411506166D-03
    0.000000000000000D+00    0.000000000000000D+00
    0.000000000000000D+00    0.000000000000000D+00
    0.256542144775735D-02   -0.180449715463184D-04
    0.506985617974941D-02   -0.673278664048253D-04
    0.752435383825058D-02   -0.146274620063991D-03
    0.992966057489551D-02   -0.248293987889986D-03
    0.122795969918244D-01   -0.374258707568946D-03
    0.145599839192104D-01   -0.523608591095305D-03
    0.167508786015065D-01   -0.696878689096484D-03
    0.188257360093480D-01   -0.894970268516403D-03
    0.207533934754049D-01   -0.111744535436942D-02
    0.224969825576133D-01   -0.136341656767062D-02
    0.240174021257195D-01   -0.163073683820971D-02
    0.252708270666034D-01   -0.191241138291505D-02
    0.262159843926977D-01   -0.220526352073049D-02
    0.268081434751185D-01   -0.249215912362931D-02
    0.270124730336658D-01   -0.277167002761054D-02
    0.267919180185837D-01   -0.301432541044424D-02
    0.261273026277022D-01   -0.322521152576087D-02
    0.249977506897366D-01   -0.336466026763539D-02
    0.234045094770819D-01   -0.344853792990761D-02
    0.213465456897928D-01   -0.343528330922533D-02
    0.188404337076497D-01   -0.335053404961138D-02
    0.158992799662540D-01   -0.316399146388563D-02
    0.125390082495197D-01   -0.290095114277364D-02
    0.877171474569390D-02   -0.255421798918319D-02
    0.459269360454497D-02   -0.213225404566963D-02
   -0.300840452911766D-05   -0.165365574019737D-02
   -0.505127389475757D-02   -0.109858132542941D-02
   -0.105702998081768D-01   -0.504691417325627D-03
   -0.166089384236472D-01    0.168485239780152D-03
   -0.231364787343721D-01    0.866521391420163D-03
   -0.301280062411683D-01    0.161656697527397D-02
   -0.373237481032849D-01    0.232744025663013D-02
   -0.443938077377266D-01    0.296852137051487D-02
   -0.505259269763427D-01    0.338938434028502D-02
   -0.547142526804350D-01    0.350646326744954D-02
   -0.554015962229142D-01    0.317643254102650D-02
   -0.510046860125696D-01    0.243681968323232D-02
   -0.401113489143758D-01    0.140585189471762D-02
   -0.225868587781280D-01    0.438490436401079D-03
    0.000000000000000D+00    0.000000000000000D+00
    0.000000000000000D+00    0.000000000000000D+00
    0.257866317073762D-02    0.411369347412056D-05
    0.509463770433005D-02    0.168096801377235D-04
    0.755822303128375D-02    0.355111136910417D-04
    0.997337007315835D-02    0.612951319439844D-04
    0.123338772129976D-01    0.903391093916428D-04
    0.146265918179490D-01    0.120091060343592D-03
    0.168317238590581D-01    0.147548714485343D-03
    0.189220278483518D-01    0.169634717001820D-03
    0.208660633556897D-01    0.184835805285902D-03
    0.226247252028499D-01    0.191505291983700D-03
    0.241579670192476D-01    0.190885250562369D-03
    0.254185378703443D-01    0.185801906491835D-03
    0.263638605404068D-01    0.180611650098765D-03
    0.269454198982787D-01    0.185314461085047D-03
    0.271277412066015D-01    0.205840330781197D-03
    0.268709201056367D-01    0.260347763521889D-03
    0.261574287744073D-01    0.352094111819800D-03
    0.249655064260704D-01    0.504723674703980D-03
    0.233019397004705D-01    0.713015142754083D-03
    0.211662211308256D-01    0.998892290249606D-03
    0.185847918633790D-01    0.134520794730006D-02
    0.155695984982668D-01    0.176252540156833D-02
    0.121492995312962D-01    0.222563647021237D-02
    0.832835369461671D-02    0.272742742991565D-02
    0.411567519939734D-02    0.324654527974976D-02
   -0.511465359793033D-03    0.376091508289202D-02
   -0.557215793216185D-02    0.426512250644561D-02
   -0.111129263171596D-01    0.473175581912916D-02
   -0.171490202731337D-01    0.516960314284425D-02
   -0.236887279156833D-01    0.554834315309742D-02
   -0.306300518205333D-01    0.586614044961501D-02
   -0.377701225055105D-01    0.606852761772447D-02
   -0.446448917099977D-01    0.611365945997602D-02
   -0.505313577227716D-01    0.589752784984654D-02
   -0.543160559602790D-01    0.536420994347908D-02
   -0.545593206288147D-01    0.441368612891722D-02
   -0.498291375381680D-01    0.315695472572608D-02
   -0.387653905230725D-01    0.172676935917580D-02
   -0.217402825241850D-01    0.524244980821425D-03
    0.000000000000000D+00    0.000000000000000D+00
    0.000000000000000D+00    0.000000000000000D+00
    0.254904778389988D-02    0.266515439916178D-04
    0.503719009659080D-02    0.102741735764715D-03
    0.747810394297290D-02    0.219242389135744D-03
    0.987374506223586D-02    0.373590071447078D-03
    0.122194826913627D-01    0.558143102400283D-03
    0.145015541780816D-01    0.767559887011425D-03
    0.167000988096427D-01    0.996406735325242D-03
    0.187876675315486D-01    0.123958782786999D-02
    0.207311681619668D-01    0.149310720754704D-02
    0.224911431368614D-01    0.175428128878566D-02
    0.240243508728937D-01    0.202039554097181D-02
    0.252829042872979D-01    0.229512554848624D-02
    0.262199419285827D-01    0.257580334579124D-02
    0.267864777683348D-01    0.287688869555652D-02
    0.269429435115779D-01    0.319229411140564D-02
    0.266502338658358D-01    0.355041105317087D-02
    0.258888191130884D-01    0.393547266875809D-02
    0.246406016204325D-01    0.438828209841176D-02
    0.229135681112577D-01    0.487669370653149D-02
    0.207151881738060D-01    0.544449597694823D-02
    0.180744490820219D-01    0.604196075282940D-02
    0.150158569012740D-01    0.669902569375941D-02
    0.115661748838390D-01    0.735908467928338D-02
    0.774572635185951D-02    0.802164858706979D-02
    0.354995834904632D-02    0.864509101536742D-02
   -0.102520154175352D-02    0.919391165285933D-02
   -0.602740976822267D-02    0.966184029221468D-02
   -0.114758358910817D-01    0.998962864026282D-02
   -0.174274568480718D-01    0.102068902802477D-01
   -0.238376741373054D-01    0.102435501887466D-01
   -0.306586176605721D-01    0.101384711723600D-01
   -0.375914665473043D-01    0.980365760244312D-02
   -0.442499929579110D-01    0.925738589943346D-02
   -0.498013724577138D-01    0.838580202961942D-02
   -0.532468176345700D-01    0.720329872475443D-02
   -0.531596335709981D-01    0.563972067830542D-02
   -0.482078889738881D-01    0.385228579071104D-02
   -0.373204647780560D-01    0.205045779490555D-02
   -0.206873227469007D-01    0.591378327600785D-03
    0.000000000000000D+00    0.000000000000000D+00
    0.000000000000000D+00    0.000000000000000D+00
    0.247546113943510D-02    0.484518960020532D-04
    0.490020429769209D-02    0.185850369700145D-03
    0.728535201922986D-02    0.398776254966049D-03
    0.963365391083594D-02    0.678703829521065D-03
    0.119391449089206D-01    0.101549802695656D-02
    0.141879105493792D-01    0.140052269975349D-02
    0.163594457365213D-01    0.182660899838901D-02
    0.184254996761752D-01    0.228605263949605D-02
    0.203521967048079D-01    0.277380404979673D-02
    0.220984690668074D-01    0.328372669713865D-02
    0.236196172096610D-01    0.381324767247334D-02
    0.248654048156622D-01    0.436018616821848D-02
    0.257867614105762D-01    0.492457646520229D-02
    0.263324578399060D-01    0.551096085480224D-02
    0.264605741971546D-01    0.612059298596510D-02
    0.261317074762980D-01    0.676626241781355D-02
    0.253252161456386D-01    0.744603139877937D-02
    0.240268313724219D-01    0.817842154670283D-02
    0.222464136214586D-01    0.895113813668879D-02
    0.199998643732287D-01    0.977989965974126D-02
    0.173220050640446D-01    0.106357846947037D-01
    0.142467405498297D-01    0.115188806113194D-01
    0.108095256910958D-01    0.123850532453863D-01
    0.703340768103388D-02    0.132089943582182D-01
    0.292287018435532D-02    0.139447412460353D-01
   -0.153742757340986D-02    0.145440204067794D-01
   -0.638493178309729D-02    0.149784812788552D-01
   -0.116663093014059D-01    0.151923161055176D-01
   -0.174160418125602D-01    0.151839424507364D-01
   -0.236314493391041D-01    0.149030532214381D-01
   -0.302097421911456D-01    0.143629765426827D-01
   -0.369088235906152D-01    0.135093978563935D-01
   -0.432543586571165D-01    0.123584275216618D-01
   -0.484881813691092D-01    0.108401093539885D-01
   -0.515759157821715D-01    0.900447850694182D-02
   -0.511656626337203D-01    0.682250818856724D-02
   -0.461223195514954D-01    0.452659310220880D-02
   -0.353616281571205D-01    0.234023560645382D-02
   -0.195254123656936D-01    0.670993184408674D-03
    0.000000000000000D+00    0.000000000000000D+00
    0.000000000000000D+00    0.000000000000000D+00
    0.235986018083677D-02    0.696446781147410D-04
    0.468407025388994D-02    0.265607962752855D-03
    0.698336038743174D-02    0.568973009248925D-03
    0.925678080336374D-02    0.967474415440590D-03
    0.114979099882590D-01    0.144792128834270D-02
    0.136912787078081D-01    0.199937057189575D-02
    0.158156868953635D-01    0.261249301724776D-02
    0.178422006426819D-01    0.327833228989517D-02
    0.197356887049005D-01    0.398904143935632D-02
    0.214544803235128D-01    0.473828613406258D-02
    0.229516651695352D-01    0.551853895297227D-02
    0.241759885502557D-01    0.632930127808043D-02
    0.250753204027979D-01    0.716183726249875D-02
    0.255969336293127D-01    0.802634256624130D-02
    0.256963881998704D-01    0.890939332402866D-02
    0.253327952199555D-01    0.983668483363986D-02
    0.244864314322593D-01    0.107833655217063D-01
    0.231426967988228D-01    0.117911885676877D-01
    0.213189113725699D-01    0.128149536283887D-01
    0.190331759305069D-01    0.139036772891535D-01
    0.163342351852933D-01    0.149864025950982D-01
    0.132616498296011D-01    0.160992840820576D-01
    0.986428559553828D-02    0.171531487869230D-01
    0.617415704843722D-02    0.181472794946006D-01
    0.219606536745537D-02    0.189994199818382D-01
   -0.207305337321499D-02    0.196606954029345D-01
   -0.669343232794361D-02    0.200876639242223D-01
   -0.116922383686681D-01    0.201965796427686D-01
   -0.171494654022052D-01    0.199988143333619D-01
   -0.230238402699001D-01    0.194007705991558D-01
   -0.292753464773145D-01    0.184583559647486D-01
   -0.355954194882049D-01    0.170780804322305D-01
   -0.415903249905541D-01    0.153457191419079D-01
   -0.464433417900532D-01    0.131788559322356D-01
   -0.492161116306993D-01    0.107052693975123D-01
   -0.486230516400133D-01    0.793122833867418D-02
   -0.435813659622004D-01    0.512565341706649D-02
   -0.332999591617226D-01    0.261684611032412D-02
   -0.182074465924414D-01    0.710923821621756D-03
    0.000000000000000D+00    0.000000000000000D+00
    0.000000000000000D+00    0.000000000000000D+00
    0.220584076563130D-02    0.880899852974602D-04
    0.439755084911132D-02    0.336593451881718D-03
    0.658154881187639D-02    0.722813961972072D-03
    0.875475932473961D-02    0.122924091958928D-02
    0.109082236688875D-01    0.184118594443345D-02
    0.130250221278172D-01    0.254503001061012D-02
    0.150827247602753D-01    0.333071656427883D-02
    0.170516388835928D-01    0.418681687595755D-02
    0.188956791942494D-01    0.510531684896837D-02
    0.205724910029988D-01    0.607601211511110D-02
    0.220335929503456D-01    0.709216118167873D-02
    0.232267632661597D-01    0.814628037991423D-02
    0.240970006757164D-01    0.923292204993463D-02
    0.245909617524058D-01    0.103503095471173D-01
    0.246597531593841D-01    0.114937605314686D-01
    0.242645786807895D-01    0.126700019074307D-01
    0.233801497670545D-01    0.138721988458702D-01
    0.220006580007535D-01    0.151146164935747D-01
    0.201380979259812D-01    0.163812689796527D-01
    0.178289656274421D-01    0.176853940248111D-01
    0.151185964645877D-01    0.189927034432172D-01
    0.120723927935733D-01    0.202986041082683D-01
    0.873789746979116D-02    0.215464060994974D-01
    0.517055825954834D-02    0.226966295457378D-01
    0.137387256733525D-02    0.236803347200088D-01
   -0.264776819375449D-02    0.244208478947540D-01
   -0.695712815430848D-02    0.248612394780008D-01
   -0.115986765750905D-01    0.249079053369340D-01
   -0.166494625772764D-01    0.245414498034158D-01
   -0.221079407666978D-01    0.236782633530241D-01
   -0.279120731046403D-01    0.223487212919893D-01
   -0.338083112339770D-01    0.204881039262010D-01
   -0.393677643312294D-01    0.181847615734094D-01
   -0.438359343718073D-01    0.153995098191649D-01
   -0.463049660266777D-01    0.123037972393316D-01
   -0.455266004190339D-01    0.894395315235577D-02
   -0.406459893035187D-01    0.567466493906755D-02
   -0.308020323856462D-01    0.282745594219941D-02
   -0.167866948633041D-01    0.771633487837116D-03
    0.000000000000000D+00    0.000000000000000D+00
    0.000000000000000D+00    0.000000000000000D+00
    0.201634411800424D-02    0.104847873084702D-03
    0.404557429587055D-02    0.398704285582841D-03
    0.608927930365743D-02    0.855762575363289D-03
    0.813938623622676D-02    0.145536844248615D-02
    0.101842537060746D-01    0.218146257743564D-02
    0.122048312891901D-01    0.301905712816545D-02
    0.141774883630834D-01    0.395678901267028D-02
    0.160717437213748D-01    0.498291486823049D-02
    0.178510292082694D-01    0.608679153914725D-02
    0.194725230952537D-01    0.725868879160732D-02
    0.208870837506065D-01    0.848648243103038D-02
    0.220414024232145D-01    0.976448964368735D-02
    0.228791868637532D-01    0.110775752078348D-01
    0.233445602962452D-01    0.124291627371014D-01
    0.233877753786399D-01    0.137986383954948D-01
    0.229654868299820D-01    0.152053646915624D-01
    0.220555801394628D-01    0.166182534248222D-01
    0.206456938932230D-01    0.180770358328530D-01
    0.187609370829378D-01    0.195306738609822D-01
    0.164301014440543D-01    0.210339872739329D-01
    0.137256262902712D-01    0.225064433956433D-01
    0.107060684745139D-01    0.239961561854734D-01
    0.745535597977391D-02    0.253924123011468D-01
    0.402410674677333D-02    0.267031064318375D-01
    0.444957918760353D-03    0.278074378211019D-01
   -0.328034082706473D-02    0.286488050166493D-01
   -0.721339289773538D-02    0.291344812358401D-01
   -0.113974254442740D-01    0.291518869318447D-01
   -0.159463315929468D-01    0.286781498914515D-01
   -0.208448023839688D-01    0.275812551142444D-01
   -0.260997456870913D-01    0.259295517691883D-01
   -0.314302211754821D-01    0.236098933514793D-01
   -0.364938902420659D-01    0.207863840827943D-01
   -0.405307504847014D-01    0.174042565763568D-01
   -0.427171350756473D-01    0.137199542673670D-01
   -0.419149959481850D-01    0.982812950862101D-02
   -0.372793540607630D-01    0.610144578261056D-02
   -0.282287635656656D-01    0.301870700557288D-02
   -0.153047361102809D-01    0.770391076938738D-03
    0.000000000000000D+00    0.000000000000000D+00
    0.000000000000000D+00    0.000000000000000D+00
    0.179998002109284D-02    0.116975136551017D-03
    0.364256269730661D-02    0.446652070553876D-03
    0.552379514190829D-02    0.960978426640060D-03
    0.743041929677628D-02    0.163615273024614D-02
    0.934760599201105D-02    0.245602008965685D-02
    0.112536594131257D-01    0.340438021247245D-02
    0.131236823516569D-01    0.447026718599154D-02
    0.149267138642208D-01    0.564022500878299D-02
    0.166256848826881D-01    0.690420008497793D-02
    0.181783390009009D-01    0.824884249092580D-02
    0.195346340658128D-01    0.966293807014952D-02
    0.206419216331446D-01    0.111336242241067D-01
    0.214413110868105D-01    0.126483076918864D-01
    0.218776502269075D-01    0.141977938314286D-01
    0.218954674657851D-01    0.157688997422865D-01
    0.214544685065681D-01    0.173608242624929D-01
    0.205225744342903D-01    0.189602571131585D-01
    0.190982818506315D-01    0.205775535024115D-01
    0.171923917126568D-01    0.221952025143096D-01
    0.148593843636582D-01    0.238286993845082D-01
    0.121548992561230D-01    0.254481055286177D-01
    0.918187099427690D-02    0.270540457598933D-01
    0.600732984104319D-02    0.285922271345603D-01
    0.273540393391962D-02    0.300205060736807D-01
   -0.617209496822159D-03    0.312585501943958D-01
   -0.400783493500792D-02    0.322055684438784D-01
   -0.751608230772891D-02    0.327730219843389D-01
   -0.111788810151752D-01    0.328183320276190D-01
   -0.151305574321363D-01    0.322906371286298D-01
   -0.193869869946047D-01    0.310505645143477D-01
   -0.239737783911979D-01    0.291314971452827D-01
   -0.286694788613775D-01    0.264414084534436D-01
   -0.331558146934154D-01    0.231417217619986D-01
   -0.367329850468451D-01    0.192204010228140D-01
   -0.386679944711621D-01    0.149868019729238D-01
   -0.378331772539962D-01    0.105743683245784D-01
   -0.336205997368681D-01    0.646299326089346D-02
   -0.253330103729272D-01    0.311374610600357D-02
   -0.137252022494994D-01    0.803402400695828D-03
    0.000000000000000D+00    0.000000000000000D+00
    0.000000000000000D+00    0.000000000000000D+00
    0.156021021239022D-02    0.126422797912563D-03
    0.319781578097845D-02    0.480695381824050D-03
    0.489958443400417D-02    0.103537872685127D-02
    0.664691855371703D-02    0.176484336713572D-02
    0.842024047238802D-02    0.265404045798042D-02
    0.101959136072371D-01    0.368665661768872D-02
    0.119475679773672D-01    0.485179667249019D-02
    0.136439959529251D-01    0.613667248044505D-02
    0.152487678550612D-01    0.752930925582029D-02
    0.167199228903483D-01    0.901733997186277D-02
    0.180088391637452D-01    0.105845084388093D-01
    0.190624214656822D-01    0.122192790719280D-01
    0.198228148340490D-01    0.138996204176440D-01
    0.202321161381542D-01    0.156193447563518D-01
    0.202355423758354D-01    0.173499992908521D-01
    0.197859069951370D-01    0.190991271981989D-01
    0.188545292476888D-01    0.208309580344758D-01
    0.174272132469848D-01    0.225762627353451D-01
    0.155286302024720D-01    0.242858904362569D-01
    0.131946331828621D-01    0.260151323349145D-01
    0.105150840014959D-01    0.276936938169530D-01
    0.757056566215454D-02    0.293832904726483D-01
    0.448748809881922D-02    0.309782546893113D-01
    0.134630796780417D-02    0.325062964692840D-01
   -0.176600445826232D-02    0.338306583840368D-01
   -0.482857472964624D-02    0.348979607321620D-01
   -0.787376007414447D-02    0.355677856431411D-01
   -0.109595511031804D-01    0.356926565486740D-01
   -0.142285811663046D-01    0.351994449712536D-01
   -0.177172422909621D-01    0.338922004533380D-01
   -0.215174910447221D-01    0.318220482242859D-01
   -0.254342521895592D-01    0.288305328010442D-01
   -0.292514079828508D-01    0.251525999630574D-01
   -0.323185060912311D-01    0.207509380255055D-01
   -0.339940612178241D-01    0.160245344582709D-01
   -0.332930167400921D-01    0.111783803794391D-01
   -0.295828191730252D-01    0.668173088617894D-02
   -0.224026486531463D-01    0.320286960873108D-02
   -0.122158130898318D-01    0.754512750358357D-03
    0.000000000000000D+00    0.000000000000000D+00
    0.000000000000000D+00    0.000000000000000D+00
    0.131019760078520D-02    0.129859031591418D-03
    0.272993844583658D-02    0.496841893617124D-03
    0.424027220920591D-02    0.107360185862825D-02
    0.581481069896528D-02    0.183473533810605D-02
    0.743108066364943D-02    0.276668606784242D-02
    0.906206471406119D-02    0.385403378670220D-02
    0.106807876209860D-01    0.508738863685717D-02
    0.122562239663113D-01    0.645347879382979D-02
    0.137524984278596D-01    0.794162082235605D-02
    0.151298652252369D-01    0.953669643528132D-02
    0.163402556585931D-01    0.112233306539846D-01
    0.173332640743783D-01    0.129836505190543D-01
    0.180500379673589D-01    0.147966476526781D-01
    0.184346653329804D-01    0.166445756996450D-01
    0.184275687064487D-01    0.185024776858926D-01
    0.179836100636338D-01    0.203593545896408D-01
    0.170626776858590D-01    0.221906083564405D-01
    0.156576000700640D-01    0.240002506131538D-01
    0.137725017290415D-01    0.257662737090105D-01
    0.114663715465329D-01    0.275083247058857D-01
    0.879990263829202D-02    0.292074489498308D-01
    0.590581991287366D-02    0.308827586000196D-01
    0.287649494603512D-02    0.324999698802898D-01
   -0.127301290657428D-03    0.340384042866346D-01
   -0.305090389574328D-02    0.354360840198006D-01
   -0.578356494993850D-02    0.365868443875925D-01
   -0.839071154004574D-02    0.373902647601657D-01
   -0.108743944624664D-01    0.376487877473585D-01
   -0.134179193032814D-01    0.372734081497130D-01
   -0.160653774145472D-01    0.360375813597144D-01
   -0.189712344855268D-01    0.339315145586117D-01
   -0.220142361866605D-01    0.307986093345309D-01
   -0.250676610278332D-01    0.268464446003549D-01
   -0.275578519126997D-01    0.220747744761731D-01
   -0.289874596933838D-01    0.169264604670862D-01
   -0.283957046984680D-01    0.116547003113917D-01
   -0.253605711347908D-01    0.686420632535779D-02
   -0.192775227059535D-01    0.318511156475074D-02
   -0.105985328757299D-01    0.764104134481837D-03
    0.000000000000000D+00    0.000000000000000D+00
    0.000000000000000D+00    0.000000000000000D+00
    0.105321883456772D-02    0.129911303785959D-03
    0.225166107978409D-02    0.495563379573919D-03
    0.356355295837790D-02    0.107482551713374D-02
    0.495826890801925D-02    0.184234008284985D-02
    0.640718659773142D-02    0.278853693962047D-02
    0.788253327149983D-02    0.389922909670075D-02
    0.935598194698123D-02    0.516672225278978D-02
    0.107974504280795D-01    0.657935904077305D-02
    0.121730930198194D-01    0.812562186598428D-02
    0.134447458244243D-01    0.979196581412440D-02
    0.145682379187842D-01    0.115590481357556D-01
    0.154941112181752D-01    0.134099993498921D-01
    0.161675211551506D-01    0.153158688585023D-01
    0.165310045406168D-01    0.172592670673157D-01
    0.165275874690303D-01    0.192024924828694D-01
    0.161053254860342D-01    0.211358302833663D-01
    0.152259416651110D-01    0.230166076890565D-01
    0.138669648610302D-01    0.248561300221407D-01
    0.120396280740065D-01    0.266092917616763D-01
    0.977728387892995D-02    0.283184616455945D-01
    0.716668967589427D-02    0.299390892701024D-01
    0.430578513726419D-02    0.315404282541216D-01
    0.134989956070431D-02    0.330542776187244D-01
   -0.157781686304560D-02    0.345369301572205D-01
   -0.432285550558504D-02    0.358945645416794D-01
   -0.680875028526590D-02    0.370953448125415D-01
   -0.899029559101277D-02    0.379955072998284D-01
   -0.109126882741099D-01    0.384225432402519D-01
   -0.126945338082678D-01    0.382583450651584D-01
   -0.144454630154931D-01    0.372127800451420D-01
   -0.163454276010211D-01    0.352618826946266D-01
   -0.183697161157515D-01    0.321340062714694D-01
   -0.205193968185528D-01    0.281041360854677D-01
   -0.223393997344082D-01    0.231072306751104D-01
   -0.234620526311003D-01    0.176438801519716D-01
   -0.230977991958084D-01    0.120654145937794D-01
   -0.208039775104198D-01    0.694883163998884D-02
   -0.161291463085743D-01    0.320804011253223D-02
   -0.918622743844439D-02    0.670664397110304D-03
    0.000000000000000D+00    0.000000000000000D+00
    0.000000000000000D+00    0.000000000000000D+00
    0.805573434149332D-03    0.123454166741664D-03
    0.178315193670434D-02    0.475388474404430D-03
    0.289655900390214D-02    0.103657668691689D-02
    0.410601049410938D-02    0.178603303798660D-02
    0.538140966682834D-02    0.271713630172810D-02
    0.669179000635233D-02    0.381884189152170D-02
    0.800942366552924D-02    0.508590023692862D-02
    0.930559832014756D-02    0.650746316500187D-02
    0.105482458702251D-01    0.807410696905170D-02
    0.117034814604726D-01    0.977070002212603D-02
    0.127293261822718D-01    0.115792986827503D-01
    0.135816841553377D-01    0.134783243262456D-01
    0.142071582769943D-01    0.154391034229021D-01
    0.145524010496327D-01    0.174352413130893D-01
    0.145590221421986D-01    0.194283736832377D-01
    0.141758608206979D-01    0.213942684446134D-01
    0.133568644812705D-01    0.232908341237844D-01
    0.120779657901014D-01    0.251088591359629D-01
    0.103320706202910D-01    0.268119930878832D-01
    0.815802281151208D-02    0.284176614890922D-01
    0.561110010497423D-02    0.299090412904541D-01
    0.282021333035267D-02    0.313306722749105D-01
   -0.102415645361140D-03    0.326729050922416D-01
   -0.295371478875424D-02    0.339661616054742D-01
   -0.562371930224829D-02    0.352091750383115D-01
   -0.790345171540620D-02    0.363437241697030D-01
   -0.978857365424889D-02    0.373057179762886D-01
   -0.112029239532074D-01    0.378872800519987D-01
   -0.123002440642183D-01    0.379958139715330D-01
   -0.131472897627594D-01    0.372906749144090D-01
   -0.139966657983274D-01    0.356743514027763D-01
   -0.149079128461202D-01    0.328329166222101D-01
   -0.160175736536009D-01    0.289394179883715D-01
   -0.170149573030508D-01    0.239532906894215D-01
   -0.177481452619531D-01    0.183193928712607D-01
   -0.175383788020326D-01    0.124471889604451D-01
   -0.161500987556206D-01    0.711629101183476D-02
   -0.129046083461254D-01    0.316709553000720D-02
   -0.762485283724874D-02    0.687966690233869D-03
    0.000000000000000D+00    0.000000000000000D+00
    0.000000000000000D+00    0.000000000000000D+00
    0.569558417558885D-03    0.113400217012924D-03
    0.133888797621737D-02    0.436785463204432D-03
    0.225740034387652D-02    0.960888577614422D-03
    0.328394761765604D-02    0.166680603295885D-02
    0.438216925410382D-02    0.255451188957767D-02
    0.552244661235625D-02    0.361530214535209D-02
    0.667641957941321D-02    0.484694646748692D-02
    0.781778645852992D-02    0.624102228337157D-02
    0.891801256842946D-02    0.778829824473295D-02
    0.994606331610182D-02    0.947615801984540D-02
    0.108663749136406D-01    0.112841432840080D-01
    0.116373872806444D-01    0.131924956908013D-01
    0.122131749304037D-01    0.151670452120056D-01
    0.125411792065833D-01    0.171809946791259D-01
    0.125687704663282D-01    0.191871599120978D-01
    0.122411455913447D-01    0.211569443910873D-01
    0.115134105420001D-01    0.230362891782306D-01
    0.103495877269051D-01    0.248074851769432D-01
    0.873917874031805D-02    0.264217018427528D-01
    0.669731887433275D-02    0.278893924173230D-01
    0.428071843424286D-02    0.291844957371187D-01
    0.158270403279152D-02    0.303616465282143D-01
   -0.125581174517107D-02    0.314071758633302D-01
   -0.407086675733489D-02    0.323966410505326D-01
   -0.667121106205794D-02    0.333470197472676D-01
   -0.888289049046139D-02    0.342855485775127D-01
   -0.105562095466543D-01    0.351394499260377D-01
   -0.116460660224536D-01    0.357846461186511D-01
   -0.121635438921116D-01    0.361524023125849D-01
   -0.122205147162746D-01    0.358570192557609D-01
   -0.120144916863505D-01    0.347975726221272D-01
   -0.117396257000094D-01    0.324700956261822D-01
   -0.116453912424915D-01    0.291141108602169D-01
   -0.116592427452252D-01    0.244541674523055D-01
   -0.118092309972537D-01    0.189156538339433D-01
   -0.116770351653960D-01    0.129259901445950D-01
   -0.111087278881827D-01    0.728929829663322D-02
   -0.953586919554168D-02    0.328019938219896D-02
   -0.632970918947030D-02    0.575560397362940D-03
    0.000000000000000D+00    0.000000000000000D+00
    0.000000000000000D+00    0.000000000000000D+00
    0.362228533670811D-03    0.975763814685049D-04
    0.936953795812636D-03    0.381982161291724D-03
    0.167231084555312D-02    0.849645897214684D-03
    0.251886221428895D-02    0.149007425794226D-02
    0.344120863124214D-02    0.230705289148357D-02
    0.440809926031026D-02    0.329663843488649D-02
    0.539309077848662D-02    0.445956399433353D-02
    0.637295041454507D-02    0.578897543300171D-02
    0.732165004850104D-02    0.727861881084365D-02
    0.821459954570286D-02    0.891523375104506D-02
    0.901928803232763D-02    0.106812538694631D-01
    0.970257538380445D-02    0.125541048161672D-01
    0.102218802031403D-01    0.145014330892881D-01
    0.105324337609674D-01    0.164908911827501D-01
    0.105842194535669D-01    0.184740525955208D-01
    0.103251240516466D-01    0.204132535518508D-01
    0.970984960539134D-02    0.222477614691363D-01
    0.869487757449821D-02    0.239472794645903D-01
    0.726299690543731D-02    0.254505712788022D-01
    0.541026950898151D-02    0.267557597791558D-01
    0.317660825598798D-02    0.278225732765121D-01
    0.636006618815392D-03    0.287014356666178D-01
   -0.209832556479930D-02    0.293826109433324D-01
   -0.484415713119851D-02    0.299558653562866D-01
   -0.744272218903117D-02    0.304753880026668D-01
   -0.963411065212436D-02    0.310181695371138D-01
   -0.112971793345859D-01    0.315879449654413D-01
   -0.122300646810010D-01    0.321043377714427D-01
   -0.124562561210095D-01    0.326086943835818D-01
   -0.119078590102608D-01    0.327139816940166D-01
   -0.108352594434679D-01    0.323129463916494D-01
   -0.942288766483503D-02    0.308339107503090D-01
   -0.805148751555867D-02    0.283449609471091D-01
   -0.687381438328270D-02    0.244864676163103D-01
   -0.623165772640154D-02    0.194289330103726D-01
   -0.591649754307583D-02    0.135670004297209D-01
   -0.616379789210195D-02    0.783501837736512D-02
   -0.608866672645093D-02    0.353254190191720D-02
   -0.458751966490071D-02    0.722086578131677D-03
    0.000000000000000D+00    0.000000000000000D+00
    0.000000000000000D+00    0.000000000000000D+00
    0.184039159075939D-03    0.786424537402630D-04
    0.591066289296240D-03    0.311233860160309D-03
    0.115635589135941D-02    0.708117298189709D-03
    0.183385294509152D-02    0.126245967337474D-02
    0.258377958438398D-02    0.198589690511022D-02
    0.337875062157729D-02    0.287731856357465D-02
    0.419317272085807D-02    0.394072458057290D-02
    0.500731446446213D-02    0.517219376097901D-02
    0.580003910109895D-02    0.656599583842077D-02
    0.655009344984585D-02    0.811264705217514D-02
    0.723326012159656D-02    0.979326173823156D-02
    0.781974348500781D-02    0.115894187083221D-01
    0.827749000340240D-02    0.134659493913542D-01
    0.856472462903152D-02    0.153929640116783D-01
    0.864139241965549D-02    0.173178224774909D-01
    0.845653457993697D-02    0.191993074845360D-01
    0.796906059542086D-02    0.209717526785428D-01
    0.713193261077818D-02    0.225889042183351D-01
    0.591967143527462D-02    0.239869541307293D-01
    0.431663085657291D-02    0.251306711128758D-01
    0.233900868897548D-02    0.259841095987536D-01
    0.397708119464721D-04    0.265503400504512D-01
   -0.249844164455579D-02    0.268445853337776D-01
   -0.511762842551961D-02    0.269197398876956D-01
   -0.766528280588797D-02    0.268850717443165D-01
   -0.989253779076597D-02    0.268402753339323D-01
   -0.116187401044873D-01    0.268416369363433D-01
   -0.126118401198872D-01    0.269102529554964D-01
   -0.127676450181144D-01    0.272506154294551D-01
   -0.119750370077190D-01    0.275386519530534D-01
   -0.103034104728109D-01    0.277224409582404D-01
   -0.799957022375715D-02    0.271360806143961D-01
   -0.538822328794989D-02    0.260096586153937D-01
   -0.289125900936499D-02    0.234087119464547D-01
   -0.949085814644888D-03    0.194852772784354D-01
   -0.414165953382791D-04    0.142506821269233D-01
   -0.544780555204791D-03    0.854130207774744D-02
   -0.215021780433042D-02    0.420489755395711D-02
   -0.323509580155145D-02    0.832013624444722D-03
    0.000000000000000D+00    0.000000000000000D+00
    0.000000000000000D+00    0.000000000000000D+00
    0.493184982997852D-04    0.562418151191492D-04
    0.312514878203191D-03    0.231717740343753D-03
    0.728749317909785D-03    0.544316950889844D-03
    0.124787003647212D-02    0.998313250654934D-03
    0.183398388958021D-02    0.160879755071969D-02
    0.246119281573913D-02    0.237939757787153D-02
    0.310666455503671D-02    0.331690395041539D-02
    0.375566489922014D-02    0.441855485115551D-02
    0.438924115223824D-02    0.568228751223076D-02
    0.499417757985057D-02    0.709812572547163D-02
    0.554862339698391D-02    0.865219435255187D-02
    0.603357393681807D-02    0.103246983774537D-01
    0.642017466831592D-02    0.120861365219927D-01
    0.667870835259715D-02    0.139044836283435D-01
    0.677340039631384D-02    0.157308271606680D-01
    0.666233614503498D-02    0.175207820469560D-01
    0.630957864991434D-02    0.192051388675911D-01
    0.566557714933962D-02    0.207336625308181D-01
    0.471063784875306D-02    0.220233712518781D-01
    0.340207845671647D-02    0.230373383718855D-01
    0.176274552090529D-02    0.236956339361936D-01
   -0.215374990220453D-03    0.240091577842743D-01
   -0.243851277248117D-02    0.239263352688241D-01
   -0.483646735029156D-02    0.235413684522673D-01
   -0.723800167169401D-02    0.228750324708031D-01
   -0.947431786627771D-02    0.221346657754099D-01
   -0.113352739904205D-01    0.213437438094633D-01
   -0.125396966041508D-01    0.206946691522398D-01
   -0.129403968165955D-01    0.204147927615369D-01
   -0.122537189221642D-01    0.204725441718143D-01
   -0.104724845442391D-01    0.208347285901581D-01
   -0.773953331349065D-02    0.210160393811055D-01
   -0.421474669964624D-02    0.212261483836139D-01
   -0.494472875844984D-03    0.203552801597880D-01
    0.287782775678571D-02    0.183030079782215D-01
    0.504320091172765D-02    0.144922910016995D-01
    0.495650680133251D-02    0.963856575430384D-02
    0.213548837910548D-02    0.504420878387487D-02
   -0.504105764337889D-03    0.135829974774665D-02
    0.000000000000000D+00    0.000000000000000D+00
    0.000000000000000D+00    0.000000000000000D+00
   -0.438369577944889D-04    0.319452588961046D-04
    0.110899761252212D-03    0.143676667742348D-03
    0.397752166956933D-03    0.367440601096584D-03
    0.775815583502348D-03    0.711631242998172D-03
    0.120910743421464D-02    0.119770609956690D-02
    0.167756427786950D-02    0.183166625555208D-02
    0.216135695640774D-02    0.262204384086689D-02
    0.264925501363351D-02    0.356904665538516D-02
    0.312812335305083D-02    0.467021865141858D-02
    0.358715734884397D-02    0.592054926657458D-02
    0.401336888723010D-02    0.730508055060806D-02
    0.439023296080964D-02    0.881122814800448D-02
    0.470072790007618D-02    0.104085340305440D-01
    0.491848484583111D-02    0.120731796483063D-01
    0.502097020277190D-02    0.137559522879718D-01
    0.497061348834322D-02    0.154175864267741D-01
    0.474151201112348D-02    0.169902537768229D-01
    0.428880710335539D-02    0.184169736039413D-01
    0.359052734658473D-02    0.196203900879625D-01
    0.260787654661746D-02    0.205302928930860D-01
    0.133594755950441D-02    0.210824434845856D-01
   -0.230351973337793D-03    0.212099629372640D-01
   -0.206311984035761D-02    0.209030829794333D-01
   -0.408668297240169D-02    0.201292493140738D-01
   -0.622993657492649D-02    0.189800327227616D-01
   -0.830222735625820D-02    0.175186548011668D-01
   -0.102053713485615D-01    0.158987754906610D-01
   -0.115909543400540D-01    0.142393776159627D-01
   -0.123867785647544D-01    0.129968391571608D-01
   -0.121372047946277D-01    0.122564883668979D-01
   -0.108403897016223D-01    0.120272298446738D-01
   -0.828457756585566D-02    0.122058688173854D-01
   -0.461675203897081D-02    0.133523387164659D-01
   -0.139230814057496D-03    0.141235408903155D-01
    0.469144989526935D-02    0.145453123789128D-01
    0.830750217497663D-02    0.130371722828354D-01
    0.950257214284237D-02    0.103660506574127D-01
    0.657576506886521D-02    0.637737043188302D-02
    0.191302573435555D-02    0.147802476257274D-02
    0.000000000000000D+00    0.000000000000000D+00
    0.000000000000000D+00    0.000000000000000D+00
   -0.895533954468040D-04    0.911594673906226D-05
   -0.148669036919771D-04    0.609688795762300D-04
    0.168163357031255D-03    0.194304289040983D-03
    0.422596598439992D-03    0.427873087913637D-03
    0.718628884156511D-03    0.784577888203753D-03
    0.104190539138356D-02    0.127246780989254D-02
    0.137513239255798D-02    0.190197614646354D-02
    0.171360114070489D-02    0.267257056583111D-02
    0.204492678921890D-02    0.358558616481127D-02
    0.236649205170102D-02    0.463471704881673D-02
    0.266563782539362D-02    0.581158849428226D-02
    0.293674948639718D-02    0.710281622405677D-02
    0.316376506135478D-02    0.848754689910895D-02
    0.333429408398490D-02    0.994225422329933D-02
    0.342814511500799D-02    0.114290881310327D-01
    0.342306516403064D-02    0.129106554837928D-01
    0.329762493776851D-02    0.143279179123891D-01
    0.301760688288211D-02    0.156282015137336D-01
    0.256913393721835D-02    0.167305597660692D-01
    0.190614994269254D-02    0.175732362192584D-01
    0.103964724366811D-02    0.180594008432510D-01
   -0.825114944640979D-04    0.181390528688704D-01
   -0.139813835107622D-02    0.177176759247257D-01
   -0.295184517719067D-02    0.168053174224073D-01
   -0.460400928756883D-02    0.153299585132417D-01
   -0.637007423465242D-02    0.134406292149176D-01
   -0.802331926193920D-02    0.110820963477594D-01
   -0.947940034857972D-02    0.858509102428386D-02
   -0.104745373659699D-01    0.604711974711036D-02
   -0.108687766588564D-01    0.408342639743803D-02
   -0.104277628209743D-01    0.248166322682032D-02
   -0.884003690926168D-02    0.175709796705304D-02
   -0.615226578497203D-02    0.248709129071307D-02
   -0.196581376994224D-02    0.398747687785357D-02
    0.311644935208517D-02    0.649926932435945D-02
    0.815875165011098D-02    0.804373117535634D-02
    0.117312484100638D-01    0.890460983751431D-02
    0.109313984715875D-01    0.776119564144289D-02
    0.530915092799305D-02    0.323961730333832D-02
    0.000000000000000D+00    0.000000000000000D+00
    0.000000000000000D+00    0.000000000000000D+00
   -0.933992378587505D-04   -0.113907081465003D-04
   -0.652016787819635D-04   -0.139627347068812D-04
    0.360397313822556D-04    0.404114390243241D-04
    0.187989606253844D-03    0.171890475546155D-03
    0.366381940724065D-03    0.404762113219424D-03
    0.562747509873155D-03    0.747649031634299D-03
    0.765002840483065D-03    0.120917216026955D-02
    0.970290626521906D-03    0.179156665715114D-02
    0.117227873629609D-02    0.249352594580801D-02
    0.136840906590410D-02    0.331443653012397D-02
    0.155379801493280D-02    0.424398701670757D-02
    0.172292820913275D-02    0.527802717436393D-02
    0.187007372770021D-02    0.639521876776753D-02
    0.198426568333108D-02    0.758520475451000D-02
    0.205817074000755D-02    0.881169873077670D-02
    0.207328182536310D-02    0.100533463512821D-01
    0.202140044713296D-02    0.112558088783065D-01
    0.187540318166343D-02    0.123803301805777D-01
    0.162890568969916D-02    0.133560964523518D-01
    0.124775004814531D-02    0.141201035297711D-01
    0.732248247429456D-03    0.145971981634464D-01
    0.496013446738650D-04    0.146956042572791D-01
   -0.786499267756070D-03    0.143655794905778D-01
   -0.178921858138272D-02    0.134963212052808D-01
   -0.292840890513395D-02    0.120998214084109D-01
   -0.416640893813976D-02    0.100802115037007D-01
   -0.546744872180234D-02    0.757197356677521D-02
   -0.665669391771992D-02    0.453156670837876D-02
   -0.772792290148951D-02    0.128572758753521D-02
   -0.838705381642606D-02   -0.191365970992143D-02
   -0.869886157209082D-02   -0.503747729951509D-02
   -0.808264267896347D-02   -0.760452030374394D-02
   -0.677127104684891D-02   -0.834808520418237D-02
   -0.379174904559397D-02   -0.767116234951062D-02
   -0.264913905362722D-03   -0.529474477235512D-02
    0.517003159615199D-02   -0.143079083454934D-02
    0.114193408223620D-01    0.420935034030484D-02
    0.133377138274167D-01    0.672777417679708D-02
    0.127804146810580D-01    0.234601583790177D-02
    0.000000000000000D+00    0.000000000000000D+00
    0.000000000000000D+00    0.000000000000000D+00
   -0.648148249037504D-04   -0.209774321571216D-04
   -0.594764561233222D-04   -0.586807079097876D-04
   -0.166912054843588D-04   -0.648877928933041D-04
    0.563220183337418D-04   -0.166114119318646D-04
    0.140428226254362D-03    0.108196109772425D-03
    0.236037006339411D-03    0.314022337089129D-03
    0.331703600446109D-03    0.610473520349783D-03
    0.431143256967231D-03    0.996115995406308D-03
    0.526587553011247D-03    0.147322634901280D-02
    0.622091290074223D-03    0.203852472200862D-02
    0.710443358884184D-03    0.268865403134457D-02
    0.794902317490464D-03    0.341809852478682D-02
    0.867126678750981D-03    0.421687933846825D-02
    0.928590811258824D-03    0.507507171604543D-02
    0.969372900751065D-03    0.597298845448889D-02
    0.987642385658287D-03    0.689265169640968D-02
    0.972992764927497D-03    0.780083684157961D-02
    0.917801789376522D-03    0.866715345323713D-02
    0.814760594719001D-03    0.944181617527978D-02
    0.646657945148115D-03    0.100780007431187D-01
    0.417067842372300D-03    0.105100523473919D-01
    0.942412139990234D-04    0.106742299976948D-01
   -0.293825947499169D-03    0.104964352399325D-01
   -0.801001564019620D-03    0.990796022434777D-02
   -0.135639424683408D-02    0.883489957592790D-02
   -0.203740516774499D-02    0.723105986235945D-02
   -0.270433006591436D-02    0.505198501053676D-02
   -0.345066786211676D-02    0.236082462083266D-02
   -0.406915211159789D-02   -0.891720193004595D-03
   -0.470775910571267D-02   -0.432940340877812D-02
   -0.509683093779481D-02   -0.823453370362730D-02
   -0.513442874963450D-02   -0.118917061363289D-01
   -0.449596190330429D-02   -0.150874898510328D-01
   -0.310166179584869D-02   -0.162508752129373D-01
   -0.958826040467582D-03   -0.172608063994479D-01
    0.138712071840923D-02   -0.147246951846336D-01
    0.359945227218568D-02   -0.933996465669665D-02
    0.634449124908475D-02   -0.522480065841468D-02
    0.769527566928264D-02    0.226844798502116D-02
    0.000000000000000D+00    0.000000000000000D+00
    0.000000000000000D+00    0.000000000000000D+00
   -0.198718466212834D-04   -0.198718466209461D-04
   -0.213578805389382D-04   -0.651247970610563D-04
   -0.126207679629869D-04   -0.947702501282409D-04
    0.702871514140431D-05   -0.942293489469037D-04
    0.295272578824761D-04   -0.513929835204685D-04
    0.555743491152864D-04    0.387414478529788D-04
    0.813159376245370D-04    0.178056339670819D-03
    0.107780350202759D-03    0.369360865937694D-03
    0.133567683143328D-03    0.609584843206824D-03
    0.158968298962378D-03    0.901490147797228D-03
    0.183338144197714D-03    0.123888553962442D-02
    0.206066602636077D-03    0.162483819571175D-02
    0.227091385315432D-03    0.204854358537832D-02
    0.244216867726163D-03    0.251339371179331D-02
    0.258340022482363D-03    0.300097989130164D-02
    0.264644107099815D-03    0.351400360514761D-02
    0.265872386183194D-03    0.402324352156335D-02
    0.253225630241512D-03    0.452819065059033D-02
    0.232663870147145D-03    0.498703675786103D-02
    0.189943586725540D-03    0.539068509446113D-02
    0.136106531316408D-03    0.568796048362196D-02
    0.506666241160005D-04    0.585185160756589D-02
   -0.478742351098116D-04    0.583342735732812D-02
   -0.187318199077862D-03    0.557387647251773D-02
   -0.342313992167563D-03    0.505275191944173D-02
   -0.540518167544517D-03    0.415343701193796D-02
   -0.748535344606186D-03    0.294491146132434D-02
   -0.977968646627090D-03    0.126232920605372D-02
   -0.118997122180707D-02   -0.762754658372449D-03
   -0.143370876897058D-02   -0.331016039929468D-02
   -0.174670031565170D-02   -0.606350624002299D-02
   -0.189021518154694D-02   -0.945436971424699D-02
   -0.190600977718455D-02   -0.124492683187965D-01
   -0.148672884847281D-02   -0.143903981496004D-01
   -0.722949075479268D-03   -0.176116183363560D-01
   -0.798900396806545D-03   -0.195005098372065D-01
   -0.217784685953854D-02   -0.179589294178492D-01
   -0.251933822413141D-02   -0.170715343661634D-01
    0.166906173106642D-01   -0.731435861384432D-02
    0.000000000000000D+00    0.000000000000000D+00
    0.000000000000000D+00    0.000000000000000D+00
    0.000000000000000D+00    0.000000000000000D+00
    0.000000000000000D+00    0.000000000000000D+00
    0.000000000000000D+00    0.000000000000000D+00
    0.000000000000000D+00    0.000000000000000D+00
    0.000000000000000D+00    0.000000000000000D+00
    0.000000000000000D+00    0.000000000000000D+00
    0.000000000000000D+00    0.000000000000000D+00
    0.000000000000000D+00    0.000000000000000D+00
    0.000000000000000D+00    0.000000000000000D+00
    0.000000000000000D+00    0.000000000000000D+00
    0.000000000000000D+00    0.000000000000000D+00
    0.000000000000000D+00    0.000000000000000D+00
    0.000000000000000D+00    0.000000000000000D+00
    0.000000000000000D+00    0.000000000000000D+00
    0.000000000000000D+00    0.000000000000000D+00
    0.000000000000000D+00    0.000000000000000D+00
    0.000000000000000D+00    0.000000000000000D+00
    0.000000000000000D+00    0.000000000000000D+00
    0.000000000000000D+00    0.000000000000000D+00
    0.000000000000000D+00    0.000000000000000D+00
    0.000000000000000D+00    0.000000000000000D+00
    0.000000000000000D+00    0.000000000000000D+00
    0.000000000000000D+00    0.000000000000000D+00
    0.000000000000000D+00    0.000000000000000D+00
    0.000000000000000D+00    0.000000000000000D+00
    0.000000000000000D+00    0.000000000000000D+00
    0.000000000000000D+00    0.000000000000000D+00
    0.000000000000000D+00    0.000000000000000D+00
    0.000000000000000D+00    0.000000000000000D+00
    0.000000000000000D+00    0.000000000000000D+00
    0.000000000000000D+00    0.000000000000000D+00
    0.000000000000000D+00    0.000000000000000D+00
    0.000000000000000D+00    0.000000000000000D+00
    0.000000000000000D+00    0.000000000000000D+00
    0.000000000000000D+00    0.000000000000000D+00
    0.000000000000000D+00    0.000000000000000D+00
    0.000000000000000D+00    0.000000000000000D+00
    0.000000000000000D+00    0.000000000000000D+00
    0.000000000000000D+00    0.000000000000000D+00
    0.000000000000000D+00    0.000000000000000D+00
