 12
      0.0000
      7.8102      0.0000
      8.1854      8.2462      0.0000
      7.6811      7.0000      6.7082      0.0000
     13.1529     13.0384     13.0767     13.0384      0.0000
     13.5277     13.4536     13.3791     13.2288     12.2474
      0.0000
     13.6382     13.8564     14.0357     13.9642      9.5917
     12.4097      0.0000
     13.3791     13.2288     13.2665     13.2665      7.8740
     11.7898      9.9499      0.0000
     15.9374     15.7480     15.8745     15.7480     16.0624
     16.2788     15.9687     16.0312      0.0000
     15.7162     15.7162     15.6525     15.6525     16.0624
     16.2481     15.8114     16.0000      6.5574      0.0000
     15.7797     15.6205     15.7162     15.5885     16.1245
     16.2788     15.9687     16.0312      5.2915      6.2450
      0.0000
     15.9374     15.7480     15.8745     15.7480     16.0624
     16.2788     15.9374     16.0000      2.2361      6.7082
      5.7446      0.0000
