  0.7180785583272512     -0.5268936797585932    
 -0.2527799114796582E-01  0.5988018952497896E-01
  0.4097131518927268     -0.6216749413330300    
  0.5504321659154628      0.4571169958230035    
  0.6595725293229034      0.6235267698819038    
 -0.4594163270428420      0.4164092629953670    
 -0.2279622500743228E-01 -0.1846031270922839    
 -0.6869410787021322     -0.5960229877838685    
 -0.4699913692884107      0.2670085312048804    
 -0.5543453567395553      0.7496285074930664    
  0.4060913491326192      0.6180926538555288    
  0.3118666252598428     -0.8618248986992531    
 -0.1281898350613416      0.5871022982271040    
 -0.5730205363791765      0.5580657087369749    
 -0.1940683381888908     -0.2764940995237113    
 -0.6287056417147406     -0.3579351847182888E-01
 -0.3389548045540117E-01  0.9147584858279358    
  0.8699997889736055     -0.2289100376805147    
 -0.7446568421090492E-01 -0.9131815307569164    
  0.3571506331918655      0.4210301702246617    
 -0.1511029830636255     -0.6779671247430200E-01
  0.1030168068744454      0.4008178837365592    
  0.7902809534596390E-02  0.7348901317447477    
  0.2861340503554742     -0.4861202757422803    
 -0.1758179283715775      0.1257273353800092    
  0.7693536823094324      0.4705637689129318    
 -0.7940460137874552     -0.4709871406084103    
 -0.4152631546832664     -0.7998042013934924    
  0.3000470791868085      0.9651351321570110E-01
  0.2147418314052692      0.5291082861091257    
  0.5169025390718583      0.7574706658454347    
  0.6917111533548830     -0.1169425544152666    
  0.5075294673810853      0.8600019812163432E-02
  0.4623416138167628      0.2262977404253335    
 -0.4210351017636660      0.5587191018522694    
  0.3276289531733521     -0.1019279599629550    
 -0.7349562958128112      0.1341965806722670    
 -0.4200201890203132     -0.2853612353463902    
 -0.3106845759451716     -0.1561576679704145    
 -0.7042616798735275      0.6180006033768071    
 -0.8443588862709491      0.2997497074300537    
  0.8977643049568900     -0.5037138979212254E-01
 -0.2043254515159501      0.9058699666521272    
  0.1215435411326786     -0.8970966277548420    
  0.1439592313110709     -0.3603429772948650    
 -0.5624443565141991     -0.2147198756065554    
  0.6035692628513644     -0.6648788471006529    
 -0.8041402451514251      0.4602474315194683    
 -0.2771166323025904      0.4557935996316974    
  0.8479498415661215      0.2967906977630330    
 -0.4723671708525474     -0.6710256707809742E-01
  0.3491006716501311      0.8432694413248328    
 -0.1030057719895629      0.4339427126981948    
 -0.9248799711798167      0.1083826503059356E-02
  0.5027836782819656     -0.4444264855714741    
  0.1658007458364592      0.9112158902902975    
  0.1159659050042914     -0.2244080974475739E-01
 -0.3033065914184480     -0.6346561144811079    
 -0.7797570487222663E-01 -0.5899782245603574    
  0.4829725092246274     -0.7820528187063084    
  0.3436860548164647     -0.3077592216943318    
  0.6468738591989462      0.2838524416078386    
 -0.7266763355829690     -0.1758596778853884    
 -0.5535767152353223     -0.4268635352480459    
  0.2222547575122955     -0.7005662431705162    
 -0.2006372032805827     -0.4599249090395365    
  0.2558318154261199      0.2821050449398430    
  0.1716421632024950     -0.1919547525151175    
  0.8176037412402257     -0.4079298374492699    
 -0.2534076885048771      0.3124037206929856    
  0.4961262754750185     -0.1806615079083166    
  0.9567520368549549E-01 -0.5494312544786848    
  0.1084995927952264      0.1984135702347850    
 -0.8632653115880805     -0.3053572086563504    
  0.6505104883032125     -0.3139860096190576    
  0.2701375589807900E-01 -0.7203062849882960    
 -0.2874941853500718      0.6185641875629290    
  0.4650341951620342E-01  0.5673388777737932    
 -0.3641715674743827      0.8417709855374348    
 -0.6465977296359037      0.3968083439601213    
  0.8917595372508941      0.1239243379946661    
 -0.4031325686376809      0.6983975082414602    
 -0.1586414303355297     -0.7497338079234301    
 -0.3546015946688581      0.1715240960585578    
 -0.6964290889678159     -0.3438483030616915    
 -0.6532775283875686      0.2495557306109465    
 -0.5652638233922479     -0.7287399174738205    
 -0.5613321510900416E-01  0.2668590506279383    
  0.7088605845820265      0.8078655358031965E-01
 -0.2622946766418320     -0.8835254665421617    
 -0.5249307824714592      0.1078659236087200    
 -0.3316867859413465      0.2362933088673661E-01
 -0.3598903694354321     -0.4331109230601340    
 -0.3583055062600655E-01 -0.3923120026975339    
 -0.8988517666161020      0.1648300734204228    
  0.2008466531423622      0.7114107581405087    
 -0.9097966833073722     -0.1526223645463950    
 -0.4835812649986388     -0.5826901191559198    
 -0.7943277985196435     -0.1687487679919373E-01
 -0.1853940940098460      0.7505536956430034    
