          -8          -1
           2          -1
           2           0
           8           0
           8           1
          -2           1
          -2           0
          -8           0
          -8   -0.792968
          -8   -0.576467
          -8   -0.381269
          -8   -0.186955
     -7.8321           0
    -7.82251          -1
    -7.76932   -0.808272
    -7.83497   -0.620496
    -7.77513   -0.412411
    -7.81591   -0.212378
    -7.66281           0
    -7.63033          -1
    -7.55379   -0.800145
    -7.64442   -0.603474
    -7.55525   -0.403996
    -7.62562   -0.208294
    -7.48612           0
     -7.4339          -1
    -7.34472   -0.799896
    -7.44279   -0.600937
    -7.34298   -0.402652
      -7.426   -0.204624
     -7.2998           0
    -7.23401          -1
    -7.13844   -0.800155
    -7.23871   -0.601045
    -7.13522   -0.402358
    -7.22452   -0.203315
    -7.10776           0
     -7.0324          -1
    -6.93361   -0.800333
    -7.03431    -0.60116
    -6.92999   -0.401957
    -7.02297   -0.202406
     -6.9122           0
    -6.83003          -1
    -6.72967   -0.800392
    -6.83031   -0.601091
    -6.72621   -0.401553
    -6.82154   -0.201727
    -6.71448           0
    -6.62743          -1
    -6.52638   -0.800386
    -6.62686   -0.600948
    -6.52333   -0.401206
    -6.62022   -0.201239
    -6.51546           0
    -6.42488          -1
    -6.32361   -0.800349
    -6.42397   -0.600791
    -6.32105   -0.400927
    -6.41899   -0.200893
    -6.31571           0
    -6.22256          -1
     -6.1213   -0.800301
    -6.22157   -0.600643
    -6.11923    -0.40071
    -6.21787   -0.200648
    -6.11555           0
    -6.02053          -1
    -5.91941   -0.800252
    -6.01961   -0.600516
    -5.91778   -0.400544
    -6.01689   -0.200475
    -5.91524           0
    -5.81885          -1
    -5.71793   -0.800209
    -5.81807   -0.600412
    -5.71669   -0.400419
    -5.81608   -0.200352
    -5.71492           0
    -5.61753          -1
    -5.51685   -0.800173
    -5.61692   -0.600329
    -5.51595   -0.400328
     -5.6155   -0.200265
    -5.51473           0
    -5.41661          -1
    -5.31617   -0.800146
    -5.41616   -0.600267
    -5.31555   -0.400263
    -5.41517   -0.200204
    -5.31473           0
    -5.21607          -1
    -5.11588   -0.800126
    -5.21578   -0.600223
    -5.11551    -0.40022
    -5.21513   -0.200164
    -5.11499           0
    -5.01592          -1
    -4.91599   -0.800115
    -5.01579   -0.600195
    -4.91584   -0.400194
    -5.01542   -0.200138
    -4.91556           0
    -4.81617          -1
     -4.7165   -0.800111
    -4.81619    -0.60018
    -4.71655   -0.400183
    -4.81607   -0.200125
    -4.71649           0
    -4.61682          -1
     -4.5174   -0.800113
    -4.61699   -0.600178
    -4.51766   -0.400186
    -4.61709   -0.200121
     -4.5178           0
    -4.41786          -1
    -4.31871   -0.800123
    -4.41819   -0.600186
    -4.31919     -0.4002
    -4.41853   -0.200127
    -4.31954           0
     -4.2193          -1
    -4.12042   -0.800138
     -4.2198   -0.600206
    -4.12113   -0.400225
    -4.22038    -0.20014
    -4.12172           0
    -4.02113          -1
    -3.92252   -0.800159
    -4.02182   -0.600235
    -3.92351   -0.400261
    -4.02268   -0.200162
    -3.92438           0
    -3.82335          -1
    -3.72504   -0.800187
    -3.82426   -0.600273
    -3.72632   -0.400306
    -3.82544   -0.200193
    -3.72754           0
    -3.62594          -1
    -3.52794   -0.800219
    -3.62712   -0.600318
    -3.52957   -0.400358
    -3.62866   -0.200231
    -3.53124           0
     -3.4289          -1
    -3.33125   -0.800256
    -3.43041   -0.600368
    -3.33325   -0.400413
    -3.43234   -0.200277
    -3.33551           0
    -3.23221          -1
    -3.13495   -0.800296
    -3.23412   -0.600418
    -3.13736   -0.400463
    -3.23647   -0.200331
    -3.14039           0
    -3.03583          -1
    -2.93905   -0.800341
    -3.03825   -0.600464
    -2.94187   -0.400503
    -3.04101   -0.200395
    -2.94596           0
    -2.83972          -1
    -2.74358   -0.800372
    -2.84283    -0.60049
    -2.74676   -0.400436
    -2.84586   -0.200455
    -2.75233           0
    -2.64383          -1
    -2.54868   -0.800045
    -2.64792   -0.600287
    -2.55197   -0.399929
    -2.65081     -0.2004
    -2.55962           0
     -2.4482          -1
    -2.35476   -0.800269
    -2.45357   -0.599361
     -2.3573    -0.39901
    -2.45536    -0.20012
    -2.36811           0
     -2.2524          -1
    -2.16059   -0.804963
    -2.26032   -0.601947
    -2.16447   -0.407026
    -2.25876   -0.200099
    -2.17862           0
    -2.05418          -1
    -1.96153   -0.811163
    -2.06686   -0.615238
     -1.9721   -0.433227
    -2.06491   -0.218507
    -1.88511   -0.130492
          -2    0.175536
          -2    0.336525
          -2    0.516358
          -2    0.673775
          -2    0.836544
    -1.82178           1
    -1.85239          -1
    -1.75697   -0.816048
    -1.86526   -0.628382
    -1.75006   -0.468108
    -1.84395   -0.297427
    -1.70486   -0.102686
    -1.81427    0.077494
    -1.77894    0.263288
    -1.82582     0.44745
    -1.77893    0.631843
    -1.81035    0.813918
     -1.6483           1
    -1.64743          -1
    -1.54555   -0.821537
    -1.64969   -0.643871
    -1.54077   -0.463242
    -1.63768   -0.285091
    -1.51639   -0.094885
    -1.62521    0.093396
    -1.55841    0.273911
    -1.64238    0.450569
    -1.55811    0.631304
    -1.62119    0.810165
    -1.47069           1
    -1.43922          -1
    -1.33621   -0.819846
    -1.43989   -0.641409
    -1.33361   -0.459337
    -1.43271   -0.279206
    -1.32079   -0.092561
    -1.42827    0.093911
    -1.34417    0.274648
    -1.44012    0.453877
    -1.34228    0.633028
    -1.42264    0.812053
    -1.28546           1
    -1.23195          -1
    -1.12866   -0.819072
    -1.23182    -0.63889
    -1.12707   -0.457014
    -1.22771   -0.276124
     -1.1208     -0.0915
    -1.22694    0.093047
    -1.13365    0.273763
    -1.23384     0.45396
    -1.13084    0.633501
    -1.21959    0.813631
    -1.09396           1
    -1.02529          -1
   -0.922027   -0.818705
    -1.02492   -0.637731
    -0.92108    -0.45589
    -1.02264    -0.27441
   -0.918173   -0.091237
    -1.02323    0.092036
   -0.925207     0.27281
    -1.02683    0.453502
   -0.922196    0.633782
    -1.01548    0.814734
   -0.898157           1
   -0.819048          -1
   -0.715903   -0.818516
   -0.818685   -0.637168
   -0.715344   -0.455419
   -0.817488   -0.273731
   -0.714122   -0.091389
   -0.818387    0.091153
   -0.717981    0.272083
   -0.820061    0.453121
   -0.715241    0.634025
   -0.811302    0.815546
   -0.699523           1
   -0.613121          -1
   -0.510065   -0.818428
    -0.61279   -0.636924
   -0.509707   -0.455266
   -0.612204   -0.273557
   -0.509315   -0.091665
   -0.613074    0.090453
   -0.511516    0.271567
    -0.61376    0.452879
   -0.509294     0.63423
   -0.607228     0.81612
   -0.499039           1
   -0.407419          -1
   -0.304388   -0.818383
   -0.407063   -0.636833
   -0.304087   -0.455253
   -0.406802   -0.273594
   -0.304108   -0.091949
   -0.407591    0.089932
   -0.305528    0.271209
    -0.40789    0.452731
   -0.303942    0.634393
   -0.403225    0.816516
   -0.297338           1
   -0.201889          -1
   -0.098794   -0.818352
   -0.201409   -0.636804
    -0.09843   -0.455294
   -0.201295   -0.273711
   -0.098671   -0.092209
    -0.20206    0.089543
    -0.09984    0.270949
   -0.202352     0.45264
   -0.098933    0.634513
   -0.199227    0.816786
   -0.094818           1
    0.003494          -1
    0.106769   -0.818318
    0.004232   -0.636796
    0.107314   -0.455356
    0.004311   -0.273854
    0.106927   -0.092451
    0.003483    0.089233
    0.105662    0.270735
    0.002954    0.452569
    0.105893     0.63459
    0.004819    0.816966
    0.108272           1
    0.208726          -1
    0.312356   -0.818271
    0.209899   -0.636789
      0.3132   -0.455423
    0.210021   -0.274009
    0.312684   -0.092689
    0.209035    0.088957
    0.311051    0.270538
    0.208114    0.452498
    0.310639    0.634631
     0.20895    0.817081
    0.311777           1
    0.413771          -1
    0.518031   -0.818201
    0.415616   -0.636772
     0.51931   -0.455489
    0.415836   -0.274171
    0.518642   -0.092927
    0.414608    0.088685
    0.516368     0.27035
     0.41319    0.452424
     0.51538    0.634655
    0.413193    0.817152
    0.515604           1
    0.618544          -1
    0.723908   -0.818108
     0.62138   -0.636738
    0.725764   -0.455548
     0.62174   -0.274335
    0.724889   -0.093151
    0.620203    0.088411
    0.721621      0.2702
    0.618229    0.452369
    0.720184    0.634702
    0.617579    0.817204
    0.719707           1
    0.822879          -1
    0.930199   -0.818009
    0.827123   -0.636693
    0.932765   -0.455611
    0.827647   -0.274487
    0.931592    -0.09332
    0.825787    0.088152
    0.926778    0.270161
    0.823274    0.452398
    0.925137    0.634843
    0.822162    0.817266
    0.924073           1
     1.02649          -1
     1.13735   -0.817973
     1.03263   -0.636679
     1.14069   -0.455727
      1.0333   -0.274625
     1.13906   -0.093386
     1.03125    0.087954
     1.13174    0.270389
     1.02836    0.452631
     1.13037    0.635195
     1.02704    0.817382
     1.12872           1
     1.22886          -1
     1.34626   -0.818166
     1.23735   -0.636797
     1.35026   -0.455988
     1.23804   -0.274767
      1.3479   -0.093254
      1.2363    0.087831
     1.33628    0.270989
     1.23357      0.4533
     1.33614    0.635998
     1.23238      0.8176
     1.33367           1
     1.42901          -1
     1.55854    -0.81921
     1.43986   -0.637229
     1.56273   -0.456251
      1.4403   -0.274844
     1.55941    -0.09267
      1.4403    0.087712
     1.54009     0.27184
      1.4389    0.454397
     1.54257     0.63702
     1.43854    0.818247
     1.53905           1
     1.62507          -1
     1.77612    -0.82077
     1.63614   -0.638317
     1.77905   -0.456953
     1.63628   -0.274353
      1.7757   -0.091176
     1.64203    0.087308
     1.74284    0.273507
     1.64445    0.455642
     1.75109    0.631149
     1.64582     0.81644
      1.7434           1
     1.81253          -1
           2   -0.856555
     1.81716    -0.63928
           2   -0.564333
     1.81654   -0.274341
           2    -0.28361
     1.83829    0.089135
     1.95073    0.240673
     1.85375    0.441279
     1.95494    0.620376
     1.85098    0.812832
     1.94556           1
           2   -0.719646
           2   -0.426779
           2   -0.136913
     2.12802    0.194535
     2.05219    0.417372
     2.15095    0.605561
     2.05181    0.807042
     2.14448           1
      2.2078           0
       2.325    0.196179
     2.23869     0.39451
     2.34135    0.596053
     2.24699     0.80084
     2.34032           1
     2.41213           0
     2.52269    0.197531
     2.43298    0.396351
     2.53497    0.597866
     2.43935    0.798283
     2.53508           1
     2.61414           0
     2.72057     0.19838
     2.62818    0.397692
     2.72961    0.598625
     2.63343    0.799346
     2.73058           1
     2.81472           0
     2.91863    0.198852
     2.82424    0.398363
     2.92525    0.598883
     2.82858    0.799418
     2.92649           1
     3.01451           0
     3.11686    0.199161
     3.02102    0.398745
     3.12163    0.599116
     3.02446    0.799501
     3.12288           1
     3.21388           0
     3.31524    0.199393
     3.21834    0.399057
     3.31865    0.599315
     3.22099     0.79959
     3.31975           1
     3.41304           0
     3.51379    0.199558
      3.4161    0.399298
      3.5162    0.599474
     3.41809    0.799671
      3.5171           1
     3.61216           0
     3.71254    0.199675
     3.61425    0.399475
     3.71422    0.599595
     3.61571    0.799739
      3.7149           1
     3.81134           0
     3.91152    0.199757
     3.81276    0.399603
     3.91264    0.599683
     3.81378    0.799792
     3.91312           1
     4.01065           0
     4.11073    0.199813
     4.01159    0.399694
     4.11144    0.599745
     4.01226    0.799831
     4.11173           1
     4.21016           0
      4.3102    0.199848
     4.21073    0.399754
     4.31058    0.599785
     4.21111    0.799858
     4.31069           1
     4.40987           0
     4.50993    0.199868
     4.41018     0.39979
     4.51004    0.599804
      4.4103    0.799873
     4.50997           1
     4.60983           0
     4.70993    0.199874
     4.60992    0.399805
      4.7098    0.599805
      4.6098    0.799876
     4.70953           1
     4.81005           0
      4.9102    0.199869
     4.80994    0.399801
     4.90983    0.599787
     4.80959    0.799868
     4.90935           1
     5.01054           0
     5.11076    0.199853
     5.01024    0.399779
     5.11014     0.59975
     5.00962    0.799848
      5.1094           1
     5.21132           0
     5.31161    0.199825
     5.21083    0.399739
     5.31069    0.599691
     5.20989    0.799812
     5.30961           1
     5.41239           0
     5.51276    0.199786
     5.41169    0.399678
      5.5115    0.599606
     5.41036    0.799759
     5.50996           1
     5.61377           0
     5.71423    0.199735
     5.61285    0.399594
     5.71254    0.599487
     5.61099    0.799683
     5.71037           1
     5.81546           0
     5.91603     0.19967
      5.8143    0.399482
     5.91383    0.599327
     5.81177    0.799575
     5.91075           1
     6.01748           0
      6.1182    0.199593
     6.01607    0.399338
     6.11538    0.599113
     6.01264    0.799424
       6.111           1
     6.21982           0
     6.32077    0.199505
      6.2182    0.399156
     6.31722     0.59883
     6.21356    0.799214
     6.31094           1
     6.42246           0
     6.52383     0.19941
     6.42072    0.398932
     6.51945     0.59846
      6.4145    0.798919
     6.51032           1
     6.62537           0
     6.72749    0.199317
      6.6237    0.398663
     6.72221    0.597982
     6.61538    0.798504
     6.70878           1
     6.82843           0
     6.93197    0.199236
     6.82719    0.398348
      6.9258    0.597381
     6.81617    0.797919
     6.90574           1
     7.03141           0
     7.13773    0.199184
     7.03118    0.397995
     7.13079    0.596661
     7.01678    0.797095
     7.10035           1
     7.23381           0
     7.34565    0.199099
     7.23542    0.397645
      7.3383    0.596015
     7.21702    0.795957
     7.29128           1
     7.43459           0
     7.55754    0.199415
     7.43883     0.39743
     7.55042    0.596187
     7.41636    0.794684
      7.4767           1
     7.63111           0
     7.77594    0.201442
      7.6379    0.399548
     7.77203    0.601122
     7.61324    0.792642
       7.654           1
     7.81674           0
           8    0.321219
     7.82064    0.402453
           8    0.666606
     7.80388    0.799447
      7.8252           1
           8    0.161481
           8    0.504445
