         5         4         1
         1         2         5
         6         5         2
         2         3         6
         7         6         3
         9         8         4
         4         5         9
        10         9         5
         5         6        10
        11        10         6
         6         7        11
        12        11         7
         8         9        13
        14        13         9
         9        10        14
        15        14        10
        10        11        15
        13        14        16
        17        16        14
        14        15        17
