   1.0000000         203.42398    
   2.0000000         157.75145    
   3.0000000         144.71964    
   4.0000000         133.76077    
   5.0000000         126.82589    
   6.0000000         121.95000    
   7.0000000         118.01109    
   8.0000000         114.66718    
   9.0000000         112.10518    
   10.000000         109.56823    
   11.000000         107.10997    
   12.000000         105.21642    
   13.000000         103.47411    
   14.000000         101.56164    
   15.000000         100.24181    
   16.000000         99.043129    
   17.000000         97.785408    
   18.000000         96.291245    
   19.000000         95.423172    
   20.000000         94.490242    
   21.000000         93.084991    
   22.000000         92.528854    
   23.000000         91.794106    
   24.000000         90.866264    
   25.000000         90.057663    
