   1.0000000         1122.3461    
   2.0000000         848.65222    
   3.0000000         772.35101    
   4.0000000         710.09900    
   5.0000000         666.30090    
   6.0000000         640.79126    
   7.0000000         619.68152    
   8.0000000         600.54828    
   9.0000000         585.46356    
   10.000000         571.01123    
   11.000000         559.00800    
   12.000000         548.29999    
   13.000000         538.60120    
   14.000000         528.71423    
   15.000000         520.50159    
   16.000000         513.78137    
   17.000000         507.00070    
   18.000000         497.03729    
   19.000000         494.97726    
   20.000000         488.34726    
   21.000000         483.21756    
   22.000000         477.21387    
   23.000000         471.49686    
   24.000000         466.83234    
   25.000000         463.10770    
