   1.0000000         203.42398    
  0.50000000         157.75145    
  0.33333334         144.71964    
  0.25000000         133.76077    
  0.20000000         126.82589    
  0.16666667         121.95000    
  0.14285715         118.01109    
  0.12500000         114.66718    
  0.11111111         112.10518    
  0.10000000         109.56823    
  0.90909094E-01     107.10997    
  0.83333336E-01     105.21642    
  0.76923080E-01     103.47411    
  0.71428575E-01     101.56164    
  0.66666670E-01     100.24181    
  0.62500000E-01     99.043129    
  0.58823530E-01     97.785408    
  0.55555556E-01     96.291245    
  0.52631579E-01     95.423172    
  0.50000001E-01     94.490242    
  0.47619049E-01     93.084991    
  0.45454547E-01     92.528854    
  0.43478262E-01     91.794106    
  0.41666668E-01     90.866264    
  0.39999999E-01     90.057663    
