   1.0000000         1122.3461    
  0.50000000         848.65222    
  0.33333334         772.35101    
  0.25000000         710.09900    
  0.20000000         666.30090    
  0.16666667         640.79126    
  0.14285715         619.68152    
  0.12500000         600.54828    
  0.11111111         585.46356    
  0.10000000         571.01123    
  0.90909094E-01     559.00800    
  0.83333336E-01     548.29999    
  0.76923080E-01     538.60120    
  0.71428575E-01     528.71423    
  0.66666670E-01     520.50159    
  0.62500000E-01     513.78137    
  0.58823530E-01     507.00070    
  0.55555556E-01     497.03729    
  0.52631579E-01     494.97726    
  0.50000001E-01     488.34726    
  0.47619049E-01     483.21756    
  0.45454547E-01     477.21387    
  0.43478262E-01     471.49686    
  0.41666668E-01     466.83234    
  0.39999999E-01     463.10770    
