   1.0000000         7659.5112    
   2.0000000         5843.7139    
   3.0000000         5336.6641    
   4.0000000         4928.3936    
   5.0000000         4599.8340    
   6.0000000         4434.5078    
   7.0000000         4303.7085    
   8.0000000         4179.2905    
   9.0000000         4069.4995    
   10.000000         3981.8015    
   11.000000         3892.9360    
   12.000000         3837.0894    
   13.000000         3767.6912    
   14.000000         3706.6594    
   15.000000         3661.3857    
   16.000000         3595.5061    
   17.000000         3572.1765    
   18.000000         3522.6680    
   19.000000         3462.0281    
   20.000000         3448.1323    
   21.000000         3397.6711    
   22.000000         3372.1685    
   23.000000         3352.7434    
   24.000000         3305.5879    
   25.000000         3283.6509    
