   1.0000000         7659.5112    
  0.50000000         5843.7139    
  0.33333334         5336.6641    
  0.25000000         4928.3936    
  0.20000000         4599.8340    
  0.16666667         4434.5078    
  0.14285715         4303.7085    
  0.12500000         4179.2905    
  0.11111111         4069.4995    
  0.10000000         3981.8015    
  0.90909094E-01     3892.9360    
  0.83333336E-01     3837.0894    
  0.76923080E-01     3767.6912    
  0.71428575E-01     3706.6594    
  0.66666670E-01     3661.3857    
  0.62500000E-01     3595.5061    
  0.58823530E-01     3572.1765    
  0.55555556E-01     3522.6680    
  0.52631579E-01     3462.0281    
  0.50000001E-01     3448.1323    
  0.47619049E-01     3397.6711    
  0.45454547E-01     3372.1685    
  0.43478262E-01     3352.7434    
  0.41666668E-01     3305.5879    
  0.39999999E-01     3283.6509    
