          45           1           3          23           2          24
           1          45          43          23          44          22
          47           3           5          25           4          26
           3          47          45          25          46          24
          49           5           7          27           6          28
           5          49          47          27          48          26
          51           7           9          29           8          30
           7          51          49          29          50          28
          53           9          11          31          10          32
           9          53          51          31          52          30
          55          11          13          33          12          34
          11          55          53          33          54          32
          57          13          15          35          14          36
          13          57          55          35          56          34
          59          15          17          37          16          38
          15          59          57          37          58          36
          61          17          19          39          18          40
          17          61          59          39          60          38
          63          19          21          41          20          42
          19          63          61          41          62          40
          87          43          45          65          44          66
          43          87          85          65          86          64
          89          45          47          67          46          68
          45          89          87          67          88          66
          91          47          49          69          48          70
          47          91          89          69          90          68
          93          49          51          71          50          72
          49          93          91          71          92          70
          95          51          53          73          52          74
          51          95          93          73          94          72
          97          53          55          75          54          76
          53          97          95          75          96          74
          99          55          57          77          56          78
          55          99          97          77          98          76
         101          57          59          79          58          80
          57         101          99          79         100          78
         103          59          61          81          60          82
          59         103         101          81         102          80
         105          61          63          83          62          84
          61         105         103          83         104          82
         129          85          87         107          86         108
          85         129         127         107         128         106
         131          87          89         109          88         110
          87         131         129         109         130         108
         133          89          91         111          90         112
          89         133         131         111         132         110
         135          91          93         113          92         114
          91         135         133         113         134         112
         137          93          95         115          94         116
          93         137         135         115         136         114
         139          95          97         117          96         118
          95         139         137         117         138         116
         141          97          99         119          98         120
          97         141         139         119         140         118
         143          99         101         121         100         122
          99         143         141         121         142         120
         145         101         103         123         102         124
         101         145         143         123         144         122
         147         103         105         125         104         126
         103         147         145         125         146         124
         171         127         129         149         128         150
         127         171         169         149         170         148
         173         129         131         151         130         152
         129         173         171         151         172         150
         175         131         133         153         132         154
         131         175         173         153         174         152
         177         133         135         155         134         156
         133         177         175         155         176         154
         179         135         137         157         136         158
         135         179         177         157         178         156
         181         137         139         159         138         160
         137         181         179         159         180         158
         183         139         141         161         140         162
         139         183         181         161         182         160
         185         141         143         163         142         164
         141         185         183         163         184         162
         187         143         145         165         144         166
         143         187         185         165         186         164
         189         145         147         167         146         168
         145         189         187         167         188         166
         213         169         171         191         170         192
         169         213         211         191         212         190
         215         171         173         193         172         194
         171         215         213         193         214         192
         217         173         175         195         174         196
         173         217         215         195         216         194
         219         175         177         197         176         198
         175         219         217         197         218         196
         221         177         179         199         178         200
         177         221         219         199         220         198
         223         179         181         201         180         202
         179         223         221         201         222         200
         225         181         183         203         182         204
         181         225         223         203         224         202
         227         183         185         205         184         206
         183         227         225         205         226         204
         229         185         187         207         186         208
         185         229         227         207         228         206
         231         187         189         209         188         210
         187         231         229         209         230         208
         255         211         213         233         212         234
         211         255         253         233         254         232
         257         213         215         235         214         236
         213         257         255         235         256         234
         259         215         217         237         216         238
         215         259         257         237         258         236
         261         217         219         239         218         240
         217         261         259         239         260         238
         263         219         221         241         220         242
         219         263         261         241         262         240
         265         221         223         243         222         244
         221         265         263         243         264         242
         267         223         225         245         224         246
         223         267         265         245         266         244
         269         225         227         247         226         248
         225         269         267         247         268         246
         271         227         229         249         228         250
         227         271         269         249         270         248
         273         229         231         251         230         252
         229         273         271         251         272         250
         297         253         255         275         254         276
         253         297         295         275         296         274
         299         255         257         277         256         278
         255         299         297         277         298         276
         301         257         259         279         258         280
         257         301         299         279         300         278
         303         259         261         281         260         282
         259         303         301         281         302         280
         305         261         263         283         262         284
         261         305         303         283         304         282
         307         263         265         285         264         286
         263         307         305         285         306         284
         309         265         267         287         266         288
         265         309         307         287         308         286
         311         267         269         289         268         290
         267         311         309         289         310         288
         313         269         271         291         270         292
         269         313         311         291         312         290
         315         271         273         293         272         294
         271         315         313         293         314         292
         339         295         297         317         296         318
         295         339         337         317         338         316
         341         297         299         319         298         320
         297         341         339         319         340         318
         343         299         301         321         300         322
         299         343         341         321         342         320
         345         301         303         323         302         324
         301         345         343         323         344         322
         347         303         305         325         304         326
         303         347         345         325         346         324
         349         305         307         327         306         328
         305         349         347         327         348         326
         351         307         309         329         308         330
         307         351         349         329         350         328
         353         309         311         331         310         332
         309         353         351         331         352         330
         355         311         313         333         312         334
         311         355         353         333         354         332
         357         313         315         335         314         336
         313         357         355         335         356         334
         381         337         339         359         338         360
         337         381         379         359         380         358
         383         339         341         361         340         362
         339         383         381         361         382         360
         385         341         343         363         342         364
         341         385         383         363         384         362
         387         343         345         365         344         366
         343         387         385         365         386         364
         389         345         347         367         346         368
         345         389         387         367         388         366
         391         347         349         369         348         370
         347         391         389         369         390         368
         393         349         351         371         350         372
         349         393         391         371         392         370
         395         351         353         373         352         374
         351         395         393         373         394         372
         397         353         355         375         354         376
         353         397         395         375         396         374
         399         355         357         377         356         378
         355         399         397         377         398         376
         423         379         381         401         380         402
         379         423         421         401         422         400
         425         381         383         403         382         404
         381         425         423         403         424         402
         427         383         385         405         384         406
         383         427         425         405         426         404
         429         385         387         407         386         408
         385         429         427         407         428         406
         431         387         389         409         388         410
         387         431         429         409         430         408
         433         389         391         411         390         412
         389         433         431         411         432         410
         435         391         393         413         392         414
         391         435         433         413         434         412
         437         393         395         415         394         416
         393         437         435         415         436         414
         439         395         397         417         396         418
         395         439         437         417         438         416
         441         397         399         419         398         420
         397         441         439         419         440         418
