  0.317989     -0.788049    
 -0.182011     -0.121383    
  0.817989      0.545284    
 -0.807011     -0.565827    
  0.192989      0.100840    
 -0.307011      0.767506    
  0.692989     -0.343605    
 -0.557011      0.323062    
 -0.570113E-01 -0.977350    
  0.942989     -0.310683    
  0.367387E-01 -0.755128    
 -0.463261     -0.884609E-01
  0.536739      0.578206    
 -0.713261     -0.532905    
  0.286739      0.133761    
 -0.213261      0.800428    
 -0.838261     -0.236609    
  0.161739      0.430058    
 -0.338261     -0.681053    
  0.661739     -0.143868E-01
 -0.588261      0.652280    
  0.411739     -0.458831    
 -0.882613E-01  0.207835    
  0.992387E-01 -0.162535    
 -0.400761      0.504132    
  0.599239     -0.606979    
 -0.650761      0.596872E-01
  0.349239      0.726354    
 -0.150761     -0.384757    
  0.849239      0.281909    
  0.224239     -0.952658    
 -0.275761     -0.285992    
  0.724239      0.380675    
 -0.525761     -0.730436    
  0.474239     -0.637695E-01
 -0.257613E-01  0.602897    
 -0.978886      0.158453    
  0.211137E-01  0.825119    
  0.521114     -0.211918    
 -0.728886      0.454749    
  0.271114     -0.656362    
 -0.228886      0.103045E-01
 -0.853886     -0.434140    
  0.146114      0.232527    
 -0.353886      0.899193    
 -0.603886     -0.137844    
  0.396114      0.528823    
 -0.103886     -0.582288    
  0.896114      0.843786E-01
  0.836137E-01 -0.360066    
 -0.416386      0.306601    
  0.333614     -0.261300    
 -0.166386      0.405366    
 -0.791386     -0.390782E-01
  0.208614      0.627588    
 -0.291386     -0.483523    
  0.708614      0.183144    
  0.458614     -0.853893    
 -0.413863E-01 -0.187226    
  0.523637E-01  0.349959E-01
 -0.447636      0.701663    
  0.552364     -0.409449    
 -0.697636      0.257218    
  0.302364      0.923885    
 -0.197636     -0.779819    
  0.802364     -0.113152    
 -0.822636      0.553514    
  0.177364     -0.557597    
 -0.322636      0.109070    
 -0.572636     -0.335374    
  0.427364      0.331292    
 -0.885136     -0.331717    
  0.114864      0.334950    
 -0.385136     -0.776161    
  0.614864     -0.109494    
 -0.635136      0.557172    
  0.364864     -0.553939    
 -0.135136      0.112728    
  0.239864     -0.257642    
 -0.260136      0.409024    
 -0.510136     -0.354202E-01
  0.489864      0.631246    
 -0.101363E-01 -0.479865    
  0.133012E-01 -0.850235    
 -0.486699     -0.183568    
  0.513301      0.483098    
 -0.736699     -0.628013    
  0.263301      0.386539E-01
 -0.236699      0.705321    
  0.763301     -0.405791    
 -0.861699      0.260876    
  0.138301      0.927543    
  0.638301     -0.307025    
 -0.611699      0.359642    
  0.388301     -0.751470    
 -0.111699     -0.848029E-01
  0.758012E-01  0.137419    
 -0.424199      0.804086    
 -0.674199     -0.232951    
  0.325801      0.433716    
 -0.174199     -0.677396    
  0.825801     -0.107288E-01
  0.200801     -0.455173    
 -0.299199      0.211493    
 -0.549199     -0.825544    
  0.450801     -0.158877    
 -0.491988E-01  0.507790    
 -0.955449      0.633452E-01
  0.445512E-01  0.730012    
 -0.455449     -0.381099    
  0.544551      0.285567    
  0.294551     -0.949000    
 -0.205449     -0.282334    
  0.794551      0.384333    
  0.169551     -0.601116E-01
 -0.330449      0.606555    
  0.669551     -0.504556    
 -0.580449      0.162111    
  0.419551      0.828777    
 -0.804488E-01 -0.874926    
  0.919551     -0.208260    
  0.107051     -0.652704    
 -0.392949      0.139625E-01
  0.607051      0.680629    
 -0.642949     -0.430482    
  0.357051      0.236185    
 -0.142949      0.902851    
 -0.767949     -0.134186    
  0.232051      0.532481    
 -0.267949     -0.578630    
  0.732051      0.880366E-01
 -0.517949      0.754703    
  0.482051     -0.356408    
 -0.179488E-01  0.310259    
  0.289262E-01 -0.323486    
 -0.471074      0.343181    
  0.528926     -0.767930    
 -0.721074     -0.101264    
  0.278926      0.565403    
 -0.221074     -0.545708    
  0.778926      0.120958    
  0.153926     -0.916079    
 -0.346074     -0.249412    
  0.653926      0.417255    
 -0.596074     -0.693856    
  0.403926     -0.271898E-01
 -0.960738E-01  0.639477    
 -0.908574      0.195032    
  0.914262E-01  0.861699    
 -0.408574     -0.842005    
  0.591426     -0.175338    
 -0.658574      0.491329    
  0.341426     -0.619782    
 -0.158574      0.468843E-01
 -0.783574     -0.397560    
  0.216426      0.269107    
 -0.283574      0.935773    
 -0.533574     -0.298795    
  0.466426      0.367872    
 -0.335738E-01 -0.743239    
  0.966426     -0.765725E-01
  0.601762E-01 -0.521017    
 -0.439824      0.145650    
  0.560176      0.812316    
  0.310176     -0.224721    
 -0.189824      0.441946    
 -0.814824     -0.249839E-02
  0.185176      0.664168    
 -0.314824     -0.446943    
  0.685176      0.219724    
  0.435176     -0.817313    
 -0.648238E-01 -0.150647    
  0.122676      0.715757E-01
 -0.377324      0.738242    
  0.622676     -0.372869    
 -0.627324      0.293798    
 -0.127324     -0.940770    
  0.872676     -0.274103    
 -0.752324      0.392563    
  0.247676     -0.718548    
 -0.252324     -0.518811E-01
  0.747676      0.614786    
 -0.502324     -0.496326    
  0.497676      0.170341    
 -0.232376E-02  0.837008    
  0.353561E-02  0.466637    
 -0.496464     -0.644474    
  0.503536      0.221930E-01
  0.253536     -0.422251    
 -0.246464      0.244415    
  0.128536     -0.125955    
 -0.371464      0.540711    
  0.628536     -0.570400    
 -0.621464      0.962670E-01
  0.378536      0.762934    
 -0.121464     -0.348177    
  0.878536      0.318489    
  0.660356E-01 -0.981922    
 -0.433964     -0.315256    
  0.566036      0.351411    
  0.316036     -0.930334E-01
 -0.183964      0.573633    
  0.816036     -0.537478    
 -0.808964      0.129189    
  0.191036      0.795856    
 -0.308964     -0.907848    
  0.691036     -0.241182    
 -0.558964      0.425485    
  0.441036     -0.685626    
 -0.589644E-01 -0.189593E-01
  0.347856E-01  0.203263    
 -0.465214      0.869930    
  0.534786     -0.833774    
 -0.715214     -0.167107    
  0.284786      0.499559    
 -0.215214     -0.611552    
  0.784786      0.551148E-01
  0.159786     -0.389330    
 -0.340214      0.277337    
  0.409786     -0.290564    
 -0.902144E-01  0.376102    
 -0.902714     -0.683420E-01
  0.972856E-01  0.598325    
 -0.402714     -0.512786    
  0.597286      0.153880    
  0.347286     -0.883157    
 -0.152714     -0.216490    
  0.847286      0.450177    
  0.222286      0.573206E-02
 -0.277714      0.672399    
  0.722286     -0.438712    
 -0.527714      0.227954    
 -0.277144E-01 -0.809083    
  0.972286     -0.142416    
  0.191606E-01 -0.586861    
 -0.480839      0.798061E-01
  0.519161      0.746473    
 -0.730839     -0.364638    
  0.269161      0.302028    
 -0.230839      0.968695    
 -0.855839     -0.265873    
  0.144161      0.400794    
 -0.355839     -0.710317    
  0.644161     -0.436507E-01
 -0.605839      0.623016    
  0.394161     -0.488095    
 -0.105839      0.178572    
  0.816606E-01 -0.191799    
 -0.418339      0.474868    
  0.581661     -0.636243    
 -0.668339      0.304234E-01
  0.331661      0.697090    
 -0.168339     -0.414021    
  0.831661      0.252646    
  0.206661     -0.784391    
 -0.293339     -0.117725    
  0.706661      0.548942    
 -0.543339     -0.562169    
  0.456661      0.104497    
 -0.433394E-01  0.771164    
  0.504106E-01  0.993386    
  0.550411     -0.328973    
 -0.699589      0.337694    
  0.300411     -0.773417    
 -0.199589     -0.106751    
  0.800411      0.559916    
 -0.824589     -0.551195    
  0.175411      0.115471    
 -0.324589      0.782138    
 -0.574589     -0.254899    
  0.425411      0.411768    
 -0.745894E-01 -0.699343    
  0.925411     -0.326767E-01
  0.112911     -0.477121    
 -0.387089      0.189546    
  0.362911     -0.180825    
 -0.137089      0.485842    
 -0.762089      0.413974E-01
  0.237911      0.708064    
 -0.262089     -0.403047    
  0.737911      0.263620    
 -0.120894E-01 -0.304282    
  0.113481E-01 -0.820594E-01
 -0.488652      0.584607    
  0.511348     -0.526504    
 -0.738652      0.140163    
  0.261348      0.806829    
 -0.238652     -0.896874    
  0.761348     -0.230208    
 -0.863652      0.436459    
  0.136348     -0.674652    
 -0.363652     -0.798536E-02
  0.636348      0.658681    
 -0.613652     -0.452430    
  0.386348      0.214237    
 -0.113652      0.880904    
 -0.926152     -0.156134    
  0.738481E-01  0.510533    
 -0.426152     -0.600578    
  0.573848      0.660887E-01
 -0.676152      0.732755    
  0.323848     -0.378356    
 -0.176152      0.288311    
  0.198848     -0.279590    
 -0.301152      0.387076    
 -0.551152     -0.573681E-01
  0.448848      0.609299    
 -0.511519E-01 -0.501813    
  0.948848      0.164854    
  0.425981E-01 -0.872183    
 -0.457402     -0.205516    
  0.542598      0.461150    
 -0.707402     -0.649961    
  0.292598      0.167060E-01
 -0.207402      0.683373    
  0.792598     -0.427738    
 -0.832402      0.238928    
  0.167598      0.905595    
 -0.332402     -0.798109    
  0.667598     -0.131442    
 -0.582402      0.535225    
  0.417598     -0.575887    
 -0.824019E-01  0.907801E-01
 -0.894902     -0.353664    
  0.105098      0.313002    
 -0.644902     -0.320743    
  0.355098      0.345924    
 -0.144902     -0.765187    
  0.855098     -0.985203E-01
 -0.769902      0.568146    
  0.230098     -0.542965    
 -0.269902      0.123702    
  0.480098     -0.246668    
 -0.199019E-01  0.419998    
 -0.973027     -0.244463E-01
  0.269731E-01  0.642220    
 -0.473027     -0.468891    
  0.526973      0.197776    
  0.276973     -0.839261    
 -0.223027     -0.172594    
  0.776973      0.494072    
  0.151973      0.496278E-01
 -0.348027      0.716294    
  0.651973     -0.394817    
 -0.598027      0.271850    
 -0.980269E-01 -0.962718    
  0.901973     -0.296051    
 -0.910527      0.370615    
  0.894731E-01 -0.740496    
 -0.410527     -0.738290E-01
  0.589473      0.592838    
 -0.660527     -0.518273    
  0.339473      0.148393    
 -0.160527      0.815060    
 -0.785527     -0.221977    
  0.214473      0.444690    
 -0.285527     -0.666422    
  0.714473      0.245090E-03
 -0.535527      0.666912    
  0.464473     -0.444199    
 -0.355269E-01  0.222467    
  0.582231E-01 -0.147903    
 -0.441777      0.518764    
  0.558223     -0.592348    
 -0.691777      0.743192E-01
  0.308223      0.740986    
 -0.191777     -0.370125    
  0.808223      0.296541    
  0.183223     -0.938027    
 -0.316777     -0.271360    
  0.683223      0.395307    
 -0.566777     -0.715804    
  0.433223     -0.491376E-01
 -0.667769E-01  0.617529    
 -0.879277      0.173085    
  0.120723      0.839751    
 -0.379277     -0.863952    
  0.620723     -0.197286    
 -0.629277      0.469381    
  0.370723     -0.641730    
 -0.129277      0.249364E-01
 -0.754277     -0.419508    
  0.245723      0.247159    
 -0.254277      0.913825    
 -0.504277     -0.123212    
  0.495723      0.543455    
 -0.427689E-02 -0.567656    
  0.744186E-02 -0.345434    
 -0.492558      0.321233    
  0.257442     -0.312512    
 -0.242558      0.354155    
 -0.867558     -0.902899E-01
  0.132442      0.576377    
 -0.367558     -0.534734    
  0.632442      0.131932    
  0.382442     -0.905105    
 -0.117558     -0.238438    
  0.882442      0.428229    
  0.699419E-01 -0.162158E-01
 -0.430058      0.650451    
