# uniform_02_01000_weight_e.txt
# created by VORONOI_WEIGHT_WRITE
# at August 15 2003   9:28:59.909 AM
#
#  Spatial dimension M =   2
#  Number of points N =   1000
#  EPSILON (unit roundoff) =   0.119209E-06
#
#  Initial SEED =    123456789
#
#  The generator points were read from the file: "/home/r1/src-samples/datasets/uniform/uniform_02_01000.txt".
#  Sampling by HALTON.
#  Number of sample points =      1000000
#
  0.001343
  0.000407
  0.000757
  0.001772
  0.000346
  0.001085
  0.003212
  0.000296
  0.001038
  0.000669
  0.001086
  0.000892
  0.000259
  0.000631
  0.000733
  0.000402
  0.000489
  0.001338
  0.002174
  0.000992
  0.001004
  0.000426
  0.000741
  0.000900
  0.000793
  0.000384
  0.000829
  0.001365
  0.001222
  0.000927
  0.001079
  0.000572
  0.000410
  0.000286
  0.000431
  0.001294
  0.001408
  0.001480
  0.000095
  0.001413
  0.000609
  0.001357
  0.001997
  0.000628
  0.000530
  0.001225
  0.001872
  0.001051
  0.000423
  0.001024
  0.000602
  0.000788
  0.000947
  0.000797
  0.000433
  0.000835
  0.001461
  0.001813
  0.000511
  0.000819
  0.000560
  0.000542
  0.001533
  0.001888
  0.000439
  0.001027
  0.001702
  0.000355
  0.000774
  0.000860
  0.000504
  0.000653
  0.000460
  0.000998
  0.000806
  0.000723
  0.000958
  0.000477
  0.001256
  0.000802
  0.002083
  0.001162
  0.000237
  0.001191
  0.000163
  0.000565
  0.000719
  0.000863
  0.001617
  0.000777
  0.000946
  0.000895
  0.000632
  0.001599
  0.001259
  0.000671
  0.000644
  0.000638
  0.002040
  0.000779
  0.001720
  0.000822
  0.000668
  0.000874
  0.000586
  0.000880
  0.000965
  0.000364
  0.000710
  0.001243
  0.001245
  0.000474
  0.000875
  0.000836
  0.000517
  0.000530
  0.001342
  0.001516
  0.000852
  0.000948
  0.000500
  0.000751
  0.000887
  0.001318
  0.001014
  0.000814
  0.000773
  0.000755
  0.001017
  0.001174
  0.000974
  0.001042
  0.000851
  0.002555
  0.001387
  0.000575
  0.000910
  0.000554
  0.001356
  0.000934
  0.000755
  0.000941
  0.000468
  0.001127
  0.000337
  0.000585
  0.001751
  0.001256
  0.000425
  0.001392
  0.003103
  0.001034
  0.000237
  0.000985
  0.000643
  0.000688
  0.002074
  0.001428
  0.001615
  0.001752
  0.000732
  0.000108
  0.000478
  0.000709
  0.000729
  0.000711
  0.001490
  0.000773
  0.001122
  0.000921
  0.000456
  0.000432
  0.000735
  0.000683
  0.000651
  0.000762
  0.001337
  0.001172
  0.000572
  0.000886
  0.001176
  0.000051
  0.000725
  0.000688
  0.001125
  0.001033
  0.002127
  0.000836
  0.000604
  0.000261
  0.000847
  0.000210
  0.000251
  0.001000
  0.000668
  0.001032
  0.001585
  0.000337
  0.000745
  0.000314
  0.001554
  0.000581
  0.002178
  0.000540
  0.000355
  0.001225
  0.000826
  0.000831
  0.000588
  0.002211
  0.001569
  0.001150
  0.000331
  0.001520
  0.000884
  0.001106
  0.001727
  0.000164
  0.000261
  0.001673
  0.002317
  0.000839
  0.001773
  0.001365
  0.000950
  0.001661
  0.001323
  0.000895
  0.001008
  0.001421
  0.001515
  0.001342
  0.000855
  0.000977
  0.000706
  0.000266
  0.001027
  0.001742
  0.003243
  0.001792
  0.002322
  0.000329
  0.000742
  0.001441
  0.000870
  0.001134
  0.001354
  0.000900
  0.000903
  0.000487
  0.000550
  0.000224
  0.002301
  0.001211
  0.002642
  0.001687
  0.001740
  0.000398
  0.000813
  0.000720
  0.000156
  0.000512
  0.000875
  0.001325
  0.001212
  0.001241
  0.000839
  0.001113
  0.001233
  0.001133
  0.000500
  0.001648
  0.000911
  0.000227
  0.000978
  0.001976
  0.000520
  0.002922
  0.000320
  0.000832
  0.001023
  0.000733
  0.000508
  0.000845
  0.002443
  0.002185
  0.000403
  0.000884
  0.000646
  0.001115
  0.000797
  0.001175
  0.000546
  0.000485
  0.000162
  0.001679
  0.000516
  0.000679
  0.001417
  0.001178
  0.001564
  0.000586
  0.000596
  0.001108
  0.001669
  0.000863
  0.000687
  0.001778
  0.001250
  0.001977
  0.000792
  0.000597
  0.000416
  0.001036
  0.001037
  0.000740
  0.000976
  0.001203
  0.001017
  0.000856
  0.000443
  0.001964
  0.001889
  0.000738
  0.000243
  0.000435
  0.001208
  0.001388
  0.000357
  0.000748
  0.000887
  0.000386
  0.000544
  0.002566
  0.001546
  0.001647
  0.000754
  0.001977
  0.000284
  0.000773
  0.000848
  0.000401
  0.000863
  0.000974
  0.000838
  0.000671
  0.001043
  0.001460
  0.000780
  0.001099
  0.000891
  0.001421
  0.001051
  0.000379
  0.000507
  0.000625
  0.001611
  0.000896
  0.000420
  0.001532
  0.001078
  0.000994
  0.000916
  0.001403
  0.000926
  0.000872
  0.000094
  0.000561
  0.002086
  0.000823
  0.000128
  0.000167
  0.000815
  0.000708
  0.000507
  0.001105
  0.001430
  0.000554
  0.000631
  0.001127
  0.000706
  0.001762
  0.000624
  0.000609
  0.001074
  0.001078
  0.000587
  0.001095
  0.000819
  0.001075
  0.000558
  0.000382
  0.000466
  0.000337
  0.000395
  0.001679
  0.000711
  0.000468
  0.000421
  0.000537
  0.000440
  0.001687
  0.000527
  0.001162
  0.000578
  0.000802
  0.001011
  0.000237
  0.002222
  0.000422
  0.001913
  0.001257
  0.000796
  0.000852
  0.000452
  0.001132
  0.001017
  0.002547
  0.000730
  0.000203
  0.001120
  0.001121
  0.000583
  0.001343
  0.000786
  0.001670
  0.000805
  0.000547
  0.000759
  0.000986
  0.001014
  0.002544
  0.000364
  0.000326
  0.001676
  0.001432
  0.001552
  0.001157
  0.000715
  0.001128
  0.000516
  0.001324
  0.001883
  0.001069
  0.000389
  0.001478
  0.001333
  0.000826
  0.000880
  0.000623
  0.000915
  0.000579
  0.000768
  0.001950
  0.001653
  0.001717
  0.000594
  0.000596
  0.001214
  0.000400
  0.000419
  0.000823
  0.000272
  0.000844
  0.001481
  0.002165
  0.001571
  0.000916
  0.000188
  0.000858
  0.000964
  0.000731
  0.001856
  0.002083
  0.000791
  0.000270
  0.000624
  0.001058
  0.001369
  0.000950
  0.000802
  0.003236
  0.001392
  0.003497
  0.001154
  0.001054
  0.000905
  0.000730
  0.000309
  0.000821
  0.001474
  0.000396
  0.001541
  0.000521
  0.000242
  0.000598
  0.000527
  0.001078
  0.002730
  0.000328
  0.001386
  0.000324
  0.000352
  0.001404
  0.000655
  0.000318
  0.001060
  0.000945
  0.000367
  0.001289
  0.000908
  0.001048
  0.001197
  0.001697
  0.001191
  0.000502
  0.000970
  0.001369
  0.001556
  0.000896
  0.001506
  0.001228
  0.001308
  0.002101
  0.001441
  0.000224
  0.001521
  0.000353
  0.001124
  0.000665
  0.000822
  0.000727
  0.001535
  0.000974
  0.002268
  0.000944
  0.001694
  0.001944
  0.001677
  0.000678
  0.000519
  0.000580
  0.001257
  0.000426
  0.001056
  0.001508
  0.000377
  0.000144
  0.000327
  0.001225
  0.001683
  0.000981
  0.000333
  0.001345
  0.001315
  0.000397
  0.000334
  0.000943
  0.000266
  0.001556
  0.001820
  0.000850
  0.001131
  0.001118
  0.000457
  0.000482
  0.001074
  0.000713
  0.001526
  0.000893
  0.001243
  0.000910
  0.001249
  0.000316
  0.002382
  0.000898
  0.002912
  0.000560
  0.000502
  0.002196
  0.000812
  0.000719
  0.000570
  0.001174
  0.000790
  0.000708
  0.001094
  0.001854
  0.001254
  0.000892
  0.001503
  0.001089
  0.001164
  0.001072
  0.001012
  0.000233
  0.000460
  0.000598
  0.001273
  0.000789
  0.000326
  0.001419
  0.001325
  0.002746
  0.000338
  0.000670
  0.000701
  0.000963
  0.000271
  0.001238
  0.000614
  0.000318
  0.001432
  0.001000
  0.001024
  0.001433
  0.002016
  0.001551
  0.000685
  0.000652
  0.000706
  0.001112
  0.000997
  0.000675
  0.000993
  0.001265
  0.002223
  0.001991
  0.000867
  0.001674
  0.001283
  0.000675
  0.000774
  0.001117
  0.000427
  0.000563
  0.000277
  0.000737
  0.000887
  0.000786
  0.000371
  0.000976
  0.001079
  0.000857
  0.000430
  0.001021
  0.000813
  0.000487
  0.001096
  0.000733
  0.000713
  0.001070
  0.000864
  0.001469
  0.000851
  0.001160
  0.000970
  0.000541
  0.001853
  0.000742
  0.000546
  0.000343
  0.001378
  0.000815
  0.000358
  0.000521
  0.001202
  0.001308
  0.000441
  0.001557
  0.000899
  0.000837
  0.000530
  0.000636
  0.000912
  0.000185
  0.001218
  0.000554
  0.001314
  0.001383
  0.002078
  0.000822
  0.001052
  0.000407
  0.000869
  0.001087
  0.000490
  0.000571
  0.000691
  0.002111
  0.000615
  0.001846
  0.001816
  0.000491
  0.000823
  0.002131
  0.000897
  0.001026
  0.000317
  0.001167
  0.000823
  0.001003
  0.000104
  0.000763
  0.001657
  0.001204
  0.000907
  0.000664
  0.001043
  0.001126
  0.000517
  0.000320
  0.000397
  0.001532
  0.001043
  0.001252
  0.000897
  0.001642
  0.001016
  0.000694
  0.001215
  0.000526
  0.001061
  0.002080
  0.000800
  0.001246
  0.000387
  0.001059
  0.000190
  0.000489
  0.000610
  0.000273
  0.002779
  0.000364
  0.000397
  0.001249
  0.000518
  0.001579
  0.001297
  0.001607
  0.000795
  0.000678
  0.000780
  0.000859
  0.000843
  0.000712
  0.000461
  0.000462
  0.001373
  0.000870
  0.001227
  0.001003
  0.002264
  0.001336
  0.000418
  0.001336
  0.000964
  0.001364
  0.000918
  0.001846
  0.001413
  0.000794
  0.001074
  0.000823
  0.001111
  0.001207
  0.001063
  0.000806
  0.000498
  0.000900
  0.000602
  0.000650
  0.000766
  0.001733
  0.000598
  0.000174
  0.000551
  0.001129
  0.000291
  0.000387
  0.001383
  0.001157
  0.000357
  0.000546
  0.001109
  0.000342
  0.000728
  0.000765
  0.000522
  0.000784
  0.000752
  0.000487
  0.000777
  0.000158
  0.001428
  0.000364
  0.001620
  0.001043
  0.000396
  0.000910
  0.000392
  0.000346
  0.001008
  0.000701
  0.000086
  0.002537
  0.000705
  0.000900
  0.000997
  0.001564
  0.000920
  0.000513
  0.001074
  0.000664
  0.001437
  0.002134
  0.000524
  0.001567
  0.000447
  0.001299
  0.000270
  0.000486
  0.002044
  0.001089
  0.000469
  0.000899
  0.000844
  0.000456
  0.000986
  0.001137
  0.000910
  0.002008
  0.001155
  0.000945
  0.000726
  0.000559
  0.000882
  0.001033
  0.000576
  0.000649
  0.001487
  0.001307
  0.001293
  0.000593
  0.000998
  0.000271
  0.000584
  0.001066
  0.000592
  0.000715
  0.000520
  0.000936
  0.001689
  0.001286
  0.001201
  0.000648
  0.001108
  0.000117
  0.000504
  0.001444
  0.000482
  0.001388
  0.000958
  0.000859
  0.000429
  0.000556
  0.000976
  0.000995
  0.002215
  0.000542
  0.001263
  0.000172
  0.001486
  0.000504
  0.001372
  0.001064
  0.000648
  0.001277
  0.001245
  0.001616
  0.001191
  0.000801
  0.000224
  0.003983
  0.000434
  0.000283
  0.000997
  0.001392
  0.000609
  0.000593
  0.001056
  0.000549
  0.000820
  0.000494
  0.001618
  0.001121
  0.000665
  0.000903
  0.000863
  0.000516
  0.000725
  0.002407
  0.000676
  0.000469
  0.000957
  0.001768
  0.002517
  0.001136
  0.001207
  0.001182
  0.000517
  0.000949
  0.002680
  0.002062
  0.000421
  0.000136
  0.001186
  0.002395
  0.001571
  0.000684
  0.001710
  0.000861
  0.000494
  0.001339
  0.002303
  0.001459
  0.000572
  0.000929
  0.000432
  0.000312
  0.001128
  0.000979
  0.000708
  0.001427
  0.000833
  0.000807
  0.001492
  0.000373
  0.001069
  0.001172
  0.001008
  0.000520
  0.001404
  0.000266
  0.003226
  0.000821
  0.000501
  0.000962
  0.001023
  0.001150
  0.001174
  0.000115
  0.001575
  0.001971
  0.000871
  0.000912
  0.000550
  0.000866
  0.001484
  0.001875
  0.001964
  0.001232
  0.001343
  0.000315
  0.000642
  0.002566
  0.001001
  0.001354
  0.002853
  0.001133
  0.001152
  0.001906
  0.001030
  0.000878
  0.001245
  0.001324
  0.000776
  0.000990
  0.001316
  0.002767
  0.001552
  0.001420
  0.001251
  0.000704
  0.000124
  0.000305
  0.001202
  0.002893
  0.001717
  0.001444
  0.001862
  0.000383
  0.001137
  0.000862
  0.000883
  0.000649
  0.001465
  0.000920
  0.000772
  0.001473
