# uniform_07_01000_weight_g.txt
# created by VORONOI_WEIGHT_WRITE
# at August 15 2003  12:31:54.267 PM
#
#  Spatial dimension M =   7
#  Number of points N =   1000
#  EPSILON (unit roundoff) =   0.119209E-06
#
#  Initial SEED =    123456789
#
#  The generator points were read from the file: "/home/r1/src-samples/datasets/uniform/uniform_07_01000.txt".
#  Sampling by UNIFORM.
#  Number of sample points =    100000000
#
  0.000619
  0.000508
  0.000483
  0.000603
  0.001191
  0.001677
  0.001575
  0.001210
  0.000583
  0.000526
  0.001379
  0.001928
  0.000658
  0.000673
  0.000982
  0.001560
  0.000910
  0.000658
  0.000478
  0.000912
  0.001502
  0.000552
  0.000907
  0.001039
  0.001006
  0.001169
  0.001060
  0.001008
  0.001329
  0.001542
  0.000677
  0.000760
  0.000912
  0.000982
  0.000414
  0.000635
  0.001149
  0.000987
  0.001252
  0.000858
  0.000607
  0.000693
  0.000517
  0.000486
  0.001563
  0.000665
  0.000976
  0.000949
  0.000575
  0.000400
  0.000556
  0.000758
  0.000645
  0.000835
  0.001372
  0.000568
  0.002080
  0.000679
  0.001126
  0.000355
  0.001966
  0.001301
  0.000579
  0.001430
  0.000669
  0.001237
  0.000706
  0.000592
  0.000733
  0.000639
  0.001129
  0.000955
  0.001051
  0.001751
  0.001187
  0.001168
  0.000836
  0.000921
  0.001503
  0.001025
  0.001717
  0.001604
  0.001005
  0.000781
  0.001252
  0.001346
  0.001894
  0.001272
  0.001102
  0.000692
  0.000601
  0.001660
  0.001529
  0.001817
  0.000385
  0.000952
  0.000920
  0.000523
  0.000802
  0.001283
  0.001191
  0.000813
  0.000878
  0.000544
  0.000821
  0.000734
  0.001111
  0.000714
  0.000427
  0.000543
  0.001731
  0.000518
  0.000588
  0.000776
  0.000958
  0.000850
  0.001438
  0.000681
  0.001620
  0.000748
  0.000734
  0.001213
  0.001636
  0.000683
  0.000552
  0.001897
  0.001303
  0.000332
  0.000785
  0.002165
  0.000301
  0.001364
  0.001038
  0.000757
  0.001035
  0.001540
  0.001220
  0.000869
  0.000869
  0.000511
  0.000338
  0.000908
  0.000271
  0.001325
  0.000639
  0.000726
  0.001167
  0.000218
  0.000730
  0.001391
  0.000213
  0.001057
  0.001426
  0.000972
  0.001307
  0.002075
  0.000348
  0.000804
  0.001467
  0.000978
  0.000664
  0.001018
  0.001160
  0.001126
  0.001120
  0.001020
  0.000757
  0.000942
  0.000766
  0.001155
  0.000502
  0.001018
  0.001319
  0.001232
  0.000344
  0.000984
  0.000863
  0.000995
  0.001179
  0.001335
  0.000650
  0.001885
  0.001515
  0.000978
  0.001143
  0.000861
  0.000973
  0.000438
  0.000828
  0.001313
  0.001326
  0.000711
  0.000837
  0.001163
  0.000772
  0.001656
  0.001446
  0.000619
  0.000575
  0.001055
  0.000583
  0.001394
  0.000551
  0.001003
  0.000438
  0.000980
  0.001881
  0.000909
  0.001539
  0.000548
  0.001345
  0.001060
  0.000818
  0.000699
  0.001043
  0.000847
  0.001007
  0.000592
  0.000807
  0.000716
  0.001115
  0.001024
  0.001488
  0.000736
  0.000926
  0.001660
  0.000513
  0.001283
  0.001586
  0.000599
  0.000680
  0.001361
  0.000893
  0.001733
  0.000512
  0.001421
  0.000800
  0.001079
  0.001251
  0.002059
  0.001115
  0.000660
  0.001053
  0.001695
  0.000870
  0.000695
  0.000810
  0.000379
  0.000487
  0.001049
  0.000573
  0.001245
  0.001436
  0.001142
  0.001518
  0.000924
  0.000608
  0.001503
  0.001454
  0.000728
  0.001103
  0.000969
  0.001154
  0.000800
  0.001214
  0.000859
  0.001256
  0.001027
  0.001177
  0.000604
  0.000541
  0.000578
  0.001320
  0.001261
  0.001113
  0.000650
  0.000622
  0.000626
  0.000882
  0.001103
  0.001047
  0.000975
  0.000980
  0.000633
  0.001234
  0.000368
  0.001157
  0.000821
  0.000852
  0.000844
  0.000720
  0.000418
  0.001149
  0.001013
  0.000695
  0.000893
  0.000635
  0.000961
  0.000757
  0.001262
  0.000298
  0.000262
  0.000773
  0.000808
  0.001005
  0.000637
  0.000984
  0.000626
  0.001409
  0.001778
  0.000970
  0.000698
  0.000580
  0.000847
  0.000936
  0.001038
  0.000704
  0.000824
  0.000435
  0.001313
  0.001122
  0.000539
  0.000951
  0.000857
  0.000854
  0.001100
  0.001533
  0.000514
  0.001692
  0.001864
  0.001111
  0.000424
  0.000958
  0.000772
  0.001276
  0.000733
  0.001688
  0.000765
  0.000937
  0.001264
  0.001180
  0.000807
  0.000802
  0.001389
  0.000711
  0.000945
  0.000713
  0.001373
  0.001272
  0.001030
  0.000460
  0.001693
  0.000675
  0.000993
  0.001284
  0.000444
  0.000989
  0.000602
  0.000815
  0.000649
  0.001680
  0.001240
  0.000491
  0.000647
  0.000755
  0.000529
  0.001532
  0.001173
  0.001330
  0.000201
  0.001297
  0.000915
  0.000846
  0.001239
  0.001110
  0.001307
  0.000577
  0.000833
  0.001346
  0.001104
  0.001070
  0.001293
  0.000537
  0.001949
  0.000894
  0.001156
  0.001435
  0.000772
  0.000769
  0.000794
  0.001557
  0.000698
  0.000893
  0.001498
  0.001828
  0.001306
  0.000971
  0.000932
  0.001804
  0.000748
  0.000422
  0.001458
  0.001399
  0.001188
  0.000453
  0.001210
  0.001075
  0.001261
  0.000892
  0.000732
  0.001316
  0.000741
  0.001819
  0.001425
  0.001799
  0.000689
  0.000815
  0.000269
  0.001362
  0.000721
  0.000396
  0.001109
  0.000921
  0.000608
  0.001240
  0.001037
  0.000539
  0.000581
  0.000971
  0.000487
  0.000668
  0.001115
  0.000546
  0.000566
  0.000706
  0.001285
  0.001252
  0.001019
  0.000728
  0.000990
  0.001115
  0.000756
  0.001269
  0.001472
  0.001413
  0.001195
  0.001660
  0.001554
  0.001035
  0.000664
  0.000897
  0.000592
  0.001149
  0.001699
  0.000734
  0.001187
  0.000777
  0.001031
  0.000585
  0.000676
  0.001931
  0.000499
  0.000865
  0.000674
  0.000948
  0.001226
  0.000850
  0.000942
  0.000758
  0.000821
  0.001639
  0.001860
  0.001525
  0.000833
  0.001345
  0.001109
  0.000719
  0.000922
  0.001006
  0.000769
  0.001134
  0.001050
  0.000864
  0.000978
  0.000144
  0.000866
  0.001223
  0.001149
  0.000905
  0.001328
  0.000981
  0.000924
  0.001049
  0.001163
  0.000711
  0.001350
  0.001168
  0.000690
  0.000591
  0.000953
  0.000421
  0.001178
  0.001189
  0.000723
  0.001084
  0.000646
  0.000665
  0.001246
  0.001289
  0.000445
  0.000447
  0.000990
  0.001681
  0.001247
  0.001278
  0.000564
  0.001626
  0.000646
  0.001114
  0.000546
  0.000979
  0.002014
  0.001116
  0.001069
  0.000607
  0.001119
  0.001052
  0.000738
  0.000866
  0.001317
  0.000520
  0.000756
  0.000404
  0.001203
  0.000668
  0.001644
  0.001273
  0.001979
  0.001594
  0.000541
  0.001031
  0.001085
  0.001087
  0.001120
  0.000622
  0.000460
  0.000386
  0.001384
  0.000656
  0.000533
  0.000691
  0.000656
  0.001261
  0.000488
  0.000825
  0.000668
  0.001277
  0.001220
  0.001240
  0.000904
  0.000565
  0.001149
  0.001040
  0.000944
  0.001231
  0.001099
  0.001436
  0.000912
  0.001406
  0.001698
  0.001087
  0.000501
  0.001081
  0.000218
  0.000861
  0.000857
  0.000702
  0.001321
  0.000980
  0.001531
  0.000832
  0.000704
  0.001188
  0.000418
  0.000883
  0.001416
  0.000994
  0.000980
  0.000934
  0.001108
  0.001366
  0.001236
  0.001499
  0.000636
  0.000626
  0.001159
  0.001761
  0.001186
  0.001055
  0.000529
  0.001198
  0.001383
  0.000897
  0.003086
  0.001331
  0.001119
  0.000600
  0.001092
  0.001193
  0.000539
  0.000893
  0.001063
  0.000846
  0.001466
  0.000627
  0.001060
  0.000831
  0.000165
  0.001046
  0.001700
  0.000781
  0.001214
  0.001084
  0.001037
  0.000976
  0.001119
  0.001188
  0.000461
  0.001061
  0.000626
  0.001545
  0.001255
  0.001179
  0.001013
  0.001538
  0.001124
  0.000605
  0.000868
  0.000726
  0.000615
  0.001284
  0.000610
  0.001534
  0.000811
  0.001120
  0.000643
  0.000866
  0.000877
  0.000594
  0.000778
  0.001081
  0.001252
  0.000716
  0.000840
  0.001218
  0.000968
  0.001539
  0.000829
  0.000604
  0.000737
  0.000791
  0.001638
  0.000921
  0.000795
  0.001291
  0.000770
  0.001971
  0.000716
  0.001039
  0.001249
  0.000979
  0.001273
  0.000798
  0.001504
  0.001029
  0.001330
  0.000296
  0.001138
  0.001402
  0.001214
  0.001499
  0.001126
  0.001087
  0.002165
  0.000857
  0.000943
  0.001143
  0.000643
  0.000994
  0.000972
  0.000664
  0.000894
  0.001131
  0.000910
  0.001263
  0.001625
  0.001341
  0.001715
  0.001096
  0.000890
  0.001877
  0.000746
  0.001214
  0.001099
  0.000630
  0.000579
  0.000791
  0.001253
  0.000359
  0.000690
  0.001121
  0.001246
  0.001136
  0.000694
  0.001632
  0.001579
  0.002355
  0.001047
  0.000782
  0.000538
  0.000657
  0.001300
  0.000630
  0.000561
  0.000796
  0.000684
  0.001477
  0.000677
  0.000330
  0.001042
  0.001533
  0.000548
  0.001058
  0.000882
  0.001038
  0.000732
  0.000863
  0.000750
  0.000784
  0.001276
  0.000920
  0.000499
  0.001127
  0.001198
  0.001022
  0.000861
  0.001122
  0.000677
  0.000772
  0.001544
  0.000668
  0.000757
  0.000991
  0.000882
  0.000591
  0.000782
  0.000946
  0.000872
  0.001041
  0.000969
  0.001486
  0.001175
  0.001505
  0.000641
  0.001189
  0.001309
  0.002342
  0.000573
  0.001251
  0.000605
  0.000398
  0.000805
  0.000669
  0.001105
  0.000436
  0.000766
  0.001717
  0.001251
  0.000601
  0.000680
  0.001071
  0.001041
  0.000183
  0.000887
  0.001072
  0.000738
  0.000962
  0.001079
  0.001103
  0.000700
  0.000575
  0.001341
  0.001650
  0.002059
  0.001420
  0.000513
  0.000783
  0.000973
  0.000462
  0.000783
  0.001758
  0.000773
  0.001248
  0.001282
  0.000724
  0.001200
  0.001045
  0.001047
  0.000584
  0.000689
  0.000403
  0.000094
  0.001521
  0.001708
  0.000537
  0.001223
  0.000832
  0.001647
  0.000781
  0.000441
  0.001718
  0.000850
  0.000677
  0.000966
  0.000915
  0.000548
  0.001136
  0.001344
  0.001089
  0.000570
  0.001005
  0.000925
  0.001127
  0.001399
  0.001078
  0.000884
  0.001241
  0.001118
  0.000858
  0.000582
  0.000629
  0.000672
  0.000750
  0.000799
  0.001035
  0.000916
  0.001171
  0.000627
  0.000593
  0.001025
  0.000507
  0.001153
  0.000982
  0.001325
  0.000818
  0.000704
  0.001161
  0.000600
  0.000654
  0.000987
  0.001329
  0.001032
  0.000928
  0.000928
  0.000242
  0.000485
  0.000464
  0.000803
  0.000440
  0.000987
  0.001176
  0.000427
  0.001639
  0.001586
  0.000683
  0.001082
  0.001620
  0.001115
  0.001708
  0.001998
  0.001401
  0.000811
  0.001567
  0.000675
  0.001688
  0.001643
  0.001257
  0.001366
  0.001560
  0.001404
  0.000629
  0.000960
  0.000607
  0.000414
  0.001169
  0.001654
  0.001054
  0.000298
  0.000607
  0.001259
  0.000449
  0.001890
  0.000654
  0.001232
  0.001073
  0.000733
  0.001326
  0.001061
  0.000690
  0.000602
  0.000757
  0.000662
  0.001683
  0.001537
  0.001257
  0.000979
  0.000647
  0.001156
  0.001059
  0.002091
  0.001255
  0.001092
  0.000591
  0.000813
  0.001794
  0.001161
  0.001356
  0.000429
  0.001255
  0.000835
  0.001514
  0.000681
  0.000860
  0.001495
  0.001791
  0.000809
  0.000751
  0.000443
  0.000245
  0.000748
  0.000890
  0.001114
  0.001331
  0.001368
  0.000355
  0.000746
  0.001035
  0.001143
  0.000562
  0.000845
  0.001760
  0.001188
  0.001522
  0.000568
  0.000756
  0.000634
  0.000914
  0.001674
  0.001542
  0.001490
  0.001653
  0.000708
  0.001209
  0.001140
  0.001155
  0.000613
  0.000983
  0.000464
  0.001521
  0.000985
  0.001083
  0.000321
  0.001448
  0.001284
  0.000917
  0.001268
  0.000831
  0.000746
  0.000449
  0.001919
  0.000357
  0.000509
  0.000868
  0.000712
  0.000675
  0.000739
  0.000814
  0.001645
  0.001732
  0.000940
  0.001056
  0.000870
  0.000963
  0.001327
  0.000751
  0.001051
  0.000658
  0.001276
  0.001763
  0.001787
