    0.000000000000000E+00    0.000000000000000E+00
    0.000000000000000E+00    0.000000000000000E+00
    0.000000000000000E+00    0.000000000000000E+00
    0.000000000000000E+00    0.000000000000000E+00
    0.000000000000000E+00    0.000000000000000E+00
    0.000000000000000E+00    0.000000000000000E+00
    0.000000000000000E+00    0.000000000000000E+00
    0.000000000000000E+00    0.000000000000000E+00
    0.000000000000000E+00    0.000000000000000E+00
    0.000000000000000E+00    0.000000000000000E+00
    0.000000000000000E+00    0.000000000000000E+00
    0.000000000000000E+00    0.000000000000000E+00
    0.000000000000000E+00    0.000000000000000E+00
    0.000000000000000E+00    0.000000000000000E+00
    0.000000000000000E+00    0.000000000000000E+00
    0.000000000000000E+00    0.000000000000000E+00
    0.000000000000000E+00    0.000000000000000E+00
    0.000000000000000E+00    0.000000000000000E+00
    0.000000000000000E+00    0.000000000000000E+00
    0.000000000000000E+00    0.000000000000000E+00
    0.000000000000000E+00    0.000000000000000E+00
    0.000000000000000E+00    0.000000000000000E+00
    0.000000000000000E+00    0.000000000000000E+00
    0.000000000000000E+00    0.000000000000000E+00
    0.000000000000000E+00    0.000000000000000E+00
    0.000000000000000E+00    0.000000000000000E+00
    0.000000000000000E+00    0.000000000000000E+00
    0.000000000000000E+00    0.000000000000000E+00
    0.000000000000000E+00    0.000000000000000E+00
    0.000000000000000E+00    0.000000000000000E+00
    0.000000000000000E+00    0.000000000000000E+00
    0.000000000000000E+00    0.000000000000000E+00
    0.000000000000000E+00    0.000000000000000E+00
    0.000000000000000E+00    0.000000000000000E+00
    0.000000000000000E+00    0.000000000000000E+00
    0.000000000000000E+00    0.000000000000000E+00
    0.000000000000000E+00    0.000000000000000E+00
    0.000000000000000E+00    0.000000000000000E+00
    0.000000000000000E+00    0.000000000000000E+00
    0.000000000000000E+00    0.000000000000000E+00
    0.000000000000000E+00    0.000000000000000E+00
    0.000000000000000E+00    0.000000000000000E+00
   -0.656991246773462E-03    0.310305302499610E-03
   -0.209658009254665E-02    0.292467236995016E-02
   -0.305850387505164E-02    0.751574209202577E-02
   -0.349051138137857E-02    0.140026310456888E-01
   -0.324205270466263E-02    0.205430572294081E-01
   -0.249087416870490E-02    0.261551280342452E-01
   -0.716099500525836E-03    0.294561576356974E-01
    0.121625470441072E-02    0.281389805791164E-01
    0.196776449209774E-02    0.258777090220466E-01
    0.154536197508257E-02    0.232688174059822E-01
    0.108434925231306E-02    0.206122424751642E-01
    0.864346264774245E-03    0.187920697276882E-01
    0.718001738559061E-03    0.172630987032667E-01
    0.610718848113201E-03    0.160069466385959E-01
    0.531588725465604E-03    0.148867538382278E-01
    0.487756503973104E-03    0.138797449386357E-01
    0.450142009997505E-03    0.129725110563418E-01
    0.422901483294749E-03    0.121172016343433E-01
    0.398994355237484E-03    0.113163667010416E-01
    0.381598043536882E-03    0.105506160656983E-01
    0.367620794574319E-03    0.982031840788038E-02
    0.358178494270926E-03    0.910859126810654E-02
    0.350504503658513E-03    0.841857857191605E-02
    0.345318261335875E-03    0.773800468447808E-02
    0.341327800843810E-03    0.707016782386000E-02
    0.338383317185788E-03    0.640706566989342E-02
    0.335898564282381E-03    0.575231271061389E-02
    0.332866047171200E-03    0.510174337044854E-02
    0.329336476290778E-03    0.445960396622245E-02
    0.323296388078570E-03    0.382648590581744E-02
    0.315493942147824E-03    0.320732050971636E-02
    0.302545563350319E-03    0.260936633109515E-02
    0.285608272105009E-03    0.203827350610101E-02
    0.260425992041707E-03    0.150958398584518E-02
    0.229393974540066E-03    0.102970885591968E-02
    0.187222731931000E-03    0.628238931301810E-03
    0.136934326159369E-03    0.305711769750652E-03
    0.769504021725917E-04    0.961008409958294E-04
    0.737741569258462E-05    0.737741569449270E-05
    0.000000000000000E+00    0.000000000000000E+00
    0.000000000000000E+00    0.000000000000000E+00
   -0.257798642567615E-02    0.118489367756063E-02
   -0.667593379583907E-02    0.508889248940519E-02
   -0.103747401583463E-01    0.118527372535944E-01
   -0.120434062122118E-01    0.210398651874762E-01
   -0.118982327834673E-01    0.304807756414173E-01
   -0.781909347921767E-02    0.377504990057062E-01
   -0.195705240856208E-02    0.423747228438919E-01
    0.218901069825660E-02    0.436468342156635E-01
    0.476443738638984E-02    0.424865330931968E-01
    0.448245441714858E-02    0.399473442359862E-01
    0.359937653060138E-02    0.368528795341784E-01
    0.305751470269707E-02    0.341423103838193E-01
    0.260322334056967E-02    0.317125324409047E-01
    0.228701131717138E-02    0.294704764838365E-01
    0.203251840474490E-02    0.274833162090323E-01
    0.185992114019960E-02    0.256439724876832E-01
    0.171954234276880E-02    0.239705664854856E-01
    0.161525768252593E-02    0.223806480815558E-01
    0.152779059212182E-02    0.208969581989788E-01
    0.146159951843304E-02    0.194672304138894E-01
    0.140826185386754E-02    0.181109076965793E-01
    0.136876972716947E-02    0.167835707609454E-01
    0.133784413281862E-02    0.155044988452714E-01
    0.131465950397625E-02    0.142407428986414E-01
    0.129688093546878E-02    0.130094924178142E-01
    0.128201777166267E-02    0.117864728788325E-01
    0.126918441319265E-02    0.105879461770144E-01
    0.125425040139701E-02    0.939747638189914E-02
    0.123699907410583E-02    0.823177710721253E-02
    0.121171910569673E-02    0.708222835616077E-02
    0.117797983663206E-02    0.596800253542378E-02
    0.112893521518028E-02    0.488855917945956E-02
    0.106263600791489E-02    0.386814998435473E-02
    0.972578576432040E-03    0.291406195085751E-02
    0.854055473998953E-03    0.205964619965680E-02
    0.704519922683359E-03    0.131960182670181E-02
    0.515361411914507E-03    0.734033384515063E-03
    0.305575069286591E-03    0.305383511519027E-03
    0.962226488590734E-04    0.769842545594237E-04
    0.000000000000000E+00    0.000000000000000E+00
    0.000000000000000E+00    0.000000000000000E+00
   -0.530964556481077E-02    0.149484533461617E-02
   -0.124565288854511E-01    0.588157015511592E-02
   -0.184484513017626E-01    0.128872499249855E-01
   -0.216466579008627E-01    0.223862133276519E-01
   -0.205829760209346E-01    0.314160793553104E-01
   -0.151970977956693E-01    0.394737780453719E-01
   -0.641598831896527E-02    0.463631279699537E-01
    0.110367836251123E-02    0.497617807520488E-01
    0.597196083117566E-02    0.512432114704212E-01
    0.673910865737969E-02    0.503332021504457E-01
    0.651375061167088E-02    0.479891602759967E-01
    0.589999992896636E-02    0.455069892640340E-01
    0.522167366536791E-02    0.426845709076854E-01
    0.468553708689040E-02    0.399791883663163E-01
    0.424151413844184E-02    0.374450975284397E-01
    0.391583162616792E-02    0.350651674253093E-01
    0.364695110632175E-02    0.328023992594601E-01
    0.343228327302681E-02    0.306754887247989E-01
    0.325609834629282E-02    0.286421689568637E-01
    0.311875784296861E-02    0.266987563441109E-01
    0.300804153520915E-02    0.248264523594551E-01
    0.292199761505691E-02    0.230123227548318E-01
    0.285396988862200E-02    0.212458551341967E-01
    0.280077659324108E-02    0.195181353013640E-01
    0.275817299301009E-02    0.178237614579842E-01
    0.272199200442681E-02    0.161567405890957E-01
    0.268844825872304E-02    0.145167044430055E-01
    0.265234669314347E-02    0.129019885665450E-01
    0.260936796090696E-02    0.113171451421918E-01
    0.255284103601433E-02    0.976631498115547E-02
    0.247694341818044E-02    0.825986385332988E-02
    0.237337649260599E-02    0.680958931043084E-02
    0.223428231333574E-02    0.543279584125073E-02
    0.205048470254728E-02    0.415048762980620E-02
    0.181247159926749E-02    0.298835575137682E-02
    0.151384251944016E-02    0.197562480149168E-02
    0.114730845479241E-02    0.114530698365690E-02
    0.733375883791101E-03    0.513657617749984E-03
    0.305259489906699E-03    0.136657957264168E-03
    0.000000000000000E+00    0.000000000000000E+00
    0.000000000000000E+00    0.000000000000000E+00
   -0.798184025499205E-02    0.137661936591501E-02
   -0.178687304857924E-01    0.526891876454621E-02
   -0.263970984765645E-01    0.114160450775366E-01
   -0.306246670746204E-01    0.195716553285834E-01
   -0.294580735799809E-01    0.280098309554648E-01
   -0.224895113610521E-01    0.362449307880919E-01
   -0.116941033575663E-01    0.437764700956188E-01
   -0.242221713801197E-02    0.495882152433544E-01
    0.456180562941774E-02    0.532632193605623E-01
    0.755715979107584E-02    0.546084533038920E-01
    0.849704900007080E-02    0.540464598697444E-01
    0.840814209296128E-02    0.523323385415647E-01
    0.793844209818720E-02    0.499272076781205E-01
    0.736641907232277E-02    0.472959339418585E-01
    0.683945598496494E-02    0.446501558514195E-01
    0.640127282852538E-02    0.420163858162609E-01
    0.602346008276107E-02    0.394415371737617E-01
    0.570545791590494E-02    0.369618802941839E-01
    0.543843849839993E-02    0.345697274625290E-01
    0.522241169908563E-02    0.322579694122972E-01
    0.504551198448500E-02    0.300150838954145E-01
    0.490363263561194E-02    0.278344598152816E-01
    0.478942492667611E-02    0.257044653448405E-01
    0.469657814490835E-02    0.236215665722339E-01
    0.462030813678952E-02    0.215767053376649E-01
    0.455263951577285E-02    0.195690855887390E-01
    0.448938686359904E-02    0.175942027319689E-01
    0.442084321633011E-02    0.156554030671020E-01
    0.434187425955443E-02    0.137538145629306E-01
    0.424065045438221E-02    0.118975462831510E-01
    0.410950753030151E-02    0.100954625013655E-01
    0.393463133772093E-02    0.836143218468304E-02
    0.370491216869126E-02    0.671441502612209E-02
    0.340601065095974E-02    0.517456678219938E-02
    0.302420786212563E-02    0.377317129993139E-02
    0.254953583121869E-02    0.253550588506485E-02
    0.197619833199033E-02    0.150321723258736E-02
    0.131622063282187E-02    0.698900426348119E-03
    0.626631419276850E-03    0.185821705879383E-03
    0.000000000000000E+00    0.000000000000000E+00
    0.000000000000000E+00    0.000000000000000E+00
   -0.104273831543477E-01    0.101424481485420E-02
   -0.224799877503059E-01    0.389069024050932E-02
   -0.328506949457008E-01    0.849301985330400E-02
   -0.385304540115217E-01    0.149920721260567E-01
   -0.378480653216430E-01    0.220885463194923E-01
   -0.308969823808345E-01    0.297245629973187E-01
   -0.194468355663185E-01    0.379664756535826E-01
   -0.824408966278407E-02    0.449570248294298E-01
    0.895056776139934E-03    0.505214462317315E-01
    0.622565201442182E-02    0.540032138310371E-01
    0.896518794285923E-02    0.553219706320902E-01
    0.994068359404001E-02    0.549755286334370E-01
    0.101010878496073E-01    0.534987719752934E-01
    0.985322032522008E-02    0.514010817744786E-01
    0.946100148703457E-02    0.490393529055807E-01
    0.903065537322478E-02    0.465117746779279E-01
    0.860815296785780E-02    0.438854434731836E-01
    0.823201516434426E-02    0.412890494255238E-01
    0.789865563846307E-02    0.387264548644047E-01
    0.762017564068809E-02    0.362138724523915E-01
    0.738306361927183E-02    0.337448778990472E-01
    0.718762927799188E-02    0.313305875260743E-01
    0.702516610472706E-02    0.289586960632813E-01
    0.689028153565775E-02    0.266330477544144E-01
    0.677474282012049E-02    0.243458679860099E-01
    0.667080939113294E-02    0.220986074356092E-01
    0.657023996452796E-02    0.198887442808317E-01
    0.646325668298593E-02    0.177193039030369E-01
    0.633953526846470E-02    0.155937068217781E-01
    0.618673859264217E-02    0.135185622898872E-01
    0.599079979817195E-02    0.115047136308486E-01
    0.573664630318004E-02    0.956462476854964E-02
    0.540601803812005E-02    0.771829170802020E-02
    0.498230935526092E-02    0.598555904305424E-02
    0.444486310848129E-02    0.439820417084612E-02
    0.378114064941484E-02    0.298320513017389E-02
    0.297803775150073E-02    0.178731544063948E-02
    0.204762817154764E-02    0.841848921706816E-03
    0.102345010017354E-02    0.226640393912431E-03
    0.000000000000000E+00    0.000000000000000E+00
    0.000000000000000E+00    0.000000000000000E+00
   -0.120171217872646E-01    0.624933468325521E-03
   -0.255364547692719E-01    0.237212636376336E-02
   -0.373593287767881E-01    0.537144180150390E-02
   -0.442314829212142E-01    0.980306726372559E-02
   -0.445498517919652E-01    0.152807387154669E-01
   -0.382449144317299E-01    0.220890293403484E-01
   -0.271168396215352E-01    0.298025542070903E-01
   -0.152808895858206E-01    0.374751789227402E-01
   -0.464060038538608E-02    0.443317885182410E-01
    0.294016434015182E-02    0.494150431795502E-01
    0.769537034170921E-02    0.525346090121409E-01
    0.102258998034257E-01    0.537899816529988E-01
    0.113955029368696E-01    0.536076027344725E-01
    0.117731668745203E-01    0.524601265373772E-01
    0.117400733144848E-01    0.507268146331839E-01
    0.114905401977412E-01    0.485761239948176E-01
    0.111567770484020E-01    0.461929505249197E-01
    0.108003508731326E-01    0.437056443061319E-01
    0.104589918295494E-01    0.411775748612424E-01
    0.101519054071885E-01    0.386305571468622E-01
    0.988104711053594E-02    0.360898636688191E-01
    0.964690401833287E-02    0.335732135557883E-01
    0.944668269313313E-02    0.310831830619322E-01
    0.927329537519692E-02    0.286263277836665E-01
    0.912102095499121E-02    0.262010497108915E-01
    0.897887226161856E-02    0.238125547943193E-01
    0.883984753234019E-02    0.214595143596409E-01
    0.868979902961656E-02    0.191482939989131E-01
    0.851875954974470E-02    0.168810484487824E-01
    0.830884656171368E-02    0.146669983355978E-01
    0.804540325369685E-02    0.125147846457111E-01
    0.770659760594137E-02    0.104385079648657E-01
    0.727262903071165E-02    0.845619005391459E-02
    0.671878279761400E-02    0.658873058865720E-02
    0.602262583485833E-02    0.486712236242744E-02
    0.516037627079447E-02    0.332173420070992E-02
    0.411839354738828E-02    0.200111726980714E-02
    0.288557673205535E-02    0.950487398931747E-03
    0.149630124869706E-02    0.255225157353675E-03
    0.000000000000000E+00    0.000000000000000E+00
    0.000000000000000E+00    0.000000000000000E+00
   -0.128311717066438E-01    0.246296256795228E-03
   -0.271987128951985E-01    0.947322711965741E-03
   -0.401734031880025E-01    0.236061482705269E-02
   -0.484758130622322E-01    0.496230622712374E-02
   -0.502156111544554E-01    0.860880693445072E-02
   -0.452888057041637E-01    0.139748028055865E-01
   -0.349338771062039E-01    0.208917185769100E-01
   -0.228321504206650E-01    0.283278398626520E-01
   -0.110804469009116E-01    0.358577970170152E-01
   -0.176410895770235E-02    0.420878148618495E-01
    0.485998921480139E-02    0.466602881582359E-01
    0.901572331054661E-02    0.494663030494398E-01
    0.114962025265701E-01    0.506623269859668E-01
    0.127742925907730E-01    0.506710911516836E-01
    0.133610981326240E-01    0.498200790870913E-01
    0.135003683806762E-01    0.483406778163995E-01
    0.134083938611900E-01    0.464375567475464E-01
    0.131970674346441E-01    0.442849090108859E-01
    0.129320235491950E-01    0.419789694038219E-01
    0.126582188058521E-01    0.395750868788599E-01
    0.123941941308696E-01    0.371106320133077E-01
    0.121527186344461E-01    0.346293004985922E-01
    0.119343235721390E-01    0.321411644951901E-01
    0.117376437142153E-01    0.296642222708335E-01
    0.115563652504691E-01    0.272025618749123E-01
    0.113826386951047E-01    0.247667858308456E-01
    0.112070276625173E-01    0.223595475928984E-01
    0.110169293386368E-01    0.199881464645505E-01
    0.107982296795838E-01    0.176579920224626E-01
    0.105334303449908E-01    0.153766308966761E-01
    0.102021583138696E-01    0.131552069061036E-01
    0.978170337420625E-02    0.110048852261903E-01
    0.924484705259294E-02    0.894581830328167E-02
    0.856450432285411E-02    0.699603513636738E-02
    0.770831349036890E-02    0.518968499242515E-02
    0.664826582547522E-02    0.355652219021299E-02
    0.535439749460158E-02    0.215207420357560E-02
    0.380907678490081E-02    0.102697260130968E-02
    0.201059259888011E-02    0.277872697800066E-03
    0.000000000000000E+00    0.000000000000000E+00
    0.000000000000000E+00    0.000000000000000E+00
   -0.130710639552349E-01   -0.352757896124934E-04
   -0.276829341999561E-01   -0.199949504214291E-03
   -0.411518841908658E-01   -0.893761326562144E-04
   -0.504779592398292E-01    0.756617283201500E-03
   -0.537828401807271E-01    0.271832509770842E-02
   -0.504690609451506E-01    0.653910584310778E-02
   -0.416768272783170E-01    0.120902262583545E-01
   -0.302370781020424E-01    0.188823948335157E-01
   -0.181511518605837E-01    0.262115706071531E-01
   -0.771889003832851E-02    0.329755728588383E-01
    0.524666987294304E-03    0.385676514383170E-01
    0.635684978391902E-02    0.426488856234837E-01
    0.102552556930720E-01    0.452120250439137E-01
    0.126914951016584E-01    0.464428031370757E-01
    0.141137599875521E-01    0.466283112431527E-01
    0.148502235180797E-01    0.459932260121416E-01
    0.151656320555924E-01    0.447746416758677E-01
    0.152272919093330E-01    0.431416421808398E-01
    0.151428361835327E-01    0.412330581518564E-01
    0.149812020696884E-01    0.391220784086870E-01
    0.147862091208471E-01    0.368820368567058E-01
    0.145806292264368E-01    0.345618316064006E-01
    0.143780545968974E-01    0.321947402835723E-01
    0.141806166647688E-01    0.298027428659454E-01
    0.139889325449372E-01    0.274028619909640E-01
    0.137950652342695E-01    0.250094644447978E-01
    0.135933543526506E-01    0.226310423744114E-01
    0.133690220197675E-01    0.202775685200672E-01
    0.131098154122470E-01    0.179559053500525E-01
    0.127941211337916E-01    0.156757768501216E-01
    0.124018747290580E-01    0.134470506772609E-01
    0.119040958788346E-01    0.112826820901341E-01
    0.112722189554949E-01    0.920024178155556E-02
    0.104698960756749E-01    0.722005037139370E-02
    0.946117454394576E-02    0.537390232456249E-02
    0.820329281812168E-02    0.369633352931458E-02
    0.665832830362682E-02    0.224303590526539E-02
    0.478208132185260E-02    0.107417238647165E-02
    0.256269615197159E-02    0.290447739232080E-03
    0.000000000000000E+00    0.000000000000000E+00
    0.000000000000000E+00    0.000000000000000E+00
   -0.126964379983299E-01   -0.262791286969366E-03
   -0.271046397474082E-01   -0.105685607672930E-02
   -0.408697199784158E-01   -0.202406999437297E-02
   -0.511667367662683E-01   -0.254979067589797E-02
   -0.559713438875381E-01   -0.223991535811053E-02
   -0.545517127181286E-01   -0.941357065018722E-04
   -0.474851722296202E-01    0.397737170203182E-02
   -0.371017044112070E-01    0.958193945184570E-02
   -0.252711554065213E-01    0.163487266484918E-01
   -0.141762504530874E-01    0.230965192995809E-01
   -0.475460612076725E-02    0.292214789196330E-01
    0.252007589831472E-02    0.342166266516302E-01
    0.783175667219450E-02    0.378819267981104E-01
    0.114730325809775E-01    0.402533268801429E-01
    0.138853728379107E-01    0.414923339538203E-01
    0.153757866290973E-01    0.418031479495617E-01
    0.162621194134858E-01    0.413828095480704E-01
    0.167300935104809E-01    0.404160400178272E-01
    0.169387807253727E-01    0.390418583598443E-01
    0.169793182994141E-01    0.373697158684086E-01
    0.169243610865922E-01    0.354785154235156E-01
    0.168114208545711E-01    0.334423684653375E-01
    0.166668622346644E-01    0.313030321540822E-01
    0.165021323054056E-01    0.290985352930031E-01
    0.163240338999875E-01    0.268517016404914E-01
    0.161302458835855E-01    0.245862882508726E-01
    0.159166121116407E-01    0.223151544321835E-01
    0.156715217377230E-01    0.200519963847015E-01
    0.153814076310217E-01    0.178070866927068E-01
    0.150258548897384E-01    0.155903180552077E-01
    0.145810580472637E-01    0.134141767529857E-01
    0.140171111799475E-01    0.112895619461903E-01
    0.132988123967250E-01    0.923643158428193E-02
    0.123861248687312E-01    0.727237008532483E-02
    0.112319446892498E-01    0.543212656553847E-02
    0.978555872543465E-02    0.374901626214620E-02
    0.798973720235250E-02    0.228314929595060E-02
    0.578714088908414E-02    0.109752135426595E-02
    0.312836551979754E-02    0.298427046616868E-03
    0.000000000000000E+00    0.000000000000000E+00
    0.000000000000000E+00    0.000000000000000E+00
   -0.120618949774198E-01   -0.409415262331053E-03
   -0.258955787462532E-01   -0.166609074452227E-02
   -0.394237325259380E-01   -0.337568102012094E-02
   -0.501901078560979E-01   -0.505577293592599E-02
   -0.562747755240294E-01   -0.604227777940887E-02
   -0.566120604099340E-01   -0.544043775377088E-02
   -0.515435697658305E-01   -0.300843307508290E-02
   -0.427335580892805E-01    0.126770909314541E-02
   -0.317577915826546E-01    0.693904430028348E-02
   -0.207006326984020E-01    0.132010268849924E-01
   -0.106026821314965E-01    0.193822500206867E-01
   -0.221781471687573E-02    0.248554396024862E-01
    0.432987272839061E-02    0.293270228691156E-01
    0.918718201307852E-02    0.326431414576605E-01
    0.126413575730549E-01    0.348630522730944E-01
    0.150101787859823E-01    0.361078332814930E-01
    0.165800157749843E-01    0.365410240037888E-01
    0.175832373641045E-01    0.363139405287096E-01
    0.181922448311006E-01    0.355765898599387E-01
    0.185320782593650E-01    0.344406191849716E-01
    0.186941341000803E-01    0.330080652754806E-01
    0.187373393570077E-01    0.313537703095995E-01
    0.187019460145086E-01    0.295404712752664E-01
    0.186106628326921E-01    0.276109011272836E-01
    0.184793911357229E-01    0.256022370520631E-01
    0.183113921477291E-01    0.235414742704725E-01
    0.181079043166872E-01    0.214499824057640E-01
    0.178592337301359E-01    0.193440047602243E-01
    0.175545764476218E-01    0.172376929801794E-01
    0.171724834383197E-01    0.151430487695331E-01
    0.166895681707838E-01    0.130730698945365E-01
    0.160718675934032E-01    0.110404382567981E-01
    0.152817558854125E-01    0.906348954315883E-02
    0.142711663614385E-01    0.716184664640844E-02
    0.129860681409829E-01    0.536790879354371E-02
    0.113614421081463E-01    0.371794741839664E-02
    0.932555163905515E-02    0.227118488902170E-02
    0.679512310592576E-02    0.109502083438740E-02
    0.370469158904293E-02    0.297745700857910E-03
    0.000000000000000E+00    0.000000000000000E+00
    0.000000000000000E+00    0.000000000000000E+00
   -0.110845034767082E-01   -0.505755372951479E-03
   -0.240791604423248E-01   -0.203179415024800E-02
   -0.372279576609673E-01   -0.428308327534976E-02
   -0.483221837433271E-01   -0.675166299900634E-02
   -0.554506400085386E-01   -0.888552952871728E-02
   -0.574846267738837E-01   -0.966093840026478E-02
   -0.543276444718750E-01   -0.877261828827901E-02
   -0.471996944107595E-01   -0.600558381113207E-02
   -0.373848057840673E-01   -0.155249345818296E-02
   -0.267406299144233E-01    0.384522728557626E-02
   -0.164347096404971E-01    0.968881415413265E-02
   -0.735358996984397E-02    0.152443343137301E-01
    0.152620217993782E-03    0.201591908041846E-01
    0.604859304613706E-02    0.241665998307178E-01
    0.105125198695110E-01    0.271871833985358E-01
    0.137742273423673E-01    0.292829634129427E-01
    0.161087581852789E-01    0.305319367674362E-01
    0.177263665450324E-01    0.310710922206648E-01
    0.188302158499216E-01    0.310146242247206E-01
    0.195507591193931E-01    0.304893032790923E-01
    0.200078223728963E-01    0.295862316891897E-01
    0.202700957845804E-01    0.283981076035789E-01
    0.203987062929255E-01    0.269871446188674E-01
    0.204251782458870E-01    0.254125714427650E-01
    0.203779463401204E-01    0.237134387236799E-01
    0.202665649629540E-01    0.219276574007100E-01
    0.200987516290477E-01    0.200795212480543E-01
    0.198687700449333E-01    0.181913321348710E-01
    0.195683979689774E-01    0.162800160544812E-01
    0.191777139932391E-01    0.143599314637024E-01
    0.186725805475184E-01    0.124464929697432E-01
    0.180176923159791E-01    0.105520368582111E-01
    0.171710619310317E-01    0.869687061805590E-02
    0.160791683533264E-01    0.689889799606098E-02
    0.146784547376818E-01    0.519177992970976E-02
    0.128919565588466E-01    0.361046748363050E-02
    0.106301653728418E-01    0.221469950575616E-02
    0.779066746337985E-02    0.107314820873684E-02
    0.427140840997276E-02    0.293598524647381E-03
    0.000000000000000E+00    0.000000000000000E+00
    0.000000000000000E+00    0.000000000000000E+00
   -0.100546581642104E-01   -0.552428743840908E-03
   -0.220577237612719E-01   -0.224617466330991E-02
   -0.344896939021211E-01   -0.480176117582135E-02
   -0.454828215690603E-01   -0.785846345153195E-02
   -0.533008042951789E-01   -0.107671990031050E-01
   -0.566812873177477E-01   -0.126889288001088E-01
   -0.553729352155238E-01   -0.131682669886293E-01
   -0.500585724000646E-01   -0.118276256188259E-01
   -0.417522672585800E-01   -0.878555139100335E-02
   -0.320315611013425E-01   -0.445888054987004E-02
   -0.219876877896302E-01    0.651429070232029E-03
   -0.126549163946269E-01    0.592260622467941E-02
   -0.449894953699509E-02    0.109246407893493E-01
    0.224138038653493E-02    0.153162338993031E-01
    0.760408666126121E-02    0.189302236232924E-01
    0.117427609509648E-01    0.217164431811237E-01
    0.148526286578679E-01    0.237019143070162E-01
    0.171464853224575E-01    0.249616034170603E-01
    0.188032700382123E-01    0.255927405671127E-01
    0.199791074967712E-01    0.256974776650224E-01
    0.207932518674089E-01    0.253712055057916E-01
    0.213389444123735E-01    0.246974548448067E-01
    0.216840077347605E-01    0.237496268247934E-01
    0.218772886442842E-01    0.225864592789668E-01
    0.219539034083288E-01    0.212578211149620E-01
    0.219347576259485E-01    0.198025988596658E-01
    0.218323018941261E-01    0.182531558031123E-01
    0.216473878204091E-01    0.166338669393034E-01
    0.213742443353602E-01    0.149664183227706E-01
    0.209958302883643E-01    0.132672444729617E-01
    0.204878282209273E-01    0.115536579058806E-01
    0.198143534090661E-01    0.983979638073037E-02
    0.189295513313759E-01    0.814553751975929E-02
    0.177752668793259E-01    0.649006986886232E-02
    0.162778642387518E-01    0.490504415120993E-02
    0.143496526740366E-01    0.342573968249945E-02
    0.118811027569307E-01    0.211002551646456E-02
    0.874720562114043E-02    0.102603079401133E-02
    0.482428876774591E-02    0.281209067130506E-03
    0.000000000000000E+00    0.000000000000000E+00
    0.000000000000000E+00    0.000000000000000E+00
   -0.888489276702885E-02   -0.568551819646748E-03
   -0.197793690534350E-01   -0.230757216108808E-02
   -0.314247183686253E-01   -0.503203534888985E-02
   -0.421886298240597E-01   -0.840243041514606E-02
   -0.504329879348993E-01   -0.119240198447527E-01
   -0.549584603634811E-01   -0.147265474705979E-01
   -0.552369239447336E-01   -0.163915717256314E-01
   -0.516617444577929E-01   -0.163976074384554E-01
   -0.449233647325423E-01   -0.146983201954529E-01
   -0.363322317042495E-01   -0.115938896711867E-01
   -0.269163249013302E-01   -0.738632253050381E-02
   -0.176764421160150E-01   -0.269879414929281E-02
   -0.922807437027354E-02    0.209369139672242E-02
   -0.190213798401485E-02    0.657495091427998E-02
    0.418044893316946E-02    0.105218283579958E-01
    0.908379365058937E-02    0.138066393249469E-01
    0.129328596551934E-01    0.163793369028218E-01
    0.158934234512022E-01    0.182783972480019E-01
    0.181369774251085E-01    0.195434635251998E-01
    0.198038878243446E-01    0.202705601516818E-01
    0.210288097446063E-01    0.205239769419078E-01
    0.219036892855364E-01    0.203943947857536E-01
    0.225156898776293E-01    0.199408577376103E-01
    0.229174730341850E-01    0.192332892025761E-01
    0.231592403923988E-01    0.183160825457617E-01
    0.232662217651689E-01    0.172375204231124E-01
    0.232611846151387E-01    0.160290432898945E-01
    0.231481686532456E-01    0.147216645691309E-01
    0.229274649655354E-01    0.133382136744774E-01
    0.225831760368205E-01    0.118987332191642E-01
    0.220934164297864E-01    0.104225562462354E-01
    0.214204702015413E-01    0.892484196856480E-02
    0.205174308136313E-01    0.742714737631422E-02
    0.193193948429745E-01    0.594785571373022E-02
    0.177471208977749E-01    0.451827343620498E-02
    0.156978544138657E-01    0.317224385070992E-02
    0.130489321652206E-01    0.196408731195760E-02
    0.965090810690674E-02    0.961943587865571E-03
    0.534649986004325E-02    0.265523761127455E-03
    0.000000000000000E+00    0.000000000000000E+00
    0.000000000000000E+00    0.000000000000000E+00
   -0.776753203252215E-02   -0.560864135226593E-03
   -0.175404407977860E-01   -0.229557476822041E-02
   -0.282332347952217E-01   -0.504866957957551E-02
   -0.384822692949043E-01   -0.859977655458596E-02
   -0.468535498155031E-01   -0.124381175041605E-01
   -0.521384044002334E-01   -0.158981350249533E-01
   -0.537704998853585E-01   -0.184653861231628E-01
   -0.517972900614749E-01   -0.196164308341355E-01
   -0.466888432054126E-01   -0.192134888802701E-01
   -0.394584119583275E-01   -0.173205797179320E-01
   -0.309630071430824E-01   -0.142041283159287E-01
   -0.221996854827314E-01   -0.102976275519966E-01
   -0.137755958446583E-01   -0.599408217900827E-02
   -0.616522246227914E-02   -0.169133702454221E-02
    0.425887360394594E-03    0.233939252683526E-02
    0.594776934179187E-02    0.590397390145227E-02
    0.104449716331909E-01    0.890299135963317E-02
    0.140398250879311E-01    0.113094749916036E-01
    0.168569219866304E-01    0.131333400027437E-01
    0.190378774419832E-01    0.144258285876088E-01
    0.206971238524632E-01    0.152409392474636E-01
    0.219431102426020E-01    0.156461734884027E-01
    0.228573969044131E-01    0.157008821193922E-01
    0.235104210902214E-01    0.154647681610280E-01
    0.239523719214752E-01    0.149868092682735E-01
    0.242228079985063E-01    0.143116321628531E-01
    0.243458062299498E-01    0.134756961490709E-01
    0.243354642213042E-01    0.125100319550443E-01
    0.241926159441272E-01    0.114413781122345E-01
    0.239076622172191E-01    0.102913178809645E-01
    0.234573266357283E-01    0.908148868807569E-02
    0.228069626094102E-01    0.782898784227634E-02
    0.219046835994172E-01    0.655576151843033E-02
    0.206855400692587E-01    0.528112038705797E-02
    0.190582828615240E-01    0.403460767554642E-02
    0.169153651765298E-01    0.284819973679573E-02
    0.141101125896184E-01    0.177312388513426E-02
    0.104766251462046E-01    0.872175475767252E-03
    0.583095841373357E-02    0.241523893532455E-03
    0.000000000000000E+00    0.000000000000000E+00
    0.000000000000000E+00    0.000000000000000E+00
   -0.663256940811308E-02   -0.536580485012711E-03
   -0.152606050815652E-01   -0.220030466168305E-02
   -0.249952895505004E-01   -0.490487477704466E-02
   -0.346602980863104E-01   -0.846065312638483E-02
   -0.429534255680974E-01   -0.124954873621630E-01
   -0.487965531071205E-01   -0.163674125197950E-01
   -0.514881775907258E-01   -0.196520517368007E-01
   -0.509308156211302E-01   -0.217535076567972E-01
   -0.473349173430254E-01   -0.224741523127077E-01
   -0.414744422112085E-01   -0.217607792437667E-01
   -0.340655509917427E-01   -0.197217208775958E-01
   -0.259839966506014E-01   -0.167383399662974E-01
   -0.178801856259400E-01   -0.130852538817010E-01
   -0.102405674310019E-01   -0.918747190467584E-02
   -0.338749755395114E-02   -0.529785476104897E-02
    0.256816221704728E-02   -0.166235760908650E-02
    0.758030651327203E-02    0.157442102180715E-02
    0.117197716682134E-01    0.434660380166319E-02
    0.150693255010743E-01    0.660876510977323E-02
    0.177411438992718E-01    0.839263342019990E-02
    0.198434607714926E-01    0.970997422466150E-02
    0.214718786577925E-01    0.106247137299305E-01
    0.227174594827452E-01    0.111691662055687E-01
    0.236466411823263E-01    0.114071831073162E-01
    0.243223854554774E-01    0.113727844044713E-01
    0.247839014884686E-01    0.111167478376063E-01
    0.250663563249054E-01    0.106685616904460E-01
    0.251843477001506E-01    0.100647558922937E-01
    0.251464905883758E-01    0.933024618888476E-02
    0.249429569889738E-01    0.849026174710238E-02
    0.245551068406209E-01    0.756770448483864E-02
    0.239460131325762E-01    0.658122256998818E-02
    0.230659008942162E-01    0.555479096938191E-02
    0.218430037846408E-01    0.450724899682366E-02
    0.201855374542249E-01    0.346739145110120E-02
    0.179699037441558E-01    0.246523101816366E-02
    0.150433844849898E-01    0.154508573941547E-02
    0.112122769999952E-01    0.768247177052325E-03
    0.626482720437340E-02    0.214481854260640E-03
    0.000000000000000E+00    0.000000000000000E+00
    0.000000000000000E+00    0.000000000000000E+00
   -0.559269015464190E-02   -0.502993698960696E-03
   -0.131376812213666E-01   -0.207679371375257E-02
   -0.218643317119273E-01   -0.466109835468131E-02
   -0.307939517784549E-01   -0.814999060133029E-02
   -0.388125530052088E-01   -0.121887853025783E-01
   -0.448945532089236E-01   -0.163070979825939E-01
   -0.483810119125885E-01   -0.200420119759264E-01
   -0.489847431824499E-01   -0.228764500234033E-01
   -0.467869438376570E-01   -0.245408691763135E-01
   -0.423046169103345E-01   -0.248692488934198E-01
   -0.360905387549165E-01   -0.239127492598362E-01
   -0.289213904094144E-01   -0.218805373003550E-01
   -0.213663668564319E-01   -0.190302145008196E-01
   -0.139764502953655E-01   -0.156953785245275E-01
   -0.708189454795609E-02   -0.121476443167585E-01
   -0.899336233231271E-03   -0.863560555629605E-02
    0.447730161548916E-02   -0.533550307611582E-02
    0.905032179554366E-02   -0.235977615719618E-02
    0.128551321050841E-01    0.219628359015488E-03
    0.159797381197351E-01    0.238682209202268E-02
    0.185007964168914E-01    0.413724062806962E-02
    0.205157889450182E-01    0.550158607588443E-02
    0.220984630109206E-01    0.650496087145764E-02
    0.233272722015500E-01    0.719117192767377E-02
    0.242565753354163E-01    0.759269224153040E-02
    0.249388667007006E-01    0.775010978227777E-02
    0.254049104304323E-01    0.769389940896623E-02
    0.256803254181078E-01    0.745677844726783E-02
    0.257706873717106E-01    0.706548430268503E-02
    0.256740986968897E-01    0.654536822445036E-02
    0.253686255966665E-01    0.592101480428912E-02
    0.248228672685862E-01    0.521317022416645E-02
    0.239815803795590E-01    0.444645863076373E-02
    0.227773848578580E-01    0.364119352549262E-02
    0.211066314507672E-01    0.282445217216706E-02
    0.188484144288011E-01    0.202339333134232E-02
    0.158247815509360E-01    0.127774596612640E-02
    0.118349518888845E-01    0.639017934324999E-03
    0.663734598985488E-02    0.179344124308513E-03
    0.000000000000000E+00    0.000000000000000E+00
    0.000000000000000E+00    0.000000000000000E+00
   -0.459780765705606E-02   -0.461468715020127E-03
   -0.110898936379515E-01   -0.191341660187323E-02
   -0.188485166112679E-01   -0.434032817524009E-02
   -0.270305718987229E-01   -0.766187736691972E-02
   -0.346477152262493E-01   -0.116303597866163E-01
   -0.408195735324097E-01   -0.158137355536770E-01
   -0.448443271792727E-01   -0.198526748680958E-01
   -0.464001411782992E-01   -0.232112046184387E-01
   -0.453946901516634E-01   -0.256301229511787E-01
   -0.421826976118910E-01   -0.268634800600344E-01
   -0.371625113544024E-01   -0.268693377802853E-01
   -0.309720234297599E-01   -0.257876642107203E-01
   -0.241433828307956E-01   -0.237605424280089E-01
   -0.171789221733151E-01   -0.211044370151909E-01
   -0.104672904943929E-01   -0.180284077391182E-01
   -0.424058654519848E-02   -0.148028939198014E-01
    0.132644239433302E-02   -0.116034136085697E-01
    0.620046228111698E-02   -0.857388313311040E-02
    0.103610704243503E-01   -0.581931275924110E-02
    0.138649852081102E-01   -0.337760147649839E-02
    0.167651672681540E-01   -0.129377205577045E-02
    0.191384428825403E-01    0.453541728015421E-03
    0.210556788049966E-01    0.185560928929690E-02
    0.225833490298893E-01    0.295517546960265E-02
    0.237824597671814E-01    0.376115547747564E-02
    0.246988419124650E-01    0.431707705693951E-02
    0.253719998635543E-01    0.463927079562900E-02
    0.258235627900039E-01    0.476424988480053E-02
    0.260662726832294E-01    0.471247319415011E-02
    0.260953362614665E-01    0.451224999231787E-02
    0.258936347219268E-01    0.418796437346391E-02
    0.254268820116574E-01    0.376167068138666E-02
    0.246435461689928E-01    0.326107408752209E-02
    0.234710076108429E-01    0.270566907385742E-02
    0.218098982102364E-01    0.212331280957847E-02
    0.195257605028830E-01    0.153806560830989E-02
    0.164436449230262E-01    0.981060681336546E-03
    0.123355415988437E-01    0.500213242865539E-03
    0.694161666618308E-02    0.141759758001155E-03
    0.000000000000000E+00    0.000000000000000E+00
    0.000000000000000E+00    0.000000000000000E+00
   -0.370999870587159E-02   -0.417829108803696E-03
   -0.924351511170403E-02   -0.174416333421118E-02
   -0.160500026769031E-01   -0.398251153801343E-02
   -0.234290937420257E-01   -0.710610113536030E-02
   -0.305451670010117E-01   -0.108929004476290E-01
   -0.365870283610968E-01   -0.150380299670932E-01
   -0.409359673646212E-01   -0.191776292107623E-01
   -0.431822718285652E-01   -0.228801957189138E-01
   -0.431862246605452E-01   -0.258447707043171E-01
   -0.411185411884852E-01   -0.278029571970756E-01
   -0.372571948513135E-01   -0.286635660173955E-01
   -0.321142651654335E-01   -0.284471691764901E-01
   -0.261186224579694E-01   -0.272661485151904E-01
   -0.197676513855080E-01   -0.253270487742570E-01
   -0.134085092409347E-01   -0.228341935510503E-01
   -0.733767508566795E-02   -0.200151482312258E-01
   -0.173943936925819E-02   -0.170572158398468E-01
    0.328658215865677E-02   -0.141159938351654E-01
    0.768958921772229E-02   -0.113137589383420E-01
    0.114873848980611E-01   -0.872189988742463E-02
    0.147023050813056E-01   -0.640017870679570E-02
    0.173987359684706E-01   -0.436137258882013E-02
    0.196240083140157E-01   -0.262368053505437E-02
    0.214477710796709E-01   -0.117048039164958E-02
    0.229148018078779E-01    0.205230907623065E-05
    0.240801106405587E-01    0.920766255041086E-03
    0.249720638209943E-01    0.159971851724774E-02
    0.256216985330001E-01    0.206670662599594E-02
    0.260336625114164E-01    0.234160512342499E-02
    0.262103856086802E-01    0.245035813977420E-02
    0.261285486255849E-01    0.241774887243739E-02
    0.257595510946432E-01    0.226787446349379E-02
    0.250463274374700E-01    0.202886150173055E-02
    0.239234528422977E-01    0.172330924597028E-02
    0.222824717395658E-01    0.137727151510041E-02
    0.199996339260849E-01    0.101284788634465E-02
    0.168779388463036E-01    0.654986700592510E-03
    0.126953223168961E-01    0.338418022400732E-03
    0.716300350709737E-02    0.969517109648392E-04
    0.000000000000000E+00    0.000000000000000E+00
    0.000000000000000E+00    0.000000000000000E+00
   -0.289526240492621E-02   -0.371003644175029E-03
   -0.752731947697737E-02   -0.155896681828051E-02
   -0.134485537089219E-01   -0.359465120491069E-02
   -0.200520004363491E-01   -0.646894382990513E-02
   -0.266067959314606E-01   -0.100353853982919E-01
   -0.324323144476847E-01   -0.140251173838431E-01
   -0.369159441150929E-01   -0.181668091275792E-01
   -0.396767775395739E-01   -0.220395598862651E-01
   -0.404750601684823E-01   -0.253879798248866E-01
   -0.393965814201534E-01   -0.279031713653044E-01
   -0.365909467367028E-01   -0.294591716507924E-01
   -0.324545648192523E-01   -0.300178250149243E-01
   -0.273446732702401E-01   -0.296063681979257E-01
   -0.216844554857903E-01   -0.283970940273457E-01
   -0.158267152437954E-01   -0.265170406699322E-01
   -0.100480958562086E-01   -0.241931998112184E-01
   -0.458041598783363E-02   -0.215776090673036E-01
    0.463716153875281E-03   -0.188424797847284E-01
    0.498469601920115E-02   -0.161149694337594E-01
    0.897697767835145E-02   -0.134834607962492E-01
    0.124318947613644E-01   -0.110342668031330E-01
    0.153917179581012E-01   -0.879038220396424E-02
    0.178917148675269E-01   -0.680195810753675E-02
    0.199840243312705E-01   -0.505539745903400E-02
    0.217136396669717E-01   -0.357532890743393E-02
    0.231224561823170E-01   -0.233339412712786E-02
    0.242438731051200E-01   -0.133654113568911E-02
    0.250991081914639E-01   -0.553971695763710E-03
    0.256975804633242E-01    0.221411516641270E-04
    0.260345953661725E-01    0.420244820372436E-03
    0.260894822887571E-01    0.662237450389319E-03
    0.258294176153822E-01    0.773074657489717E-03
    0.251998671552597E-01    0.785278856817356E-03
    0.241332618717756E-01    0.719872184229681E-03
    0.225283573482257E-01    0.607517784694680E-03
    0.202550527340546E-01    0.465521951869898E-03
    0.171295916675986E-01    0.311416761332957E-03
    0.129097228229160E-01    0.173620567848562E-03
    0.730254216081450E-02    0.507065890787802E-04
    0.000000000000000E+00    0.000000000000000E+00
    0.000000000000000E+00    0.000000000000000E+00
   -0.218544656291799E-02   -0.325361418599002E-03
   -0.601990168697240E-02   -0.137804140823611E-02
   -0.111050851092263E-01   -0.320160747479558E-02
   -0.169373478963817E-01   -0.581953520291041E-02
   -0.229013432149456E-01   -0.910849336860770E-02
   -0.283818302702317E-01   -0.128877759416585E-01
   -0.328576768710230E-01   -0.168970673957256E-01
   -0.359188682973432E-01   -0.208128718645963E-01
   -0.373320272220225E-01   -0.243635709088889E-01
   -0.370671460094616E-01   -0.272678524344735E-01
   -0.352064146403962E-01   -0.293675101380628E-01
   -0.320308572645764E-01   -0.305642416433544E-01
   -0.278101384072876E-01   -0.308568639838843E-01
   -0.229218302594723E-01   -0.303252112117841E-01
   -0.176569653824213E-01   -0.290824663232303E-01
   -0.123140175583021E-01   -0.272895855472405E-01
   -0.710216720015397E-02   -0.250986702613151E-01
   -0.218170437799187E-02   -0.226606004862792E-01
    0.234137118321588E-02   -0.201099821888976E-01
    0.642175371836027E-02   -0.175466566904826E-01
    0.100307458940370E-01   -0.150657030101309E-01
    0.131901203994513E-01   -0.127155336021659E-01
    0.159123716091487E-01   -0.105534916527126E-01
    0.182453621655827E-01   -0.859220175573832E-02
    0.202134117896638E-01   -0.686138500449685E-02
    0.218629908945410E-01   -0.535371605257295E-02
    0.232099961425305E-01   -0.407959554329237E-02
    0.242823851921676E-01   -0.302197503519622E-02
    0.250751900540475E-01   -0.217523785024576E-02
    0.255885954298644E-01   -0.151685175701982E-02
    0.257911950088429E-01   -0.102585896770330E-02
    0.256533839050933E-01   -0.675908319659433E-03
    0.251145700531252E-01   -0.434499358733257E-03
    0.241142706524601E-01   -0.274929727299174E-03
    0.225474901987485E-01   -0.168309898073071E-03
    0.203020985902170E-01   -0.959121323578300E-04
    0.171815358427883E-01   -0.477430079405649E-04
    0.129663734829226E-01   -0.979320039218488E-05
    0.734216553251891E-02   -0.122386773076549E-05
    0.000000000000000E+00    0.000000000000000E+00
    0.000000000000000E+00    0.000000000000000E+00
   -0.155832546922301E-02   -0.278933372543520E-03
   -0.466334477732457E-02   -0.119388987595061E-02
   -0.899199500778728E-02   -0.280416980919888E-02
   -0.141034411018691E-01   -0.514444035688872E-02
   -0.194645837634002E-01   -0.814174751788561E-02
   -0.245655385446280E-01   -0.116437797146202E-01
   -0.289118740328298E-01   -0.154630573606845E-01
   -0.321486907134294E-01   -0.192978441362345E-01
   -0.339939565777995E-01   -0.229317497109651E-01
   -0.343906787001227E-01   -0.260725815880142E-01
   -0.333303063590476E-01   -0.285645370609216E-01
   -0.310181617270977E-01   -0.302735591616046E-01
   -0.276483912066625E-01   -0.311487561820382E-01
   -0.235272128249630E-01   -0.312377551674977E-01
   -0.189183700684495E-01   -0.305853010237987E-01
   -0.140808753995896E-01   -0.293404432506190E-01
   -0.923873415410895E-02   -0.276032111360016E-01
   -0.454353928751087E-02   -0.255297084484150E-01
   -0.132887677720473E-03   -0.232335411268614E-01
    0.393799480720465E-02   -0.208255574552247E-01
    0.761331580659579E-02   -0.184070446799653E-01
    0.108970478055407E-01   -0.160343904679897E-01
    0.137874638796521E-01   -0.137873267756770E-01
    0.163129418282582E-01   -0.116805180277630E-01
    0.184948800517039E-01   -0.977178038619957E-02
    0.203612736952097E-01   -0.805128421410040E-02
    0.219307247959703E-01   -0.655560295209592E-02
    0.232147605271747E-01   -0.526345650691193E-02
    0.242108906481708E-01   -0.418809863881340E-02
    0.249060455487732E-01   -0.330351538539804E-02
    0.252677914607498E-01   -0.259630691958865E-02
    0.252591722574953E-01   -0.203895738321354E-02
    0.248175130088069E-01   -0.159395312397695E-02
    0.238838855290346E-01   -0.123666994815742E-02
    0.223597092519797E-01   -0.927557188142954E-03
    0.201391593005658E-01   -0.654509905669266E-03
    0.170491016011363E-01   -0.409664175933749E-03
    0.128663692989562E-01   -0.188387765692843E-03
    0.729193872161580E-02   -0.533208352431354E-04
    0.000000000000000E+00    0.000000000000000E+00
    0.000000000000000E+00    0.000000000000000E+00
   -0.102783376875393E-02   -0.235374365970553E-03
   -0.350510045403272E-02   -0.101910691454729E-02
   -0.714018887932011E-02   -0.241862567455507E-02
   -0.115684789937499E-01   -0.448759920060848E-02
   -0.163407502617292E-01   -0.717073537537414E-02
   -0.210022845155240E-01   -0.103740831166828E-01
   -0.251412151116528E-01   -0.139255342967589E-01
   -0.284030217078170E-01   -0.176018828382542E-01
   -0.305396150127392E-01   -0.211859177465978E-01
   -0.314287890668349E-01   -0.244330360823719E-01
   -0.310377148004786E-01   -0.271716458311200E-01
   -0.294835897668529E-01   -0.292519006509027E-01
   -0.269016742283418E-01   -0.306039393045619E-01
   -0.235405990797935E-01   -0.312133075015714E-01
   -0.196041829056792E-01   -0.311121164467784E-01
   -0.153429949307356E-01   -0.303831320893550E-01
   -0.109419216135634E-01   -0.291220381011808E-01
   -0.657634238510574E-02   -0.274439208251837E-01
   -0.237004504711852E-02   -0.254634625564303E-01
    0.159151271139006E-02   -0.232808995403475E-01
    0.524714891175736E-02   -0.210004583527463E-01
    0.858023642147996E-02   -0.186892350781560E-01
    0.115727006969488E-01   -0.164296337186353E-01
    0.142457698727109E-01   -0.142570174607773E-01
    0.165996166590938E-01   -0.122312393818210E-01
    0.186648025060838E-01   -0.103646323892991E-01
    0.204372838920244E-01   -0.869575411326109E-02
    0.219343124974482E-01   -0.722148477890320E-02
    0.231315256457844E-01   -0.595730086504896E-02
    0.240188040470308E-01   -0.488772323257872E-02
    0.245457274428161E-01   -0.400100564290940E-02
    0.246743957012940E-01   -0.327015735190302E-02
    0.243332276679475E-01   -0.265781966357652E-02
    0.234666474436089E-01   -0.213076014929958E-02
    0.219790311570141E-01   -0.165054725159455E-02
    0.197874911605542E-01   -0.119734280961153E-02
    0.167227447365625E-01   -0.771330445096995E-03
    0.126052712865314E-01   -0.379923779397995E-03
    0.713121125908737E-02   -0.109209093174395E-03
    0.000000000000000E+00    0.000000000000000E+00
    0.000000000000000E+00    0.000000000000000E+00
   -0.579498904700038E-03   -0.192410363594847E-03
   -0.249851810727175E-02   -0.848592417785044E-03
   -0.552234184577365E-02   -0.204418753170781E-02
   -0.932833523011296E-02   -0.383950327281977E-02
   -0.135305318209269E-01   -0.621121249699452E-02
   -0.177541407636814E-01   -0.908579722132194E-02
   -0.216196393899174E-01   -0.123440576510706E-01
   -0.248314122710520E-01   -0.157857275806294E-01
   -0.271241894344947E-01   -0.192445463319633E-01
   -0.283830128375500E-01   -0.224821379696844E-01
   -0.285185642146991E-01   -0.253478403946564E-01
   -0.276094337400477E-01   -0.276775129335071E-01
   -0.257284080225367E-01   -0.293804773374931E-01
   -0.230697821223316E-01   -0.304217111830342E-01
   -0.197984703221025E-01   -0.307833485848829E-01
   -0.161214813294559E-01   -0.305364661185740E-01
   -0.122160728959468E-01   -0.297227506833439E-01
   -0.823515831784966E-02   -0.284579670869938E-01
   -0.431493116499647E-02   -0.268191374012012E-01
   -0.537683973854501E-03   -0.249134926718696E-01
    0.301904126534781E-02   -0.228315331852218E-01
    0.632843570392079E-02   -0.206460456827430E-01
    0.936266299255781E-02   -0.184472141143071E-01
    0.121248435710046E-01   -0.162706506543840E-01
    0.146144480155210E-01   -0.141985441440448E-01
    0.168398797002266E-01   -0.122380366653051E-01
    0.188017183381582E-01   -0.104565117219950E-01
    0.204936950573112E-01   -0.884299281069358E-02
    0.218946002729153E-01   -0.743968392729475E-02
    0.229725169067619E-01   -0.622420880661466E-02
    0.236728552251021E-01   -0.520008434039166E-02
    0.239438369196853E-01   -0.433692942042974E-02
    0.237040200496174E-01   -0.359410290124972E-02
    0.229015532329774E-01   -0.293946955028158E-02
    0.214407995194219E-01   -0.231656894995008E-02
    0.192631378951984E-01   -0.171305080550252E-02
    0.162308094414829E-01   -0.112071982566995E-02
    0.121900543168319E-01   -0.559008122727842E-03
    0.687866923679928E-02   -0.164096970965444E-03
    0.000000000000000E+00    0.000000000000000E+00
    0.000000000000000E+00    0.000000000000000E+00
   -0.215975447412013E-03   -0.153535315323542E-03
   -0.166995600156704E-02   -0.691005753633188E-03
   -0.414761778720665E-02   -0.169272414636409E-02
   -0.738438110118750E-02   -0.322930307710901E-02
   -0.110538968345827E-01   -0.528954642466186E-02
   -0.148258335686791E-01   -0.783713105158486E-02
   -0.183878676554645E-01   -0.107671143934471E-01
   -0.214575300619859E-01   -0.139375099181793E-01
   -0.238122127015615E-01   -0.171884868896928E-01
   -0.253048591174131E-01   -0.203310636295700E-01
   -0.258493180252639E-01   -0.232105865819279E-01
   -0.254646153704256E-01   -0.256732358850465E-01
   -0.241929365368784E-01   -0.276195096853888E-01
   -0.221758044106785E-01   -0.289821544365914E-01
   -0.195326701053442E-01   -0.297361554923853E-01
   -0.164469468011251E-01   -0.298998567223551E-01
   -0.130547086640720E-01   -0.295118603307235E-01
   -0.951336184556354E-02   -0.286410227538917E-01
   -0.593331394203037E-02   -0.273638961855664E-01
   -0.241414149946153E-02   -0.257612770670892E-01
    0.974533680173954E-03   -0.239231628321655E-01
    0.419109243135986E-02   -0.219178413472946E-01
    0.720034905179203E-02   -0.198336558803793E-01
    0.100007714555460E-01   -0.177178883778933E-01
    0.125732255464025E-01   -0.156500102781578E-01
    0.149315124485125E-01   -0.136574505341073E-01
    0.170498474450113E-01   -0.118057846977051E-01
    0.189313187745198E-01   -0.101058691797503E-01
    0.205238153534107E-01   -0.860013424190851E-02
    0.218003099835663E-01   -0.728295012111270E-02
    0.226764734878993E-01   -0.615892194403571E-02
    0.230962733405129E-01   -0.520256851614186E-02
    0.229610700386793E-01   -0.437275077339486E-02
    0.222148635102810E-01   -0.362647397403193E-02
    0.207702599351210E-01   -0.290637937079743E-02
    0.185923811103541E-01   -0.218304385505906E-02
    0.155720700064955E-01   -0.145472516405564E-02
    0.116243983638953E-01   -0.745520343987540E-03
    0.651185481208713E-02   -0.221081772543708E-03
    0.000000000000000E+00    0.000000000000000E+00
    0.000000000000000E+00    0.000000000000000E+00
    0.724147844391489E-04   -0.116243090620079E-03
   -0.980737551950521E-03   -0.542960005320130E-03
   -0.299048130232890E-02   -0.136337459533814E-02
   -0.572044326336576E-02   -0.265159716509261E-02
   -0.889311503472422E-02   -0.441550728751838E-02
   -0.122365575111197E-01   -0.663242389237697E-02
   -0.154695747878215E-01   -0.923370208072662E-02
   -0.183615019399509E-01   -0.120968815172997E-01
   -0.206897272807579E-01   -0.151034319500313E-01
   -0.223298193673594E-01   -0.180777339684642E-01
   -0.231648634846259E-01   -0.208918688110287E-01
   -0.232018006232400E-01   -0.233925068943284E-01
   -0.224384555628032E-01   -0.254779553997315E-01
   -0.209824861443703E-01   -0.270735078316240E-01
   -0.189164386693371E-01   -0.281231418789910E-01
   -0.163865763031156E-01   -0.286397342371805E-01
   -0.135108654002638E-01   -0.286155398039890E-01
   -0.104192647837153E-01   -0.281212230162056E-01
   -0.722076107603469E-02   -0.271889120221309E-01
   -0.400214093458790E-02   -0.259063940348505E-01
   -0.838175355255700E-03   -0.243340218514315E-01
    0.222758816602688E-02   -0.225462353649438E-01
    0.515847748445161E-02   -0.206225524586970E-01
    0.793848483863552E-02   -0.186104464984674E-01
    0.105552968211457E-01   -0.166012010575730E-01
    0.129984737586366E-01   -0.146146971543316E-01
    0.152550877646398E-01   -0.127449834173937E-01
    0.172971340444668E-01   -0.109899944624280E-01
    0.190825516777003E-01   -0.942781727366615E-02
    0.205507910489328E-01   -0.803957193802055E-02
    0.216141650170514E-01   -0.685782574303156E-02
    0.221901862794510E-01   -0.584793149003842E-02
    0.221610264927379E-01   -0.497277730998215E-02
    0.214712900474927E-01   -0.418617496022361E-02
    0.200191740436591E-01   -0.340567130361384E-02
    0.178161919295422E-01   -0.260759279982612E-02
    0.147871685791674E-01   -0.176482395901059E-02
    0.109206353228773E-01   -0.914119279775899E-03
    0.605610333946315E-02   -0.276653705554482E-03
    0.000000000000000E+00    0.000000000000000E+00
    0.000000000000000E+00    0.000000000000000E+00
    0.290794953630507E-03   -0.840783345602368E-04
   -0.442442001340503E-03   -0.410768503916662E-03
   -0.204429553930655E-02   -0.106523123973392E-02
   -0.432433068282473E-02   -0.212611110461791E-02
   -0.704698939345613E-02   -0.360868779849923E-02
   -0.997565255654765E-02   -0.551305899624152E-02
   -0.128804415177535E-01   -0.778150927638476E-02
   -0.155479031343754E-01   -0.103326449867144E-01
   -0.177961612226242E-01   -0.130560749677186E-01
   -0.194882078187346E-01   -0.158192361986367E-01
   -0.205241565375527E-01   -0.184963561445902E-01
   -0.208743179616683E-01   -0.209565150429868E-01
   -0.205273070959356E-01   -0.230962431716862E-01
   -0.195496854562084E-01   -0.248312834216612E-01
   -0.179962098695034E-01   -0.261038503890205E-01
   -0.159862228074724E-01   -0.268922747673535E-01
   -0.136038172508353E-01   -0.271888817667828E-01
   -0.109720099982099E-01   -0.270224588166285E-01
   -0.817118891168549E-02   -0.264254916861724E-01
   -0.529396598484426E-02   -0.254526944512030E-01
   -0.239883115031768E-02   -0.241627017129607E-01
    0.463650853771271E-03   -0.226139023502505E-01
    0.325802326504933E-02   -0.208805004029527E-01
    0.596997981220501E-02   -0.190120833686520E-01
    0.857317441045248E-02   -0.170917870347143E-01
    0.110706636828157E-01   -0.151563188257695E-01
    0.134208143046593E-01   -0.132923419226792E-01
    0.156160073770384E-01   -0.115233092598135E-01
    0.175722917658058E-01   -0.992359769074373E-02
    0.192442712231630E-01   -0.849978534049650E-02
    0.204959341338526E-01   -0.728432894779353E-02
    0.212414176215616E-01   -0.625573087084489E-02
    0.213269009095217E-01   -0.537476776563814E-02
    0.206830289992326E-01   -0.458503840990550E-02
    0.192141381745921E-01   -0.379783757822219E-02
    0.169513127064487E-01   -0.296112917239090E-02
    0.138801023505828E-01   -0.204826261983762E-02
    0.100880250695349E-01   -0.108652559410386E-02
    0.548733243597974E-02   -0.333362163423883E-03
    0.000000000000000E+00    0.000000000000000E+00
    0.000000000000000E+00    0.000000000000000E+00
    0.445841391696184E-03   -0.542609203090681E-04
   -0.216283372415242E-04   -0.291994220723267E-03
   -0.128502218119850E-02   -0.797176395692975E-03
   -0.317288453386356E-02   -0.164963340790376E-02
   -0.548798319766104E-02   -0.287506048556091E-02
   -0.803531214477839E-02   -0.448174238475027E-02
   -0.106123412906037E-01   -0.643587638290015E-02
   -0.130466943268649E-01   -0.867053683925005E-02
   -0.151646794872386E-01   -0.111064655769178E-01
   -0.168554800931320E-01   -0.136251389641856E-01
   -0.180054306461809E-01   -0.161266083721112E-01
   -0.185881955571680E-01   -0.184876869563248E-01
   -0.185645148143766E-01   -0.206128990204397E-01
   -0.179845013579082E-01   -0.224197194142033E-01
   -0.168742068464632E-01   -0.238350488938759E-01
   -0.153267520784509E-01   -0.248383309973733E-01
   -0.134069520751629E-01   -0.253873304068400E-01
   -0.112122268482834E-01   -0.255162655285388E-01
   -0.881513983005132E-02   -0.252140750930595E-01
   -0.629085032653736E-02   -0.245451246550477E-01
   -0.369509681685752E-02   -0.235286172119466E-01
   -0.107378073982543E-02   -0.222327580573350E-01
    0.154429285229065E-02   -0.207060575565418E-01
    0.413522844837026E-02   -0.190020811107742E-01
    0.669050976963909E-02   -0.172005414540108E-01
    0.918795614857651E-02   -0.153319437587412E-01
    0.116144220233104E-01   -0.135060632285629E-01
    0.139230249279683E-01   -0.117294816578841E-01
    0.160570575744254E-01   -0.101222223399448E-01
    0.179209968318551E-01   -0.866815042818784E-02
    0.193854009668487E-01   -0.744966678282093E-02
    0.203158086885827E-01   -0.642559737284614E-02
    0.205302650622394E-01   -0.557704189475903E-02
    0.199464119206609E-01   -0.483518358442711E-02
    0.184293332321964E-01   -0.408206863918002E-02
    0.160785114554027E-01   -0.326336733727044E-02
    0.129055872083564E-01   -0.230465048777891E-02
    0.914464326293382E-02   -0.124036764357890E-02
    0.483348412573188E-02   -0.389644277660864E-03
    0.000000000000000E+00    0.000000000000000E+00
    0.000000000000000E+00    0.000000000000000E+00
    0.548023247146034E-03   -0.301974369459914E-04
    0.280124801004606E-03   -0.190716296099402E-03
   -0.695218115204676E-03   -0.565281421468830E-03
   -0.224400706699559E-02   -0.123413461223476E-02
   -0.419834402235485E-02   -0.222679614428167E-02
   -0.639130420398050E-02   -0.356485831022894E-02
   -0.865793019774077E-02   -0.522170433937533E-02
   -0.108429679790021E-01   -0.715846544898255E-02
   -0.128069736813956E-01   -0.930261277141686E-02
   -0.144368948444033E-01   -0.115701581369219E-01
   -0.156408247436715E-01   -0.138647541063845E-01
   -0.163715150701992E-01   -0.160892366465335E-01
   -0.165940956276956E-01   -0.181489741484822E-01
   -0.163294472165488E-01   -0.199669379192709E-01
   -0.155918181468407E-01   -0.214703840891956E-01
   -0.144501060624110E-01   -0.226222933925429E-01
   -0.129471679537716E-01   -0.233812936629822E-01
   -0.111683205616757E-01   -0.237519502188057E-01
   -0.916200611819520E-02   -0.237232918958968E-01
   -0.700195283048465E-02   -0.233288767077196E-01
   -0.472536075844848E-02   -0.225851038016843E-01
   -0.237891834024422E-02   -0.215393347826147E-01
    0.159647163860086E-04   -0.202299850857168E-01
    0.244480011144125E-02   -0.187061502098985E-01
    0.489076420275250E-02   -0.170327640785609E-01
    0.735621065775360E-02   -0.152544104100571E-01
    0.979955591887460E-02   -0.134644184706242E-01
    0.122147179666427E-01   -0.116999784711614E-01
    0.144911735659424E-01   -0.100721487614427E-01
    0.165710654616615E-01   -0.860318168125219E-02
    0.182472441556830E-01   -0.737441264579391E-02
    0.193947350239862E-01   -0.637433958858020E-02
    0.197568710041830E-01   -0.557741522673680E-02
    0.192310223799860E-01   -0.491206061790916E-02
    0.176691533856242E-01   -0.424516235888296E-02
    0.151765879839723E-01   -0.348008341286710E-02
    0.118640099748019E-01   -0.253110115831164E-02
    0.809884158473009E-02   -0.139949018084040E-02
    0.406866625629091E-02   -0.448053435025425E-03
    0.000000000000000E+00    0.000000000000000E+00
    0.000000000000000E+00    0.000000000000000E+00
    0.601801374078789E-03   -0.886613918857881E-05
    0.492212742909379E-03   -0.104705028441396E-03
   -0.252663676851501E-03   -0.367059198953859E-03
   -0.151128726921686E-02   -0.875571651744910E-03
   -0.314627715373276E-02   -0.166480447842674E-02
   -0.501988949789531E-02   -0.276045408631679E-02
   -0.699021256737035E-02   -0.415131870129717E-02
   -0.893256939158462E-02   -0.580793266387651E-02
   -0.107187109955740E-01   -0.768042718499709E-02
   -0.122594691633217E-01   -0.969593479549617E-02
   -0.134591121433875E-01   -0.117806637605929E-01
   -0.142809757203720E-01   -0.138460257990728E-01
   -0.146744774194859E-01   -0.158106681057161E-01
   -0.146565118282647E-01   -0.176022631775673E-01
   -0.142215768796362E-01   -0.191453031726573E-01
   -0.134238009866660E-01   -0.204064319529553E-01
   -0.122903580354409E-01   -0.213230988037683E-01
   -0.108871156236278E-01   -0.219063711989389E-01
   -0.925387222789861E-02   -0.221097799301142E-01
   -0.744733901115271E-02   -0.219779932397580E-01
   -0.549949872496426E-02   -0.214851193227191E-01
   -0.344741090259451E-02   -0.206933465180829E-01
   -0.130229649331431E-02   -0.195987825067430E-01
    0.917179017831704E-03   -0.182619295874040E-01
    0.322352008230538E-02   -0.167246529647287E-01
    0.559465995784321E-02   -0.150343290078179E-01
    0.803950376971705E-02   -0.132889197024131E-01
    0.105043189815660E-01   -0.115103799554054E-01
    0.129403034718919E-01   -0.986634170405028E-02
    0.152159700415502E-01   -0.834632035904392E-02
    0.171554944615403E-01   -0.711594792968440E-02
    0.185497268937317E-01   -0.612672744888775E-02
    0.191102402421579E-01   -0.540793028698669E-02
    0.186848329075883E-01   -0.485316138543121E-02
    0.170514110305363E-01   -0.431155047535521E-02
    0.143970771433654E-01   -0.366336297145104E-02
    0.108274902457709E-01   -0.274471587853046E-02
    0.697414362795783E-02   -0.155119887971061E-02
    0.321418160175581E-02   -0.511849912375758E-03
    0.000000000000000E+00    0.000000000000000E+00
    0.000000000000000E+00    0.000000000000000E+00
    0.620290226594746E-03    0.697220473633864E-05
    0.618509606716064E-03   -0.352137609736981E-04
    0.656902924678547E-04   -0.204472890607599E-03
   -0.947340872810655E-03   -0.577829443833241E-03
   -0.230350008730077E-02   -0.119165220931222E-02
   -0.388762540076333E-02   -0.207882903869062E-02
   -0.558452156496622E-02   -0.323253701877927E-02
   -0.728495245955910E-02   -0.464189963401893E-02
   -0.888752095894661E-02   -0.626155676503965E-02
   -0.103055617253087E-01   -0.804492661271633E-02
   -0.114649659697420E-01   -0.992064208893625E-02
   -0.123175257306196E-01   -0.118253131834742E-01
   -0.128247025445714E-01   -0.136774164274119E-01
   -0.129830346554296E-01   -0.154192948258058E-01
   -0.127878699810146E-01   -0.169737715487155E-01
   -0.122728933282883E-01   -0.183070791940805E-01
   -0.114562387457518E-01   -0.193540569355121E-01
   -0.103901505442970E-01   -0.201118576028662E-01
   -0.909976065606527E-02   -0.205308608973291E-01
   -0.763758600475740E-02   -0.206355544242911E-01
   -0.602071414885327E-02   -0.203911895763311E-01
   -0.428182878972306E-02   -0.198438271920310E-01
   -0.242217152794069E-02   -0.189711550057030E-01
   -0.448327925646205E-03   -0.178274083697164E-01
    0.165013546042765E-02   -0.164292015842348E-01
    0.388703525824558E-02   -0.148384488354611E-01
    0.624947734088579E-02   -0.131166084197594E-01
    0.875239448123909E-02   -0.113250723763679E-01
    0.112840361980966E-01   -0.961367287972119E-02
    0.137950286263937E-01   -0.803184520260923E-02
    0.159857308413581E-01   -0.674173781795506E-02
    0.176982772176822E-01   -0.575356254408992E-02
    0.184968994097726E-01   -0.509185822856814E-02
    0.182024563052037E-01   -0.465950139564913E-02
    0.165242173335320E-01   -0.427945161652796E-02
    0.136347753579474E-01   -0.377829437811866E-02
    0.977152706382474E-02   -0.294714762881512E-02
    0.575514041766976E-02   -0.172239328944936E-02
    0.223499119233803E-02   -0.583477951879224E-03
    0.000000000000000E+00    0.000000000000000E+00
    0.000000000000000E+00    0.000000000000000E+00
    0.605763451587764E-03    0.203704983865276E-04
    0.683580345189468E-03    0.203477549904809E-04
    0.278284916991887E-03   -0.724872145861861E-04
   -0.527026103528716E-03   -0.333379586446868E-03
   -0.163959925264615E-02   -0.800870104540360E-03
   -0.296465605637289E-02   -0.150950882446608E-02
   -0.440611226294848E-02   -0.246221135135774E-02
   -0.587676048840469E-02   -0.365368523507891E-02
   -0.728669724203945E-02   -0.505474362551766E-02
   -0.856901435832456E-02   -0.662588509882232E-02
   -0.965072430397429E-02   -0.831484594804721E-02
   -0.104968099982689E-01   -0.100635223071930E-01
   -0.110604009715856E-01   -0.118069362490173E-01
   -0.113422653151806E-01   -0.134892252761818E-01
   -0.113246749965572E-01   -0.150412839256278E-01
   -0.110367418016380E-01   -0.164291903414123E-01
   -0.104850348822104E-01   -0.175822802244819E-01
   -0.971091369147133E-02   -0.184987259673929E-01
   -0.873289212296070E-02   -0.191098950735359E-01
   -0.758996493457176E-02   -0.194480025830479E-01
   -0.629825023338291E-02   -0.194396742119987E-01
   -0.487745146582450E-02   -0.191452994642612E-01
   -0.332056400429953E-02   -0.184940662032288E-01
   -0.163533200471898E-02   -0.175616391223616E-01
    0.220901368489938E-03   -0.163102755527387E-01
    0.224628798934012E-02   -0.148230508815909E-01
    0.450624539706604E-02   -0.131202396107068E-01
    0.695471669602798E-02   -0.112734446824347E-01
    0.960721984922924E-02   -0.947790522997329E-02
    0.123077941015774E-01   -0.774631001483687E-02
    0.148481612507571E-01   -0.638071720908651E-02
    0.169187303493847E-01   -0.531321035523714E-02
    0.180685597293065E-01   -0.471602131629051E-02
    0.179910476654053E-01   -0.441439184356551E-02
    0.162625563559363E-01   -0.422934756521954E-02
    0.131445394871252E-01   -0.393639432277995E-02
    0.879730680996797E-02   -0.320128022980917E-02
    0.448491520715997E-02   -0.192176391380543E-02
    0.114140742424306E-02   -0.676444545620731E-03
    0.000000000000000E+00    0.000000000000000E+00
    0.000000000000000E+00    0.000000000000000E+00
    0.570531625423936E-03    0.296611942409177E-04
    0.692195219858219E-03    0.636790343288937E-04
    0.408150770410065E-03    0.312697096176370E-04
   -0.223279335543240E-03   -0.138174614546871E-03
   -0.112307465311822E-02   -0.484819954642977E-03
   -0.221516648062995E-02   -0.104607270312823E-02
   -0.342192665476713E-02   -0.182852040989590E-02
   -0.466990499582467E-02   -0.283783002248036E-02
   -0.588930276435419E-02   -0.404863249889287E-02
   -0.701776806305244E-02   -0.543958468616626E-02
   -0.800158100922427E-02   -0.696006096516968E-02
   -0.879939671344628E-02   -0.857321020371054E-02
   -0.937991975441137E-02   -0.102122217096494E-01
   -0.972911653551051E-02   -0.118398375130110E-01
   -0.983883899140253E-02   -0.133817921320241E-01
   -0.972059485868322E-02   -0.148154069641993E-01
   -0.938346321301690E-02   -0.160625811528674E-01
   -0.885550844138069E-02   -0.171231849251237E-01
   -0.815227722589410E-02   -0.179196552121997E-01
   -0.730615078097937E-02   -0.184809705917569E-01
   -0.632524154955988E-02   -0.187154490031240E-01
   -0.522421443353128E-02   -0.186757383765212E-01
   -0.399003902124831E-02   -0.182720036334780E-01
   -0.263082768981194E-02   -0.175783745248242E-01
   -0.109765223223396E-02   -0.165010112316858E-01
    0.657542681693361E-03   -0.151444823919370E-01
    0.269456479464276E-02   -0.134625482598790E-01
    0.504468124015319E-02   -0.115852827236380E-01
    0.767779416329235E-02   -0.963614667982158E-02
    0.106120440530222E-01   -0.772820525320724E-02
    0.134610257478488E-01   -0.616485404947919E-02
    0.160328034092146E-01   -0.498569868667418E-02
    0.175785354003305E-01   -0.437052536854980E-02
    0.177944386471351E-01   -0.419751800846527E-02
    0.160428642287348E-01   -0.419609450931910E-02
    0.125979551091771E-01   -0.410391552291105E-02
    0.777663780818501E-02   -0.350022525399687E-02
    0.306700641040682E-02   -0.216784946449040E-02
   -0.110080451533878E-03   -0.781767199774764E-03
    0.000000000000000E+00    0.000000000000000E+00
    0.000000000000000E+00    0.000000000000000E+00
    0.514789777003634E-03    0.373913775737636E-04
    0.662263709475494E-03    0.976672241726778E-04
    0.467192603457020E-03    0.114143799852043E-03
   -0.171545250980604E-04    0.184818676676699E-04
   -0.731101427210038E-03   -0.230023521449622E-03
   -0.161295608058193E-02   -0.669888148212028E-03
   -0.260098633084362E-02   -0.131299689708387E-02
   -0.363752607979657E-02   -0.216910149276514E-02
   -0.466345897597743E-02   -0.322341189313979E-02
   -0.563231767665370E-02   -0.445899903601787E-02
   -0.649343375104014E-02   -0.584053422933926E-02
   -0.721915941343153E-02   -0.733259711047939E-02
   -0.777344371394192E-02   -0.888640022446458E-02
   -0.815163324684958E-02   -0.104610518775620E-01
   -0.833594523479963E-02   -0.119993763355626E-01
   -0.834160978580443E-02   -0.134704070377135E-01
   -0.816816180397532E-02   -0.148083728262206E-01
   -0.784150987563892E-02   -0.160036491210478E-01
   -0.737314294480871E-02   -0.169816895427854E-01
   -0.678688203479737E-02   -0.177678230438838E-01
   -0.609624690899414E-02   -0.182502466896654E-01
   -0.530458873974971E-02   -0.184844544675680E-01
   -0.440275854860452E-02   -0.183542626174847E-01
   -0.338830512382855E-02   -0.179643143349079E-01
   -0.221362308340967E-02   -0.171121000399455E-01
   -0.820141303038850E-03   -0.159342255478065E-01
    0.946208870700563E-03   -0.142966392746215E-01
    0.305716750661322E-02   -0.124316846134177E-01
    0.569711965518498E-02   -0.103318806657578E-01
    0.874100520489544E-02   -0.809077366794825E-02
    0.120504990701783E-01   -0.631160810053853E-02
    0.151699749783407E-01   -0.488608383376109E-02
    0.173261537953776E-01   -0.427481846231772E-02
    0.179707802752091E-01   -0.419492365741651E-02
    0.162747282283565E-01   -0.440819399620647E-02
    0.125428622981270E-01   -0.450681939517549E-02
    0.692610131403447E-02   -0.399045926951322E-02
    0.160643464298968E-02   -0.252234647326757E-02
   -0.159233101670149E-02   -0.917067225841873E-03
    0.000000000000000E+00    0.000000000000000E+00
    0.000000000000000E+00    0.000000000000000E+00
    0.446753811393594E-03    0.430032918649027E-04
    0.596532892522377E-03    0.125023495660295E-03
    0.474334492582621E-03    0.179760671179310E-03
    0.113246114759485E-03    0.144526631977887E-03
   -0.435856902733701E-03   -0.241187758059856E-04
   -0.112764627967005E-02   -0.363243235611341E-03
   -0.191231768254227E-02   -0.890300615483143E-03
   -0.274531699615170E-02   -0.161824125345384E-02
   -0.358148528786078E-02   -0.253864934920121E-02
   -0.438078304301838E-02   -0.364332732270931E-02
   -0.510784185666705E-02   -0.490121682228419E-02
   -0.573270981080740E-02   -0.629035054278778E-02
   -0.623448393467325E-02   -0.776204728025081E-02
   -0.659820457768903E-02   -0.929120183182178E-02
   -0.681905017602722E-02   -0.108162729541259E-01
   -0.689795855807038E-02   -0.123208974534620E-01
   -0.684358309452544E-02   -0.137323327968645E-01
   -0.666965854355623E-02   -0.150519915537239E-01
   -0.639169341358106E-02   -0.161964441004846E-01
   -0.602634472787064E-02   -0.171975945420062E-01
   -0.558481137528985E-02   -0.179344684430052E-01
   -0.507990264264269E-02   -0.184567934468599E-01
   -0.450237192446445E-02   -0.186424937200495E-01
   -0.386038157289459E-02   -0.186077498536702E-01
   -0.308880666511739E-02   -0.180637400983732E-01
   -0.209916399407017E-02   -0.171474488966809E-01
   -0.753779775800783E-03   -0.156878880761647E-01
    0.978816544506977E-03   -0.139941442370468E-01
    0.334752851443639E-02   -0.117353547268966E-01
    0.653343495842743E-02   -0.921104799693269E-02
    0.101167376020642E-01   -0.707035518453987E-02
    0.140146650751998E-01   -0.543102438225999E-02
    0.167264166216167E-01   -0.462303400805720E-02
    0.179664316895056E-01   -0.458440980858918E-02
    0.164429143705202E-01   -0.492034239983823E-02
    0.123559335630692E-01   -0.516748579907958E-02
    0.602036789905094E-02   -0.469662646335986E-02
   -0.125543624531272E-03   -0.306390897713283E-02
   -0.332540684922148E-02   -0.112932200094056E-02
    0.000000000000000E+00    0.000000000000000E+00
    0.000000000000000E+00    0.000000000000000E+00
    0.365257231291426E-03    0.484685251741690E-04
    0.506005380759516E-03    0.147340431336320E-03
    0.433768671126939E-03    0.233749019630328E-03
    0.177618513575660E-03    0.246862716022733E-03
   -0.227320662748869E-03    0.145258343903412E-03
   -0.745663621473638E-03   -0.110192481429139E-03
   -0.134097310402702E-02   -0.537416523377220E-03
   -0.197999016523605E-02   -0.115458059966660E-02
   -0.262744385807581E-02   -0.195728793524805E-02
   -0.325574400327834E-02   -0.294261007947292E-02
   -0.383358566804683E-02   -0.408854167603456E-02
   -0.434360064049568E-02   -0.537456219141914E-02
   -0.476216723685025E-02   -0.676696789607066E-02
   -0.508557049638197E-02   -0.823541550280186E-02
   -0.530105036273737E-02   -0.973870082131957E-02
   -0.541781525600870E-02   -0.112478706049168E-01
   -0.543532929371281E-02   -0.127147658934531E-01
   -0.537078312779415E-02   -0.141239045078130E-01
   -0.523609425802360E-02   -0.154146106980142E-01
   -0.504436068553621E-02   -0.166013977620455E-01
   -0.481510426528550E-02   -0.175829119966754E-01
   -0.454963491241545E-02   -0.183997120071938E-01
   -0.426869536332747E-02   -0.189402739041203E-01
   -0.395006663683623E-02   -0.193386347698753E-01
   -0.358363038990850E-02   -0.191908146082386E-01
   -0.305381970504018E-02   -0.186972572265591E-01
   -0.223130311537440E-02   -0.176028816829351E-01
   -0.104766515569217E-02   -0.163806703044602E-01
    0.107936620624618E-02   -0.139679828788464E-01
    0.408587744138229E-02   -0.111578174440831E-01
    0.824244340848516E-02   -0.887785847396432E-02
    0.128068541272326E-01   -0.679434096128456E-02
    0.164962736095405E-01   -0.595041473855720E-02
    0.183897870716461E-01   -0.575564421419924E-02
    0.171472972100012E-01   -0.616111348131715E-02
    0.127055201565383E-01   -0.652759974854832E-02
    0.495928952515029E-02   -0.597316458075863E-02
   -0.213135619923794E-02   -0.398517405352021E-02
   -0.559276831103942E-02   -0.151770599103697E-02
    0.000000000000000E+00    0.000000000000000E+00
    0.000000000000000E+00    0.000000000000000E+00
    0.277079439291570E-03    0.514711565952601E-04
    0.393593531955325E-03    0.162598859982567E-03
    0.360848257863917E-03    0.272194436798443E-03
    0.191205658883303E-03    0.326020687017815E-03
   -0.852860894288511E-04    0.279671869112101E-03
   -0.448184431262714E-03    0.100706068218987E-03
   -0.867144286034667E-03   -0.237460151404993E-03
   -0.132313858940878E-02   -0.747232606216933E-03
   -0.178796773420144E-02   -0.143597880502467E-02
   -0.224436391160816E-02   -0.229779679298534E-02
   -0.266930920245500E-02   -0.332219335393198E-02
   -0.304944131722895E-02   -0.448974774603838E-02
   -0.337006067624775E-02   -0.577536576194534E-02
   -0.362471157907105E-02   -0.715364296783939E-02
   -0.380871259255906E-02   -0.858869132030972E-02
   -0.392427257269147E-02   -0.100581637831926E-01
   -0.397611804049976E-02   -0.115185046972770E-01
   -0.397456379616023E-02   -0.129597465395615E-01
   -0.393078875887679E-02   -0.143296087967017E-01
   -0.385914133519265E-02   -0.156396433012617E-01
   -0.377323391805227E-02   -0.168140275584255E-01
   -0.369585536166984E-02   -0.178819104167491E-01
   -0.363493300667035E-02   -0.187575959214839E-01
   -0.358372819972610E-02   -0.195611165804148E-01
   -0.352765340741291E-02   -0.199419793595232E-01
   -0.345219952045322E-02   -0.200166805527872E-01
   -0.324952269058720E-02   -0.195521347642547E-01
   -0.281174638036885E-02   -0.190688804219418E-01
   -0.142931406174942E-02   -0.169660100929985E-01
    0.115784987725260E-02   -0.145312542581581E-01
    0.503828440549622E-02   -0.118723161074535E-01
    0.105712823574697E-01   -0.954180687125716E-02
    0.153326200092818E-01   -0.829943591119307E-02
    0.183573757965028E-01   -0.816683122516583E-02
    0.174338171787695E-01   -0.834207172145715E-02
    0.121366129659569E-01   -0.884348813010058E-02
    0.310559939020480E-02   -0.795623318731782E-02
   -0.523625850477323E-02   -0.523163297519269E-02
   -0.875941270607105E-02   -0.202679925828951E-02
    0.000000000000000E+00    0.000000000000000E+00
    0.000000000000000E+00    0.000000000000000E+00
    0.181747557162241E-03    0.518973712607667E-04
    0.269252953066545E-03    0.165745663073694E-03
    0.258959118208393E-03    0.288990552041425E-03
    0.160249531602982E-03    0.370755722173947E-03
   -0.846417317472031E-05    0.371710448118407E-03
   -0.233858776027807E-03    0.258480398465975E-03
   -0.496321848701779E-03    0.983791018505015E-05
   -0.784350359934807E-03   -0.393987485571892E-03
   -0.107975626933799E-02   -0.954757213673505E-03
   -0.137278094882293E-02   -0.167751252439800E-02
   -0.164718419454273E-02   -0.254894397895213E-02
   -0.189695403576977E-02   -0.355986096348524E-02
   -0.210945391131352E-02   -0.468751272508436E-02
   -0.228455748412946E-02   -0.591238047522782E-02
   -0.241504901540505E-02   -0.720752377268427E-02
   -0.250721361368414E-02   -0.855037284964278E-02
   -0.256079691573182E-02   -0.991334846483461E-02
   -0.258632777242635E-02   -0.112808613005323E-01
   -0.259211102510784E-02   -0.126225607933933E-01
   -0.258730280798348E-02   -0.139401169704094E-01
   -0.259087906233455E-02   -0.151957313236630E-01
   -0.261119343293697E-02   -0.164149908038941E-01
   -0.268897769566687E-02   -0.175374122112005E-01
   -0.278617201245067E-02   -0.186872233075720E-01
   -0.296425569662583E-02   -0.195586873154294E-01
   -0.313762821588270E-02   -0.203212613121371E-01
   -0.348872496751746E-02   -0.209126367704912E-01
   -0.374940510983393E-02   -0.216629966172078E-01
   -0.317715141433894E-02   -0.199970247091989E-01
   -0.119326888790230E-02   -0.187044433757507E-01
    0.317291902135609E-02   -0.167206083829441E-01
    0.866065707297822E-02   -0.131873255042188E-01
    0.151797560549321E-01   -0.125520072816893E-01
    0.188242868143322E-01   -0.120804846035542E-01
    0.177574004826112E-01   -0.119748722976656E-01
    0.121362022600074E-01   -0.124575015976471E-01
    0.164562385520862E-02   -0.105767505683455E-01
   -0.824324683240416E-02   -0.682913296030308E-02
   -0.124252535693385E-01   -0.271001255401213E-02
    0.000000000000000E+00    0.000000000000000E+00
    0.000000000000000E+00    0.000000000000000E+00
    0.915352407217476E-04    0.427242524426059E-04
    0.141883189054061E-03    0.144776248746007E-03
    0.146175986316272E-03    0.263984655261320E-03
    0.100597732403746E-03    0.357859172034533E-03
    0.224601266230438E-04    0.390037907060847E-03
   -0.900187065126155E-04    0.337980875157982E-03
   -0.216498007392620E-03    0.175617271838601E-03
   -0.362281769700132E-03   -0.105904913849224E-03
   -0.507342585342257E-03   -0.518613229252402E-03
   -0.657477666078224E-03   -0.105930986052140E-02
   -0.794594404493476E-03   -0.172693070133840E-02
   -0.924617111640684E-03   -0.250916582705386E-02
   -0.103318993306857E-02   -0.339417114826695E-02
   -0.112714758080943E-02   -0.436458326601356E-02
   -0.119663577298300E-02   -0.540222410879948E-02
   -0.125093320540713E-02   -0.648950552941075E-02
   -0.128373256270731E-02   -0.760806006940981E-02
   -0.130823279302443E-02   -0.874476009638010E-02
   -0.131912522979208E-02   -0.988657780180283E-02
   -0.133628477378385E-02   -0.110256332368713E-01
   -0.135378632363267E-02   -0.121647956754159E-01
   -0.140294456269957E-02   -0.133048268344632E-01
   -0.147061002355055E-02   -0.144622089206095E-01
   -0.158212540174885E-02   -0.156619936456330E-01
   -0.170843048324883E-02   -0.168744144211643E-01
   -0.195346325608865E-02   -0.180729181174142E-01
   -0.231832666677080E-02   -0.194091681998533E-01
   -0.284713840833334E-02   -0.208786030043924E-01
   -0.301405213739906E-02   -0.211748116343452E-01
   -0.218085387365293E-02   -0.226055616931131E-01
    0.405562213829548E-03   -0.208039428925815E-01
    0.696838342136809E-02   -0.179828816159315E-01
    0.153773866434497E-01   -0.170902880221938E-01
    0.189592077251533E-01   -0.169388662896820E-01
    0.177221842140020E-01   -0.167924036763517E-01
    0.104081494957947E-01   -0.164458174592367E-01
   -0.125726602880358E-02   -0.133937246250095E-01
   -0.132896326741815E-01   -0.850236502817862E-02
   -0.170273351200933E-01   -0.305078443341097E-02
    0.000000000000000E+00    0.000000000000000E+00
    0.000000000000000E+00    0.000000000000000E+00
    0.219741191364000E-04    0.219741191363094E-04
    0.422332031473461E-04    0.919886834648641E-04
    0.470702539530962E-04    0.175031455777987E-03
    0.336750880248842E-04    0.250993684338165E-03
    0.126498284071702E-04    0.289272699631388E-03
   -0.196265798801183E-04    0.277972129709702E-03
   -0.550949288346015E-04    0.203056120694875E-03
   -0.963130969307057E-04    0.521283035431188E-04
   -0.137964475803408E-03   -0.173283659030560E-03
   -0.180530757813401E-03   -0.483090010047484E-03
   -0.220672017911898E-03   -0.865105940124187E-03
   -0.257629602618761E-03   -0.132494488621435E-02
   -0.290171547057845E-03   -0.184394823865817E-02
   -0.317125026277502E-03   -0.242305264682245E-02
   -0.338939429545711E-03   -0.304239144027720E-02
   -0.355130903478169E-03   -0.369973634677666E-02
   -0.367236454945432E-03   -0.437878120475343E-02
   -0.375958257985681E-03   -0.507750244385571E-02
   -0.382925582212206E-03   -0.578682622351085E-02
   -0.391219632672352E-03   -0.650771682101184E-02
   -0.403695226866311E-03   -0.724479715057000E-02
   -0.426810292279030E-03   -0.801486942828363E-02
   -0.468837224442131E-03   -0.881758390279756E-02
   -0.516197690625538E-03   -0.969684967062607E-02
   -0.566468616393580E-03   -0.106739149060925E-01
   -0.666370234997685E-03   -0.117532297197906E-01
   -0.892690081439503E-03   -0.131178645080052E-01
   -0.119614718852342E-02   -0.153256726198881E-01
   -0.184033634496849E-02   -0.169890690781332E-01
   -0.142102908691492E-02   -0.204816718962829E-01
   -0.274867989295940E-02   -0.222781963508948E-01
    0.329895338608998E-02   -0.151386471423109E-01
    0.148106862596308E-01   -0.173108512540600E-01
    0.204787901876977E-01   -0.207979234679402E-01
    0.175453992297194E-01   -0.221228981741493E-01
    0.842451476827688E-02   -0.209916297284535E-01
   -0.561981172969609E-02   -0.165150305826432E-01
   -0.187157613512317E-01   -0.107155634881895E-01
   -0.242454612339058E-01   -0.444741569745269E-02
    0.000000000000000E+00    0.000000000000000E+00
    0.000000000000000E+00    0.000000000000000E+00
    0.000000000000000E+00    0.000000000000000E+00
    0.000000000000000E+00    0.000000000000000E+00
    0.000000000000000E+00    0.000000000000000E+00
    0.000000000000000E+00    0.000000000000000E+00
    0.000000000000000E+00    0.000000000000000E+00
    0.000000000000000E+00    0.000000000000000E+00
    0.000000000000000E+00    0.000000000000000E+00
    0.000000000000000E+00    0.000000000000000E+00
    0.000000000000000E+00    0.000000000000000E+00
    0.000000000000000E+00    0.000000000000000E+00
    0.000000000000000E+00    0.000000000000000E+00
    0.000000000000000E+00    0.000000000000000E+00
    0.000000000000000E+00    0.000000000000000E+00
    0.000000000000000E+00    0.000000000000000E+00
    0.000000000000000E+00    0.000000000000000E+00
    0.000000000000000E+00    0.000000000000000E+00
    0.000000000000000E+00    0.000000000000000E+00
    0.000000000000000E+00    0.000000000000000E+00
    0.000000000000000E+00    0.000000000000000E+00
    0.000000000000000E+00    0.000000000000000E+00
    0.000000000000000E+00    0.000000000000000E+00
    0.000000000000000E+00    0.000000000000000E+00
    0.000000000000000E+00    0.000000000000000E+00
    0.000000000000000E+00    0.000000000000000E+00
    0.000000000000000E+00    0.000000000000000E+00
    0.000000000000000E+00    0.000000000000000E+00
    0.000000000000000E+00    0.000000000000000E+00
    0.000000000000000E+00    0.000000000000000E+00
    0.000000000000000E+00    0.000000000000000E+00
    0.000000000000000E+00    0.000000000000000E+00
    0.000000000000000E+00    0.000000000000000E+00
    0.000000000000000E+00    0.000000000000000E+00
    0.206030874337421E-01   -0.118479819318678E-01
    0.263661900224148E-01   -0.211824733036463E-01
    0.176754904855270E-01   -0.242996515757935E-01
    0.539855888746707E-02   -0.229065095510450E-01
   -0.103472179124597E-01   -0.190178924897347E-01
   -0.266707362309719E-01   -0.122509912550819E-01
   -0.295979628222120E-01   -0.628176420098284E-02
    0.000000000000000E+00    0.000000000000000E+00
