#  pod_014.txt
#  created by BASIS_WRITE.
#
#  Created on July 18 2003   4:29:18.399 PM
#
#  Velocity vectors.
#
#  Number of records =   1681
#  Singular value S =   0.320385E-02
#
    0.000000000000000E+00    0.000000000000000E+00
    0.000000000000000E+00    0.000000000000000E+00
    0.000000000000000E+00    0.000000000000000E+00
    0.000000000000000E+00    0.000000000000000E+00
    0.000000000000000E+00    0.000000000000000E+00
    0.000000000000000E+00    0.000000000000000E+00
    0.000000000000000E+00    0.000000000000000E+00
    0.000000000000000E+00    0.000000000000000E+00
    0.000000000000000E+00    0.000000000000000E+00
    0.000000000000000E+00    0.000000000000000E+00
    0.000000000000000E+00    0.000000000000000E+00
    0.000000000000000E+00    0.000000000000000E+00
    0.000000000000000E+00    0.000000000000000E+00
    0.000000000000000E+00    0.000000000000000E+00
    0.000000000000000E+00    0.000000000000000E+00
    0.000000000000000E+00    0.000000000000000E+00
    0.000000000000000E+00    0.000000000000000E+00
    0.000000000000000E+00    0.000000000000000E+00
    0.000000000000000E+00    0.000000000000000E+00
    0.000000000000000E+00    0.000000000000000E+00
    0.000000000000000E+00    0.000000000000000E+00
    0.000000000000000E+00    0.000000000000000E+00
    0.000000000000000E+00    0.000000000000000E+00
    0.000000000000000E+00    0.000000000000000E+00
    0.000000000000000E+00    0.000000000000000E+00
    0.000000000000000E+00    0.000000000000000E+00
    0.000000000000000E+00    0.000000000000000E+00
    0.000000000000000E+00    0.000000000000000E+00
    0.000000000000000E+00    0.000000000000000E+00
    0.000000000000000E+00    0.000000000000000E+00
    0.000000000000000E+00    0.000000000000000E+00
    0.000000000000000E+00    0.000000000000000E+00
    0.000000000000000E+00    0.000000000000000E+00
    0.000000000000000E+00    0.000000000000000E+00
    0.000000000000000E+00    0.000000000000000E+00
    0.000000000000000E+00    0.000000000000000E+00
    0.000000000000000E+00    0.000000000000000E+00
    0.000000000000000E+00    0.000000000000000E+00
    0.000000000000000E+00    0.000000000000000E+00
    0.000000000000000E+00    0.000000000000000E+00
    0.000000000000000E+00    0.000000000000000E+00
    0.000000000000000E+00    0.000000000000000E+00
    0.402532984697156E-03   -0.517243803326824E-03
   -0.100130795346036E-02    0.678563874483816E-03
   -0.317186458032394E-02    0.422972734669060E-02
   -0.687419270670612E-02    0.145895255625543E-01
   -0.112583085597414E-01    0.312488319063769E-01
   -0.157022310725037E-01    0.570762867973078E-01
   -0.200255150050340E-01    0.903990669561137E-01
   -0.234226152151268E-01    0.131381066140529E+00
   -0.263422623634167E-01    0.177841468604185E+00
   -0.281505345022322E-01    0.228977882999929E+00
   -0.293422022756494E-01    0.282636879650457E+00
   -0.293687021003010E-01    0.337511455900209E+00
   -0.286717415037320E-01    0.391773112784068E+00
   -0.268363895419349E-01    0.443471052246580E+00
   -0.242506640239347E-01    0.491428082991202E+00
   -0.207308613586987E-01    0.533197879750272E+00
   -0.165382214773208E-01    0.568455374086956E+00
   -0.117232075073010E-01    0.594600056440125E+00
   -0.633545650373579E-02    0.612058478528747E+00
   -0.551572742435469E-03    0.618246654343242E+00
    0.580635914261987E-02    0.613968187662106E+00
    0.124601777241781E-01    0.596619594525764E+00
    0.197239297076708E-01    0.567066590012932E+00
    0.268341629871542E-01    0.523051636100238E+00
    0.343906799132379E-01    0.465732973197595E+00
    0.398555686776371E-01    0.396234730244302E+00
    0.454237545743082E-01    0.315476246671878E+00
    0.440021374389543E-01    0.234834249175124E+00
    0.379844257621221E-01    0.156532378796842E+00
    0.264568397463974E-01    0.904649846593638E-01
    0.246288775722511E-01    0.366825826958098E-01
    0.475351058126569E-01   -0.393455210607488E-02
    0.143329770334311E+00   -0.140203606733215E+00
    0.267434308582798E+00   -0.407304064417714E+00
    0.230376381855002E+00   -0.720980935592559E+00
    0.330591844689638E+00   -0.175166364669993E+01
    0.347044046008340E+00   -0.231492862154795E+01
    0.146274341794659E+00   -0.176803199234203E+01
   -0.988582460465077E+00   -0.988582460453667E+00
    0.000000000000000E+00    0.000000000000000E+00
    0.000000000000000E+00    0.000000000000000E+00
   -0.563853069467966E-03    0.504618050120496E-03
   -0.524535872720378E-02    0.426825554172366E-02
   -0.138859853298816E-01    0.139492707632572E-01
   -0.262401416672972E-01    0.331509204837277E-01
   -0.413273072393356E-01    0.640374360904440E-01
   -0.563723675318050E-01    0.107937045783663E+00
   -0.707667286852084E-01    0.164558691597628E+00
   -0.825331319412773E-01    0.232210171667079E+00
   -0.918262107072046E-01    0.308924548145610E+00
   -0.982155881369752E-01    0.392249965062561E+00
   -0.101343450300801E+00    0.479496972013213E+00
   -0.101777952640995E+00    0.568332687410184E+00
   -0.983444815048333E-01    0.655654036050322E+00
   -0.926413149525046E-01    0.739302016770414E+00
   -0.827866130967295E-01    0.816085204776796E+00
   -0.714742681237500E-01    0.884168757333373E+00
   -0.561788595668452E-01    0.940680953865478E+00
   -0.403823628729143E-01    0.984233861161169E+00
   -0.209296093512972E-01    0.101249932412161E+01
   -0.157210575014499E-02    0.102429782726386E+01
    0.213495935297102E-01    0.101782483665211E+01
    0.439872326712852E-01    0.991621250080040E+00
    0.700189117764196E-01    0.944672996367560E+00
    0.945744030897005E-01    0.875375750925154E+00
    0.120367587074715E+00    0.785421831796773E+00
    0.139186315993180E+00    0.675492518354290E+00
    0.152131635752759E+00    0.554124113901532E+00
    0.148158454559296E+00    0.426656103993306E+00
    0.131900677178154E+00    0.311523517253139E+00
    0.102834148494426E+00    0.210967542419015E+00
    0.987223500378961E-01    0.135896566479130E+00
    0.144076805919070E+00    0.686630518480841E-01
    0.317226842211292E+00   -0.767371271289375E-01
    0.655404241326535E+00   -0.421820131041895E+00
    0.101656214178461E+01   -0.960275731546435E+00
    0.108674955192250E+01   -0.173856727647926E+01
    0.371711914350935E+00   -0.200995329015238E+01
   -0.123050542035211E+01   -0.135734361452002E+01
   -0.274538842258697E+01   -0.537996650097838E+00
    0.000000000000000E+00    0.000000000000000E+00
    0.000000000000000E+00    0.000000000000000E+00
   -0.309490512677592E-02    0.185484161367652E-02
   -0.136533341064736E-01    0.967553653240576E-02
   -0.307722227093008E-01    0.248209963527657E-01
   -0.552473811347959E-01    0.522800720879947E-01
   -0.842485911580179E-01    0.930110039374560E-01
   -0.113922781646190E+00    0.149696626477764E+00
   -0.141443163592660E+00    0.220135882745797E+00
   -0.164443210535790E+00    0.303908727506011E+00
   -0.182338770898615E+00    0.396918653450596E+00
   -0.194410562368402E+00    0.497616326860436E+00
   -0.200721667396349E+00    0.601889631547553E+00
   -0.200861884353502E+00    0.707427193422596E+00
   -0.195007002832935E+00    0.811034351572883E+00
   -0.182992051870986E+00    0.909231393314673E+00
   -0.165258398730552E+00    0.100042767630172E+01
   -0.142137284239064E+00    0.107978501670425E+01
   -0.114161900620679E+00    0.114782864537893E+01
   -0.820885967865988E-01    0.119843101709695E+01
   -0.459586660202442E-01    0.123421579245054E+01
   -0.677001423577826E-02    0.124785834725233E+01
    0.364127807635920E-01    0.124351262456857E+01
    0.818741806732645E-01    0.121295762295246E+01
    0.131231100787653E+00    0.116142590717258E+01
    0.179748790373932E+00    0.108134555194124E+01
    0.228362746398478E+00    0.979910519758359E+00
    0.264763856992836E+00    0.854440896270677E+00
    0.288620012686887E+00    0.717347858575954E+00
    0.280127564765562E+00    0.574970581164637E+00
    0.249420121938788E+00    0.446324319492272E+00
    0.191758228699102E+00    0.344212734459708E+00
    0.170629148797332E+00    0.263079656957160E+00
    0.230252530487659E+00    0.205672733352233E+00
    0.481017882000922E+00    0.973536040622329E-01
    0.977669103966804E+00   -0.167828448361503E+00
    0.153616882697148E+01   -0.503121198248328E+00
    0.180763766947099E+01   -0.932287535204765E+00
    0.264265970726428E+00   -0.100713272524370E+01
   -0.172684407263949E+01   -0.898215383777838E-01
   -0.246243965422053E+01   -0.386637863361161E+00
    0.000000000000000E+00    0.000000000000000E+00
    0.000000000000000E+00    0.000000000000000E+00
   -0.908878540034963E-02    0.343977242162014E-02
   -0.272334754444136E-01    0.148619698969103E-01
   -0.548058144675279E-01    0.357044926375273E-01
   -0.928400393787515E-01    0.694088708827076E-01
   -0.136817263192125E+00    0.117202239082916E+00
   -0.181634510583977E+00    0.180870522296880E+00
   -0.222606876247622E+00    0.258341698208529E+00
   -0.256849521608753E+00    0.348383062711661E+00
   -0.282573398400982E+00    0.447213389064299E+00
   -0.300024889289374E+00    0.552520480249189E+00
   -0.307940130500421E+00    0.660568760748699E+00
   -0.307481738256482E+00    0.768814398790265E+00
   -0.297232794285684E+00    0.874114174467930E+00
   -0.278890143863397E+00    0.973641099567011E+00
   -0.251211663018480E+00    0.106512148557808E+01
   -0.216619577735598E+00    0.114543525445230E+01
   -0.173940573112951E+00    0.121334040117737E+01
   -0.126046364499302E+00    0.126557248756675E+01
   -0.712295814172752E-01    0.130164373290414E+01
   -0.123460119952333E-01    0.131828761106867E+01
    0.531294338264513E-01    0.131509405908987E+01
    0.121962365419213E+00    0.128917162284402E+01
    0.196258846112532E+00    0.123991783369807E+01
    0.269811423110258E+00    0.116634528528386E+01
    0.340864130423473E+00    0.106914183355522E+01
    0.395505944425109E+00    0.952944213681216E+00
    0.426481191921465E+00    0.823226610179509E+00
    0.412726141341468E+00    0.695476537285322E+00
    0.360213160521932E+00    0.578816658456588E+00
    0.269107340235433E+00    0.501461546535337E+00
    0.216040553331120E+00    0.444956338116575E+00
    0.287787253347190E+00    0.430486448832658E+00
    0.605161607975963E+00    0.369750388807732E+00
    0.121989233242380E+01    0.283164311307304E+00
    0.175154309118991E+01    0.143363467508102E+00
    0.164012083714279E+01    0.252502488902990E-01
   -0.122748331214153E+00    0.134636602719469E+00
   -0.213766946401749E+01    0.403476766832888E+00
   -0.277843573485215E+01    0.198091157996851E+00
    0.000000000000000E+00    0.000000000000000E+00
    0.000000000000000E+00    0.000000000000000E+00
   -0.175553317078415E-01    0.486527898652109E-02
   -0.448867784151814E-01    0.193578241944652E-01
   -0.835066183126857E-01    0.437255905056036E-01
   -0.135112360192987E+00    0.810338217058428E-01
   -0.194239545806802E+00    0.131500644950666E+00
   -0.253663612142548E+00    0.196854043595808E+00
   -0.307336095957777E+00    0.273923093098812E+00
   -0.351278492297969E+00    0.361969749878886E+00
   -0.384028979272078E+00    0.456325985247654E+00
   -0.404809062151029E+00    0.555319006707803E+00
   -0.413913367151747E+00    0.655077442961111E+00
   -0.410840546377589E+00    0.753308424962093E+00
   -0.396490819449756E+00    0.847836526529605E+00
   -0.370271688859514E+00    0.935390677687033E+00
   -0.333876510037851E+00    0.101580559737225E+01
   -0.287019666762024E+00    0.108471402139377E+01
   -0.231803260172260E+00    0.114387318097832E+01
   -0.168142488067806E+00    0.118801289638980E+01
   -0.975057753773844E-01    0.122016532898964E+01
   -0.197637178069391E-01    0.123437213685442E+01
    0.648216770784682E-01    0.123408759789641E+01
    0.155421894116077E+00    0.121291566307592E+01
    0.251634183554909E+00    0.117481773765221E+01
    0.347595386396186E+00    0.111385637755580E+01
    0.438952716145065E+00    0.103708349511109E+01
    0.508020161333172E+00    0.941361761902271E+00
    0.545041013763721E+00    0.842064911056236E+00
    0.522263537354014E+00    0.742582258704298E+00
    0.444788184403938E+00    0.667137130804324E+00
    0.316093149001821E+00    0.626661094376802E+00
    0.218449517604614E+00    0.631813927815174E+00
    0.263763358366362E+00    0.683779432686539E+00
    0.607739342201114E+00    0.735926290396745E+00
    0.127371421766754E+01    0.782784366594190E+00
    0.187432267123864E+01    0.792911106510084E+00
    0.193226330620121E+01    0.766655966045072E+00
    0.120897758602454E-01    0.793975374374992E+00
   -0.208491283674818E+01    0.855199692938689E+00
   -0.224096917699361E+01    0.268700250684707E+00
    0.000000000000000E+00    0.000000000000000E+00
    0.000000000000000E+00    0.000000000000000E+00
   -0.275858484562861E-01    0.528113862980074E-02
   -0.648517461195068E-01    0.206897379568328E-01
   -0.114326612077972E+00    0.462034157809297E-01
   -0.178742675709731E+00    0.830926387843581E-01
   -0.250827438049165E+00    0.131702872900193E+00
   -0.322366077389596E+00    0.192203182520573E+00
   -0.386109878161775E+00    0.262336367488330E+00
   -0.437221118808366E+00    0.339536331875826E+00
   -0.473969949004040E+00    0.421016357493818E+00
   -0.496087094211855E+00    0.503176743975381E+00
   -0.503644231901136E+00    0.584609811132365E+00
   -0.497027577197139E+00    0.661407161694900E+00
   -0.476891023986191E+00    0.734050340463042E+00
   -0.443408434831212E+00    0.798186059378978E+00
   -0.398166709717733E+00    0.856222986921255E+00
   -0.341391039214789E+00    0.903238301515678E+00
   -0.275250169554066E+00    0.943304108318767E+00
   -0.199700630945669E+00    0.970885612790739E+00
   -0.116462815806667E+00    0.991022659975188E+00
   -0.247272697631233E-01    0.997379833902460E+00
    0.744644163022516E-01    0.995233989704097E+00
    0.181736390094945E+00    0.977227094708784E+00
    0.294240638122978E+00    0.949263432593826E+00
    0.408088822969420E+00    0.903411376141790E+00
    0.512846268418247E+00    0.849090880942230E+00
    0.592722149133702E+00    0.780039502536004E+00
    0.627556919925523E+00    0.714270456206320E+00
    0.590856382932571E+00    0.651604122387263E+00
    0.479965297850534E+00    0.619027477511002E+00
    0.303784740209223E+00    0.624118214678413E+00
    0.155797812700277E+00    0.682657966206967E+00
    0.174348681898318E+00    0.797509276180675E+00
    0.497840576055641E+00    0.937818270545813E+00
    0.121033176229545E+01    0.108039079583320E+01
    0.179253620462149E+01    0.119669929535307E+01
    0.162436047654709E+01    0.119839721592250E+01
    0.335814517340754E-02    0.115633348457345E+01
   -0.160934575040717E+01    0.882795824746627E+00
   -0.174652739606729E+01    0.309800115803615E+00
    0.000000000000000E+00    0.000000000000000E+00
    0.000000000000000E+00    0.000000000000000E+00
   -0.382064497352271E-01    0.512523162893425E-02
   -0.846909777647902E-01    0.196228271714684E-01
   -0.144014872056907E+00    0.427511007328332E-01
   -0.219016396130500E+00    0.757452374283416E-01
   -0.302139667877346E+00    0.117233332373677E+00
   -0.383072608980202E+00    0.168251130372879E+00
   -0.453574958323258E+00    0.224316250437561E+00
   -0.508318575248800E+00    0.284829643786610E+00
   -0.545985488616316E+00    0.344726269542677E+00
   -0.566050753194786E+00    0.403053001225682E+00
   -0.569898882112026E+00    0.456524461632528E+00
   -0.557374913419936E+00    0.504061203904558E+00
   -0.530666470619447E+00    0.544866023625544E+00
   -0.489269451044547E+00    0.577511149091444E+00
   -0.436188650235025E+00    0.603484352005183E+00
   -0.371024415783965E+00    0.621117258225959E+00
   -0.296922793243290E+00    0.633250147713524E+00
   -0.213310329888897E+00    0.638345965507315E+00
   -0.122154035479462E+00    0.638977390520865E+00
   -0.222269787240541E-01    0.633937661351475E+00
    0.858465678447709E-01    0.624035745355956E+00
    0.202624754582899E+00    0.608232821109761E+00
    0.325768650025551E+00    0.585861693472562E+00
    0.449673365322486E+00    0.556068590997330E+00
    0.563686896695196E+00    0.520269624177291E+00
    0.647277350160860E+00    0.479448426295940E+00
    0.678262406433615E+00    0.442937118576857E+00
    0.625083939339790E+00    0.418027695221547E+00
    0.479092640506458E+00    0.422624585894706E+00
    0.257223910373298E+00    0.473701929969057E+00
    0.470338271544733E-01    0.575820024058057E+00
    0.105027542096906E-01    0.745824402108824E+00
    0.323148896550118E+00    0.934018156009418E+00
    0.104201910570477E+01    0.112599231684112E+01
    0.176979130681301E+01    0.126016432455322E+01
    0.186980575651470E+01    0.124653093093368E+01
    0.260954863826413E+00    0.117892969860698E+01
   -0.130444879510499E+01    0.904015131574156E+00
   -0.122890608589992E+01    0.300471254641520E+00
    0.000000000000000E+00    0.000000000000000E+00
    0.000000000000000E+00    0.000000000000000E+00
   -0.471103454724005E-01    0.401346426109086E-02
   -0.101763762268544E+00    0.156293589445801E-01
   -0.168872747936732E+00    0.339150508221828E-01
   -0.252161254396698E+00    0.593279344879891E-01
   -0.342528283525495E+00    0.902053638688646E-01
   -0.428702915556585E+00    0.126639974224906E+00
   -0.502313815891889E+00    0.164556413423812E+00
   -0.556751459940179E+00    0.202409502871379E+00
   -0.591703364450821E+00    0.236188150140830E+00
   -0.606577269165627E+00    0.264407804712646E+00
   -0.603916291498104E+00    0.284951961505082E+00
   -0.583694669074736E+00    0.297055979368287E+00
   -0.549378090045993E+00    0.300820700620259E+00
   -0.500185516177260E+00    0.296181341326226E+00
   -0.440646218278559E+00    0.285046254433288E+00
   -0.369422733180505E+00    0.268066954627023E+00
   -0.291401624636113E+00    0.247908205386932E+00
   -0.204090968441840E+00    0.225924544291345E+00
   -0.111396807529923E+00    0.203833497010687E+00
   -0.891889413927982E-02    0.183307466142015E+00
    0.100189858442402E+00    0.163568231314333E+00
    0.220846212727381E+00    0.145895656541185E+00
    0.346346307716419E+00    0.127327250896790E+00
    0.476086795071581E+00    0.108568732124646E+00
    0.591190736892471E+00    0.881898654424845E-01
    0.675685859421434E+00    0.682523587473443E-01
    0.695012116911215E+00    0.550688086284868E-01
    0.619969152003114E+00    0.567478274284274E-01
    0.434554455864959E+00    0.889603963252325E-01
    0.156591392125603E+00    0.168200351009259E+00
   -0.110439133396331E+00    0.300879625282913E+00
   -0.182469933307228E+00    0.495213512697204E+00
    0.110693304848570E+00    0.715804192798598E+00
    0.881857777782676E+00    0.929416643931167E+00
    0.163193268825972E+01    0.108923739398647E+01
    0.165842108244703E+01    0.109567524708426E+01
    0.462492587133837E+00    0.100363353408136E+01
   -0.704665538636218E+00    0.705969819852045E+00
   -0.782218424923366E+00    0.223999584375371E+00
    0.000000000000000E+00    0.000000000000000E+00
    0.000000000000000E+00    0.000000000000000E+00
   -0.538751222037121E-01    0.265907733118845E-02
   -0.114135745841253E+00    0.104294319150751E-01
   -0.186595981145813E+00    0.218746413142419E-01
   -0.274784759467718E+00    0.377697130499570E-01
   -0.369267460944346E+00    0.551123095773536E-01
   -0.457274154156491E+00    0.746240137740748E-01
   -0.529338258924980E+00    0.908562436694852E-01
   -0.579538409646088E+00    0.103476267927454E+00
   -0.607567680971824E+00    0.107573382844161E+00
   -0.613923037861201E+00    0.102996782688608E+00
   -0.601721857611733E+00    0.876876955309227E-01
   -0.572056002962484E+00    0.618139364018348E-01
   -0.528707652834441E+00    0.266901003706392E-01
   -0.472290031068257E+00   -0.172878445036544E-01
   -0.406888595423901E+00   -0.661080208026325E-01
   -0.332982506589236E+00   -0.118861222185437E+00
   -0.253778449303417E+00   -0.170688681786521E+00
   -0.168930876238857E+00   -0.219723871058267E+00
   -0.791134628699011E-01   -0.263130172179836E+00
    0.177455862140438E-01   -0.298128268411665E+00
    0.122965366467543E+00   -0.326380578779036E+00
    0.238687483467127E+00   -0.345028075203986E+00
    0.362833993867520E+00   -0.359891147454791E+00
    0.490391751283633E+00   -0.368724071536844E+00
    0.605854965712234E+00   -0.376796778486036E+00
    0.685888255153479E+00   -0.380632071966880E+00
    0.696359348973725E+00   -0.378041154356392E+00
    0.601229235641114E+00   -0.358393246721141E+00
    0.378733771135178E+00   -0.311698220545463E+00
    0.548259889243342E-01   -0.216253890526507E+00
   -0.276089186786204E+00   -0.743454304515052E-01
   -0.408314824795179E+00    0.129736503278231E+00
   -0.121680025408780E+00    0.351258517457030E+00
    0.655150893235725E+00    0.565361086185011E+00
    0.157794732638776E+01    0.730019351542340E+00
    0.186803190708923E+01    0.761798533576072E+00
    0.641749936149916E+00    0.743338864793544E+00
   -0.501692054389493E+00    0.567085825974972E+00
   -0.373002994487065E+00    0.167726507599947E+00
    0.000000000000000E+00    0.000000000000000E+00
    0.000000000000000E+00    0.000000000000000E+00
   -0.576823423935760E-01    0.110430698769768E-02
   -0.121061120321608E+00    0.435311690070129E-02
   -0.195816647729924E+00    0.832446142080845E-02
   -0.285664341949566E+00    0.132442748685376E-01
   -0.380013755823788E+00    0.162131970780460E-01
   -0.465041671812936E+00    0.169273751801219E-01
   -0.532205884772854E+00    0.108496041353525E-01
   -0.573977838141728E+00   -0.329624415164805E-02
   -0.592203924862236E+00   -0.289971740494877E-01
   -0.586913334810469E+00   -0.667763005257680E-01
   -0.563513777524012E+00   -0.117417547421919E+00
   -0.522774800269350E+00   -0.180076850427334E+00
   -0.470867560484040E+00   -0.252750957192607E+00
   -0.407583130535158E+00   -0.333124050730596E+00
   -0.339524747109356E+00   -0.417282173075604E+00
   -0.265478739153341E+00   -0.501305659213009E+00
   -0.191102830092112E+00   -0.581325549982883E+00
   -0.113024673603790E+00   -0.651899377668634E+00
   -0.341498218885036E-01   -0.712194023544073E+00
    0.522453887571397E-01   -0.756045143379949E+00
    0.145050043153248E+00   -0.788289876460419E+00
    0.252334773077978E+00   -0.803450259002494E+00
    0.367878683312907E+00   -0.811718192510724E+00
    0.492746208884659E+00   -0.808937633725907E+00
    0.603259584284019E+00   -0.805494212788574E+00
    0.680465427203787E+00   -0.796084253460347E+00
    0.678381161459029E+00   -0.783209497724626E+00
    0.560755532511516E+00   -0.754376147463960E+00
    0.302538391468059E+00   -0.702223909174985E+00
   -0.757197773481613E-01   -0.605331522697326E+00
   -0.452801879925963E+00   -0.464460914452789E+00
   -0.613390248652230E+00   -0.268709529607566E+00
   -0.338880925072404E+00   -0.519282839873231E-01
    0.490607723367053E+00    0.161300676454858E+00
    0.140111051965641E+01    0.338683615710524E+00
    0.162644605093401E+01    0.422914925591939E+00
    0.750989636464161E+00    0.443845875543682E+00
   -0.965556175440564E-01    0.344827393967833E+00
   -0.160624186173350E+00    0.112540888213068E+00
    0.000000000000000E+00    0.000000000000000E+00
    0.000000000000000E+00    0.000000000000000E+00
   -0.582950453497984E-01   -0.333483371739061E-03
   -0.121636084819539E+00   -0.127434204396660E-02
   -0.195387063613632E+00   -0.508869366343373E-02
   -0.283157792520941E+00   -0.109590987681426E-01
   -0.373792692673382E+00   -0.229279383703542E-01
   -0.452748858668044E+00   -0.405514764799757E-01
   -0.510150214419468E+00   -0.691863529999446E-01
   -0.540389306710683E+00   -0.108990567160179E+00
   -0.544881725633047E+00   -0.163543521156382E+00
   -0.525970080281347E+00   -0.232461918232407E+00
   -0.489025789940780E+00   -0.315448332382169E+00
   -0.437218799094143E+00   -0.411549535167598E+00
   -0.376222179294212E+00   -0.516302062078485E+00
   -0.308590908066339E+00   -0.628225016193733E+00
   -0.239355341344039E+00   -0.739813832053299E+00
   -0.170459335871060E+00   -0.848675155503134E+00
   -0.104238727528517E+00   -0.947130954405444E+00
   -0.405882860908131E-01   -0.103145362005479E+01
    0.230731730738935E-01   -0.109815739832086E+01
    0.903916743635474E-01   -0.114267847994604E+01
    0.167327484454961E+00   -0.116929137416633E+01
    0.258705482605354E+00   -0.117437159776230E+01
    0.365207186670960E+00   -0.116909168205656E+01
    0.482813744922263E+00   -0.115215891337070E+01
    0.592526015323299E+00   -0.113465303942705E+01
    0.666725911564367E+00   -0.111496537336629E+01
    0.659986366357274E+00   -0.109495851485126E+01
    0.528277520661361E+00   -0.106481235921239E+01
    0.239206952547538E+00   -0.101652750240358E+01
   -0.177122353326812E+00   -0.928973520688246E+00
   -0.612357697380030E+00   -0.802852905634865E+00
   -0.830246201008381E+00   -0.625536370700412E+00
   -0.564115821916826E+00   -0.427153652454308E+00
    0.253218569533536E+00   -0.226101585444654E+00
    0.130749564048845E+01   -0.405125784408649E-01
    0.171837104717412E+01    0.846770631931849E-01
    0.732855624471591E+00    0.198040768024356E+00
   -0.134940319420275E+00    0.210102382404506E+00
    0.375650570476345E-01    0.722681803035505E-01
    0.000000000000000E+00    0.000000000000000E+00
    0.000000000000000E+00    0.000000000000000E+00
   -0.565222851401770E-01   -0.160512022592924E-02
   -0.116921735058157E+00   -0.677560350429410E-02
   -0.186678304982734E+00   -0.175684126646395E-01
   -0.268855672242064E+00   -0.341466338702904E-01
   -0.351931274020352E+00   -0.597408909953866E-01
   -0.420125456281230E+00   -0.951751530765299E-01
   -0.465607359854351E+00   -0.144092014735621E+00
   -0.480909579704654E+00   -0.207653124290438E+00
   -0.470531379419033E+00   -0.287405869261567E+00
   -0.436153356811835E+00   -0.383238531886926E+00
   -0.386102807812861E+00   -0.493351769875749E+00
   -0.323135822605086E+00   -0.615849836508978E+00
   -0.255749551698902E+00   -0.745826807693840E+00
   -0.185656364888888E+00   -0.879494186782302E+00
   -0.120528007154896E+00   -0.101013231234387E+01
   -0.605022714869318E-01   -0.113195201866070E+01
   -0.100072391624148E-01   -0.123923735042635E+01
    0.345331448407320E-01   -0.132456946823474E+01
    0.744322357498023E-01   -0.138751081534091E+01
    0.118814056946304E+00   -0.142057870235865E+01
    0.172635730730497E+00   -0.143215379196853E+01
    0.247431682851596E+00   -0.141714073916059E+01
    0.341101820602383E+00   -0.139169690833231E+01
    0.455533553242267E+00   -0.135416417577849E+01
    0.564360464289236E+00   -0.132063068125309E+01
    0.642246922582745E+00   -0.128913215942088E+01
    0.633074341675668E+00   -0.126488513904064E+01
    0.487924044919905E+00   -0.123737433304134E+01
    0.176149790964011E+00   -0.119892773339771E+01
   -0.285558759245071E+00   -0.112878534094939E+01
   -0.753223684337701E+00   -0.102478092487874E+01
   -0.992710352093403E+00   -0.875424574610131E+00
   -0.745744760083238E+00   -0.702000977814230E+00
    0.100189968945242E+00   -0.515170827521649E+00
    0.107440794036365E+01   -0.328429102688947E+00
    0.138418664205486E+01   -0.160762072518949E+00
    0.676419376506108E+00   -0.979052291131237E-02
    0.518192041750471E-01    0.674864154824866E-01
    0.845115642767905E-01    0.341514319370212E-01
    0.000000000000000E+00    0.000000000000000E+00
    0.000000000000000E+00    0.000000000000000E+00
   -0.517908988413036E-01   -0.267200151493020E-02
   -0.106411829842156E+00   -0.111248688633691E-01
   -0.168627258587559E+00   -0.285367613170029E-01
   -0.241990233414057E+00   -0.542733527815864E-01
   -0.314197137202524E+00   -0.926679758971957E-01
   -0.369799076418173E+00   -0.143277288303919E+00
   -0.399336957446351E+00   -0.210390315428294E+00
   -0.398465144419893E+00   -0.293552205157909E+00
   -0.370873869774682E+00   -0.394126159899117E+00
   -0.321406723532926E+00   -0.510901796957065E+00
   -0.257994337224127E+00   -0.640638569445589E+00
   -0.186357269236468E+00   -0.781636354534988E+00
   -0.114215978315185E+00   -0.926033589197354E+00
   -0.463656762779590E-01   -0.107179951970253E+01
    0.113854131862855E-01   -0.120798820040836E+01
    0.557586091866950E-01   -0.133176390534417E+01
    0.862315408659575E-01   -0.143306228096880E+01
    0.103604490165225E+00   -0.150773629128987E+01
    0.115773490104287E+00   -0.155268254824145E+01
    0.129785787245485E+00   -0.156331299396330E+01
    0.159003739452033E+00   -0.154814166546264E+01
    0.212897422136578E+00   -0.150490048667044E+01
    0.296962500729166E+00   -0.145158584456319E+01
    0.408595631096064E+00   -0.139029166444816E+01
    0.525284408679039E+00   -0.133782012900572E+01
    0.612664156094891E+00   -0.129673366536674E+01
    0.612605618854802E+00   -0.127030604620628E+01
    0.468805395152767E+00   -0.125132426245755E+01
    0.138812066428996E+00   -0.122899526495214E+01
   -0.347623807709601E+00   -0.118371701406479E+01
   -0.866388217671261E+00   -0.110955352991824E+01
   -0.116041732324482E+01   -0.995023635978749E+00
   -0.929452169740149E+00   -0.854302936442054E+00
   -0.119299228403022E+00   -0.694394031207017E+00
    0.961906647449587E+00   -0.516723730073616E+00
    0.137764738938585E+01   -0.337094446360685E+00
    0.498066989835774E+00   -0.132085893587607E+00
   -0.171516446832578E+00   -0.106546829198367E-03
    0.156301168081215E+00    0.131984348963569E-01
    0.000000000000000E+00    0.000000000000000E+00
    0.000000000000000E+00    0.000000000000000E+00
   -0.456858374447380E-01   -0.352116454643763E-02
   -0.920164058771526E-01   -0.151902161706020E-01
   -0.144581442809736E+00   -0.376950902069977E-01
   -0.206050819559331E+00   -0.717009326847246E-01
   -0.264755987276867E+00   -0.120121091689134E+00
   -0.304033876707170E+00   -0.183672462160556E+00
   -0.317447922393860E+00   -0.264459861657609E+00
   -0.298801153927768E+00   -0.362615204655906E+00
   -0.255289937600364E+00   -0.477453776626018E+00
   -0.191244945321738E+00   -0.607343773338636E+00
   -0.117426444688975E+00   -0.748184175202487E+00
   -0.394993181326016E-01   -0.896450261886191E+00
    0.325283723535232E-01   -0.104518063280773E+01
    0.941610305007205E-01   -0.118907847644548E+01
    0.137873822127260E+00   -0.131984796464358E+01
    0.161685325040477E+00   -0.143044135631067E+01
    0.164372912176390E+00   -0.151469835635694E+01
    0.150079952710786E+00   -0.156448859094319E+01
    0.127329315140436E+00   -0.158119704293480E+01
    0.109002812553919E+00   -0.155792454579769E+01
    0.109580274227245E+00   -0.150779868280724E+01
    0.145499246812682E+00   -0.142860913186876E+01
    0.221115700214445E+00   -0.134276767268179E+01
    0.338659190410771E+00   -0.125393202796496E+01
    0.468952351423295E+00   -0.118228387284355E+01
    0.576413398139405E+00   -0.113165076077414E+01
    0.593416692060522E+00   -0.110621910382290E+01
    0.452695958923591E+00   -0.109901233209574E+01
    0.118759627842791E+00   -0.109738789950121E+01
   -0.400069022179623E+00   -0.108204225037394E+01
   -0.937348934112653E+00   -0.104407394969267E+01
   -0.124724461062372E+01   -0.971607044090614E+00
   -0.104619033863640E+01   -0.872840822678972E+00
   -0.234033555024720E+00   -0.746766887686769E+00
    0.709134311380215E+00   -0.593296302696612E+00
    0.998688085005357E+00   -0.408633678394344E+00
    0.356712008402210E+00   -0.208048052229754E+00
   -0.915647764782322E-01   -0.564753288390187E-01
    0.115359086171116E+00    0.112083552647781E-02
    0.000000000000000E+00    0.000000000000000E+00
    0.000000000000000E+00    0.000000000000000E+00
   -0.372471588305971E-01   -0.418652617921556E-02
   -0.732510163301946E-01   -0.178871907836488E-01
   -0.113114212789173E+00   -0.448397769939057E-01
   -0.160813428508638E+00   -0.846849438100895E-01
   -0.203880140142884E+00   -0.141224244253534E+00
   -0.227091857829723E+00   -0.213471750315396E+00
   -0.222264043875826E+00   -0.303841802886621E+00
   -0.187157648330299E+00   -0.410662342192646E+00
   -0.128029348548044E+00   -0.532557989395687E+00
   -0.524636214848627E-01   -0.667215077555067E+00
    0.291392115196631E-01   -0.808397490430143E+00
    0.108649197172455E+00   -0.954040423105691E+00
    0.176499769551592E+00   -0.109327830199370E+01
    0.226057080737608E+00   -0.122472889177426E+01
    0.251098528195394E+00   -0.133472161317794E+01
    0.247843934335404E+00   -0.142181631406674E+01
    0.218555889523493E+00   -0.147454755873487E+01
    0.166312351706219E+00   -0.149030690167339E+01
    0.106339675238297E+00   -0.146773479917285E+01
    0.513828869023768E-01   -0.140368928935021E+01
    0.247885250589469E-01   -0.131263110713005E+01
    0.426400694688562E-01   -0.119434771950890E+01
    0.116576859900126E+00   -0.107497345349423E+01
    0.245129359011565E+00   -0.960016241004769E+00
    0.400627721181210E+00   -0.871649768023739E+00
    0.538577566523097E+00   -0.816159581822879E+00
    0.584669942897587E+00   -0.795812270046414E+00
    0.466330829814260E+00   -0.805550536842695E+00
    0.129662403958225E+00   -0.828686477648465E+00
   -0.397841039661003E+00   -0.847645169398894E+00
   -0.977373705270619E+00   -0.848197055798478E+00
   -0.133556771738491E+01   -0.821968356451622E+00
   -0.115266206569018E+01   -0.768832777873744E+00
   -0.389187048061301E+00   -0.689465136228027E+00
    0.638657540816323E+00   -0.572487864532772E+00
    0.975474090442739E+00   -0.415610808383942E+00
    0.124972258349032E+00   -0.211897958437119E+00
   -0.389848356370197E+00   -0.619861638327831E-01
    0.139153208618839E+00   -0.163399669159744E-02
    0.000000000000000E+00    0.000000000000000E+00
    0.000000000000000E+00    0.000000000000000E+00
   -0.284415298850335E-01   -0.459824312539894E-02
   -0.525510805625327E-01   -0.201541273633151E-01
   -0.790078195001119E-01   -0.495595198839362E-01
   -0.111048578497482E+00   -0.936774095346865E-01
   -0.137733526895415E+00   -0.154489705691162E+00
   -0.142995425418893E+00   -0.231759131518494E+00
   -0.122215591439581E+00   -0.325669079927240E+00
   -0.716403621081756E-01   -0.434460926877388E+00
   -0.714288910126769E-03   -0.555298955961789E+00
    0.830462635066270E-01   -0.684590026871566E+00
    0.167455484504351E+00   -0.816573633890991E+00
    0.243786977421022E+00   -0.946491113670887E+00
    0.301681552570633E+00   -0.106638419926859E+01
    0.333912387734360E+00   -0.117090051338432E+01
    0.334304694705733E+00   -0.125130550280423E+01
    0.299434499090539E+00   -0.130169079986628E+01
    0.232818751733363E+00   -0.131623431337565E+01
    0.140295561789038E+00   -0.128895590736095E+01
    0.398025614183938E-01   -0.122316191547034E+01
   -0.501139530525902E-01   -0.111522106148155E+01
   -0.103068137467733E+00   -0.982245259021000E+00
   -0.961507833735566E-01   -0.826951351325375E+00
   -0.177327633012569E-01   -0.676090337927045E+00
    0.133815683857932E+00   -0.539829399909106E+00
    0.324390862209901E+00   -0.439050371246710E+00
    0.503880214816974E+00   -0.383699246657721E+00
    0.589942184666994E+00   -0.372711766410649E+00
    0.492630251518453E+00   -0.402711881156079E+00
    0.171037993926734E+00   -0.453115499253567E+00
   -0.375280937455216E+00   -0.507384409007255E+00
   -0.959232274861055E+00   -0.549876642409853E+00
   -0.132434899672971E+01   -0.572108817447148E+00
   -0.117584664078432E+01   -0.571911728376877E+00
   -0.425399997916625E+00   -0.543370968991618E+00
    0.428317439552592E+00   -0.475076790797752E+00
    0.633025867818535E+00   -0.348590008907787E+00
   -0.397239953009198E-02   -0.186723653249237E+00
   -0.308904805959075E+00   -0.572285004853635E-01
    0.891128351928136E-01    0.394217895122700E-02
    0.000000000000000E+00    0.000000000000000E+00
    0.000000000000000E+00    0.000000000000000E+00
   -0.181134626697780E-01   -0.482053125067212E-02
   -0.294359931799232E-01   -0.208475675193348E-01
   -0.406965490276695E-01   -0.517169787808089E-01
   -0.571401327480320E-01   -0.970425838849995E-01
   -0.673021703947540E-01   -0.159300685249720E+00
   -0.573575826700212E-01   -0.236442389849848E+00
   -0.211281314239841E-01   -0.328438714023878E+00
    0.410644463380121E-01   -0.432129885259035E+00
    0.120524352216026E+00   -0.543326329184493E+00
    0.207380301701876E+00   -0.658920757033326E+00
    0.289422156642970E+00   -0.770244525147713E+00
    0.357074399399537E+00   -0.876041391266689E+00
    0.399645798468223E+00   -0.963587714491164E+00
    0.409816602539867E+00   -0.103421669491410E+01
    0.381492577065464E+00   -0.107301232647529E+01
    0.311686567470042E+00   -0.108244127493328E+01
    0.206058807255370E+00   -0.105108931674829E+01
    0.715665298042028E-01   -0.979809642537746E+00
   -0.680052332971780E-01   -0.870189011324085E+00
   -0.192368143935741E+00   -0.720697732721346E+00
   -0.266570667990114E+00   -0.552597642067536E+00
   -0.266817262600034E+00   -0.365769443141292E+00
   -0.175161381063919E+00   -0.194492677635403E+00
    0.677117430403675E-02   -0.445126993915775E-01
    0.243039162734740E+00    0.583636061264702E-01
    0.475481706607280E+00    0.106855112859729E+00
    0.609063293004555E+00    0.102989044080494E+00
    0.553062825118249E+00    0.501102298474281E-01
    0.241041340175967E+00   -0.265661998564724E-01
   -0.299462181858672E+00   -0.114969940137544E+00
   -0.915019297025365E+00   -0.192616522035995E+00
   -0.131650828876894E+01   -0.261439067241291E+00
   -0.117684355707744E+01   -0.309152784228340E+00
   -0.472692583088089E+00   -0.337617683110358E+00
    0.460296205963069E+00   -0.324545213471822E+00
    0.670614387433461E+00   -0.251670540878877E+00
   -0.198612960641266E+00   -0.121700474650538E+00
   -0.599533180994733E+00   -0.267439093480614E-01
    0.120721777245738E+00    0.110581202841553E-01
    0.000000000000000E+00    0.000000000000000E+00
    0.000000000000000E+00    0.000000000000000E+00
   -0.852411484955983E-02   -0.471663515797754E-02
   -0.686748445349720E-02   -0.208529311832975E-01
   -0.387907427189300E-02   -0.508958978588449E-01
   -0.459936310068722E-02   -0.953639070987066E-01
    0.376729093165551E-03   -0.154772634162569E+00
    0.250736869998794E-01   -0.227371326337534E+00
    0.721681534582887E-01   -0.311214832787220E+00
    0.142342331771694E+00   -0.402545567783820E+00
    0.224764594973157E+00   -0.496632257183234E+00
    0.309174671176052E+00   -0.588657561420987E+00
    0.383335766017723E+00   -0.671919078778398E+00
    0.436539472427376E+00   -0.742324423932561E+00
    0.459366025738484E+00   -0.791941946001933E+00
    0.443108562394240E+00   -0.818474604449723E+00
    0.383715972014154E+00   -0.813664816224908E+00
    0.277508529325799E+00   -0.776602245267910E+00
    0.133021993170746E+00   -0.701877336663538E+00
   -0.409464615591269E-01   -0.589179751604054E+00
   -0.216788826540386E+00   -0.442265767404546E+00
   -0.368783486671664E+00   -0.262692243985773E+00
   -0.458409496577426E+00   -0.683693760176602E-01
   -0.455303952731222E+00    0.133264770770557E+00
   -0.341743027298596E+00    0.315694064316319E+00
   -0.117942299248968E+00    0.463856826577289E+00
    0.173323301204334E+00    0.561601377760664E+00
    0.464147368710018E+00    0.594316575253958E+00
    0.653638680281597E+00    0.573269987368528E+00
    0.628637079595690E+00    0.497568270997271E+00
    0.342984266621331E+00    0.397786347192631E+00
   -0.206830992964323E+00    0.283046852263064E+00
   -0.814354754712798E+00    0.173839475511734E+00
   -0.120850618044210E+01    0.668850535355594E-01
   -0.109851111501432E+01   -0.282448694093540E-01
   -0.407478670597783E+00   -0.108368012115637E+00
    0.334454916291551E+00   -0.150759115683108E+00
    0.421040376643174E+00   -0.124013918471587E+00
   -0.250411447215222E+00   -0.508319814210172E-01
   -0.451567826627038E+00    0.576115364562733E-02
    0.106460767762860E+00    0.247710849752651E-01
    0.000000000000000E+00    0.000000000000000E+00
    0.000000000000000E+00    0.000000000000000E+00
    0.151304946221582E-02   -0.439745452357513E-02
    0.156924790748023E-01   -0.191624851160385E-01
    0.329325383281772E-01   -0.471738607348371E-01
    0.458478361646893E-01   -0.876164842423179E-01
    0.638214719641712E-01   -0.141115421815879E+00
    0.984043235950909E-01   -0.204376592056151E+00
    0.153395904101633E+00   -0.274820149775625E+00
    0.226092094597061E+00   -0.348104026733883E+00
    0.306075552690897E+00   -0.417787948287035E+00
    0.382437047716582E+00   -0.480898622328208E+00
    0.442558742940649E+00   -0.527699514610484E+00
    0.477174425058914E+00   -0.559376600487095E+00
    0.475865756784289E+00   -0.563499374310510E+00
    0.432307387780216E+00   -0.546342010739926E+00
    0.341168222564766E+00   -0.494314611290880E+00
    0.201427445485648E+00   -0.415951288770864E+00
    0.217373692519967E-01   -0.302029777796874E+00
   -0.186466461631323E+00   -0.157511340309441E+00
   -0.391611102461545E+00    0.122346975846186E-01
   -0.565662203747070E+00    0.209600818273418E+00
   -0.662495450459485E+00    0.407237251785132E+00
   -0.651103718827064E+00    0.610896323278659E+00
   -0.508368249356951E+00    0.780273342880252E+00
   -0.238010150585486E+00    0.915959886162553E+00
    0.112236304935904E+00    0.992081313363280E+00
    0.468406955567264E+00    0.100410999029829E+01
    0.711131946638821E+00    0.962567453333513E+00
    0.733768315726941E+00    0.867382796357888E+00
    0.459206047458082E+00    0.754399686872708E+00
   -0.777562466608005E-01    0.622679657218158E+00
   -0.705917298695984E+00    0.501030009729970E+00
   -0.111967382584053E+01    0.367062430007602E+00
   -0.996394216350165E+00    0.241310941107981E+00
   -0.335573716255830E+00    0.115580993008898E+00
    0.492821544004885E+00    0.197848820452682E-01
    0.552951677269463E+00   -0.645047759875676E-02
   -0.367840087218973E+00    0.254235471773072E-01
   -0.700146324413052E+00    0.429061919401793E-01
    0.169365901859177E+00    0.321356763203650E-01
    0.000000000000000E+00    0.000000000000000E+00
    0.000000000000000E+00    0.000000000000000E+00
    0.966311422409324E-02   -0.374953213925298E-02
    0.349734441987322E-01   -0.167371339465060E-01
    0.640239124838440E-01   -0.405800291751551E-01
    0.888561661097230E-01   -0.750418483531776E-01
    0.116753180661680E+00   -0.118967844198027E+00
    0.158734706658470E+00   -0.169101272974511E+00
    0.215740801687759E+00   -0.221555964538175E+00
    0.285641180139372E+00   -0.271287379812082E+00
    0.357422671018892E+00   -0.312302465841337E+00
    0.419646719819777E+00   -0.340132105651358E+00
    0.461727858733693E+00   -0.348210180180929E+00
    0.473258584745000E+00   -0.335599699402988E+00
    0.447203976271306E+00   -0.295906930703755E+00
    0.375560814074177E+00   -0.233139435542499E+00
    0.256624495638889E+00   -0.141111422626603E+00
    0.877089607249080E-01   -0.271667672379936E-01
   -0.119223418454903E+00    0.113056257782662E+00
   -0.352330126515025E+00    0.272551068204020E+00
   -0.577130488219087E+00    0.448704735025610E+00
   -0.761148475800150E+00    0.636514738665208E+00
   -0.856493458422450E+00    0.821350432876496E+00
   -0.825770019146016E+00    0.996415793232828E+00
   -0.647956893629604E+00    0.114073034057710E+01
   -0.325986318352685E+00    0.124093665034496E+01
    0.850202120614719E-01    0.129037004321949E+01
    0.499059154956787E+00    0.127382111918754E+01
    0.794500532079167E+00    0.121541639364136E+01
    0.840224768577095E+00    0.110872664473919E+01
    0.587781741775558E+00    0.993267829931293E+00
    0.427662874258504E-01    0.863711016463937E+00
   -0.568968463537242E+00    0.740754383833127E+00
   -0.955459111751761E+00    0.599681210352245E+00
   -0.848234315310020E+00    0.453178878510151E+00
   -0.186680143379040E+00    0.296753278541744E+00
    0.450064045411676E+00    0.163188068231482E+00
    0.403974244821692E+00    0.100515426714882E+00
   -0.328163199354922E+00    0.876959970098392E-01
   -0.467842390590444E+00    0.725141197926250E-01
    0.202011807819474E+00    0.460824978325132E-01
    0.000000000000000E+00    0.000000000000000E+00
    0.000000000000000E+00    0.000000000000000E+00
    0.170654832925259E-01   -0.290045697766292E-02
    0.518525004142904E-01   -0.128519400605591E-01
    0.909160948276715E-01   -0.315663040732027E-01
    0.124128676381123E+00   -0.576609398569349E-01
    0.158049459131895E+00   -0.898696492315044E-01
    0.201597038610376E+00   -0.124002726567831E+00
    0.256336344660067E+00   -0.155430717368245E+00
    0.318010934887688E+00   -0.179462579571760E+00
    0.375841033056009E+00   -0.188612001772461E+00
    0.419736668850935E+00   -0.181206439335717E+00
    0.438855185148225E+00   -0.148451270724752E+00
    0.426494853363430E+00   -0.953419885376663E-01
    0.374673412776849E+00   -0.126464384145092E-01
    0.279856129973507E+00    0.869934126851240E-01
    0.138147250198610E+00    0.212425041718394E+00
   -0.491879213761617E-01    0.348148675774485E+00
   -0.272576914850277E+00    0.498634545221602E+00
   -0.517699894418699E+00    0.655963731774509E+00
   -0.749302250606849E+00    0.811064592248472E+00
   -0.934308553414326E+00    0.972198503180928E+00
   -0.101896571374306E+01    0.110919775618120E+01
   -0.967564662593875E+00    0.124210313718934E+01
   -0.753549480642392E+00    0.132964066261922E+01
   -0.384313676034051E+00    0.138705192307414E+01
    0.793162343556856E-01    0.139342203919607E+01
    0.548573045255333E+00    0.134937072622174E+01
    0.880146105825535E+00    0.127764646864410E+01
    0.958652857646439E+00    0.116916511583263E+01
    0.703278186267786E+00    0.107071491613169E+01
    0.166890176022918E+00    0.958167039942182E+00
   -0.454806751267736E+00    0.862104832834849E+00
   -0.840986482621696E+00    0.731653652890628E+00
   -0.687046940764487E+00    0.588479682848395E+00
   -0.296524178314253E-01    0.419815292737268E+00
    0.707557397300128E+00    0.254973153284223E+00
    0.608858187058573E+00    0.166379351428221E+00
   -0.384035318532268E+00    0.127502792583803E+00
   -0.687980463113265E+00    0.918149788006478E-01
    0.287788193782140E+00    0.467664680642372E-01
    0.000000000000000E+00    0.000000000000000E+00
    0.000000000000000E+00    0.000000000000000E+00
    0.217595962347556E-01   -0.187360444566570E-02
    0.632580127448932E-01   -0.863555907064227E-02
    0.109055382685365E+00   -0.208840171924383E-01
    0.147631641687563E+00   -0.375966956283919E-01
    0.183893291927947E+00   -0.562537839615877E-01
    0.225593865072634E+00   -0.726966792406781E-01
    0.272472489964888E+00   -0.818179311661128E-01
    0.320648088847993E+00   -0.784726425883920E-01
    0.360419801249440E+00   -0.564995111325574E-01
    0.381461911381694E+00   -0.133409222911119E-01
    0.376905026604203E+00    0.559531121051150E-01
    0.339554430450710E+00    0.147449558322919E+00
    0.266598034116460E+00    0.263931715701669E+00
    0.153162081906369E+00    0.393446492058933E+00
   -0.134735048796817E-03    0.537536566545764E+00
   -0.194684340414500E+00    0.679760708103532E+00
   -0.418601427688850E+00    0.821468317589715E+00
   -0.659733556083564E+00    0.950072498821034E+00
   -0.883078975528604E+00    0.106457443201525E+01
   -0.105371347327303E+01    0.116296647599226E+01
   -0.112014159240932E+01    0.123732285426493E+01
   -0.104079595725698E+01    0.129261525710334E+01
   -0.793782653505616E+00    0.131719111260772E+01
   -0.384553049078052E+00    0.131111522899975E+01
    0.119691312764001E+00    0.127761794598191E+01
    0.618907301433372E+00    0.120723531293709E+01
    0.973629589217391E+00    0.113285940170667E+01
    0.104565404400465E+01    0.104110839953958E+01
    0.791186224371671E+00    0.973197557405852E+00
    0.240658717428368E+00    0.903488738777543E+00
   -0.360018291467206E+00    0.844874941749853E+00
   -0.693522971818748E+00    0.747073508197940E+00
   -0.535502299326837E+00    0.619758357890936E+00
    0.145539642142719E+00    0.454184962500858E+00
    0.703793107468330E+00    0.287170505338309E+00
    0.520634061000261E+00    0.191813155838606E+00
   -0.284714288773229E+00    0.142145288104665E+00
   -0.395410447349204E+00    0.975526444734653E-01
    0.352914279747325E+00    0.551732937928176E-01
    0.000000000000000E+00    0.000000000000000E+00
    0.000000000000000E+00    0.000000000000000E+00
    0.247989801229953E-01   -0.733025749955228E-03
    0.707787813167500E-01   -0.366753100861695E-02
    0.120296955101909E+00   -0.926673018549692E-02
    0.160383257954596E+00   -0.158427993806975E-01
    0.194526913667716E+00   -0.207404417498275E-01
    0.229191601755429E+00   -0.197052632642198E-01
    0.264342850574594E+00   -0.708781486597838E-02
    0.295405583027437E+00    0.210874314350733E-01
    0.313018334505115E+00    0.718377981456086E-01
    0.309941821904262E+00    0.144673168357874E+00
    0.279775432332004E+00    0.245466663677005E+00
    0.220700657834552E+00    0.365059536113906E+00
    0.129946393998432E+00    0.506849825724039E+00
    0.833454173570574E-02    0.651986587679688E+00
   -0.145848191175331E+00    0.801456290207635E+00
   -0.330001160494007E+00    0.933544476156632E+00
   -0.537567796652370E+00    0.104584022293912E+01
   -0.755878627552847E+00    0.112972682257879E+01
   -0.954375475725953E+00    0.117397423505176E+01
   -0.110131225573342E+01    0.119808792006380E+01
   -0.114280972748522E+01    0.117548250053700E+01
   -0.104271870227638E+01    0.114886855207610E+01
   -0.771883357351969E+00    0.108411656142644E+01
   -0.340903885963653E+00    0.101766018395196E+01
    0.181444938582249E+00    0.938563492650257E+00
    0.697152826110021E+00    0.850323411309923E+00
    0.104699207336138E+01    0.788487170759114E+00
    0.111735896850440E+01    0.723885599572676E+00
    0.835627245279186E+00    0.711450290105388E+00
    0.282522371620978E+00    0.693850999859573E+00
   -0.314608779544760E+00    0.698039191561455E+00
   -0.626114604701499E+00    0.646268552609216E+00
   -0.382587382062887E+00    0.552519835206787E+00
    0.322330259096047E+00    0.414314069726890E+00
    0.991738073894838E+00    0.245208310960150E+00
    0.731981050322271E+00    0.165580596747945E+00
   -0.339012741891127E+00    0.121344261248304E+00
   -0.635570423720409E+00    0.854842700711788E-01
    0.432933998680407E+00    0.471202423962266E-01
    0.000000000000000E+00    0.000000000000000E+00
    0.000000000000000E+00    0.000000000000000E+00
    0.250743220256531E-01    0.301134583373686E-03
    0.720838037778544E-01    0.852167594966053E-03
    0.122239567238414E+00    0.192016272242476E-02
    0.160554691619619E+00    0.496827263586205E-02
    0.189682397706197E+00    0.131049056417154E-01
    0.214476870968096E+00    0.304119422405782E-01
    0.234245119634822E+00    0.620858197010027E-01
    0.244761213746847E+00    0.112226330661720E+00
    0.239207956733553E+00    0.185873349041596E+00
    0.210621098738337E+00    0.282927577389696E+00
    0.158062690586836E+00    0.405368158515966E+00
    0.802585442357265E-01    0.544508931290837E+00
   -0.191206750166423E-01    0.697780595830201E+00
   -0.139760003879038E+00    0.846364394860529E+00
   -0.278544092283634E+00    0.984659184942236E+00
   -0.436626380007476E+00    0.108931142338204E+01
   -0.607023943425931E+00    0.115594618694571E+01
   -0.783505087547830E+00    0.117078497767992E+01
   -0.940231834578352E+00    0.113356794226514E+01
   -0.104912583992261E+01    0.105393463160178E+01
   -0.106342213893884E+01    0.932767241906090E+00
   -0.943242414562205E+00    0.800062041082696E+00
   -0.665158299600400E+00    0.655007451131051E+00
   -0.234724047843577E+00    0.523914694079084E+00
    0.278208677202730E+00    0.414495873583223E+00
    0.769139326302890E+00    0.327817437908812E+00
    0.109231224462320E+01    0.292170443638797E+00
    0.111567124346798E+01    0.283679207145506E+00
    0.808982250839595E+00    0.331137863068273E+00
    0.239519953440228E+00    0.386604366292698E+00
   -0.329987259690831E+00    0.447683129455169E+00
   -0.558950298466690E+00    0.447985010555874E+00
   -0.291008213659617E+00    0.389512680750174E+00
    0.456967946100342E+00    0.278373410183376E+00
    0.965021094354787E+00    0.142228231551759E+00
    0.637960052662877E+00    0.910920627245917E-01
   -0.238975217782007E+00    0.780001280866707E-01
   -0.329269885658925E+00    0.635123137631759E-01
    0.503429883564099E+00    0.484663459826094E-01
    0.000000000000000E+00    0.000000000000000E+00
    0.000000000000000E+00    0.000000000000000E+00
    0.235051654057065E-01    0.130872645440679E-02
    0.696733264372777E-01    0.511727159748968E-02
    0.117237028279153E+00    0.120137093437842E-01
    0.150908756503523E+00    0.234753712762878E-01
    0.171399185119498E+00    0.426416278733192E-01
    0.183261054523013E+00    0.728258923968490E-01
    0.185754627571010E+00    0.119428653951430E+00
    0.175201884956724E+00    0.184833315703481E+00
    0.145324721938730E+00    0.274298045190073E+00
    0.933668548567429E-01    0.385076840900052E+00
    0.197568071665937E-01    0.519111886215627E+00
   -0.705602322582163E-01    0.664245613097876E+00
   -0.172367146687854E+00    0.817160628157361E+00
   -0.279262752055975E+00    0.955041967479908E+00
   -0.389844200767362E+00    0.106990886245198E+01
   -0.502024264956229E+00    0.113629867186797E+01
   -0.617247945816691E+00    0.114421129693488E+01
   -0.731474225760472E+00    0.108640203769877E+01
   -0.831065524059191E+00    0.951994412055054E+00
   -0.895330604811716E+00    0.774280696291393E+00
   -0.882111778015636E+00    0.538153770139189E+00
   -0.759928202365519E+00    0.312946671650149E+00
   -0.495809025593250E+00    0.812901213037444E-01
   -0.985742734747884E-01   -0.978644736509424E-01
    0.371272006827891E+00   -0.222498608277292E+00
    0.818195821120066E+00   -0.295213605165980E+00
    0.108600368237480E+01   -0.273952101494784E+00
    0.107269089442376E+01   -0.225738274713572E+00
    0.724851108986692E+00   -0.937063614399721E-01
    0.152338668173637E+00    0.234339429497257E-01
   -0.388953379946022E+00    0.148955700402749E+00
   -0.573684081141108E+00    0.197069741770721E+00
   -0.189974635735591E+00    0.168473903123113E+00
    0.595306939966355E+00    0.105602373392243E+00
    0.120338233135588E+01   -0.164315033239497E-01
    0.770286082891810E+00   -0.154737208911137E-01
   -0.369549770699366E+00    0.110626795494762E-01
   -0.647296572069617E+00    0.255617183842776E-01
    0.549392348780580E+00    0.374367494798325E-01
    0.000000000000000E+00    0.000000000000000E+00
    0.000000000000000E+00    0.000000000000000E+00
    0.200728952785144E-01    0.190669580047546E-02
    0.622456383679146E-01    0.812542687495603E-02
    0.105389589344991E+00    0.194721280840630E-01
    0.132007301741924E+00    0.373438751993129E-01
    0.142935925870909E+00    0.644456260968684E-01
    0.140888472422277E+00    0.103804186956855E+00
    0.125486619363255E+00    0.159509750250771E+00
    0.933615538915549E-01    0.233936818543385E+00
    0.417182759463577E-01    0.330020726548368E+00
   -0.316175579013294E-01    0.445440798919560E+00
   -0.120050127693707E+00    0.578826258712997E+00
   -0.217188291553971E+00    0.718966908169964E+00
   -0.310863893712949E+00    0.858014709696633E+00
   -0.394046110069007E+00    0.974233758672303E+00
   -0.460616878257544E+00    0.105448241191355E+01
   -0.512907852705936E+00    0.107314691842176E+01
   -0.553813844023927E+00    0.101843247463789E+01
   -0.590887698664328E+00    0.879833671984926E+00
   -0.619469567809771E+00    0.656083459353341E+00
   -0.631216281780060E+00    0.373786128128540E+00
   -0.595333778567895E+00    0.432330434408271E-01
   -0.481354552951459E+00   -0.272849408724110E+00
   -0.260451351335456E+00   -0.563131510469722E+00
    0.696335841180380E-01   -0.768774896877563E+00
    0.457946151415371E+00   -0.884373783952626E+00
    0.813951863526432E+00   -0.901533975604023E+00
    0.100691233008159E+01   -0.815841371352041E+00
    0.923009188201763E+00   -0.673858163223544E+00
    0.547522166693097E+00   -0.474518420130425E+00
   -0.161949799395517E-01   -0.289981610658816E+00
   -0.508237837759846E+00   -0.135258946104799E+00
   -0.578737982891420E+00   -0.657349930041105E-01
   -0.162776571812833E+00   -0.830059390652684E-01
    0.658435569477659E+00   -0.127113536303348E+00
    0.111013304941348E+01   -0.200058380710171E+00
    0.609399285765488E+00   -0.145462690497721E+00
   -0.325396390964796E+00   -0.564975160179364E-01
   -0.364960297421481E+00   -0.742622257110302E-03
    0.607797346188564E+00    0.380198683278208E-01
    0.000000000000000E+00    0.000000000000000E+00
    0.000000000000000E+00    0.000000000000000E+00
    0.154895584723967E-01    0.234990873532150E-02
    0.530134072848086E-01    0.998226129691941E-02
    0.893214807313583E-01    0.241816280165269E-01
    0.107936764741114E+00    0.457695250341599E-01
    0.107530759665261E+00    0.773425382062965E-01
    0.914067828491676E-01    0.120517780997412E+00
    0.589238484834369E-01    0.179308543566196E+00
    0.807285509973888E-02    0.254162718319512E+00
   -0.634857151909946E-01    0.347961934160369E+00
   -0.153374631623580E+00    0.456522534944824E+00
   -0.253332284986794E+00    0.578460520125152E+00
   -0.350791724634657E+00    0.701295409223456E+00
   -0.430897706000758E+00    0.816964205710464E+00
   -0.480793038464871E+00    0.903064250973467E+00
   -0.494822498823402E+00    0.944992476423510E+00
   -0.472858210067524E+00    0.917711978756106E+00
   -0.428175818671223E+00    0.804997426061419E+00
   -0.372483424315044E+00    0.601955644867161E+00
   -0.322010225299328E+00    0.299297523250440E+00
   -0.278652154334393E+00   -0.588775288573732E-01
   -0.227490967401103E+00   -0.471797676243632E+00
   -0.147145173355607E+00   -0.847220775275661E+00
    0.118633494442851E-02   -0.117832338638608E+01
    0.221842444381038E+00   -0.138731522460741E+01
    0.492390708038983E+00   -0.145981787271586E+01
    0.739862778106931E+00   -0.141567158736873E+01
    0.843748350539616E+00   -0.122157091121215E+01
    0.719340122685709E+00   -0.100533717441965E+01
    0.331454323319397E+00   -0.715692584858280E+00
   -0.196466733933260E+00   -0.501276266125760E+00
   -0.612974390021677E+00   -0.331935338687505E+00
   -0.618358816530328E+00   -0.264580533611818E+00
   -0.881037210333598E-01   -0.305210973779125E+00
    0.743095141207423E+00   -0.311565267955559E+00
    0.123974782113233E+01   -0.377395807917331E+00
    0.590243178319513E+00   -0.255538909790230E+00
   -0.589105801268061E+00   -0.102939806782204E+00
   -0.788303282036275E+00   -0.308560222156018E-01
    0.623595573778121E+00    0.395324830861709E-01
    0.000000000000000E+00    0.000000000000000E+00
    0.000000000000000E+00    0.000000000000000E+00
    0.106342141338633E-01    0.222318273719758E-02
    0.415581074482847E-01    0.102122618215198E-01
    0.710699068007523E-01    0.250314477553813E-01
    0.809077225282315E-01    0.476262131050599E-01
    0.706716799091439E-01    0.794499053721398E-01
    0.418541347571939E-01    0.121853319502171E+00
   -0.523589910032276E-02    0.176970728283883E+00
   -0.724522334974505E-01    0.245392904228555E+00
   -0.158535922209859E+00    0.327686132437476E+00
   -0.260742180317102E+00    0.420664553286863E+00
   -0.365117835451061E+00    0.520714008986986E+00
   -0.457399290818532E+00    0.617741576000137E+00
   -0.516535382664630E+00    0.701471373271474E+00
   -0.527736780994189E+00    0.753130034734977E+00
   -0.481460220985361E+00    0.755499381435488E+00
   -0.380798368013201E+00    0.686560273600867E+00
   -0.241874876980341E+00    0.528454380698496E+00
   -0.906826416310745E-01    0.275772378178244E+00
    0.445559301393945E-01   -0.760965723691253E-01
    0.140819050803108E+00   -0.487473751494022E+00
    0.197972205396452E+00   -0.941180330839778E+00
    0.229645725135122E+00   -0.134757065025908E+01
    0.271824999893980E+00   -0.168089923367431E+01
    0.349575611793880E+00   -0.185497251794241E+01
    0.461226976621384E+00   -0.186601540131187E+01
    0.562463861957706E+00   -0.171117806191391E+01
    0.568133997597649E+00   -0.142053190217462E+01
    0.396323670058644E+00   -0.109160662466303E+01
    0.329695346140971E-01   -0.753998031023544E+00
   -0.408826346786484E+00   -0.517710639806472E+00
   -0.722555359912067E+00   -0.391379260351164E+00
   -0.590663725353552E+00   -0.385172655590679E+00
   -0.504260737312635E-01   -0.476265544917823E+00
    0.754178152386265E+00   -0.497922148392720E+00
    0.107472473468067E+01   -0.516378935776735E+00
    0.336836924729074E+00   -0.327957727824600E+00
   -0.619910702766192E+00   -0.107484300538108E+00
   -0.513401426559030E+00   -0.422596226872318E-02
    0.691812154894953E+00    0.577235562958882E-01
    0.000000000000000E+00    0.000000000000000E+00
    0.000000000000000E+00    0.000000000000000E+00
    0.593558493513965E-02    0.191176167032096E-02
    0.311402677261080E-01    0.901156197992693E-02
    0.528918740460080E-01    0.228782099216722E-01
    0.550691704883354E-01    0.435935008956846E-01
    0.353072262207981E-01    0.723649076123619E-01
   -0.378266193985108E-02    0.108937930248270E+00
   -0.623092922429370E-01    0.155222484576881E+00
   -0.140545237066294E+00    0.210030703945935E+00
   -0.237320323421282E+00    0.274011296678898E+00
   -0.345872620916571E+00    0.342949667160621E+00
   -0.451414925691976E+00    0.414145966143433E+00
   -0.534584022450721E+00    0.478196464751963E+00
   -0.571698026392540E+00    0.526848316609570E+00
   -0.543181481396154E+00    0.543739516200073E+00
   -0.438193229779680E+00    0.513647280509776E+00
   -0.257971352641837E+00    0.417499900771250E+00
   -0.272145898156619E-01    0.236573215373404E+00
    0.223294054221681E+00   -0.316786926381492E-01
    0.440550953882975E+00   -0.397435413295182E+00
    0.589739722179692E+00   -0.815285485952533E+00
    0.643380571832151E+00   -0.127453261888945E+01
    0.605115745266189E+00   -0.167340610607875E+01
    0.517003534678470E+00   -0.198268168888812E+01
    0.410597641429233E+00   -0.211140966932872E+01
    0.337038292990483E+00   -0.203427371457166E+01
    0.277635583182518E+00   -0.178963910426126E+01
    0.194219492571839E+00   -0.136536182683878E+01
    0.276303408352310E-01   -0.967394286915594E+00
   -0.257377726144875E+00   -0.557467379122149E+00
   -0.562133336931671E+00   -0.345936034459501E+00
   -0.727442147398810E+00   -0.284488986136294E+00
   -0.511994682045320E+00   -0.360284244284571E+00
    0.800070966277740E-01   -0.550713216225531E+00
    0.800314723396829E+00   -0.543670910815549E+00
    0.105815930397247E+01   -0.563074327763688E+00
    0.129015376876532E+00   -0.319346698146258E+00
   -0.101046814678610E+01   -0.217424530895743E-01
   -0.990066779527780E+00    0.321326928677523E-01
    0.751511478383353E+00    0.878071398549561E-01
    0.000000000000000E+00    0.000000000000000E+00
    0.000000000000000E+00    0.000000000000000E+00
    0.246858980996516E-02    0.117480820601886E-02
    0.215805335074420E-01    0.669503323795088E-02
    0.372595494940234E-01    0.176482289773182E-01
    0.326778734703464E-01    0.344535024449752E-01
    0.676347488493462E-02    0.568337296978522E-01
   -0.393539716661793E-01    0.844422412871986E-01
   -0.104842347190188E+00    0.117132708977273E+00
   -0.190023519467607E+00    0.154231589870880E+00
   -0.290946382002654E+00    0.194317353087087E+00
   -0.401228794778046E+00    0.234939455529509E+00
   -0.502246032525595E+00    0.272326019644136E+00
   -0.573657118115322E+00    0.301048616739104E+00
   -0.588036808515564E+00    0.313263144551211E+00
   -0.522795353210773E+00    0.299002062431850E+00
   -0.365253272086433E+00    0.244119301212407E+00
   -0.115750951212419E+00    0.135889952098557E+00
    0.197294235581741E+00   -0.442055683890966E-01
    0.533025447707830E+00   -0.297649689990576E+00
    0.825713162798457E+00   -0.635003375073963E+00
    0.101688740215563E+01   -0.101806251019347E+01
    0.106104395188216E+01   -0.143243904750990E+01
    0.946282297528661E+00   -0.178468230220827E+01
    0.707767835184013E+00   -0.203809729755743E+01
    0.405317736561508E+00   -0.209536429133086E+01
    0.112618178151078E+00   -0.194053542867129E+01
   -0.121980146833578E+00   -0.158518211928887E+01
   -0.297825466840717E+00   -0.107677322741879E+01
   -0.440234761149132E+00   -0.587019217235411E+00
   -0.585104843547330E+00   -0.168144015624615E+00
   -0.676292387982437E+00    0.893020075513179E-02
   -0.645055593969216E+00   -0.417068395940719E-01
   -0.291988847338819E+00   -0.266598684369140E+00
    0.253483487499704E+00   -0.557337935081968E+00
    0.816087504736362E+00   -0.576212937435895E+00
    0.848846020798928E+00   -0.531738506863669E+00
   -0.195928759877423E+00   -0.211891841951083E+00
   -0.110017881795334E+01    0.141679351756453E+00
   -0.636933946328936E+00    0.185475602952984E+00
    0.908312111399317E+00    0.150228815496571E+00
    0.000000000000000E+00    0.000000000000000E+00
    0.000000000000000E+00    0.000000000000000E+00
    0.338915250654385E-03    0.389934013281297E-03
    0.151953172850669E-01    0.368333669760425E-02
    0.252315660932722E-01    0.112535917652834E-01
    0.162801499468022E-01    0.227514682269954E-01
   -0.140244355752601E-01    0.374977419093429E-01
   -0.634697242956179E-01    0.538243898585757E-01
   -0.131616941955340E+00    0.713451289139513E-01
   -0.217619996708055E+00    0.880045089174695E-01
   -0.318377158455199E+00    0.102806442844497E+00
   -0.424886854633064E+00    0.112780638177165E+00
   -0.519476417143793E+00    0.116193523604887E+00
   -0.578962067769152E+00    0.109285214356843E+00
   -0.574825225560123E+00    0.887461995166432E-01
   -0.481980524991111E+00    0.490321346225422E-01
   -0.284659236829893E+00   -0.179079901966091E-01
    0.176225546834442E-01   -0.119416517458903E+00
    0.395119016529444E+00   -0.270711709845524E+00
    0.802673452863099E+00   -0.471554171210516E+00
    0.115781910236553E+01   -0.737738098179964E+00
    0.138972675837995E+01   -0.103643957221961E+01
    0.142342689166682E+01   -0.136545368523435E+01
    0.123241953153382E+01   -0.163954464015153E+01
    0.848108959649753E+00   -0.182476292294215E+01
    0.331705856693349E+00   -0.183061685257304E+01
   -0.176863004110168E+00   -0.161553978432196E+01
   -0.602485704892739E+00   -0.121708384355673E+01
   -0.848913524743954E+00   -0.631563211641607E+00
   -0.923013561488372E+00   -0.119453737423110E+00
   -0.871605968318521E+00    0.332839736480949E+00
   -0.679492816547599E+00    0.449027593735038E+00
   -0.418158769225134E+00    0.284584955014037E+00
    0.383916025217661E-01   -0.682625760763922E-01
    0.496055532071488E+00   -0.496740545055617E+00
    0.799084824689056E+00   -0.451018166191032E+00
    0.618813810014420E+00   -0.382091432741247E+00
   -0.618758736040747E+00   -0.638258877192448E-01
   -0.151498059888550E+01    0.399491322614437E+00
   -0.101581605139883E+01    0.337296774819468E+00
    0.115649466103220E+01    0.201085675452534E+00
    0.000000000000000E+00    0.000000000000000E+00
    0.000000000000000E+00    0.000000000000000E+00
   -0.269389299851178E-03   -0.313119066212860E-03
    0.110525142527727E-01    0.106558032347156E-02
    0.177154112879460E-01    0.484715286335881E-02
    0.622061324608719E-02    0.111021942214672E-01
   -0.246128668010284E-01    0.176504109606469E-01
   -0.735858629283068E-01    0.230697278621551E-01
   -0.139748176886697E+00    0.249767074223716E-01
   -0.222498618316847E+00    0.223874202149325E-01
   -0.317314247086111E+00    0.123388806880514E-01
   -0.416639205071795E+00   -0.572351397610950E-02
   -0.501651401561167E+00   -0.341782568757467E-01
   -0.550006868854634E+00   -0.719831216142614E-01
   -0.533086824237659E+00   -0.120480373683836E+00
   -0.423119259109996E+00   -0.177476966405722E+00
   -0.205512039706552E+00   -0.246438732446600E+00
    0.126348350213351E+00   -0.326603606685342E+00
    0.538936665919236E+00   -0.428681975818540E+00
    0.989140440055114E+00   -0.551570769444882E+00
    0.138487812293515E+01   -0.711382647621026E+00
    0.164211875905661E+01   -0.890114057013437E+00
    0.166899417727185E+01   -0.109161078026066E+01
    0.141814982126548E+01   -0.125676328690840E+01
    0.906904411705272E+00   -0.135724863151360E+01
    0.213067444588743E+00   -0.131342855710499E+01
   -0.511029512002698E+00   -0.108535589066667E+01
   -0.110401471696537E+01   -0.680379413690353E+00
   -0.143175331194926E+01   -0.120629662613904E+00
   -0.142848812562062E+01    0.385028080491474E+00
   -0.114077828288790E+01    0.788218792932405E+00
   -0.630587752916820E+00    0.837128948574723E+00
   -0.690834387835166E-01    0.565341938858725E+00
    0.494034032689667E+00    0.412732245593776E-01
    0.825795059871738E+00   -0.472541773498944E+00
    0.747605623533694E+00   -0.444094151868558E+00
    0.213400846341115E+00   -0.249076364402216E+00
   -0.112914998986243E+01    0.168470201831403E+00
   -0.173009115464399E+01    0.700464942185712E+00
   -0.438460607537951E+00    0.635761108551747E+00
    0.159718255032708E+01    0.333865114795126E+00
    0.000000000000000E+00    0.000000000000000E+00
    0.000000000000000E+00    0.000000000000000E+00
    0.535682790267024E-03   -0.816023094193329E-03
    0.976313069625340E-02   -0.764405555972614E-03
    0.141016655768306E-01    0.513754388984858E-03
    0.240647406690269E-02    0.254261649952446E-02
   -0.269304237108662E-01    0.272904931490321E-02
   -0.721507334293961E-01   -0.127573680974068E-02
   -0.132465789846393E+00   -0.118062654032542E-01
   -0.206914510411908E+00   -0.310125502406641E-01
   -0.292332149675805E+00   -0.609083734176845E-01
   -0.380410709177566E+00   -0.102897740018330E+00
   -0.455202179535343E+00   -0.156575173574845E+00
   -0.494563727605274E+00   -0.220038925168912E+00
   -0.471426918470321E+00   -0.288870643481700E+00
   -0.358998604192639E+00   -0.356794631274351E+00
   -0.139188683606411E+00   -0.418910147378035E+00
    0.193563877898731E+00   -0.467544557718544E+00
    0.614098375424412E+00   -0.507072981998298E+00
    0.107660404734419E+01   -0.532021613404415E+00
    0.149268417942219E+01   -0.563550286194800E+00
    0.176850663068836E+01   -0.591704347827439E+00
    0.179924266290018E+01   -0.641999764430565E+00
    0.151783994932758E+01   -0.679606369971965E+00
    0.927338202437439E+00   -0.698065519503645E+00
    0.909089474792509E-01   -0.641748579542271E+00
   -0.798906845718344E+00   -0.455617081013018E+00
   -0.156252101365161E+01   -0.150803307016544E+00
   -0.195875055287141E+01    0.314659676157837E+00
   -0.188521620585165E+01    0.712981535576958E+00
   -0.136438850798999E+01    0.107553646762428E+01
   -0.479791392232762E+00    0.108042917672999E+01
    0.375991002815399E+00    0.744604469435051E+00
    0.109222712258945E+01    0.161832029916225E+00
    0.117988703060950E+01   -0.495625643076425E+00
    0.635979696324613E+00   -0.376366640143447E+00
   -0.290479119883969E+00   -0.216369499602909E+00
   -0.181174949139833E+01    0.132492658492243E+00
   -0.201272327470638E+01    0.943709639256277E+00
   -0.556116825094369E+00    0.877542337536623E+00
    0.207755083642118E+01    0.403813934443505E+00
    0.000000000000000E+00    0.000000000000000E+00
    0.000000000000000E+00    0.000000000000000E+00
    0.135057593496604E-02   -0.703858698304741E-03
    0.918656208881956E-02   -0.772331584233859E-03
    0.127465586977122E-01   -0.647552775903396E-03
    0.236479025673636E-02   -0.648547088192233E-03
   -0.226012276643347E-01   -0.450150860206294E-02
   -0.612636737735767E-01   -0.140655043412863E-01
   -0.112555754328842E+00   -0.333062045736600E-01
   -0.176155717101838E+00   -0.629966591893486E-01
   -0.248394032593534E+00   -0.107028483717030E+00
   -0.323648107020851E+00   -0.164487498536029E+00
   -0.386876023371035E+00   -0.235936113766956E+00
   -0.419558076141507E+00   -0.315700042474400E+00
   -0.397552522677287E+00   -0.397534883525845E+00
   -0.294426991337640E+00   -0.469418148397910E+00
   -0.956813085720823E-01   -0.520126082449521E+00
    0.211993802884746E+00   -0.535926069797369E+00
    0.601241623760676E+00   -0.511256624984953E+00
    0.104119131860570E+01   -0.441345045188666E+00
    0.144225549197544E+01   -0.339939867178951E+00
    0.171881998494041E+01   -0.216784141002113E+00
    0.176099737795705E+01   -0.101534425377546E+00
    0.148536592299664E+01   -0.265732836504215E-02
    0.884966309491243E+00    0.702923466717733E-01
   -0.230336042956223E-02    0.133769860022894E+00
   -0.981087790196081E+00    0.234561964731548E+00
   -0.184558073853206E+01    0.382644744773041E+00
   -0.231717777211107E+01    0.634057416593116E+00
   -0.220635071022657E+01    0.854400430340649E+00
   -0.148787997921900E+01    0.107229460820478E+01
   -0.298784205896466E+00    0.105129112031294E+01
    0.960876223011361E+00    0.716881210454728E+00
    0.179588396924613E+01    0.123763669754878E+00
    0.181698247113101E+01   -0.548052112384235E+00
    0.744802678951075E+00   -0.500412443476317E+00
   -0.774178820456789E+00   -0.272658471120197E+00
   -0.235221052072987E+01    0.788038575143190E-01
   -0.227461532866343E+01    0.101987249552623E+01
    0.208245303395430E+00    0.101359756994164E+01
    0.283230361660898E+01    0.576652709083069E+00
    0.000000000000000E+00    0.000000000000000E+00
    0.000000000000000E+00    0.000000000000000E+00
    0.222762032141112E-02   -0.301143129823748E-03
    0.882735072113573E-02    0.432984020973981E-03
    0.121806520763081E-01    0.122157355698109E-02
    0.440995425918551E-02    0.112302380220542E-02
   -0.152711995644522E-01   -0.345642719768761E-02
   -0.457525811484678E-01   -0.152529848862809E-01
   -0.861174244241501E-01   -0.374431553027754E-01
   -0.136084752361783E+00   -0.723107625662303E-01
   -0.193635603077288E+00   -0.121970901045882E+00
   -0.253535338899969E+00   -0.187715550322207E+00
   -0.305106042465478E+00   -0.266996845702892E+00
   -0.332240241423242E+00   -0.356031986259560E+00
   -0.315476085883172E+00   -0.443520658916634E+00
   -0.232383931697751E+00   -0.516787031718479E+00
   -0.675379635484390E-01   -0.557671890381189E+00
    0.189374375296286E+00   -0.546759539993067E+00
    0.524051977499916E+00   -0.472854651638292E+00
    0.905817491920195E+00   -0.321556283007054E+00
    0.126851046636776E+01   -0.110953611524630E+00
    0.152648512326639E+01    0.152671162138668E+00
    0.158491018383123E+01    0.415054393186120E+00
    0.135012728740379E+01    0.648485197734242E+00
    0.799647666686511E+00    0.804580117933729E+00
   -0.489804995847268E-01    0.859947559380665E+00
   -0.102936118146269E+01    0.848383887005682E+00
   -0.193275133290801E+01    0.765177177563316E+00
   -0.246484769414837E+01    0.735710960850195E+00
   -0.237321787507150E+01    0.682147582713191E+00
   -0.158959015647251E+01    0.747765659530922E+00
   -0.179749984777796E+00    0.764172596113998E+00
    0.131741578562939E+01    0.553768157024468E+00
    0.238871708861728E+01    0.206332162741118E+00
    0.227270295470273E+01   -0.449615563950483E+00
    0.779233396252177E+00   -0.351776529418828E+00
   -0.133528314293454E+01   -0.477078546502609E+00
   -0.330549920699860E+01   -0.555482405512470E+00
   -0.278976132285633E+01    0.913531453123180E+00
    0.593614814337424E-01    0.115392750371208E+01
    0.362336350162176E+01    0.346272041329180E+00
    0.000000000000000E+00    0.000000000000000E+00
    0.000000000000000E+00    0.000000000000000E+00
    0.175053800275921E-02    0.301264995705174E-03
    0.709441462447629E-02    0.211961373736223E-02
    0.103364891372074E-01    0.438678373569872E-02
    0.532605279557141E-02    0.558452245547702E-02
   -0.813794199004601E-02    0.258176686452899E-02
   -0.297003112279105E-01   -0.798420897725402E-02
   -0.583637218562459E-01   -0.287262462747908E-01
   -0.945171944526356E-01   -0.625065114564519E-01
   -0.136074870044152E+00   -0.110919217940855E+00
   -0.180734133602542E+00   -0.176041353228219E+00
   -0.219630031451921E+00   -0.254517681484751E+00
   -0.242151179397094E+00   -0.343878356640661E+00
   -0.233108789629753E+00   -0.430260722390482E+00
   -0.174658040138622E+00   -0.502849656423948E+00
   -0.559451601829345E-01   -0.536399163586185E+00
    0.136955961435791E+00   -0.514267582746971E+00
    0.389338926090873E+00   -0.410982038825487E+00
    0.689424568858921E+00   -0.218676031795058E+00
    0.977936114975314E+00    0.643655751874051E-01
    0.119846267560646E+01    0.413496209607271E+00
    0.126566850465701E+01    0.788719647642067E+00
    0.109666617498587E+01    0.112221250447816E+01
    0.669737594187380E+00    0.135822099950781E+01
   -0.419844351367604E-01    0.142041598538518E+01
   -0.879104774642408E+00    0.131775620713839E+01
   -0.171451398546223E+01    0.103244519353146E+01
   -0.223461779081993E+01    0.693371451708058E+00
   -0.220490573624850E+01    0.334155462695794E+00
   -0.149036912021424E+01    0.133420222151247E+00
   -0.119715568217614E+00    0.104323873584640E+00
    0.141782105851855E+01    0.109711264766445E+00
    0.254455148469807E+01    0.706572244400719E-01
    0.240998848849651E+01   -0.100385508907154E+00
    0.703155753542945E+00    0.510609340469105E-01
   -0.216056142990602E+01   -0.132842698322532E+00
   -0.426154313379099E+01   -0.330404508927540E+00
   -0.383171443909853E+01    0.624608721953932E+00
    0.535459264682764E+00    0.163424437806644E+01
    0.377956907468051E+01    0.874671158745294E+00
    0.000000000000000E+00    0.000000000000000E+00
    0.000000000000000E+00    0.000000000000000E+00
    0.563330485264042E-03    0.686853821321820E-03
    0.446466885436342E-02    0.283781001023532E-02
    0.742117239956944E-02    0.601041848558187E-02
    0.505187601169733E-02    0.881994420334354E-02
   -0.296373572720082E-02    0.789592180608854E-02
   -0.161438149497635E-01    0.582279270246127E-03
   -0.337604447091110E-01   -0.159610067614198E-01
   -0.561662919174185E-01   -0.442256186821231E-01
   -0.826450078658457E-01   -0.857594240003799E-01
   -0.111438520017179E+00   -0.143165639193713E+00
   -0.137930313548477E+00   -0.213292340745766E+00
   -0.154516042706364E+00   -0.295129928926159E+00
   -0.152224573582630E+00   -0.375545609303162E+00
   -0.118355549061635E+00   -0.444708585879649E+00
   -0.451519774442254E-01   -0.478837029435469E+00
    0.772802866980711E-01   -0.457733230950040E+00
    0.243281949854533E+00   -0.359034760786697E+00
    0.443350960044987E+00   -0.161330739487116E+00
    0.645864303787831E+00    0.128979232479560E+00
    0.805050101638875E+00    0.510772387947357E+00
    0.870677107004924E+00    0.923785813072412E+00
    0.769999408106329E+00    0.131831086976730E+01
    0.485010728966098E+00    0.160059838307570E+01
   -0.179333470361992E-01    0.168158926126132E+01
   -0.647947530120076E+00    0.152977575746328E+01
   -0.129685761329399E+01    0.109325433568406E+01
   -0.176528363842155E+01    0.511905543923102E+00
   -0.179589992631240E+01   -0.131941708265783E+00
   -0.128016771032288E+01   -0.616149974179668E+00
   -0.146754562757765E+00   -0.685949423767320E+00
    0.126407549543691E+01   -0.560471787995924E+00
    0.238038445422905E+01   -0.478659023974752E-01
    0.256894792092094E+01    0.393262717960583E+00
    0.107921612362133E+01    0.923508211082963E+00
   -0.199747769665592E+01    0.365596710193281E+00
   -0.458962027466256E+01   -0.593327890586709E+00
   -0.392806007935847E+01    0.648990330500687E+00
    0.527521996796598E+00    0.207816076594334E+01
    0.620319367149605E+01    0.277553765412200E+00
    0.000000000000000E+00    0.000000000000000E+00
    0.000000000000000E+00    0.000000000000000E+00
   -0.411222850516772E-03    0.263380985776004E-03
    0.187059648481183E-02    0.158781532818518E-02
    0.365322325999345E-02    0.421041584917465E-02
    0.296998247091735E-02    0.714494728734649E-02
   -0.609543752296231E-03    0.768850618554854E-02
   -0.673368961095250E-02    0.353726096550313E-02
   -0.150653938897546E-01   -0.763238085199603E-02
   -0.259620493520942E-01   -0.276270229837724E-01
   -0.387414938295512E-01   -0.585738650313087E-01
   -0.535889575547594E-01   -0.101903750391471E+00
   -0.671842899081112E-01   -0.157133491369896E+00
   -0.772160181987503E-01   -0.222629944426708E+00
   -0.780721637238641E-01   -0.290020757334721E+00
   -0.636550313223260E-01   -0.350862049427841E+00
   -0.305839323925275E-01   -0.385838482167690E+00
    0.299618427780362E-01   -0.378833142436165E+00
    0.110291256334611E+00   -0.306393105257565E+00
    0.216069190172864E+00   -0.151785144656479E+00
    0.320271420795041E+00    0.896016559155552E-01
    0.414096542080914E+00    0.417408244699346E+00
    0.458448507130538E+00    0.785433534557516E+00
    0.420292914124852E+00    0.115714193825113E+01
    0.289758815078328E+00    0.142871926269318E+01
    0.188402842446004E-01    0.153663672650678E+01
   -0.307926072860851E+00    0.138496678967059E+01
   -0.706687311193361E+00    0.951678173141988E+00
   -0.990086876344354E+00    0.281748008302279E+00
   -0.107696975078227E+01   -0.493044856555035E+00
   -0.863610912015843E+00   -0.115827285993685E+01
   -0.200485160862632E+00   -0.142257165341404E+01
    0.563865895875442E+00   -0.121695729585484E+01
    0.147370238850154E+01   -0.455867105841762E+00
    0.178311332799863E+01    0.534507552003540E+00
    0.965826241487264E+00    0.150144241713625E+01
   -0.792595151526325E+00    0.109544880432526E+01
   -0.329746829466683E+01   -0.427432152361635E+00
   -0.373328562503374E+01   -0.883124906822350E+00
   -0.233260890549273E+00   -0.136865299639070E+01
    0.376613770101109E+01    0.224483898568526E+00
    0.000000000000000E+00    0.000000000000000E+00
    0.000000000000000E+00    0.000000000000000E+00
   -0.414743775221994E-03   -0.414743775129046E-03
    0.421219463933040E-03   -0.232020603918160E-03
    0.118589816643849E-02    0.101964729598670E-02
    0.930131810800876E-03    0.339337531117979E-02
    0.113754951868693E-03    0.420739138081083E-02
   -0.155541076830280E-02    0.285680712421968E-02
   -0.363893221694480E-02   -0.250158298338203E-02
   -0.662292882421519E-02   -0.126674546065121E-01
   -0.101162408158881E-01   -0.290437458247927E-01
   -0.143806191978478E-01   -0.534128357390461E-01
   -0.186364537384749E-01   -0.845537914735456E-01
   -0.217243503260517E-01   -0.124766694764472E+00
   -0.231911169858727E-01   -0.165660493732139E+00
   -0.194315026789164E-01   -0.208096508722665E+00
   -0.118426459110870E-01   -0.234299611755706E+00
    0.524044776542928E-02   -0.240763303140849E+00
    0.270440050364145E-01   -0.206534495074333E+00
    0.576646717727247E-01   -0.122258477523551E+00
    0.894196226696977E-01    0.170449068924439E-01
    0.117225791654728E+00    0.221130406478298E+00
    0.136330145566915E+00    0.454128795232342E+00
    0.125072762387803E+00    0.708026516655411E+00
    0.941609228086286E-01    0.906317785337359E+00
    0.105267495005691E-01    0.996943890090783E+00
   -0.900513278081203E-01    0.932322320979289E+00
   -0.218352234080096E+00    0.614074651640231E+00
   -0.329036839628962E+00    0.151472850969629E+00
   -0.359331089749990E+00   -0.504852514157184E+00
   -0.316356045898838E+00   -0.108374192460450E+01
   -0.857016363130915E-01   -0.141768240288202E+01
    0.175862840059745E+00   -0.134641942636159E+01
    0.521216628732925E+00   -0.599903674237760E+00
    0.805363476472448E+00    0.423327314866080E+00
    0.547591886212727E+00    0.174280310295935E+01
   -0.247049197270222E-01    0.173957619483776E+01
   -0.165914827849128E+01   -0.950696236050515E+00
   -0.297863105238704E+01   -0.268115214677564E+01
   -0.195065900192028E+01   -0.522377569043552E+01
    0.523947268156536E+01   -0.378183469208742E+01
    0.000000000000000E+00    0.000000000000000E+00
    0.000000000000000E+00    0.000000000000000E+00
    0.000000000000000E+00    0.000000000000000E+00
    0.000000000000000E+00    0.000000000000000E+00
    0.000000000000000E+00    0.000000000000000E+00
    0.000000000000000E+00    0.000000000000000E+00
    0.000000000000000E+00    0.000000000000000E+00
    0.000000000000000E+00    0.000000000000000E+00
    0.000000000000000E+00    0.000000000000000E+00
    0.000000000000000E+00    0.000000000000000E+00
    0.000000000000000E+00    0.000000000000000E+00
    0.000000000000000E+00    0.000000000000000E+00
    0.000000000000000E+00    0.000000000000000E+00
    0.000000000000000E+00    0.000000000000000E+00
    0.000000000000000E+00    0.000000000000000E+00
    0.000000000000000E+00    0.000000000000000E+00
    0.000000000000000E+00    0.000000000000000E+00
    0.000000000000000E+00    0.000000000000000E+00
    0.000000000000000E+00    0.000000000000000E+00
    0.000000000000000E+00    0.000000000000000E+00
    0.000000000000000E+00    0.000000000000000E+00
    0.000000000000000E+00    0.000000000000000E+00
    0.000000000000000E+00    0.000000000000000E+00
    0.000000000000000E+00    0.000000000000000E+00
    0.000000000000000E+00    0.000000000000000E+00
    0.000000000000000E+00    0.000000000000000E+00
    0.000000000000000E+00    0.000000000000000E+00
    0.000000000000000E+00    0.000000000000000E+00
    0.000000000000000E+00    0.000000000000000E+00
    0.000000000000000E+00    0.000000000000000E+00
    0.000000000000000E+00    0.000000000000000E+00
    0.000000000000000E+00    0.000000000000000E+00
    0.000000000000000E+00    0.000000000000000E+00
    0.000000000000000E+00    0.000000000000000E+00
    0.000000000000000E+00    0.000000000000000E+00
    0.000000000000000E+00    0.000000000000000E+00
    0.000000000000000E+00    0.000000000000000E+00
    0.000000000000000E+00    0.000000000000000E+00
    0.000000000000000E+00    0.000000000000000E+00
    0.000000000000000E+00    0.000000000000000E+00
    0.000000000000000E+00    0.000000000000000E+00
    0.000000000000000E+00    0.000000000000000E+00
