    0.000000000000000D+00    0.000000000000000D+00
    0.000000000000000D+00    0.000000000000000D+00
    0.000000000000000D+00    0.000000000000000D+00
    0.000000000000000D+00    0.000000000000000D+00
    0.000000000000000D+00    0.000000000000000D+00
    0.000000000000000D+00    0.000000000000000D+00
    0.000000000000000D+00    0.000000000000000D+00
    0.000000000000000D+00    0.000000000000000D+00
    0.000000000000000D+00    0.000000000000000D+00
    0.000000000000000D+00    0.000000000000000D+00
    0.000000000000000D+00    0.000000000000000D+00
    0.000000000000000D+00    0.000000000000000D+00
    0.000000000000000D+00    0.000000000000000D+00
    0.000000000000000D+00    0.000000000000000D+00
    0.000000000000000D+00    0.000000000000000D+00
    0.000000000000000D+00    0.000000000000000D+00
    0.000000000000000D+00    0.000000000000000D+00
    0.000000000000000D+00    0.000000000000000D+00
    0.000000000000000D+00    0.000000000000000D+00
    0.000000000000000D+00    0.000000000000000D+00
    0.000000000000000D+00    0.000000000000000D+00
    0.000000000000000D+00    0.000000000000000D+00
    0.000000000000000D+00    0.000000000000000D+00
    0.000000000000000D+00    0.000000000000000D+00
    0.000000000000000D+00    0.000000000000000D+00
    0.000000000000000D+00    0.000000000000000D+00
    0.000000000000000D+00    0.000000000000000D+00
    0.000000000000000D+00    0.000000000000000D+00
    0.000000000000000D+00    0.000000000000000D+00
    0.000000000000000D+00    0.000000000000000D+00
    0.000000000000000D+00    0.000000000000000D+00
    0.000000000000000D+00    0.000000000000000D+00
    0.000000000000000D+00    0.000000000000000D+00
    0.000000000000000D+00    0.000000000000000D+00
    0.000000000000000D+00    0.000000000000000D+00
    0.000000000000000D+00    0.000000000000000D+00
    0.000000000000000D+00    0.000000000000000D+00
    0.000000000000000D+00    0.000000000000000D+00
    0.000000000000000D+00    0.000000000000000D+00
    0.000000000000000D+00    0.000000000000000D+00
    0.000000000000000D+00    0.000000000000000D+00
    0.000000000000000D+00    0.000000000000000D+00
   -0.181910387884539D-03    0.663738119264769D-04
   -0.587670897135880D-03    0.735388380387886D-03
   -0.871684963836624D-03    0.201315158266363D-02
   -0.101304685516539D-02    0.389910552144533D-02
   -0.913846590217447D-03    0.572310714377189D-02
   -0.724890573051125D-03    0.743732764844852D-02
   -0.229083869827683D-03    0.838698634603324D-02
    0.369966150224030D-03    0.776154138279657D-02
    0.719747938393951D-03    0.703239479552995D-02
    0.601808560519986D-03    0.605307520354133D-02
    0.472742325976166D-03    0.494594791526687D-02
    0.415391797554048D-03    0.409990437732221D-02
    0.391998661732743D-03    0.331455791747050D-02
    0.380047491478162D-03    0.256846015863708D-02
    0.370077791533539D-03    0.183892951568571D-02
    0.359814212309595D-03    0.112946499986966D-02
    0.347618899849190D-03    0.442784733367374D-03
    0.327052807698110D-03   -0.208996639968033D-03
    0.301905904229513D-03   -0.819076987528796D-03
    0.266877036533580D-03   -0.136573079082405D-02
    0.226978425930744D-03   -0.184312042188614D-02
    0.179282817538593D-03   -0.223076565792816D-02
    0.127939872784755D-03   -0.252567927391949D-02
    0.733343795046183D-04   -0.271447087035307D-02
    0.177422341093228D-04   -0.279879873012318D-02
   -0.349670969975109D-04   -0.277694794274090D-02
   -0.851332925391229D-04   -0.265573078137026D-02
   -0.125942357757362D-03   -0.244783243454056D-02
   -0.160575648498047D-03   -0.216412312670828D-02
   -0.180660475815303D-03   -0.183165775904891D-02
   -0.191887816629570D-03   -0.146251944754391D-02
   -0.186363559073806D-03   -0.109462746488446D-02
   -0.171148793630485D-03   -0.737285121061403D-03
   -0.141445417702895D-03   -0.431307662024844D-03
   -0.103838256674832D-03   -0.179982773717615D-03
   -0.604828498511569D-04   -0.143536934369122D-04
   -0.166880117659547D-04    0.727766767587409D-04
    0.140746373351729D-04    0.795818698372155D-04
    0.302075051600534D-04    0.302075051606369D-04
    0.000000000000000D+00    0.000000000000000D+00
    0.000000000000000D+00    0.000000000000000D+00
   -0.619851804429777D-03    0.283865501648573D-03
   -0.178606733741328D-02    0.124246537267863D-02
   -0.288155776580155D-02    0.301505225659075D-02
   -0.341485738255640D-02    0.552794221292103D-02
   -0.343655242372659D-02    0.808517322075698D-02
   -0.220034205009270D-02    0.100258654268298D-01
   -0.395381330461961D-03    0.111486358552404D-01
    0.915190763772091D-03    0.111618573209256D-01
    0.183246136074363D-02    0.105067283918679D-01
    0.184431996411509D-02    0.934092170627292D-02
    0.164351032107236D-02    0.786363349213333D-02
    0.153534701815026D-02    0.648739267028232D-02
    0.146730963366466D-02    0.514376272649014D-02
    0.142697115502415D-02    0.380381903180651D-02
    0.139245212432864D-02    0.248922152209902D-02
    0.135087022595392D-02    0.121132962083433D-02
    0.129728130615402D-02   -0.206742511635737D-04
    0.121757209221279D-02   -0.118621408856626D-02
    0.111496545227761D-02   -0.226454259723339D-02
    0.982386755671071D-03   -0.322828976106518D-02
    0.826439898234081D-03   -0.405491709371182D-02
    0.647700452523618D-03   -0.472306509787434D-02
    0.452780130665718D-03   -0.521492700549865D-02
    0.249517009895236D-03   -0.552172472568628D-02
    0.432456626888719D-04   -0.563602814784554D-02
   -0.152662001330249D-03   -0.556605401695454D-02
   -0.334858204528619D-03   -0.531820081400836D-02
   -0.487763900571211D-03   -0.491847912058561D-02
   -0.610188673602085D-03   -0.438781772994692D-02
   -0.688977347194369D-03   -0.376668373901255D-02
   -0.724849556570790D-03   -0.308780268745475D-02
   -0.712141219836415D-03   -0.239837451015271D-02
   -0.652790400933527D-03   -0.173659173606016D-02
   -0.553283518874484D-03   -0.114435364674647D-02
   -0.416378430219776D-03   -0.656399017790611D-03
   -0.264970403919445D-03   -0.294386712534263D-03
   -0.105203045607098D-03   -0.752975532858483D-04
    0.172015715715034D-04    0.195913913600644D-04
    0.804822733721675D-04    0.151869486350160D-04
    0.000000000000000D+00    0.000000000000000D+00
    0.000000000000000D+00    0.000000000000000D+00
   -0.127057209333516D-02    0.325969919492384D-03
   -0.322516759416859D-02    0.133222999371669D-02
   -0.491677570290571D-02    0.300788808781891D-02
   -0.589609563304419D-02    0.540944751557011D-02
   -0.561783170535317D-02    0.753604444917590D-02
   -0.404169889642738D-02    0.941477531413858D-02
   -0.132604507644276D-02    0.109478613289865D-01
    0.103667266280954D-02    0.112997249098808D-01
    0.268959884395532D-02    0.112076303967324D-01
    0.310751224134088D-02    0.103327564381031D-01
    0.316182855971627D-02    0.884667102137492D-02
    0.310337139521460D-02    0.727512122402503D-02
    0.303331614814522D-02    0.556642974576159D-02
    0.297477352587291D-02    0.382778938912257D-02
    0.291124572627506D-02    0.209004325553351D-02
    0.282679016294424D-02    0.393874096418056D-03
    0.270686640503477D-02   -0.124733318957610D-02
    0.253548926535784D-02   -0.279229632387523D-02
    0.231017501799063D-02   -0.421390484311517D-02
    0.202779067710860D-02   -0.547474699995211D-02
    0.169413941508111D-02   -0.654460741255724D-02
    0.131638155698376D-02   -0.739679933685904D-02
    0.906325030938778D-03   -0.800918725280251D-02
    0.479059453767733D-03   -0.837101895055011D-02
    0.500874370480265D-04   -0.847614196305935D-02
   -0.360896089125888D-03   -0.833367389682791D-02
   -0.737362663963879D-03   -0.795752085254956D-02
   -0.105931281197276D-02   -0.737724730889516D-02
   -0.131276432166340D-02   -0.662605559919849D-02
   -0.148237981733234D-02   -0.575117890289939D-02
   -0.156083345644725D-02   -0.479893366633215D-02
   -0.154245606516475D-02   -0.382727020234195D-02
   -0.143009914736749D-02   -0.288497887586947D-02
   -0.123261178920851D-02   -0.202825148043516D-02
   -0.965518663865381D-03   -0.129595175117936D-02
   -0.657845750064367D-03   -0.724159405935419D-03
   -0.341296008347514D-03   -0.327928463447041D-03
   -0.760442959809167D-04   -0.966850926169641D-04
    0.769115531502487D-04   -0.129769509054731D-04
    0.000000000000000D+00    0.000000000000000D+00
    0.000000000000000D+00    0.000000000000000D+00
   -0.182349482741184D-02    0.266049376622552D-03
   -0.440932681462498D-02    0.102861784431108D-02
   -0.675663547397672D-02    0.228807979840366D-02
   -0.794431273276773D-02    0.403147670289187D-02
   -0.758722003838653D-02    0.573151640071919D-02
   -0.549032167477303D-02    0.734346349853426D-02
   -0.215005901201541D-02    0.872504708611055D-02
    0.748608293973243D-03    0.955744717493100D-02
    0.304293211402058D-02    0.979855373109340D-02
    0.415879258340356D-02    0.928446363609828D-02
    0.464040190780823D-02    0.810591812113557D-02
    0.482287725308009D-02    0.653623449841519D-02
    0.486931186293683D-02    0.471760340771890D-02
    0.484845999698458D-02    0.277238451260120D-02
    0.477966181290541D-02    0.784640743363355D-03
    0.465036526426163D-02   -0.118601492435950D-02
    0.444894019364213D-02   -0.309556794182686D-02
    0.415503323777191D-02   -0.489451004593495D-02
    0.377037699434686D-02   -0.654061870159693D-02
    0.329037864382556D-02   -0.799099360766198D-02
    0.272849854641410D-02   -0.920874701928052D-02
    0.209522841783856D-02   -0.101628407147468D-01
    0.141300960288356D-02   -0.108294502924053D-01
    0.704435936571076D-03   -0.111959640739261D-01
   -0.307836773886334D-05   -0.112583919976445D-01
   -0.679712005212929D-03   -0.110265511559649D-01
   -0.129765495695534D-02   -0.105196351780259D-01
   -0.182640203606389D-02   -0.976990594656858D-02
   -0.224319450638479D-02   -0.881872480924299D-02
   -0.252468080654298D-02   -0.771676981851033D-02
   -0.265892696001750D-02   -0.652155232674981D-02
   -0.263788282286567D-02   -0.529363685537446D-02
   -0.246551987443066D-02   -0.409578543681637D-02
   -0.215639030201010D-02   -0.298519460159869D-02
   -0.173475131128129D-02   -0.201542931959124D-02
   -0.124391350863347D-02   -0.122343587599708D-02
   -0.735224360314577D-03   -0.635781091752434D-03
   -0.288210178462810D-03   -0.249565293509751D-03
   -0.144866473374293D-06   -0.539131177111123D-04
    0.000000000000000D+00    0.000000000000000D+00
    0.000000000000000D+00    0.000000000000000D+00
   -0.223263215389450D-02    0.134163847486815D-03
   -0.522693943599178D-02    0.517515589920388D-03
   -0.792303286699229D-02    0.116476449395100D-02
   -0.942625042772195D-02    0.221476068101461D-02
   -0.911767641022789D-02    0.323975134010396D-02
   -0.700465676923636D-02    0.437426185867005D-02
   -0.345942916191815D-02    0.565237899474437D-02
    0.393742005700251D-04    0.650154778933658D-02
    0.296950899206359D-02    0.699580870763875D-02
    0.484867919133076D-02    0.681267376241511D-02
    0.592796836314965D-02    0.593708244223069D-02
    0.649149274711424D-02    0.454465653827495D-02
    0.677485383118364D-02    0.277667428635416D-02
    0.686968758258319D-02    0.806142401475701D-03
    0.683838291269977D-02   -0.127789339975715D-02
    0.667846939724756D-02   -0.337202272280202D-02
    0.638889153549752D-02   -0.542238809759683D-02
    0.595812011885333D-02   -0.735452302691233D-02
    0.538616243606964D-02   -0.911747793623892D-02
    0.467860375871202D-02   -0.106625719864311D-01
    0.384984337575544D-02   -0.119442640060004D-01
    0.292297663933156D-02   -0.129327887056744D-01
    0.192663445791847D-02   -0.135979391310245D-01
    0.896131145705267D-03   -0.139309449124961D-01
   -0.129718643096450D-03   -0.139252081370467D-01
   -0.111051430395533D-02   -0.135936811230910D-01
   -0.200354272733331D-02   -0.129573588371179D-01
   -0.277141241016005D-02   -0.120498437486014D-01
   -0.337621111623584D-02   -0.109179294740200D-01
   -0.379210627662023D-02   -0.961276144240545D-02
   -0.399599125422244D-02   -0.819920893280394D-02
   -0.398203627694590D-02   -0.673941610839715D-02
   -0.375124046088957D-02   -0.530380152564543D-02
   -0.332556636578527D-02   -0.395374799226150D-02
   -0.273710889713560D-02   -0.275057540719323D-02
   -0.204289313261233D-02   -0.173785466759287D-02
   -0.131172326775461D-02   -0.953164317864939D-03
   -0.644390029774747D-03   -0.402659484774021D-03
   -0.155852223652237D-03   -0.959026377031415D-04
    0.000000000000000D+00    0.000000000000000D+00
    0.000000000000000D+00    0.000000000000000D+00
   -0.237118287699706D-02    0.101450960864055D-04
   -0.548664748051091D-02   -0.185717265054410D-05
   -0.836718628586564D-02    0.586540267288703D-04
   -0.100185476273493D-01    0.297473592362090D-03
   -0.987246598354400D-02    0.627858347765535D-03
   -0.785463227809952D-02    0.124605135148969D-02
   -0.438436649585671D-02    0.205779026217536D-02
   -0.691281338542039D-03    0.282034351095574D-02
    0.269939301799329D-02    0.336096729728896D-02
    0.523678530599056D-02    0.335144119819000D-02
    0.694148985960869D-02    0.275384489035305D-02
    0.800118501679588D-02    0.159414236465369D-02
    0.860192829513051D-02   -0.701013207200580D-06
    0.889200550101298D-02   -0.187794899035412D-02
    0.894153306498023D-02   -0.391674885134170D-02
    0.877669963510691D-02   -0.601332829457660D-02
    0.840791382971584D-02   -0.807826368852295D-02
    0.783299143523798D-02   -0.100346808050389D-01
    0.706142624285927D-02   -0.118161709951113D-01
    0.610388776913787D-02   -0.133691750153522D-01
    0.498618213227578D-02   -0.146445096320874D-01
    0.373820933546901D-02   -0.156070300604528D-01
    0.240161745760168D-02   -0.162287820050944D-01
    0.102222267709721D-02   -0.164965391288735D-01
   -0.348891619623581D-03   -0.164072064483900D-01
   -0.165740270772315D-02   -0.159709908733294D-01
   -0.285127483124245D-02   -0.152112796706698D-01
   -0.387731759679839D-02   -0.141611327251779D-01
   -0.469279594778502D-02   -0.128683040482658D-01
   -0.525699835678041D-02   -0.113854055621109D-01
   -0.554746479538425D-02   -0.977825197464812D-02
   -0.554795050345782D-02   -0.811211510246600D-02
   -0.526645573030572D-02   -0.646020156880159D-02
   -0.472203388832725D-02   -0.488909531911501D-02
   -0.396125866200629D-02   -0.346553651526837D-02
   -0.304632522909614D-02   -0.224252081988017D-02
   -0.206875731153668D-02   -0.126510460844978D-02
   -0.113798013155902D-02   -0.557527140664427D-03
   -0.396323986847125D-03   -0.137727833232409D-03
    0.000000000000000D+00    0.000000000000000D+00
    0.000000000000000D+00    0.000000000000000D+00
   -0.224052123543954D-02   -0.111384705724391D-03
   -0.526365923112781D-02   -0.468845678039235D-03
   -0.817197404764269D-02   -0.964107106112292D-03
   -0.100080494322697D-01   -0.139273803406310D-02
   -0.100906119703835D-01   -0.179935369988972D-02
   -0.837719622573659D-02   -0.183299270275110D-02
   -0.507469838556501D-02   -0.152492506488258D-02
   -0.127907476782478D-02   -0.113082479281719D-02
    0.244293146349907D-02   -0.677578414544498D-03
    0.550156111130152D-02   -0.640664662498718D-03
    0.775739504942572D-02   -0.106179992185566D-02
    0.929518375802873D-02   -0.198520129409685D-02
    0.102658253206985D-01   -0.337287287145747D-02
    0.107952856777565D-01   -0.506302989726704D-02
    0.109727679126919D-01   -0.696354201946420D-02
    0.108317890627941D-01   -0.894711257944690D-02
    0.103999639741455D-01   -0.109270092662512D-01
    0.968734038441007D-02   -0.128088206981210D-01
    0.871241444705876D-02   -0.145231829215154D-01
    0.749924604452543D-02   -0.160107967178798D-01
    0.608074080043904D-02   -0.172164262560948D-01
    0.450069110836336D-02   -0.181067702598139D-01
    0.281030333251159D-02   -0.186478981345155D-01
    0.106802307262536D-02   -0.188299368032651D-01
   -0.661397619096992D-03   -0.186456114088384D-01
   -0.231423651877280D-02   -0.181059202124481D-01
   -0.382136061612200D-02   -0.172330398294429D-01
   -0.512459150454123D-02   -0.160569188771718D-01
   -0.616284935378739D-02   -0.146274399813945D-01
   -0.689522718865321D-02   -0.129913256060629D-01
   -0.728309202930257D-02   -0.112198254717766D-01
   -0.731497102747279D-02   -0.937217018727736D-02
   -0.698871408959796D-02   -0.753035687836232D-02
   -0.633358829899438D-02   -0.575758455515281D-02
   -0.539462985306494D-02   -0.413334947348580D-02
   -0.425027815922210D-02   -0.271192328378021D-02
   -0.299795871568409D-02   -0.155614472477412D-02
   -0.176835536157523D-02   -0.697301998658009D-03
   -0.710021318949481D-03   -0.176330426729043D-03
    0.000000000000000D+00    0.000000000000000D+00
    0.000000000000000D+00    0.000000000000000D+00
   -0.193751745134809D-02   -0.198885402033756D-03
   -0.464822711182291D-02   -0.833929226080933D-03
   -0.735774772507130D-02   -0.175910209741245D-02
   -0.918764449803337D-02   -0.281121390429277D-02
   -0.951157973860815D-02   -0.383381875036822D-02
   -0.809900391963650D-02   -0.450622575629007D-02
   -0.517442605995234D-02   -0.481852626915263D-02
   -0.153408143983169D-02   -0.484113963214558D-02
    0.229786869639062D-02   -0.471973501314823D-02
    0.565437278739397D-02   -0.476895873975488D-02
    0.836701920309369D-02   -0.512747968874374D-02
    0.103544903778944D-01   -0.588903859679961D-02
    0.116994788856193D-01   -0.704472847453521D-02
    0.125033278207590D-01   -0.851516013978947D-02
    0.128322932822990D-01   -0.102002736241003D-01
    0.127430635971555D-01   -0.119980071137830D-01
    0.122648106698488D-01   -0.138063446531442D-01
    0.114276844384815D-01   -0.155379306183403D-01
    0.102582420569870D-01   -0.171135999943449D-01
    0.879360006930270D-02   -0.184733926686590D-01
    0.707742805620992D-02   -0.195607666330058D-01
    0.516601846058793D-02   -0.203384868262742D-01
    0.312101364655286D-02   -0.207748499125051D-01
    0.101560553575222D-02   -0.208550261227922D-01
   -0.107730244383340D-02   -0.205732557688371D-01
   -0.307602967678400D-02   -0.199362363284265D-01
   -0.490705984437972D-02   -0.189644973465572D-01
   -0.649168451276741D-02   -0.176854902946916D-01
   -0.776877285994789D-02   -0.161443129629887D-01
   -0.867644764560738D-02   -0.143876878940445D-01
   -0.918055944033759D-02   -0.124809696584879D-01
   -0.925139021096724D-02   -0.104866403903052D-01
   -0.889638176849602D-02   -0.848244520232502D-02
   -0.813240353387587D-02   -0.653930817261193D-02
   -0.702017737297867D-02   -0.473622738724872D-02
   -0.563291878383710D-02   -0.314136812602588D-02
   -0.408971776520127D-02   -0.182142798538284D-02
   -0.252100977266861D-02   -0.828763899093385D-03
   -0.109878253891582D-02   -0.211163941104593D-03
    0.000000000000000D+00    0.000000000000000D+00
    0.000000000000000D+00    0.000000000000000D+00
   -0.143727342394595D-02   -0.268376120393375D-03
   -0.369144234584526D-02   -0.109551548401080D-02
   -0.610438394301677D-02   -0.236278456692290D-02
   -0.789373060587207D-02   -0.386188702169145D-02
   -0.838452485498947D-02   -0.545969457978417D-02
   -0.734769251695183D-02   -0.673904042168654D-02
   -0.480575529842597D-02   -0.764793227782021D-02
   -0.142247647407541D-02   -0.820760657770119D-02
    0.234300490497809D-02   -0.845164631820770D-02
    0.587778400585293D-02   -0.871904003376548D-02
    0.888541789447058D-02   -0.911186232437715D-02
    0.112441528065482D-01   -0.978378320420825D-02
    0.129226474523065D-01   -0.107573613390430D-01
    0.139866151022541D-01   -0.120011733826382D-01
    0.144793431164962D-01   -0.134485223156458D-01
    0.144530207721131D-01   -0.150040913718365D-01
    0.139470501739016D-01   -0.165872653475598D-01
    0.130000108729888D-01   -0.181063483450305D-01
    0.116507265051162D-01   -0.194881030012641D-01
    0.994777270720569D-02   -0.206714931633508D-01
    0.794659713797350D-02   -0.215991751331547D-01
    0.571454791753397D-02   -0.222356975655222D-01
    0.332659101097171D-02   -0.225458887753741D-01
    0.864777998182600D-03   -0.225160573646029D-01
   -0.158196405070718D-02   -0.221366273148298D-01
   -0.392654496276688D-02   -0.214117668775040D-01
   -0.607634919598739D-02   -0.203596991549832D-01
   -0.795105930369513D-02   -0.190005115783905D-01
   -0.946827105742796D-02   -0.173797706728126D-01
   -0.105681686468406D-01   -0.155331046292554D-01
   -0.111953901536886D-01   -0.135302311339585D-01
   -0.113260105235261D-01   -0.114215866789388D-01
   -0.109495525718247D-01   -0.929419729081118D-02
   -0.100931370908448D-01   -0.720959365459436D-02
   -0.880583305578293D-02   -0.526164456426071D-02
   -0.717646813718884D-02   -0.351505521155082D-02
   -0.531949977488745D-02   -0.205643234652174D-02
   -0.338556184076739D-02   -0.941872812160424D-03
   -0.154639441468837D-02   -0.242871340211699D-03
    0.000000000000000D+00    0.000000000000000D+00
    0.000000000000000D+00    0.000000000000000D+00
   -0.867718148645436D-03   -0.309388914389980D-03
   -0.254844969314968D-02   -0.126917285607040D-02
   -0.450390338400956D-02   -0.275259948871810D-02
   -0.606691737207399D-02   -0.461293537261886D-02
   -0.664069750364970D-02   -0.661453994922151D-02
   -0.587917291339218D-02   -0.841650131540496D-02
   -0.377730499969042D-02   -0.989516425422963D-02
   -0.767544673082151D-03   -0.109582540404409D-01
    0.277376556854068D-02   -0.116712906683003D-01
    0.626726437377458D-02   -0.122214356848111D-01
    0.942251135386539D-02   -0.127471294388362D-01
    0.120105684534776D-01   -0.134063309698501D-01
    0.139441628143214D-01   -0.142462356958691D-01
    0.152251984665448D-01   -0.152899051357525D-01
    0.158623535235109D-01   -0.164906372968617D-01
    0.159031800880062D-01   -0.177887844960098D-01
    0.153786176224943D-01   -0.191088107824407D-01
    0.143397475734652D-01   -0.203792067549987D-01
    0.128289809102477D-01   -0.215280097266550D-01
    0.109099639598726D-01   -0.225003215504521D-01
    0.864421968685158D-02   -0.232413660617364D-01
    0.611508644705910D-02   -0.237150467161953D-01
    0.340259550893641D-02   -0.238886900757322D-01
    0.606571204181780D-03   -0.237448236397594D-01
   -0.218179014795405D-02   -0.232738817274918D-01
   -0.485473727286298D-02   -0.224754175894533D-01
   -0.732076559443859D-02   -0.213633555148287D-01
   -0.947592497785904D-02   -0.199540225764846D-01
   -0.112419473467642D-01   -0.182845654614474D-01
   -0.125334677153146D-01   -0.163890604515362D-01
   -0.133019316626723D-01   -0.143266264852522D-01
   -0.134982068247819D-01   -0.121498910553312D-01
   -0.131217713168409D-01   -0.993615697988996D-02
   -0.121779528356122D-01   -0.775460129049513D-02
   -0.107302319028905D-01   -0.569335841957926D-02
   -0.885180179667795D-02   -0.383152506795471D-02
   -0.667653427731945D-02   -0.225583640869058D-02
   -0.434665383841926D-02   -0.104300489341218D-02
   -0.205589246211895D-02   -0.269859988299768D-03
    0.000000000000000D+00    0.000000000000000D+00
    0.000000000000000D+00    0.000000000000000D+00
   -0.196806900583881D-03   -0.334485696290330D-03
   -0.123294721656306D-02   -0.135872310669332D-02
   -0.268017171139459D-02   -0.298160249125685D-02
   -0.397667152651284D-02   -0.504668474264597D-02
   -0.453596738354425D-02   -0.737762038893975D-02
   -0.402862208783316D-02   -0.958123845178305D-02
   -0.230507601015736D-02   -0.115467018465471D-01
    0.311489452120096D-03   -0.131008095595624D-01
    0.355179888076436D-02   -0.142425607597414D-01
    0.690866136293783D-02   -0.151312081812746D-01
    0.100589991150795D-01   -0.158358946659757D-01
    0.127551505629918D-01   -0.165496767189891D-01
    0.148339487190978D-01   -0.173144868815671D-01
    0.162615122288702D-01   -0.181926238551510D-01
    0.170038187753917D-01   -0.191687699810678D-01
    0.170951452344593D-01   -0.202063381092496D-01
    0.165546243109226D-01   -0.212544042192648D-01
    0.154348601367617D-01   -0.222554591146922D-01
    0.137833655537870D-01   -0.231495614034762D-01
    0.116700687165770D-01   -0.238892932441035D-01
    0.916823154250391D-02   -0.244244213492572D-01
    0.636704195726849D-02   -0.247231399984490D-01
    0.336087719460228D-02   -0.247523422495698D-01
    0.252959966102541D-03   -0.244955021954187D-01
   -0.284867162748253D-02   -0.239406874854639D-01
   -0.583580540552337D-02   -0.230833607476816D-01
   -0.859711224474713D-02   -0.219352367185122D-01
   -0.110307536055804D-01   -0.205029114190400D-01
   -0.130355688703975D-01   -0.188230385123888D-01
   -0.145302218414767D-01   -0.169152458402779D-01
   -0.154410852734827D-01   -0.148414388060384D-01
   -0.157248087304879D-01   -0.126377178262291D-01
   -0.153559848592599D-01   -0.103889676744787D-01
   -0.143484173403849D-01   -0.814985613919755D-02
   -0.127443572080959D-01   -0.602184459636032D-02
   -0.106298295069278D-01   -0.407588731574961D-02
   -0.812426799512011D-02   -0.241731934839572D-02
   -0.538773492215119D-02   -0.112305313981639D-02
   -0.260736821478766D-02   -0.293619594330918D-03
    0.000000000000000D+00    0.000000000000000D+00
    0.000000000000000D+00    0.000000000000000D+00
    0.472178080149534D-03   -0.339768475109346D-03
    0.112496421439671D-03   -0.138796910370425D-02
   -0.743948190145147D-03   -0.305919073311745D-02
   -0.164173651071342D-02   -0.525073226191340D-02
   -0.208369562812836D-02   -0.774610506734739D-02
   -0.169372750700060D-02   -0.102445013534732D-01
   -0.320272579165876D-03   -0.125674389896953D-01
    0.189842024401371D-02   -0.145213591215215D-01
    0.475002995128269D-02   -0.160755197922572D-01
    0.782632011170189D-02   -0.172839013209272D-01
    0.108376140184047D-01   -0.182230428503178D-01
    0.134901354909620D-01   -0.190309491760465D-01
    0.156117867141901D-01   -0.197769753094979D-01
    0.170991167150471D-01   -0.205335436873998D-01
    0.178974501265072D-01   -0.213113903108468D-01
    0.180103779170707D-01   -0.221069772849022D-01
    0.174450218965836D-01   -0.228866787297939D-01
    0.162520788020274D-01   -0.236169941504868D-01
    0.144757460733138D-01   -0.242499682941539D-01
    0.121961664752288D-01   -0.247491440381056D-01
    0.948625168214713D-02   -0.250724420476712D-01
    0.645002929300954D-02   -0.251913821949289D-01
    0.318074438032934D-02   -0.250775986733502D-01
   -0.200635859059847D-03   -0.247131513474299D-01
   -0.358962912282020D-02   -0.240864222931771D-01
   -0.685739371791551D-02   -0.231893658519141D-01
   -0.989845754713486D-02   -0.220286686879393D-01
   -0.125871141666617D-01   -0.206071366413289D-01
   -0.148294198041378D-01   -0.189511952061868D-01
   -0.165168859589930D-01   -0.170778427206372D-01
   -0.175836100145990D-01   -0.150351144540231D-01
   -0.179567962748295D-01   -0.128593570849307D-01
   -0.176194988961328D-01   -0.106210454099575D-01
   -0.165563844211623D-01   -0.837992099120548D-02
   -0.148205601888001D-01   -0.622652978772263D-02
   -0.124731082793020D-01   -0.424327429689103D-02
   -0.964861874184181D-02   -0.253153794181023D-02
   -0.649023637905022D-02   -0.118614170787466D-02
   -0.320443690726446D-02   -0.311082316262727D-03
    0.000000000000000D+00    0.000000000000000D+00
    0.000000000000000D+00    0.000000000000000D+00
    0.116724807936347D-02   -0.334274918985906D-03
    0.149621437828455D-02   -0.135790327688374D-02
    0.123863406908064D-02   -0.301919983724602D-02
    0.758524212050360D-03   -0.521536665118259D-02
    0.515592102659168D-03   -0.779986306943106D-02
    0.836262240418139D-03   -0.104497765096795D-01
    0.195905238010440D-02   -0.130315724455622D-01
    0.380196004834505D-02   -0.152901041917597D-01
    0.626551890747070D-02   -0.171697059340109D-01
    0.900865047977818D-02   -0.186751631795787D-01
    0.117751545784464D-01   -0.198266485264433D-01
    0.142878683059988D-01   -0.207587523415963D-01
    0.163361560255826D-01   -0.215134848082072D-01
    0.178056225593175D-01   -0.221905422538928D-01
    0.185931330652148D-01   -0.228052023928233D-01
    0.186917540740554D-01   -0.233874914015765D-01
    0.180838180385613D-01   -0.239189607819393D-01
    0.168165379537936D-01   -0.243906267395590D-01
    0.149302736629040D-01   -0.247681936496365D-01
    0.125052825226298D-01   -0.250304045760397D-01
    0.962097143090607D-02   -0.251425309796371D-01
    0.638106897225009D-02   -0.250851979849171D-01
    0.289066344873403D-02   -0.248323592937034D-01
   -0.731627031674343D-03   -0.243691101867506D-01
   -0.436600081201193D-02   -0.236836791871529D-01
   -0.788813138724320D-02   -0.227646255465103D-01
   -0.111740787729488D-01   -0.216176025680657D-01
   -0.141039808300873D-01   -0.202354921138333D-01
   -0.165616660161953D-01   -0.186440266342555D-01
   -0.184446004173211D-01   -0.168444743843705D-01
   -0.196605568174001D-01   -0.148857072568510D-01
   -0.201420618610466D-01   -0.127848893285488D-01
   -0.198429016352958D-01   -0.106163279902776D-01
   -0.187531041356604D-01   -0.842137849230458D-02
   -0.168969674119090D-01   -0.629886891176268D-02
   -0.143432431932237D-01   -0.431880825283005D-02
   -0.112030283090543D-01   -0.259634727489258D-02
   -0.763193994477440D-02   -0.122319444417092D-02
   -0.382209091524903D-02   -0.324429778934335D-03
    0.000000000000000D+00    0.000000000000000D+00
    0.000000000000000D+00    0.000000000000000D+00
    0.181432394258071D-02   -0.314807558420791D-03
    0.280621735349142D-02   -0.128680800478069D-02
    0.316204434117757D-02   -0.287339491132336D-02
    0.316582205525239D-02   -0.501519580441625D-02
    0.318847372697989D-02   -0.755279566076142D-02
    0.356190704526326D-02   -0.102556271335028D-01
    0.449560908199574D-02   -0.129428522542285D-01
    0.602673663054523D-02   -0.153925239599990D-01
    0.808899202370602D-02   -0.175093400138165D-01
    0.104481618004411D-01   -0.192391761802084D-01
    0.128908063104260D-01   -0.205922843637075D-01
    0.151520472345719D-01   -0.216386227908690D-01
    0.170364376595114D-01   -0.224326002601637D-01
    0.183903740603989D-01   -0.230557710720550D-01
    0.191048109400963D-01   -0.235457613053646D-01
    0.191385747164939D-01   -0.239445444531448D-01
    0.184650186542217D-01   -0.242574624401621D-01
    0.171174266517182D-01   -0.244916736289483D-01
    0.151297523509570D-01   -0.246323773477426D-01
    0.125833262210149D-01   -0.246700062947378D-01
    0.955218323056136D-02   -0.245836329435258D-01
    0.614945938863855D-02   -0.243595863766721D-01
    0.247395363445260D-02   -0.239799948552095D-01
   -0.134178370280786D-02   -0.234311455390252D-01
   -0.518587114253495D-02   -0.227033916300071D-01
   -0.891688193731589D-02   -0.217842133000526D-01
   -0.124199803730266D-01   -0.206748950068249D-01
   -0.155548724930532D-01   -0.193661988630148D-01
   -0.182143978899712D-01   -0.178730572802776D-01
   -0.202713986454180D-01   -0.161944527139909D-01
   -0.216411429384877D-01   -0.143632097412936D-01
   -0.222268855061727D-01   -0.123951282886920D-01
   -0.219879532996925D-01   -0.103461733864007D-01
   -0.208818518002226D-01   -0.825895474994579D-02
   -0.189379773667173D-01   -0.621628772440614D-02
   -0.161932845746584D-01   -0.429417386272301D-02
   -0.127667057743597D-01   -0.259907693158681D-02
   -0.878832339780375D-02   -0.123549168344189D-02
   -0.446301650432242D-02   -0.328852903784385D-03
    0.000000000000000D+00    0.000000000000000D+00
    0.000000000000000D+00    0.000000000000000D+00
    0.243364236131325D-02   -0.287604503755974D-03
    0.405620313800703D-02   -0.117297776500687D-02
    0.499829451654975D-02   -0.264283359134707D-02
    0.547310500291759D-02   -0.464001376523482D-02
    0.580750510351484D-02   -0.706939501902511D-02
    0.626836918368588D-02   -0.969550437445062D-02
    0.710617891461329D-02   -0.123968559867882D-01
    0.836943639045333D-02   -0.149145950471772D-01
    0.100807255387050D-01   -0.171643597427802D-01
    0.120553760585488D-01   -0.190450491291859D-01
    0.141385601722444D-01   -0.205332038738932D-01
    0.160972187841883D-01   -0.216802824003552D-01
    0.177376668047168D-01   -0.225031263340786D-01
    0.189121814501444D-01   -0.230975816533473D-01
    0.194855668246295D-01   -0.234855678931754D-01
    0.194124896529189D-01   -0.237369732350029D-01
    0.186425032077552D-01   -0.238596604411358D-01
    0.172046136212232D-01   -0.238876237270389D-01
    0.151208997326603D-01   -0.238138841874926D-01
    0.124688144712257D-01   -0.236499334567610D-01
    0.932163449219759D-02   -0.233812046456575D-01
    0.578744550372810D-02   -0.230076670722430D-01
    0.197179253582001D-02   -0.225154718710958D-01
   -0.199972823727183D-02   -0.218969227335712D-01
   -0.600407121730886D-02   -0.211445941639200D-01
   -0.990842158141032D-02   -0.202446260067807D-01
   -0.135833337067550D-01   -0.191993949753236D-01
   -0.168976315726609D-01   -0.179910342674153D-01
   -0.197254992484889D-01   -0.166347503906294D-01
   -0.219476320324555D-01   -0.151142568261464D-01
   -0.234553663002601D-01   -0.134619254345827D-01
   -0.241568458707626D-01   -0.116736195782594D-01
   -0.239818164549901D-01   -0.980479770391470D-02
   -0.228893678078793D-01   -0.787744844524862D-02
   -0.208760034640241D-01   -0.597537508955278D-02
   -0.179790678124808D-01   -0.415883514935882D-02
   -0.142865818056142D-01   -0.253972164293570D-02
   -0.993188518928176D-02   -0.121637974703271D-02
   -0.509683428910444D-02   -0.327992940239082D-03
    0.000000000000000D+00    0.000000000000000D+00
    0.000000000000000D+00    0.000000000000000D+00
    0.297240196522136D-02   -0.250427873925453D-03
    0.516221648161085D-02   -0.103147308105035D-02
    0.665613421865061D-02   -0.233881588523261D-02
    0.761233658142982D-02   -0.415076690081694D-02
    0.828072630785174D-02   -0.637121862153094D-02
    0.891314121036267D-02   -0.884396847655771D-02
    0.971297036703973D-02   -0.114212383511335D-01
    0.107946615217402D-01   -0.139011160727067D-01
    0.121852190402907D-01   -0.161661781702189D-01
    0.137922539077232D-01   -0.181021845108583D-01
    0.154917485377453D-01   -0.196682398275319D-01
    0.170960860738344D-01   -0.208663075445525D-01
    0.184379069880503D-01   -0.217172575804824D-01
    0.193619830453789D-01   -0.222799780949997D-01
    0.197447604026389D-01   -0.225954199545812D-01
    0.195152180580535D-01   -0.227217981047812D-01
    0.186239206006882D-01   -0.226911861324177D-01
    0.170805907606278D-01   -0.225407325722613D-01
    0.149030245164293D-01   -0.222859509525208D-01
    0.121611631337302D-01   -0.219449137156975D-01
    0.892150435637329D-02   -0.215207884022190D-01
    0.529352088908934D-02   -0.210184008748241D-01
    0.137434530778233D-02   -0.204353821825701D-01
   -0.270362826668185D-02   -0.197669801296960D-01
   -0.682708545634021D-02   -0.190101923076512D-01
   -0.108529847752927D-01   -0.181528829059075D-01
   -0.146621780595282D-01   -0.171944300749694D-01
   -0.181100979969502D-01   -0.161177256618546D-01
   -0.210802922583772D-01   -0.149276127486868D-01
   -0.234356654097071D-01   -0.136073904881183D-01
   -0.250739532960009D-01   -0.121726022036803D-01
   -0.258793430854147D-01   -0.106172641248394D-01
   -0.257834639496776D-01   -0.897608422938546D-02
   -0.247148343351333D-01   -0.726847205147001D-02
   -0.226678218959103D-01   -0.555811783805847D-02
   -0.196452782138958D-01   -0.390422514977289D-02
   -0.157326721201796D-01   -0.240510794699168D-02
   -0.110307879236011D-01   -0.116380033439869D-02
   -0.572282992232605D-02   -0.315303564495377D-03
    0.000000000000000D+00    0.000000000000000D+00
    0.000000000000000D+00    0.000000000000000D+00
    0.344557895021723D-02   -0.207879017111955D-03
    0.613775304789605D-02   -0.860114354884683D-03
    0.812921825250896D-02   -0.197734400628041D-02
    0.952606281310794D-02   -0.354116503219459D-02
    0.105383846586290D-01   -0.550894137380631D-02
    0.113530863663881D-01   -0.772770652543492D-02
    0.121848488251925D-01   -0.101090401693575D-01
    0.131284708313490D-01   -0.124358651134598D-01
    0.142696860456252D-01   -0.146206671182689D-01
    0.155393488495859D-01   -0.165195034673747D-01
    0.168741157703019D-01   -0.180797050673295D-01
    0.181168548377861D-01   -0.192841154329659D-01
    0.191281309742746D-01   -0.201210809407782D-01
    0.197708972929861D-01   -0.206535879062914D-01
    0.199174392565210D-01   -0.208952804811158D-01
    0.195033918028876D-01   -0.209255068873396D-01
    0.184622558371000D-01   -0.207629459386571D-01
    0.168039095417566D-01   -0.204711821282755D-01
    0.145316055788400D-01   -0.200626417706301D-01
    0.117115710024493D-01   -0.195786127700099D-01
    0.840352475864844D-02   -0.190241417640009D-01
    0.471034558250262D-02   -0.184203515922059D-01
    0.729197435686142D-03   -0.177683579032949D-01
   -0.341652648670007D-02   -0.170720239471675D-01
   -0.760872050037419D-02   -0.163321308478637D-01
   -0.117150570366102D-01   -0.155373929206752D-01
   -0.156080244022181D-01   -0.146907025568704D-01
   -0.191541548933292D-01   -0.137682737418403D-01
   -0.222248186248445D-01   -0.127772110900854D-01
   -0.246921965475851D-01   -0.116872899986735D-01
   -0.264363491675113D-01   -0.105136776773445D-01
   -0.273461307117138D-01   -0.923155096860690D-02
   -0.273281116796950D-01   -0.787173398173356D-02
   -0.263088479326694D-01   -0.643280321627455D-02
   -0.242506000824512D-01   -0.497167323019752D-02
   -0.211483920073886D-01   -0.352996999138869D-02
   -0.170526991644618D-01   -0.220038030736506D-02
   -0.120552147593855D-01   -0.107725159688462D-02
   -0.630851041447873D-02   -0.296509727115308D-03
    0.000000000000000D+00    0.000000000000000D+00
    0.000000000000000D+00    0.000000000000000D+00
    0.381691899992085D-02   -0.159629890256042D-03
    0.692481776484841D-02   -0.674091637996469D-03
    0.934759459305892D-02   -0.157234257938027D-02
    0.111548946457273D-01   -0.286501304494419D-02
    0.124954592801934D-01   -0.451321860204508D-02
    0.135340092270741D-01   -0.642753966448133D-02
    0.144329823748300D-01   -0.850812009126074D-02
    0.153163165070188D-01   -0.105994369080625D-01
    0.162538978256705D-01   -0.125938282507640D-01
    0.172408136559886D-01   -0.143630684494786D-01
    0.182301312765084D-01   -0.158414442422623D-01
    0.191155995173932D-01   -0.169831050339843D-01
    0.197857124699497D-01   -0.177787647836628D-01
    0.201175097984450D-01   -0.182517745174240D-01
    0.200057068686399D-01   -0.184312474634924D-01
    0.193744846173904D-01   -0.183695124595861D-01
    0.181688989607380D-01   -0.181074471697762D-01
    0.163809761493543D-01   -0.176965954444488D-01
    0.140166026056777D-01   -0.171724263700093D-01
    0.111282619104158D-01   -0.165730379958501D-01
    0.777266691867341D-02   -0.159230616179893D-01
    0.404531807678583D-02   -0.152444662769973D-01
    0.370057539823350D-04   -0.145518905738781D-01
   -0.413119270092503D-02   -0.138518938077323D-01
   -0.834949612522305D-02   -0.131515113511219D-01
   -0.124845430310955D-01   -0.124430512778131D-01
   -0.164179207073735D-01   -0.117279984617646D-01
   -0.200123284941272D-01   -0.109862231323512D-01
   -0.231473840452973D-01   -0.102158698273328D-01
   -0.256874718934064D-01   -0.938891875064388D-02
   -0.275175235838650D-01   -0.850471489592805D-02
   -0.285120730366297D-01   -0.753726759337565D-02
   -0.285762981933936D-01   -0.649659458620160D-02
   -0.276135212234133D-01   -0.537570627366989D-02
   -0.255768796596609D-01   -0.420949459666517D-02
   -0.224295699436933D-01   -0.303097565732489D-02
   -0.182077630658734D-01   -0.191537484733544D-02
   -0.129673512697793D-01   -0.950850575618793D-03
   -0.684732599922662D-02   -0.263896793002276D-03
    0.000000000000000D+00    0.000000000000000D+00
    0.000000000000000D+00    0.000000000000000D+00
    0.409868636343937D-02   -0.108379656128443D-03
    0.753684041287937D-02   -0.471393425026154D-03
    0.103182633535075D-01   -0.113763122900372D-02
    0.124755028540125D-01   -0.212238838429410D-02
    0.141243006480224D-01   -0.342749932174487D-02
    0.153736579945871D-01   -0.497153888474991D-02
    0.163800003511463D-01   -0.670510289799065D-02
    0.172335217641569D-01   -0.847351844025551D-02
    0.180355546536465D-01   -0.102045426517732D-01
    0.187832231037255D-01   -0.117595103562680D-01
    0.194770668254292D-01   -0.130762685938258D-01
    0.200329263715881D-01   -0.140991234307282D-01
    0.203742068743807D-01   -0.147955500805511D-01
    0.204008297467654D-01   -0.151922212227610D-01
    0.200181707162381D-01   -0.152866059350569D-01
    0.191656140515799D-01   -0.151483195503939D-01
    0.177812234179010D-01   -0.147928928092970D-01
    0.158640673537083D-01   -0.142956646110524D-01
    0.134070504574066D-01   -0.136775411508607D-01
    0.104633479728259D-01   -0.129993730975152D-01
    0.707833554072539D-02   -0.122801155142449D-01
    0.334349236838196D-02   -0.115590536420439D-01
   -0.657382331301541D-03   -0.108509557857844D-01
   -0.481073698735645D-02   -0.101724109679341D-01
   -0.900960502134798D-02   -0.953406735177952D-02
   -0.131305728510819D-01   -0.893069577787017D-02
   -0.170548134893068D-01   -0.836891765511577D-02
   -0.206559868985227D-01   -0.782403741292958D-02
   -0.238101228113425D-01   -0.729861797986389D-02
   -0.263912213147108D-01   -0.675377319686864D-02
   -0.282758173149956D-01   -0.618975273352479D-02
   -0.293431210570345D-01   -0.556444875730571D-02
   -0.294821728280300D-01   -0.488246833778144D-02
   -0.285920404556249D-01   -0.411782239896632D-02
   -0.265999196523206D-01   -0.329223125576575D-02
   -0.234540124917208D-01   -0.242118109307792D-02
   -0.191563577661105D-01   -0.156237297364203D-02
   -0.137406531784880D-01   -0.793617612903239D-03
   -0.731092475326473D-02   -0.225355505681651D-03
    0.000000000000000D+00    0.000000000000000D+00
    0.000000000000000D+00    0.000000000000000D+00
    0.427072346547746D-02   -0.563764251655972D-04
    0.794150390950199D-02   -0.268335216236303D-03
    0.109980015686164D-01   -0.691615446408065D-03
    0.134485788394113D-01   -0.136390364903093D-02
    0.153635764169463D-01   -0.229247433242314D-02
    0.168282809759969D-01   -0.344344201062200D-02
    0.179520650297176D-01   -0.476619340264446D-02
    0.188302086949972D-01   -0.616036049954331D-02
    0.195393973440273D-01   -0.754684887413445D-02
    0.201124704179611D-01   -0.881559742002663D-02
    0.205541316221860D-01   -0.990018688272037D-02
    0.208208960863404D-01   -0.107353806392106D-01
    0.208591679089487D-01   -0.112936771348386D-01
    0.205904007518628D-01   -0.115693957071727D-01
    0.199470206748196D-01   -0.115748475878798D-01
    0.188669273208434D-01   -0.113457667023219D-01
    0.173094247428899D-01   -0.109186398496274D-01
    0.152588627668374D-01   -0.103444527553701D-01
    0.127205824637585D-01   -0.966629437357247D-02
    0.973015371364504D-02   -0.893146403474999D-02
    0.633773526700653D-02   -0.817821476290626D-02
    0.261963547415071D-02   -0.744050170209604D-02
   -0.134087092446872D-02   -0.674687085018186D-02
   -0.544184974909711D-02   -0.611412398311242D-02
   -0.958018805219958D-02   -0.555989751529215D-02
   -0.136411645376641D-01   -0.508277886597827D-02
   -0.175116979592893D-01   -0.468932179800863D-02
   -0.210717313271123D-01   -0.436034449694270D-02
   -0.242033159192746D-01   -0.409156453081787D-02
   -0.267835723044924D-01   -0.384868545364039D-02
   -0.286926266333305D-01   -0.361882694261353D-02
   -0.298070815422373D-01   -0.336013656250812D-02
   -0.300130520182813D-01   -0.305881671287379D-02
   -0.291975329689788D-01   -0.268166860622036D-02
   -0.272741665226749D-01   -0.222921516106213D-02
   -0.241671988671656D-01   -0.170159222690844D-02
   -0.198542735706163D-01   -0.113724345160521D-02
   -0.143352549072473D-01   -0.595580501353030D-03
   -0.768546543917686D-02   -0.173045557351582D-03
    0.000000000000000D+00    0.000000000000000D+00
    0.000000000000000D+00    0.000000000000000D+00
    0.434366300293683D-02   -0.392245504307141D-05
    0.815415774855467D-02   -0.629964851759925D-04
    0.114040525457158D-01   -0.245529829231035D-03
    0.140769107051733D-01   -0.594869436739737D-03
    0.162161205569312D-01   -0.114565712424011D-02
    0.178649585230297D-01   -0.187477753575962D-02
    0.191172765814821D-01   -0.276905414458757D-02
    0.200339344223183D-01   -0.373952378634275D-02
    0.207014076587756D-01   -0.473863490407317D-02
    0.211427285100198D-01   -0.566242748924718D-02
    0.213911578058558D-01   -0.645462474449124D-02
    0.214156882613785D-01   -0.705354012484637D-02
    0.211917090613161D-01   -0.741703243509887D-02
    0.206627097095862D-01   -0.754801050332556D-02
    0.197763077914240D-01   -0.742906027944726D-02
    0.184913052263062D-01   -0.711268228653761D-02
    0.167660075465872D-01   -0.660406300626962D-02
    0.145996715985665D-01   -0.597603099497349D-02
    0.119863115186836D-01   -0.524763396693574D-02
    0.896953217621615D-02   -0.448765329432842D-02
    0.558500894258399D-02   -0.372026540136558D-02
    0.191105741643446D-02   -0.299619893750595D-02
   -0.198221887429848D-02   -0.233889435045355D-02
   -0.599561561234011D-02   -0.177520681932287D-02
   -0.100364563258021D-01   -0.132421104638108D-02
   -0.139962618805020D-01   -0.987807386375014D-03
   -0.177698437024044D-01   -0.777719458933978D-03
   -0.212456157172754D-01   -0.672205799151012D-03
   -0.243111764770902D-01   -0.672801355600479D-03
   -0.268523173029501D-01   -0.737549606514543D-03
   -0.287512364760335D-01   -0.856263809044803D-03
   -0.298896271741181D-01   -0.974802700309819D-03
   -0.301490484951648D-01   -0.107437968133440D-02
   -0.294122326863444D-01   -0.110606495211476D-02
   -0.275775299236836D-01   -0.105359649050933D-02
   -0.245502866022485D-01   -0.901139822334528D-03
   -0.202803154227969D-01   -0.659455765558829D-03
   -0.147347099599060D-01   -0.376940062684198D-03
   -0.795423385182265D-02   -0.116384305220117D-03
    0.000000000000000D+00    0.000000000000000D+00
    0.000000000000000D+00    0.000000000000000D+00
    0.431379827265875D-02    0.442741463516841D-04
    0.816744926382756D-02    0.128490754760047D-03
    0.115233999661416D-01    0.179064671647375D-03
    0.143483405748323D-01    0.138243660713664D-03
    0.166553608560183D-01   -0.341359354581541D-04
    0.184648633836766D-01   -0.346828681788526D-03
    0.198345861849097D-01   -0.791730401664009D-03
    0.208161019999369D-01   -0.132153568027746D-02
    0.214715748520102D-01   -0.189220167999441D-02
    0.218363588669746D-01   -0.242991578092730D-02
    0.219411736569389D-01   -0.288321661197843D-02
    0.217784329331027D-01   -0.319344446082266D-02
    0.213408037508366D-01   -0.332839739840460D-02
    0.205887699324978D-01   -0.326935545019103D-02
    0.194973602282394D-01   -0.301493400899618D-02
    0.180265827961706D-01   -0.258539574776345D-02
    0.161621285440118D-01   -0.200582784719385D-02
    0.138905742498013D-01   -0.131926007094103D-02
    0.112272987120602D-01   -0.564938318881268D-03
    0.819618680408308D-02    0.209418757026854D-03
    0.484675324513177D-02    0.962403799471284D-03
    0.123640877827465D-02    0.165472194946079D-02
   -0.255743640624433D-02    0.225080971426147D-02
   -0.645472755185495D-02    0.272711756223192D-02
   -0.103604267912445D-01    0.305834326101277D-02
   -0.141827844130172D-01    0.323997623942444D-02
   -0.178178559518868D-01    0.325970918263901D-02
   -0.211686247158173D-01    0.313330325165418D-02
   -0.241262440215524D-01    0.286372728563142D-02
   -0.265887722643996D-01    0.248676814652119D-02
   -0.284419190476580D-01    0.202204772656339D-02
   -0.295755507141094D-01    0.152167995092254D-02
   -0.298698930771672D-01    0.101887072896866D-02
   -0.292077694711395D-01    0.569781437662666D-03
   -0.274743171624340D-01    0.208975969045323D-03
   -0.245622125231359D-01   -0.277866245196377D-04
   -0.203916540500244D-01   -0.132478557572783D-03
   -0.149027995688366D-01   -0.123977919412928D-03
   -0.809656287601894D-02   -0.487272031048243D-04
    0.000000000000000D+00    0.000000000000000D+00
    0.000000000000000D+00    0.000000000000000D+00
    0.419009984707944D-02    0.904819398199826D-04
    0.799999584446771D-02    0.308324336659806D-03
    0.113813953703959D-01    0.575467920002622D-03
    0.142866709323505D-01    0.828769079689817D-03
    0.167066180814492D-01    0.101361839611049D-02
    0.186347558903325D-01    0.110986746029875D-02
    0.201085720352729D-01    0.110222797000107D-02
    0.211530234318690D-01    0.102112636581211D-02
    0.218244275808800D-01    0.887680541944129D-03
    0.221459615124166D-01    0.758657224570772D-03
    0.221580523434024D-01    0.674881920196421D-03
    0.218596278648898D-01    0.680004151973457D-03
    0.212591668749593D-01    0.814417814522411D-03
    0.203366394513708D-01    0.108140913578308D-02
    0.190774202863274D-01    0.150657145271218D-02
    0.174651799165374D-01    0.205129762885312D-02
    0.154845562074773D-01    0.272149743167304D-02
    0.131433689739001D-01    0.345372269550856D-02
    0.104456877082778D-01    0.423704569707312D-02
    0.743107631649450D-02    0.500458239716600D-02
    0.413218869789263D-02    0.573490189499669D-02
    0.615951505575092D-03    0.637403088500511D-02
   -0.305819813240871D-02    0.689661419573319D-02
   -0.680621101489751D-02    0.727035311808284D-02
   -0.105496909490462D-01    0.747178778893200D-02
   -0.141974595332734D-01    0.749314216153869D-02
   -0.176603443395836D-01    0.731833151607477D-02
   -0.208456423394101D-01    0.696402551592909D-02
   -0.236577308656237D-01    0.642709370923905D-02
   -0.260016001094990D-01    0.574761033611028D-02
   -0.277743454452648D-01    0.494086626549863D-02
   -0.288723184016908D-01    0.406706281895619D-02
   -0.291828021382310D-01    0.316234991498808D-02
   -0.285877439455864D-01    0.229517360111870D-02
   -0.269698181190610D-01    0.151689315279847D-02
   -0.242039801625420D-01    0.877491301961524D-03
   -0.201931492276286D-01    0.418668558812247D-03
   -0.148393208189253D-01    0.132725695194898D-03
   -0.811372838125625D-02    0.201868078376494D-04
    0.000000000000000D+00    0.000000000000000D+00
    0.000000000000000D+00    0.000000000000000D+00
    0.398392931437616D-02    0.128378866806330D-03
    0.766617167702578D-02    0.462869176333532D-03
    0.109944613838707D-01    0.922559277862531D-03
    0.139083914538319D-01    0.143863116405252D-02
    0.163817542590077D-01    0.195211276517133D-02
    0.183875616622746D-01    0.242557256131621D-02
    0.199400396052983D-01    0.283587355601467D-02
    0.210478206195383D-01    0.318621511683280D-02
    0.217488464378492D-01    0.348785282925971D-02
    0.220624423708459D-01    0.377281270565806D-02
    0.220249907861471D-01    0.407042079103270D-02
    0.216419540531296D-01    0.441538546717670D-02
    0.209344711787954D-01    0.483407467497015D-02
    0.198893968890222D-01    0.534077021827809D-02
    0.185168239069867D-01    0.594425498966077D-02
    0.167986306031886D-01    0.663054514111686D-02
    0.147484895951494D-01    0.738737997696188D-02
    0.123613479494485D-01    0.817925273523957D-02
    0.966800795520592D-02    0.897820392351825D-02
    0.668726340889186D-02    0.974055540561903D-02
    0.347265758268734D-02    0.104313858316671D-01
    0.673029779137185D-04    0.110114838342353D-01
   -0.345511483097831D-02    0.114468240108147D-01
   -0.703380329280639D-02    0.117112121435809D-01
   -0.105821617754131D-01    0.117772197399070D-01
   -0.140300868660838D-01    0.116361920542610D-01
   -0.172855365920555D-01    0.112717042620104D-01
   -0.202746475261613D-01    0.106949858313408D-01
   -0.229038806688606D-01    0.990533231245348D-02
   -0.250953070194234D-01    0.893582745997169D-02
   -0.267518216346792D-01    0.780736603591063D-02
   -0.277847989554478D-01    0.657614186396765D-02
   -0.280862270657747D-01    0.528842133144113D-02
   -0.275482176262295D-01    0.401821941593705D-02
   -0.260470041044474D-01    0.283184896433402D-02
   -0.234566337242234D-01    0.180062376729263D-02
   -0.196521608902108D-01    0.983400916544744D-03
   -0.145179285630772D-01    0.409421646160500D-03
   -0.798119882706249D-02    0.945447487096581D-04
    0.000000000000000D+00    0.000000000000000D+00
    0.000000000000000D+00    0.000000000000000D+00
    0.370216855901388D-02    0.162429068901135D-03
    0.718756613733393D-02    0.594922581316959D-03
    0.103932270479157D-01    0.121966646197887D-02
    0.132529449858460D-01    0.196408385670462D-02
    0.157220394680938D-01    0.276598941155291D-02
    0.177606405849974D-01    0.357824829569934D-02
    0.193616896269176D-01    0.436710913854301D-02
    0.205186195360769D-01    0.511844322230605D-02
    0.212540524633719D-01    0.583011053268670D-02
    0.215792569556159D-01    0.651308673513637D-02
    0.215252382652197D-01    0.718831785247915D-02
    0.211024546000497D-01    0.786977020401264D-02
    0.203333079163991D-01    0.858709216705362D-02
    0.192217959745806D-01    0.933523828577998D-02
    0.177786781526950D-01    0.101392338772355D-01
    0.160097072973041D-01    0.109665322019890D-01
    0.139228327644314D-01    0.118295398108572D-01
    0.115376269373193D-01    0.126750762079971D-01
    0.887139583614626D-02    0.135010445059022D-01
    0.596416635782398D-02    0.142485589103515D-01
    0.285053966517677D-02    0.149036016698570D-01
   -0.410436202440160D-03    0.154160734566393D-01
   -0.376589378478264D-02    0.157646900673188D-01
   -0.714465257891296D-02    0.159172915068714D-01
   -0.104802128146883D-01    0.158509707912049D-01
   -0.136971979505528D-01    0.155549514694977D-01
   -0.167220675989222D-01    0.150109016399694D-01
   -0.194808016974584D-01    0.142299011529240D-01
   -0.218973272935502D-01    0.132056749502638D-01
   -0.238991911263498D-01    0.119724692683756D-01
   -0.254064166298045D-01    0.105453490989776D-01
   -0.263404738254739D-01    0.898490913076827D-02
   -0.266091494093008D-01    0.733667644663607D-02
   -0.261117436229686D-01    0.568479773676878D-02
   -0.247342933136254D-01    0.410874520092321D-02
   -0.223401463468523D-01    0.269387556913065D-02
   -0.187994976420742D-01    0.153333486608367D-02
   -0.139585383854020D-01    0.668315422824557D-03
   -0.772143650044758D-02    0.165653929313667D-03
    0.000000000000000D+00    0.000000000000000D+00
    0.000000000000000D+00    0.000000000000000D+00
    0.336726927879085D-02    0.185852859962189D-03
    0.659390987822464D-02    0.695188215767557D-03
    0.961721955954590D-02    0.144995159381091D-02
    0.123605548841847D-01    0.237984055071977D-02
    0.147727020877990D-01    0.342037435287739D-02
    0.167969459542012D-01    0.451951997384519D-02
    0.184147936449067D-01    0.563583822126259D-02
    0.196021625768566D-01    0.674175290487973D-02
    0.203711434039877D-01    0.782304781150038D-02
    0.207207807783223D-01    0.887463304901983D-02
    0.206795585603744D-01    0.990293123424598D-02
    0.202524568890011D-01    0.109123152187221D-01
    0.194712406300648D-01    0.119167300347974D-01
    0.183368047898527D-01    0.129140905673363D-01
    0.168800896470293D-01    0.139133305126521D-01
    0.150999079910051D-01    0.148966902907026D-01
    0.130305223452840D-01    0.158612964144104D-01
    0.106773301910362D-01    0.167746579172736D-01
    0.808453766983970D-02    0.176219854647641D-01
    0.527163421069890D-02    0.183641040568815D-01
    0.229655773560866D-02    0.189784244515047D-01
   -0.805272409949046D-03    0.194289612270205D-01
   -0.396324266197814D-02    0.196903775883292D-01
   -0.712940984710524D-02    0.197374143290053D-01
   -0.102256106756065D-01    0.195466268332022D-01
   -0.131971457801865D-01    0.191075916663370D-01
   -0.159652619953437D-01    0.184027699092470D-01
   -0.184736562758778D-01    0.174387002312922D-01
   -0.206488046995169D-01    0.162098894016639D-01
   -0.224340711784636D-01    0.147432864499093D-01
   -0.237608741756646D-01    0.130557326142103D-01
   -0.245667008853382D-01    0.112016080738618D-01
   -0.247758578526332D-01    0.923291495969372D-02
   -0.243030612895432D-01    0.723578647448324D-02
   -0.230425041678490D-01    0.530308648284183D-02
   -0.208652026130864D-01    0.353912736279314D-02
   -0.176225445006994D-01    0.205344579505932D-02
   -0.131502996364167D-01    0.926241531289997D-03
   -0.731124426727997D-02    0.234501115400786D-03
    0.000000000000000D+00    0.000000000000000D+00
    0.000000000000000D+00    0.000000000000000D+00
    0.298387093462167D-02    0.204440804403072D-03
    0.590815672618335D-02    0.767027736883892D-03
    0.869886503659646D-02    0.161862729150956D-02
    0.112795486533552D-01    0.268759977159832D-02
    0.135841720798126D-01    0.391479251199470D-02
    0.155539398942531D-01    0.524183039792088D-02
    0.171513794985865D-01    0.662668373415428D-02
    0.183479998605187D-01    0.802801162814992D-02
    0.191374090920243D-01    0.942631439740001D-02
    0.195169852677055D-01    0.107977552838843D-01
    0.195010124111031D-01    0.121430610399794D-01
    0.191005443292577D-01    0.134468466780068D-01
    0.183374527544173D-01    0.147222423370254D-01
    0.172278432820817D-01    0.159491542436665D-01
    0.157937503515310D-01    0.171436900830173D-01
    0.140558635145052D-01    0.182726854635983D-01
    0.120366664836322D-01    0.193476512800791D-01
    0.976584439195481D-02    0.203234134195624D-01
    0.727114997929502D-02    0.212029739924999D-01
    0.459487288165391D-02    0.219377308882740D-01
    0.177486032016810D-02    0.225214633502199D-01
   -0.113466896446224D-02    0.229126250751409D-01
   -0.408432056912766D-02    0.230974803664149D-01
   -0.701203684546054D-02    0.230488739951405D-01
   -0.985963008257280D-02    0.227488762546519D-01
   -0.125632060297553D-01    0.221871715593775D-01
   -0.150617407350855D-01    0.213458297374126D-01
   -0.172955019901921D-01    0.202311025844105D-01
   -0.192075154179190D-01    0.188324323273355D-01
   -0.207466155931946D-01    0.171755477038433D-01
   -0.218616407220443D-01    0.152690834243568D-01
   -0.225070033737703D-01    0.131688262286527D-01
   -0.226271329412261D-01    0.109209146864886D-01
   -0.221575405975133D-01    0.862145513687800D-02
   -0.210119853323075D-01    0.636961073796144D-02
   -0.190640236415611D-01    0.428739970730101D-02
   -0.161713662989041D-01    0.251320877815423D-02
   -0.121337951522060D-01    0.114268958415498D-02
   -0.679388362056753D-02    0.294535856722686D-03
    0.000000000000000D+00    0.000000000000000D+00
    0.000000000000000D+00    0.000000000000000D+00
    0.257996357307049D-02    0.211975528185259D-03
    0.516720170750965D-02    0.806050771631749D-03
    0.769024208923072D-02    0.171539637912690D-02
    0.100637552497101D-01    0.287661233766287D-02
    0.122222403868039D-01    0.423076943243049D-02
    0.140946742740941D-01    0.572375936798303D-02
    0.156411403590725D-01    0.730800110228529D-02
    0.168187275076189D-01    0.893996053462110D-02
    0.176175923949684D-01    0.105891436975640D-01
    0.180213455741624D-01    0.122248068415707D-01
    0.180442184807051D-01    0.138335092801750D-01
    0.176861701896683D-01    0.153932208960533D-01
    0.169760301662608D-01    0.169021071094722D-01
    0.159204588877655D-01    0.183389497718460D-01
    0.145562188303213D-01    0.197057704808404D-01
    0.128930697403509D-01    0.209758012564410D-01
    0.109738174464291D-01    0.221487108331556D-01
    0.881327293400592D-02    0.231911439368297D-01
    0.646141516519164D-02    0.240978890934646D-01
    0.394160686133843D-02    0.248333756270867D-01
    0.131223879079759D-02    0.253876824803890D-01
   -0.139341879520643D-02    0.257294653420885D-01
   -0.410934631509480D-02    0.258461738359006D-01
   -0.679303139962621D-02    0.257159427091718D-01
   -0.937456097562021D-02    0.253247769432758D-01
   -0.118062042537287D-01    0.246626724746955D-01
   -0.140214680039720D-01    0.237150948190786D-01
   -0.159717417346996D-01    0.224843854698885D-01
   -0.176048271381393D-01    0.209596645308469D-01
   -0.188774240567017D-01    0.191589827883354D-01
   -0.197595473057989D-01    0.170887453357620D-01
   -0.202144948626552D-01    0.147950200585991D-01
   -0.202231306622648D-01    0.123282559999699D-01
   -0.197337283646846D-01    0.978062471833875D-02
   -0.186925449097732D-01    0.726565324720081D-02
   -0.169844486206275D-01    0.491905009074739D-02
   -0.144630032113721D-01    0.289748718155269D-02
   -0.109177624091861D-01    0.133236028532492D-02
   -0.615353839825376D-02    0.343186722494955D-03
    0.000000000000000D+00    0.000000000000000D+00
    0.000000000000000D+00    0.000000000000000D+00
    0.215826046329263D-02    0.214494680441914D-03
    0.439341300798492D-02    0.815663578320342D-03
    0.662223308449353D-02    0.174951353295194D-02
    0.876305174675240D-02    0.295383481452373D-02
    0.107393220495048D-01    0.438064913806903D-02
    0.124847222516931D-01    0.597338525601181D-02
    0.139453509699271D-01    0.769050903577958D-02
    0.150814516240937D-01    0.948022235814007D-02
    0.158671351745695D-01    0.113124974869888D-01
    0.162895352789481D-01    0.131438095239849D-01
    0.163468143849791D-01    0.149574468225682D-01
    0.160461549409690D-01    0.167170657975013D-01
    0.154013851826092D-01    0.184173796616387D-01
    0.144320231642687D-01    0.200242250043506D-01
    0.131602006219929D-01    0.215392645923237D-01
    0.116135213125411D-01    0.229256821409029D-01
    0.981888624235361D-02    0.241873548316623D-01
    0.781144233967101D-02    0.252841838875803D-01
    0.562305357150794D-02    0.262188054643441D-01
    0.329681560958296D-02    0.269522870456699D-01
    0.871480191319463D-03    0.274837469399297D-01
   -0.160260080290054D-02    0.277815004661890D-01
   -0.407883464453636D-02    0.278415636716796D-01
   -0.650113869404683D-02    0.276446781687997D-01
   -0.881572513143596D-02    0.271818696384243D-01
   -0.109653473875581D-01    0.264461325334474D-01
   -0.128955695686575D-01    0.254246446800744D-01
   -0.145530631508222D-01    0.241206166251400D-01
   -0.158945215919801D-01    0.225176653631958D-01
   -0.168837656923336D-01    0.206309235578629D-01
   -0.175021037446235D-01    0.184544731787097D-01
   -0.177402913954824D-01    0.160335495437792D-01
   -0.175977234740511D-01    0.134041110545206D-01
   -0.170663199072307D-01    0.106728307094223D-01
   -0.161167143234274D-01    0.794592381067716D-02
   -0.146565181990205D-01    0.538690724536849D-02
   -0.125560051591716D-01    0.317233416155704D-02
   -0.956186496872647D-02    0.145560515832120D-02
   -0.545225488442536D-02    0.375735719300377D-03
    0.000000000000000D+00    0.000000000000000D+00
    0.000000000000000D+00    0.000000000000000D+00
    0.174702392486377D-02    0.207006229244426D-03
    0.362301596782685D-02    0.795843077054136D-03
    0.554803164019215D-02    0.171735618785665D-02
    0.743283764226020D-02    0.292140284842876D-02
    0.920552424432533D-02    0.436274959934036D-02
    0.107926515666325D-01    0.599473949266812D-02
    0.121436337161241D-01    0.777319584285048D-02
    0.132098244380726D-01    0.965166961467024D-02
    0.139669718986806D-01    0.115920361397361D-01
    0.143915003237492D-01    0.135513745638901D-01
    0.144837143381865D-01    0.155012788770897D-01
    0.142394880418209D-01    0.174033928758439D-01
    0.136778542247568D-01    0.192396041196408D-01
    0.128069103986726D-01    0.209745173713366D-01
    0.116582627094724D-01    0.225979466779087D-01
    0.102472077181987D-01    0.240749965973182D-01
    0.861373753024212D-02    0.254004032022376D-01
    0.677879537219009D-02    0.265392268922941D-01
    0.478883983790567D-02    0.274890057412445D-01
    0.267059910334413D-02    0.282171371703489D-01
    0.476403879837982D-03    0.287232131331574D-01
   -0.175978667592474D-02    0.289800637621365D-01
   -0.398015783759555D-02    0.289905882890231D-01
   -0.614292162933422D-02    0.287371471166156D-01
   -0.818625585543848D-02    0.282209218237208D-01
   -0.100619596283657D-01    0.274327138789739D-01
   -0.117114570378636D-01    0.263707142478597D-01
   -0.130812557297998D-01    0.250329331049187D-01
   -0.141356644549543D-01    0.234038817042902D-01
   -0.148296264616259D-01    0.214890390748385D-01
   -0.151804470999725D-01    0.192764148163975D-01
   -0.151680992906775D-01    0.167960521489298D-01
   -0.148598780901132D-01    0.140838757252869D-01
   -0.142513991580859D-01    0.112354271299896D-01
   -0.133844027030246D-01    0.837458252045508D-02
   -0.121742830124195D-01    0.566907607026659D-02
   -0.105069242462937D-01    0.332538811525863D-02
   -0.810090975495537D-02    0.152225954015922D-02
   -0.468974236714389D-02    0.386691626428036D-03
    0.000000000000000D+00    0.000000000000000D+00
    0.000000000000000D+00    0.000000000000000D+00
    0.134760969682127D-02    0.194865064553674D-03
    0.287646658575642D-02    0.749164596280570D-03
    0.449454113617604D-02    0.162955813804228D-02
    0.611829390335648D-02    0.278933529511171D-02
    0.766872673758415D-02    0.419733614874830D-02
    0.908068723785676D-02    0.580786814124786D-02
    0.102961119688384D-01    0.758607589038688D-02
    0.112734732758310D-01    0.948252834147673D-02
    0.119784872449321D-01    0.114628558882065D-01
    0.123937122174535D-01    0.134776861683721D-01
    0.125068573046926D-01    0.154976434986597D-01
    0.123208882433556D-01    0.174761934156027D-01
    0.118405557541364D-01    0.193916459901452D-01
    0.110836482698172D-01    0.212009402522344D-01
    0.100663825299638D-01    0.228901862661339D-01
    0.881650028944651D-02    0.244189827998156D-01
    0.735751619721112D-02    0.257802133473911D-01
    0.572422408703035D-02    0.269364621191901D-01
    0.394570314008305D-02    0.278856860378024D-01
    0.206187875099894D-02    0.285955699073765D-01
    0.107217509802119D-03    0.290691712131584D-01
   -0.187299661174917D-02    0.292825870616065D-01
   -0.383661906437752D-02    0.292438097428767D-01
   -0.573476573256674D-02    0.289408337217591D-01
   -0.751559291336410D-02    0.283810729206782D-01
   -0.912473388045482D-02    0.275604611028468D-01
   -0.105047953835768D-01    0.264860410701602D-01
   -0.116013314516262D-01    0.251566830565217D-01
   -0.123684710854561D-01    0.235532374630224D-01
   -0.127721600058201D-01    0.216781361478725D-01
   -0.128234094521686D-01    0.194981071806469D-01
   -0.125475499588691D-01    0.170458423108118D-01
   -0.120197172001088D-01    0.143183901673237D-01
   -0.113148400769567D-01    0.114358938403017D-01
   -0.105053673308871D-01    0.849932761187298D-02
   -0.955011939395936D-02    0.571768741755726D-02
   -0.836726578776059D-02    0.331136637645687D-02
   -0.660426340706883D-02    0.149523684992965D-02
   -0.393999078715966D-02    0.371335997897955D-03
    0.000000000000000D+00    0.000000000000000D+00
    0.000000000000000D+00    0.000000000000000D+00
    0.985137891569898D-03    0.174603297064832D-03
    0.218350967149670D-02    0.679191822097972D-03
    0.350696072726980D-02    0.148809881792952D-02
    0.486613164721366D-02    0.256907449879996D-02
    0.618913311926453D-02    0.389586757608932D-02
    0.740911464598129D-02    0.543508961470276D-02
    0.847455143119853D-02    0.715196194058769D-02
    0.934134940404595D-02    0.900582076159115D-02
    0.997987819705674D-02    0.109575347716945D-01
    0.103670729940290D-01    0.129628787379652D-01
    0.104942691335716D-01    0.149839873125583D-01
    0.103560095751303D-01    0.169767414979317D-01
    0.996108934545506D-02    0.189090922675901D-01
    0.931707404140546D-02    0.207393165154912D-01
    0.844552388274106D-02    0.224433760462652D-01
    0.736281923721113D-02    0.239825545955693D-01
    0.609895700927116D-02    0.253418465000325D-01
    0.467635095756661D-02    0.264862193889827D-01
    0.313033879997064D-02    0.274098834086311D-01
    0.148794751556854D-02    0.280819909840895D-01
   -0.211495709852658D-03    0.285092109535720D-01
   -0.193422405733686D-02    0.286670410252119D-01
   -0.363614986145120D-02    0.285741756004071D-01
   -0.527943522266345D-02    0.282136022635416D-01
   -0.681157935176858D-02    0.276162417127616D-01
   -0.817727949200928D-02    0.267675995875826D-01
   -0.931689993313684D-02    0.257027805653071D-01
   -0.101676677987777D-01    0.244062468525208D-01
   -0.106884526829473D-01    0.228772524284988D-01
   -0.108058523956323D-01    0.211009879654458D-01
   -0.105823228081786D-01    0.190352239643863D-01
   -0.999995420725256D-02    0.166866175345174D-01
   -0.925868193123613D-02    0.140436132281226D-01
   -0.840886254448752D-02    0.111978526844537D-01
   -0.766520673614764D-02    0.829008526141357D-02
   -0.696370448648914D-02    0.551261159046128D-02
   -0.625963670050543D-02    0.313222704119976D-02
   -0.514821747586163D-02    0.138313616224782D-02
   -0.322146718876060D-02    0.327280575674522D-03
    0.000000000000000D+00    0.000000000000000D+00
    0.000000000000000D+00    0.000000000000000D+00
    0.659893961647150D-03    0.150186770510197D-03
    0.156209242551218D-02    0.586721572549243D-03
    0.260668948775718D-02    0.130282338963858D-02
    0.371263970108226D-02    0.227154439696280D-02
    0.480540706428836D-02    0.348160455013366D-02
    0.582853841295028D-02    0.490310321779006D-02
    0.672985624327470D-02    0.651068444970638D-02
    0.747381550572701D-02    0.826461566969268D-02
    0.802782084097978D-02    0.101304751681266D-01
    0.837534406515973D-02    0.120623190543693D-01
    0.850101534833848D-02    0.140233835463985D-01
    0.840510911835889D-02    0.159657906783198D-01
    0.808638120107793D-02    0.178561699466872D-01
    0.755845565652372D-02    0.196484549818866D-01
    0.683054274590154D-02    0.213160617501467D-01
    0.592567612258086D-02    0.228170333520942D-01
    0.486013810404316D-02    0.241335097024999D-01
    0.366283771898220D-02    0.252295591396853D-01
    0.235472871011102D-02    0.260968931135796D-01
    0.968103193435141D-03    0.267061675918459D-01
   -0.472393847017124D-03    0.270640004714938D-01
   -0.193069117609789D-02    0.271514086775597D-01
   -0.337442133518965D-02    0.269863146721579D-01
   -0.476690409095453D-02    0.265555929172724D-01
   -0.606595600445777D-02    0.259055353374482D-01
   -0.721431178563850D-02    0.250307737551898D-01
   -0.814071198229499D-02    0.239820835350975D-01
   -0.879099877483380D-02    0.227310838960731D-01
   -0.908370962160527D-02    0.213118938418378D-01
   -0.895882416573686D-02    0.197109350760252D-01
   -0.843056264967354D-02    0.178280977382224D-01
   -0.754914104737668D-02    0.156831552204139D-01
   -0.651693557773353D-02    0.131886382181999D-01
   -0.551129782718299D-02    0.104841080395697D-01
   -0.477719228156620D-02    0.766167644887763D-02
   -0.433515137956009D-02    0.499537982545161D-02
   -0.418300941875208D-02    0.272316354202442D-02
   -0.378641344424974D-02    0.114684179683217D-02
   -0.263476812089698D-02    0.252363845468957D-03
    0.000000000000000D+00    0.000000000000000D+00
    0.000000000000000D+00    0.000000000000000D+00
    0.391873625001336D-03    0.120110528711877D-03
    0.103136684743164D-02    0.479133694266786D-03
    0.182485430960442D-02    0.108105227317305D-02
    0.268906807758956D-02    0.191480607354466D-02
    0.355885755126937D-02    0.297543610082363D-02
    0.438213243541283D-02    0.424449337336736D-02
    0.511476193668508D-02    0.569888732553588D-02
    0.572466871261909D-02    0.730707578737444D-02
    0.618511818834732D-02    0.903316685141086D-02
    0.647907922169310D-02    0.108376275489809D-01
    0.659537697879087D-02    0.126786578907419D-01
    0.652967338414583D-02    0.145137685918038D-01
    0.628393895684085D-02    0.163019260239090D-01
    0.586424091026947D-02    0.180018425411726D-01
    0.528236348211301D-02    0.195783638726121D-01
    0.455216565245373D-02    0.209937671442053D-01
    0.369157777064675D-02    0.222228163723725D-01
    0.271965684524868D-02    0.232325995304098D-01
    0.165722688995458D-02    0.240110267180762D-01
    0.527203947811835D-03    0.245290380520832D-01
   -0.648454267051080D-03    0.247958289317546D-01
   -0.184337036554260D-02    0.247893798602707D-01
   -0.303353093342716D-02    0.245372980615910D-01
   -0.418994829632334D-02    0.240123609168904D-01
   -0.527718881510232D-02    0.232996968806844D-01
   -0.623368325007775D-02    0.223772704983936D-01
   -0.700067251082049D-02    0.213311775615976D-01
   -0.751433016740429D-02    0.200947168974055D-01
   -0.767454356600465D-02    0.188103743015572D-01
   -0.733956143548789D-02    0.174124314199056D-01
   -0.660450444822135D-02    0.157876479067608D-01
   -0.536851826481516D-02    0.138970356819001D-01
   -0.411551344710698D-02    0.116861750213691D-01
   -0.287869790041478D-02    0.920591300921670D-02
   -0.215268712344938D-02    0.661087380243547D-02
   -0.194463997005304D-02    0.414011417998499D-02
   -0.231226508044920D-02    0.209848944209452D-02
   -0.264389901055593D-02    0.773839976950110D-03
   -0.220391832483364D-02    0.125986596969618D-03
    0.000000000000000D+00    0.000000000000000D+00
    0.000000000000000D+00    0.000000000000000D+00
    0.180508401275228D-03    0.866360281942521D-04
    0.606794576783216D-03    0.355465671288499D-03
    0.117673688176317D-02    0.832072611163971D-03
    0.182100446678694D-02    0.151177328429226D-02
    0.247746861188222D-02    0.240247681376199D-02
    0.310616743267938D-02    0.349073853714467D-02
    0.366861950283841D-02    0.475971869416347D-02
    0.414100314496633D-02    0.618171883215244D-02
    0.449977769318590D-02    0.772432792546256D-02
    0.473326696252090D-02    0.934993889884549D-02
    0.482939836643846D-02    0.110192059607860D-01
    0.478732399321271D-02    0.126892594909376D-01
    0.460432402758032D-02    0.143209313645161D-01
    0.428873133492779D-02    0.158711094503757D-01
    0.384501100513802D-02    0.173056118195414D-01
    0.328816754949024D-02    0.185851618533900D-01
    0.262745278656111D-02    0.196837993008275D-01
    0.188163504832011D-02    0.205688398563522D-01
    0.106217226784559D-02    0.212255690515813D-01
    0.189790692149162D-03    0.216280776630515D-01
   -0.723334096928959D-03    0.217800136181431D-01
   -0.165591071463181D-02    0.216649265691573D-01
   -0.259523133064987D-02    0.213027745670145D-01
   -0.351727394278831D-02    0.206684151081040D-01
   -0.440238029512283D-02    0.198637201851578D-01
   -0.520043159710543D-02    0.188685613497504D-01
   -0.585134188616516D-02    0.177804578634897D-01
   -0.629746814498568D-02    0.164986842999414D-01
   -0.635063380157753D-02    0.153674159683122D-01
   -0.592233843021841D-02    0.141866328434744D-01
   -0.491758135917048D-02    0.128039672120050D-01
   -0.342449462948507D-02    0.112956507286775D-01
   -0.182576281642591D-02    0.938610824194306D-02
   -0.406067397284230D-03    0.729997404212312D-02
    0.378888340867632D-03    0.501157975964293D-02
    0.323905871521250D-03    0.286166820320625D-02
   -0.738675826566989D-03    0.114960473479459D-02
   -0.180061314246188D-02    0.202632987682486D-03
   -0.208177277367089D-02   -0.806346250878870D-04
    0.000000000000000D+00    0.000000000000000D+00
    0.000000000000000D+00    0.000000000000000D+00
    0.387496579564975D-04    0.520162333086739D-04
    0.293479829337602D-03    0.229797956046637D-03
    0.675066563423085D-03    0.572027262196336D-03
    0.112097625383917D-02    0.108884977203686D-02
    0.158038440026526D-02    0.179452876418344D-02
    0.202486067319268D-02    0.268176876914669D-02
    0.242319131283076D-02    0.373843626263177D-02
    0.276020949032223D-02    0.494070358273469D-02
    0.301712077254765D-02    0.625914824287805D-02
    0.318605902816407D-02    0.766107707655571D-02
    0.325815885344575D-02    0.910714991970130D-02
    0.323158587197002D-02    0.105611016459035D-01
    0.310570586356996D-02    0.119806456044254D-01
    0.288415372038295D-02    0.133304545695625D-01
    0.257238676570847D-02    0.145711452450662D-01
    0.217843487714892D-02    0.156712994042592D-01
    0.171117556937190D-02    0.165992544758811D-01
    0.118150701079878D-02    0.173287493957554D-01
    0.598915782119399D-03    0.178402805832967D-01
   -0.240153350656401D-04    0.181119766191439D-01
   -0.679834372385166D-03    0.181432391556890D-01
   -0.135693557247243D-02    0.179168506428161D-01
   -0.205112608765751D-02    0.174523114988010D-01
   -0.274372273492520D-02    0.167154282457163D-01
   -0.343112815631276D-02    0.158141198116480D-01
   -0.408466187799712D-02    0.147189148062879D-01
   -0.467732025593388D-02    0.135522643197935D-01
   -0.514185749338407D-02    0.121527286969915D-01
   -0.526369874007292D-02    0.110827117706363D-01
   -0.487740438701958D-02    0.994044292765473D-02
   -0.393361356237126D-02    0.888886848149058D-02
   -0.213418156782356D-02    0.774112536244330D-02
   -0.263057891624539D-03    0.632325644239256D-02
    0.152413240424068D-02    0.461856496505145D-02
    0.233587585813385D-02    0.287147258778719D-02
    0.191719019034466D-02    0.109191035630316D-02
    0.229706672096472D-03   -0.111176977962420D-03
   -0.159319439539101D-02   -0.513526771320232D-03
   -0.242300372488746D-02   -0.338269715801937D-03
    0.000000000000000D+00    0.000000000000000D+00
    0.000000000000000D+00    0.000000000000000D+00
   -0.384970277873061D-04    0.178828317259741D-04
    0.990116600188992D-04    0.102674482154296D-03
    0.324674930441043D-03    0.315420965669286D-03
    0.599797259665584D-03    0.670317127329851D-03
    0.884434624025860D-03    0.118609726461431D-02
    0.116137305679179D-02    0.186160310794662D-02
    0.141013924464695D-02    0.268407811391923D-02
    0.162066683903254D-02    0.363798579848238D-02
    0.178192798584761D-02    0.469405070686451D-02
    0.188801191799762D-02    0.582745118561830D-02
    0.193413158795114D-02    0.700116288845475D-02
    0.191830642271249D-02    0.818473885878392D-02
    0.184062154187694D-02    0.934001110883661D-02
    0.170283386146157D-02    0.104354173938224D-01
    0.150873345580642D-02    0.114360565668256D-01
    0.126288418777202D-02    0.123133602028147D-01
    0.971220525152721D-03    0.130385633156980D-01
    0.639800517481932D-03    0.135887209664479D-01
    0.274633842173484D-03    0.139436938581999D-01
   -0.117677297745710D-03    0.140866290228285D-01
   -0.533489391747076D-03    0.140084814148749D-01
   -0.967556744865619D-03    0.136964674138823D-01
   -0.142358231542966D-02    0.131580926042890D-01
   -0.188842032222709D-02    0.123630795976974D-01
   -0.237476592792174D-02    0.113939624676692D-01
   -0.285700388616011D-02    0.102132336150723D-01
   -0.338043369768587D-02    0.887367879594340D-02
   -0.386272536689832D-02    0.727722574174493D-02
   -0.407878507644510D-02    0.625077337845770D-02
   -0.379019946365186D-02    0.493673521821296D-02
   -0.269701892777197D-02    0.391216642363504D-02
   -0.101763029545370D-02    0.344179722498900D-02
    0.129256462477315D-02    0.223680393787742D-02
    0.310498709880132D-02    0.122652762788597D-02
    0.383148602393381D-02    0.108157194330957D-03
    0.324631580947626D-02   -0.114203484262927D-02
    0.973887358880595D-03   -0.160444515442041D-02
   -0.159006145010610D-02   -0.134645667553334D-02
   -0.306696553577019D-02   -0.649737093143754D-03
    0.000000000000000D+00    0.000000000000000D+00
    0.000000000000000D+00    0.000000000000000D+00
   -0.534707216727975D-04   -0.667405258718476D-05
    0.438877940397511D-05    0.317565692793539D-05
    0.108718653227714D-03    0.997766112181052D-04
    0.245887134373800D-03    0.302015688826861D-03
    0.384005400729760D-03    0.632945954897880D-03
    0.522818552382125D-03    0.108595472972665D-02
    0.644381791666649D-03    0.165773101426239D-02
    0.749825979666422D-03    0.233079191868539D-02
    0.829242506918674D-03    0.308614744958189D-02
    0.882651104093123D-03    0.390239529188498D-02
    0.906281533698916D-03    0.475066366967411D-02
    0.899063935429964D-03    0.560865550662919D-02
    0.862364273415455D-03    0.644303367351605D-02
    0.794524998687772D-03    0.723357234867314D-02
    0.700876878220597D-03    0.794689818667257D-02
    0.579411379947991D-03    0.856712314797333D-02
    0.437902961517168D-03    0.906406805069403D-02
    0.273947152256289D-03    0.942751522503352D-02
    0.962191647215357D-04    0.963226513591400D-02
   -0.988121488002451D-04    0.967454817908138D-02
   -0.303119030044410D-03    0.953292643352128D-02
   -0.523376372957548D-03    0.920878611119353D-02
   -0.751925556688157D-03    0.868403038556399D-02
   -0.995575470047039D-03    0.795843875041206D-02
   -0.124457828916517D-02    0.703223841844224D-02
   -0.152832956769628D-02    0.592031126849952D-02
   -0.184564028351062D-02    0.459032026680829D-02
   -0.222616367853412D-02    0.305672553321781D-02
   -0.251387348042681D-02    0.172243832403454D-02
   -0.249494764432747D-02   -0.211807355940040D-03
   -0.200441573885471D-02   -0.101745035504506D-02
   -0.223216454260383D-03   -0.155125641372780D-02
    0.224412992778037D-02   -0.211294847118267D-02
    0.389305109911133D-02   -0.257680550782655D-02
    0.466136827834215D-02   -0.298936701595167D-02
    0.355063652197770D-02   -0.342836076774715D-02
    0.913767123009258D-03   -0.305757671050722D-02
   -0.249084501653272D-02   -0.207651060387183D-02
   -0.407115397121726D-02   -0.792264035178912D-03
    0.000000000000000D+00    0.000000000000000D+00
    0.000000000000000D+00    0.000000000000000D+00
   -0.216029086144205D-04   -0.216029086144482D-04
   -0.625151243404972D-05   -0.532966587829716D-04
    0.198065851023615D-04   -0.360763198842475D-04
    0.571859859045840D-04    0.475024127076867D-04
    0.956986320764941D-04    0.201720450840954D-03
    0.133838854766436D-03    0.434228206237822D-03
    0.168332422905629D-03    0.730708822555471D-03
    0.196606588080748D-03    0.109277489481614D-02
    0.219529339933829D-03    0.149761886464476D-02
    0.233154589479227D-03    0.194305469624823D-02
    0.240625256829715D-03    0.240304534585340D-02
    0.237430070150961D-03    0.287179763952886D-02
    0.228046911990793D-03    0.332411624539409D-02
    0.208157241905764D-03    0.375192609804971D-02
    0.182807956480702D-03    0.413352141257175D-02
    0.148296869357475D-03    0.446013974823024D-02
    0.109461173326083D-03    0.471504750913357D-02
    0.634453735347455D-04    0.489009670274734D-02
    0.143075597120990D-04    0.497365299624129D-02
   -0.402204222738179D-04    0.495889343382319D-02
   -0.976533449118380D-04    0.483728880013963D-02
   -0.160358585104349D-03    0.460039349369048D-02
   -0.228914611265981D-03    0.424538458384138D-02
   -0.300659410955626D-03    0.375709925588501D-02
   -0.375164828712610D-03    0.313135500306889D-02
   -0.464366500897584D-03    0.235866127765540D-02
   -0.590167380407052D-03    0.139114948121852D-02
   -0.747535581118431D-03    0.455004194534232D-04
   -0.103571080556542D-02   -0.126227929229941D-02
   -0.100805038000247D-02   -0.341566724323651D-02
   -0.174193393629596D-02   -0.510873061190246D-02
   -0.757527845128971D-04   -0.372703951527481D-02
    0.249500067321354D-02   -0.500003667862898D-02
    0.435181962962516D-02   -0.559849619660261D-02
    0.463935488160254D-02   -0.579007289576646D-02
    0.327314765620221D-02   -0.558273247476418D-02
   -0.117103666486183D-04   -0.433825484831929D-02
   -0.373720177987832D-02   -0.285024178480722D-02
   -0.614469981362842D-02   -0.114516268515316D-02
    0.000000000000000D+00    0.000000000000000D+00
    0.000000000000000D+00    0.000000000000000D+00
    0.000000000000000D+00    0.000000000000000D+00
    0.000000000000000D+00    0.000000000000000D+00
    0.000000000000000D+00    0.000000000000000D+00
    0.000000000000000D+00    0.000000000000000D+00
    0.000000000000000D+00    0.000000000000000D+00
    0.000000000000000D+00    0.000000000000000D+00
    0.000000000000000D+00    0.000000000000000D+00
    0.000000000000000D+00    0.000000000000000D+00
    0.000000000000000D+00    0.000000000000000D+00
    0.000000000000000D+00    0.000000000000000D+00
    0.000000000000000D+00    0.000000000000000D+00
    0.000000000000000D+00    0.000000000000000D+00
    0.000000000000000D+00    0.000000000000000D+00
    0.000000000000000D+00    0.000000000000000D+00
    0.000000000000000D+00    0.000000000000000D+00
    0.000000000000000D+00    0.000000000000000D+00
    0.000000000000000D+00    0.000000000000000D+00
    0.000000000000000D+00    0.000000000000000D+00
    0.000000000000000D+00    0.000000000000000D+00
    0.000000000000000D+00    0.000000000000000D+00
    0.000000000000000D+00    0.000000000000000D+00
    0.000000000000000D+00    0.000000000000000D+00
    0.000000000000000D+00    0.000000000000000D+00
    0.000000000000000D+00    0.000000000000000D+00
    0.000000000000000D+00    0.000000000000000D+00
    0.000000000000000D+00    0.000000000000000D+00
    0.000000000000000D+00    0.000000000000000D+00
    0.000000000000000D+00    0.000000000000000D+00
    0.000000000000000D+00    0.000000000000000D+00
    0.000000000000000D+00    0.000000000000000D+00
    0.000000000000000D+00    0.000000000000000D+00
    0.000000000000000D+00    0.000000000000000D+00
    0.339771550177699D-02   -0.459789173397499D-02
    0.588105407690053D-02   -0.661441791306308D-02
    0.452123641666708D-02   -0.693304966768455D-02
    0.245136093146446D-02   -0.638510920704826D-02
   -0.125438465181666D-02   -0.525613337571568D-02
   -0.600590224096298D-02   -0.332614203857839D-02
   -0.772184728620078D-02   -0.165634177410309D-02
    0.000000000000000D+00    0.000000000000000D+00
