#  nodes_order3.l2q.txt
#  created by TABLE_IO.F90
#  at March 13 2005  11:51:18.370 AM
#
#  Spatial dimension M =   2
#  Number of points N =     63
#  EPSILON (unit roundoff) =   0.222045E-15
#
   0.00000       0.00000    
   1.00000       0.00000    
   2.00000       0.00000    
   3.00000       0.00000    
   4.00000       0.00000    
   0.00000       1.00000    
   1.00000       1.00000    
   2.00000       1.00000    
   3.00000       1.00000    
   4.00000       1.00000    
   0.00000       2.00000    
   1.00000       2.00000    
   2.00000       2.00000    
   3.00000       2.00000    
   4.00000       2.00000    
   0.00000       3.00000    
   1.00000       3.00000    
   2.00000       3.00000    
   3.00000       3.00000    
   4.00000       3.00000    
   0.00000      0.500000    
  0.500000       0.00000    
  0.500000      0.500000    
  0.500000       1.00000    
   1.00000      0.500000    
  0.500000       1.50000    
   0.00000       1.50000    
  0.500000       2.00000    
   1.00000       1.50000    
   0.00000       2.50000    
  0.500000       2.50000    
   1.00000       2.50000    
  0.500000       3.00000    
   1.50000       0.00000    
   1.50000      0.500000    
   1.50000       1.00000    
   2.00000      0.500000    
   1.50000       1.50000    
   1.50000       2.00000    
   2.00000       1.50000    
   1.50000       2.50000    
   2.00000       2.50000    
   1.50000       3.00000    
   2.50000       0.00000    
   2.50000      0.500000    
   2.50000       1.00000    
   3.00000      0.500000    
   2.50000       1.50000    
   2.50000       2.00000    
   3.00000       1.50000    
   2.50000       2.50000    
   3.00000       2.50000    
   2.50000       3.00000    
   3.50000       0.00000    
   3.50000      0.500000    
   3.50000       1.00000    
   4.00000      0.500000    
   3.50000       1.50000    
   3.50000       2.00000    
   4.00000       1.50000    
   3.50000       2.50000    
   4.00000       2.50000    
   3.50000       3.00000    
