     1    19     3    10    11     2
    21     3    19    12    11    20
     3    21     5    12    13     4
    23     5    21    14    13    22
     5    23     7    14    15     6
    25     7    23    16    15    24
     7    25     9    16    17     8
    27     9    25    18    17    26
    19    37    21    28    29    20
    39    21    37    30    29    38
    21    39    23    30    31    22
    41    23    39    32    31    40
    23    41    25    32    33    24
    43    25    41    34    33    42
    25    43    27    34    35    26
    45    27    43    36    35    44
    37    55    39    46    47    38
    57    39    55    48    47    56
    39    57    41    48    49    40
    59    41    57    50    49    58
    41    59    43    50    51    42
    61    43    59    52    51    60
    43    61    45    52    53    44
    63    45    61    54    53    62
    55    73    57    64    65    56
    75    57    73    66    65    74
    57    75    59    66    67    58
    77    59    75    68    67    76
    59    77    61    68    69    60
    79    61    77    70    69    78
    61    79    63    70    71    62
    81    63    79    72    71    80
