    0.000000000000000E+00    0.000000000000000E+00
    0.000000000000000E+00    0.000000000000000E+00
    0.000000000000000E+00    0.000000000000000E+00
    0.000000000000000E+00    0.000000000000000E+00
    0.000000000000000E+00    0.000000000000000E+00
    0.000000000000000E+00    0.000000000000000E+00
    0.000000000000000E+00    0.000000000000000E+00
    0.000000000000000E+00    0.000000000000000E+00
    0.000000000000000E+00    0.000000000000000E+00
    0.000000000000000E+00    0.000000000000000E+00
    0.000000000000000E+00    0.000000000000000E+00
    0.000000000000000E+00    0.000000000000000E+00
    0.000000000000000E+00    0.000000000000000E+00
    0.000000000000000E+00    0.000000000000000E+00
    0.000000000000000E+00    0.000000000000000E+00
    0.000000000000000E+00    0.000000000000000E+00
    0.000000000000000E+00    0.000000000000000E+00
    0.000000000000000E+00    0.000000000000000E+00
    0.000000000000000E+00    0.000000000000000E+00
    0.000000000000000E+00    0.000000000000000E+00
    0.000000000000000E+00    0.000000000000000E+00
    0.000000000000000E+00    0.000000000000000E+00
    0.000000000000000E+00    0.000000000000000E+00
    0.000000000000000E+00    0.000000000000000E+00
    0.000000000000000E+00    0.000000000000000E+00
    0.000000000000000E+00    0.000000000000000E+00
    0.000000000000000E+00    0.000000000000000E+00
    0.000000000000000E+00    0.000000000000000E+00
    0.000000000000000E+00    0.000000000000000E+00
    0.000000000000000E+00    0.000000000000000E+00
    0.000000000000000E+00    0.000000000000000E+00
    0.000000000000000E+00    0.000000000000000E+00
    0.000000000000000E+00    0.000000000000000E+00
    0.000000000000000E+00    0.000000000000000E+00
    0.000000000000000E+00    0.000000000000000E+00
    0.000000000000000E+00    0.000000000000000E+00
    0.000000000000000E+00    0.000000000000000E+00
    0.000000000000000E+00    0.000000000000000E+00
    0.000000000000000E+00    0.000000000000000E+00
    0.000000000000000E+00    0.000000000000000E+00
    0.000000000000000E+00    0.000000000000000E+00
    0.000000000000000E+00    0.000000000000000E+00
   -0.209993869646610E-03    0.209682219596863E-03
   -0.156854929029512E-03    0.451747971756919E-03
    0.228883601876985E-04    0.542549050322310E-03
    0.297007676216302E-03    0.120313923562488E-03
    0.591774106912405E-03   -0.771472217438943E-03
    0.898395828482810E-03   -0.228546614753735E-02
    0.120827629132448E-02   -0.436417711417960E-02
    0.150066311301069E-02   -0.704177524990961E-02
    0.178402318733949E-02   -0.102619769587054E-01
    0.202952564190963E-02   -0.139971503170460E-01
    0.225549914928501E-02   -0.181891435081380E-01
    0.242761289139719E-02   -0.227574468148775E-01
    0.257085565952231E-02   -0.276464606045640E-01
    0.264771150053510E-02   -0.327270020194041E-01
    0.268737255737897E-02   -0.379516523037534E-01
    0.265255596989547E-02   -0.431463217611965E-01
    0.257451636323654E-02   -0.482795464275794E-01
    0.242085619507043E-02   -0.531409448096045E-01
    0.222218451468994E-02   -0.577238412116862E-01
    0.195729762552824E-02   -0.618000079552085E-01
    0.165280139090500E-02   -0.653962445125337E-01
    0.130623781442173E-02   -0.682990803110304E-01
    0.935413868961951E-03   -0.705750991954479E-01
    0.566796957457782E-03   -0.720800778333852E-01
    0.206700009076479E-03   -0.729209677026173E-01
   -0.784287093754707E-04   -0.730959679473648E-01
   -0.284794104624405E-03   -0.727707406639107E-01
   -0.334691740712876E-03   -0.721660558799929E-01
   -0.291179121940658E-03   -0.714401858426434E-01
    0.522341986103133E-04   -0.713443702939510E-01
    0.841031066242986E-03   -0.719446678790615E-01
    0.201327896130802E-02   -0.737299660673070E-01
    0.405178251545297E-02   -0.780913311353806E-01
    0.495124417330800E-02   -0.847266176999393E-01
    0.182371073945588E-02   -0.896223255706842E-01
    0.212298044541701E-02   -0.100699579269267E+00
    0.117812671862038E-01   -0.108874416166540E+00
    0.112471291562221E-01   -0.822845173300534E-01
   -0.527424846082329E-01   -0.527424846081452E-01
    0.000000000000000E+00    0.000000000000000E+00
    0.000000000000000E+00    0.000000000000000E+00
   -0.451436321593480E-03    0.158516801355014E-03
   -0.204551498100555E-03    0.208688965964736E-03
    0.499382584978136E-03   -0.179835670422501E-03
    0.142901663533839E-02   -0.136165506855656E-02
    0.251112351932707E-02   -0.345759017325732E-02
    0.361531638240792E-02   -0.654151708664708E-02
    0.475217194391458E-02   -0.106693372405795E-01
    0.582578791754520E-02   -0.157934692300572E-01
    0.685954920697872E-02   -0.219115241622604E-01
    0.777339552357208E-02   -0.289071729110588E-01
    0.858888942682404E-02   -0.367293528749900E-01
    0.924212770008293E-02   -0.452096024446935E-01
    0.974529170936326E-02   -0.542557533358432E-01
    0.100555448346114E-01   -0.636598810038370E-01
    0.101708602230024E-01   -0.732943867444719E-01
    0.100769396348378E-01   -0.829247505116631E-01
    0.975551631182814E-02   -0.923967345888579E-01
    0.922918889504414E-02   -0.101467715156404E+00
    0.846494466164791E-02   -0.109971716414161E+00
    0.752939042223179E-02   -0.117684838320867E+00
    0.638189450002798E-02   -0.124453971524688E+00
    0.513584035673546E-02   -0.130110520004886E+00
    0.375916131654730E-02   -0.134552573230547E+00
    0.240613538173801E-02   -0.137712568581979E+00
    0.108605082821964E-02   -0.139595676971695E+00
   -0.323154962366665E-04   -0.140276708582377E+00
   -0.845187591762307E-03   -0.139958756252567E+00
   -0.122532374650342E-02   -0.138900155152284E+00
   -0.906883699306385E-03   -0.137598194608120E+00
    0.437846273955602E-04   -0.136439050400704E+00
    0.223575746825627E-02   -0.136201680125378E+00
    0.478464997896324E-02   -0.136635604672041E+00
    0.822394338463109E-02   -0.139301551639713E+00
    0.109004115211527E-01   -0.143809546466739E+00
    0.117259744032125E-01   -0.148115145723072E+00
    0.490273688293670E-02   -0.145020373164741E+00
   -0.170139101598283E-01   -0.127935760253365E+00
   -0.638237578983135E-01   -0.813938306204819E-01
   -0.119949489778707E+00   -0.247328711859446E-01
    0.000000000000000E+00    0.000000000000000E+00
    0.000000000000000E+00    0.000000000000000E+00
   -0.543306580401954E-03   -0.176516091715429E-04
    0.173915645886852E-03   -0.468750778008083E-03
    0.164095310279902E-02   -0.158937172405382E-02
    0.358159425297087E-02   -0.381873287525092E-02
    0.577295514832854E-02   -0.720833178141698E-02
    0.808246526387467E-02   -0.119376295118668E-01
    0.104102255178985E-01   -0.179836954538647E-01
    0.126667076331449E-01   -0.253849262019790E-01
    0.147971159223367E-01   -0.340517409945396E-01
    0.167242722910959E-01   -0.439167861740097E-01
    0.184160331853802E-01   -0.548409750254609E-01
    0.198000874043891E-01   -0.666710433720464E-01
    0.208577337616660E-01   -0.792303649252164E-01
    0.215234269851400E-01   -0.922920795311770E-01
    0.217908439213276E-01   -0.105656562676853E+00
    0.216072394405321E-01   -0.119032070603154E+00
    0.209822336929730E-01   -0.132216849551314E+00
    0.198857041130439E-01   -0.144867474994567E+00
    0.183500410844474E-01   -0.156808829103283E+00
    0.163811210398277E-01   -0.167669415988869E+00
    0.140432291797550E-01   -0.177338458372405E+00
    0.113942810440431E-01   -0.185455427508151E+00
    0.854186737506961E-02   -0.192020226537796E+00
    0.561227348530963E-02   -0.196738552363575E+00
    0.277243019776680E-02   -0.199776162158564E+00
    0.220915584601861E-03   -0.200966106419890E+00
   -0.180295876379642E-02   -0.200695633317352E+00
   -0.305381046404274E-02   -0.198981841478981E+00
   -0.320335522572430E-02   -0.196453549187045E+00
   -0.214340419544264E-02   -0.193184505991895E+00
    0.485824733179907E-03   -0.190011749135128E+00
    0.386087692942239E-02   -0.186515967276595E+00
    0.736007203365439E-02   -0.182745802720534E+00
    0.922058207579894E-02   -0.178259119425246E+00
    0.628526086174063E-02   -0.168567892186779E+00
   -0.735578602364787E-02   -0.147698764262605E+00
   -0.529600864514153E-01   -0.111404793749133E+00
   -0.104778610958359E+00   -0.540211292658821E-01
   -0.132698260864931E+00   -0.154125217252782E-01
    0.000000000000000E+00    0.000000000000000E+00
    0.000000000000000E+00    0.000000000000000E+00
   -0.158437045978646E-03   -0.264243496624767E-03
    0.128562926283350E-02   -0.129589922429940E-02
    0.381831807806602E-02   -0.332669097550248E-02
    0.699746762559931E-02   -0.667069023811715E-02
    0.105821430124063E-01   -0.114401146840472E-01
    0.143380250806250E-01   -0.177467629545898E-01
    0.181344187508901E-01   -0.256237983466269E-01
    0.218182006716637E-01   -0.350599306605125E-01
    0.252986345641572E-01   -0.460007983248621E-01
    0.284602843667533E-01   -0.583301075057749E-01
    0.312279104213552E-01   -0.719195001260608E-01
    0.335130529686945E-01   -0.865721023398079E-01
    0.352448816932154E-01   -0.102094156021762E+00
    0.363635563219289E-01   -0.118223961521172E+00
    0.368019906229216E-01   -0.134714879678821E+00
    0.365366784333083E-01   -0.151253452490499E+00
    0.355117012740718E-01   -0.167560224987456E+00
    0.337514883287832E-01   -0.183285312519395E+00
    0.312269606438754E-01   -0.198148457082541E+00
    0.280233169895147E-01   -0.211784152520008E+00
    0.241626361071390E-01   -0.223959315714184E+00
    0.198006886153731E-01   -0.234320563336214E+00
    0.150443225336320E-01   -0.242747410690847E+00
    0.101199809088010E-01   -0.248929470025812E+00
    0.526031595001649E-02   -0.252939531643018E+00
    0.740374766349244E-03   -0.254532803643313E+00
   -0.305046468259720E-02   -0.254053483419863E+00
   -0.586987815642030E-02   -0.251301772068183E+00
   -0.721412769280396E-02   -0.246898333659676E+00
   -0.713392667276783E-02   -0.240510639444633E+00
   -0.541927088969595E-02   -0.232844032870377E+00
   -0.302456892163623E-02   -0.223120807504061E+00
   -0.145088541266697E-02   -0.211015125596789E+00
   -0.400534896793155E-02   -0.194239202514250E+00
   -0.173899158887119E-01   -0.169149045943402E+00
   -0.479924615575098E-01   -0.132349142969181E+00
   -0.105477000318279E+00   -0.834088368149471E-01
   -0.160997169065893E+00   -0.341507715304463E-01
   -0.157153142417552E+00   -0.221405351008282E-02
    0.000000000000000E+00    0.000000000000000E+00
    0.000000000000000E+00    0.000000000000000E+00
    0.637569687058316E-03   -0.514165479557258E-03
    0.318042797310592E-02   -0.219307705973413E-02
    0.698756422941722E-02   -0.512745804966448E-02
    0.116469677216074E-01   -0.961726395845867E-02
    0.168075090260587E-01   -0.156938837752569E-01
    0.222237012888571E-01   -0.235059098392188E-01
    0.276749405791813E-01   -0.330215324827047E-01
    0.329851290416488E-01   -0.442800217510112E-01
    0.379980072132063E-01   -0.571668431024927E-01
    0.425672133936437E-01   -0.716092287455160E-01
    0.465740995005421E-01   -0.874214633004550E-01
    0.498890113366399E-01   -0.104434865807643E+00
    0.524219401140331E-01   -0.122404104193928E+00
    0.540587628994795E-01   -0.141072090045590E+00
    0.547413067734721E-01   -0.160152716930236E+00
    0.543777404268915E-01   -0.179305143299288E+00
    0.529539265395743E-01   -0.198229820710488E+00
    0.504151809763045E-01   -0.216508367429223E+00
    0.468109946488160E-01   -0.233867085517112E+00
    0.421457159183667E-01   -0.249822402007359E+00
    0.365561338862862E-01   -0.264179290534934E+00
    0.301313982057969E-01   -0.276410375272212E+00
    0.231191950946666E-01   -0.286463666924277E+00
    0.157152685130570E-01   -0.293795072607266E+00
    0.829394424490890E-02   -0.298563075597269E+00
    0.115506629377410E-02   -0.300226178355684E+00
   -0.521491621664794E-02   -0.299198971245508E+00
   -0.105033743697608E-01   -0.294914343060154E+00
   -0.142439467028907E-01   -0.287995455929075E+00
   -0.164689903902552E-01   -0.277721648527543E+00
   -0.173122284761855E-01   -0.264541331687739E+00
   -0.179463883189341E-01   -0.247452858388131E+00
   -0.207107205181684E-01   -0.225678249402257E+00
   -0.291775393784326E-01   -0.197699731411659E+00
   -0.524751887707352E-01   -0.160339002689507E+00
   -0.901956912573482E-01   -0.114712228534448E+00
   -0.154073503436971E+00   -0.636092883641597E-01
   -0.200630595405889E+00   -0.199714732360943E-01
   -0.170037890765869E+00   -0.681524528526811E-03
    0.000000000000000E+00    0.000000000000000E+00
    0.000000000000000E+00    0.000000000000000E+00
    0.191406782827632E-02   -0.737527944558176E-03
    0.583643132282695E-02   -0.299825727572039E-02
    0.111876520734679E-01   -0.681996121981049E-02
    0.174938097742297E-01   -0.123586098681918E-01
    0.244021567557555E-01   -0.196580968717586E-01
    0.316036276169423E-01   -0.287965160866919E-01
    0.388450465222757E-01   -0.397694494098658E-01
    0.458970545344712E-01   -0.525686708813433E-01
    0.525577983894994E-01   -0.671101371990308E-01
    0.586440611160390E-01   -0.832847575011107E-01
    0.639827401184688E-01   -0.100930504671859E+00
    0.684249594092639E-01   -0.119849361760696E+00
    0.718185641872619E-01   -0.139805888677408E+00
    0.740482967033114E-01   -0.160519847021206E+00
    0.749874068207688E-01   -0.181694616432172E+00
    0.745625615724350E-01   -0.202973819836660E+00
    0.726887096765581E-01   -0.224020660727193E+00
    0.693511437659258E-01   -0.244409027575483E+00
    0.645343230624438E-01   -0.263796732030096E+00
    0.583043635962491E-01   -0.281697818755244E+00
    0.507510379063276E-01   -0.297815649271918E+00
    0.420431499228955E-01   -0.311619214156298E+00
    0.324121575392145E-01   -0.322921406202856E+00
    0.221417522590097E-01   -0.331162693347572E+00
    0.116241397126593E-01   -0.336328990901622E+00
    0.124104813086409E-02   -0.337839604957702E+00
   -0.850359869555624E-02   -0.335881082934094E+00
   -0.172296953068738E-01   -0.329827143416273E+00
   -0.245900323012282E-01   -0.319980348056026E+00
   -0.305253901489515E-01   -0.305604780889422E+00
   -0.356928613183299E-01   -0.286752497436888E+00
   -0.411732180461353E-01   -0.262476799847941E+00
   -0.505209897358914E-01   -0.231920331812308E+00
   -0.670102278428570E-01   -0.194342162397370E+00
   -0.985812692804969E-01   -0.148669361184998E+00
   -0.145664254110934E+00   -0.982754393819934E-01
   -0.201481774421750E+00   -0.494168084755441E-01
   -0.228375148153775E+00   -0.149097393530490E-01
   -0.173491747179523E+00   -0.117483166435609E-02
    0.000000000000000E+00    0.000000000000000E+00
    0.000000000000000E+00    0.000000000000000E+00
    0.359777838981229E-02   -0.942742242945187E-03
    0.921424019815106E-02   -0.373349868724418E-02
    0.162898696049896E-01   -0.830992110886539E-02
    0.244073164957237E-01   -0.147767899180108E-01
    0.331700421371909E-01   -0.231091013417867E-01
    0.422628190670401E-01   -0.333869956430573E-01
    0.513770016448642E-01   -0.455507368135213E-01
    0.602538987549660E-01   -0.596220416122780E-01
    0.686431297512969E-01   -0.754702171050237E-01
    0.763186416461530E-01   -0.930279073468345E-01
    0.830726842312110E-01   -0.112090891897693E+00
    0.887015909819682E-01   -0.132500816073795E+00
    0.930371953374983E-01   -0.153985450410949E+00
    0.958959884779261E-01   -0.176289527100456E+00
    0.971577943428603E-01   -0.199088282842851E+00
    0.966671882503091E-01   -0.222022569196057E+00
    0.943732183538862E-01   -0.244741471086982E+00
    0.901683835695822E-01   -0.266773906705379E+00
    0.841030909022355E-01   -0.287784431914310E+00
    0.761477988438340E-01   -0.307185392908910E+00
    0.664904332079738E-01   -0.324713960625037E+00
    0.552132449597931E-01   -0.339668265318186E+00
    0.426704464255923E-01   -0.351924105044440E+00
    0.290799510825963E-01   -0.360674788724584E+00
    0.149631547881867E-01   -0.365991323602867E+00
    0.656040557909721E-03   -0.366974391678624E+00
   -0.132307177587183E-01   -0.363896998976881E+00
   -0.263792455641656E-01   -0.355784582697199E+00
   -0.383913456373381E-01   -0.342982135706600E+00
   -0.493712313789704E-01   -0.324515984682857E+00
   -0.599885195219176E-01   -0.300412387353979E+00
   -0.715555918619793E-01   -0.270012373366225E+00
   -0.877487603987002E-01   -0.232448102073169E+00
   -0.110740577865422E+00   -0.188748981236610E+00
   -0.148377753967485E+00   -0.138204008477377E+00
   -0.194141613373032E+00   -0.869949913632694E-01
   -0.243112092632880E+00   -0.408844354237651E-01
   -0.253504425816509E+00   -0.962597167592648E-02
   -0.177239932177375E+00   -0.537985080165176E-03
    0.000000000000000E+00    0.000000000000000E+00
    0.000000000000000E+00    0.000000000000000E+00
    0.561932142442624E-02   -0.109544723838096E-02
    0.131689373810124E-01   -0.430266324426235E-02
    0.221667149478208E-01   -0.951266167149349E-02
    0.322131283301071E-01   -0.167196658533418E-01
    0.429235566115153E-01   -0.258921162051821E-01
    0.539624737430873E-01   -0.370495703111739E-01
    0.649978841512873E-01   -0.501461215369161E-01
    0.757369470152606E-01   -0.651613450642995E-01
    0.858885917235958E-01   -0.819932498441283E-01
    0.951945424881041E-01   -0.100545881691809E+00
    0.103395158177039E+00   -0.120647799456992E+00
    0.110262702798111E+00   -0.142119252932340E+00
    0.115567050752101E+00   -0.164714726220185E+00
    0.119112251798392E+00   -0.188163181649512E+00
    0.120706697388223E+00   -0.212149150351176E+00
    0.120197322926321E+00   -0.236303793491738E+00
    0.117455389825614E+00   -0.260256154157486E+00
    0.112394250451004E+00   -0.283533385550465E+00
    0.104986599978837E+00   -0.305738924821812E+00
    0.952455290905071E-01   -0.326294485558392E+00
    0.832895892613899E-01   -0.344824080769226E+00
    0.692667508991399E-01   -0.360651138946077E+00
    0.534750429212929E-01   -0.373475744114023E+00
    0.362208613194431E-01   -0.382540424434660E+00
    0.179725746118044E-01   -0.387666988787047E+00
   -0.818417813712435E-03   -0.388044675580517E+00
   -0.196357281335083E-01   -0.383618109926060E+00
   -0.379944398658639E-01   -0.373569548079298E+00
   -0.557222370756329E-01   -0.357872886033073E+00
   -0.726509397419698E-01   -0.335809961431344E+00
   -0.898646644337158E-01   -0.307195192738451E+00
   -0.108224521473461E+00   -0.271762895048084E+00
   -0.131338542379375E+00   -0.229246994017852E+00
   -0.161115949801649E+00   -0.181056232069631E+00
   -0.201036881319093E+00   -0.128766862316046E+00
   -0.246252506445138E+00   -0.782672409295139E-01
   -0.280368337768317E+00   -0.359303350454033E-01
   -0.269270970272533E+00   -0.941325705865536E-02
   -0.179623576423363E+00   -0.203440251283951E-03
    0.000000000000000E+00    0.000000000000000E+00
    0.000000000000000E+00    0.000000000000000E+00
    0.792436143884595E-02   -0.122254257039483E-02
    0.176064042007491E-01   -0.474848541612917E-02
    0.286498669323837E-01   -0.104111323357127E-01
    0.407119304214924E-01   -0.181626542067082E-01
    0.534172364960278E-01   -0.279202379218476E-01
    0.664325264321933E-01   -0.396979071102008E-01
    0.794050275291336E-01   -0.534073382870584E-01
    0.920177514468131E-01   -0.690511700155065E-01
    0.103948993047270E+00   -0.864921372675488E-01
    0.114899696228744E+00   -0.105677123898428E+00
    0.124581221409179E+00   -0.126402728230321E+00
    0.132710621574344E+00   -0.148537895759835E+00
    0.139037250757035E+00   -0.171808428286931E+00
    0.143293851069880E+00   -0.195982822969794E+00
    0.145282587245894E+00   -0.220722759780081E+00
    0.144762053302731E+00   -0.245672242941734E+00
    0.141618557015567E+00   -0.270449712490477E+00
    0.135662364605646E+00   -0.294549071001225E+00
    0.126909751043649E+00   -0.317585378644051E+00
    0.115262486070757E+00   -0.338882487527797E+00
    0.100916012205634E+00   -0.358109588607834E+00
    0.839080659156245E-01   -0.374415444259088E+00
    0.646460418375856E-01   -0.387586391664536E+00
    0.433343449794935E-01   -0.396616718767848E+00
    0.205765447627941E-01   -0.401451399512655E+00
   -0.327342130824559E-02   -0.400992272348457E+00
   -0.275436228091889E-01   -0.395318844013686E+00
   -0.518613243758521E-01   -0.383381601573425E+00
   -0.758644784755788E-01   -0.365252026514953E+00
   -0.995007871272860E-01   -0.340246152998033E+00
   -0.123582769553129E+00   -0.308174716645732E+00
   -0.148759222522038E+00   -0.269453724189708E+00
   -0.178198857444531E+00   -0.223677740423883E+00
   -0.211788395818806E+00   -0.173825891981312E+00
   -0.252880070510123E+00   -0.121040873267478E+00
   -0.291405238485619E+00   -0.721893090994487E-01
   -0.314305251293592E+00   -0.329003847403233E-01
   -0.288046896501096E+00   -0.808919593148116E-02
   -0.182233756628481E+00   -0.554816436240105E-03
    0.000000000000000E+00    0.000000000000000E+00
    0.000000000000000E+00    0.000000000000000E+00
    0.103974030816462E-01   -0.129055737488802E-02
    0.223499148595223E-01   -0.501048999280123E-02
    0.355284179453988E-01   -0.109617556989532E-01
    0.496553130466132E-01   -0.190300543418588E-01
    0.643738132200637E-01   -0.291264912287783E-01
    0.793637571687597E-01   -0.412201912429897E-01
    0.942620644529321E-01   -0.552385013518595E-01
    0.108735069357883E+00   -0.711500683794314E-01
    0.122433695269208E+00   -0.888522444966060E-01
    0.135030130315493E+00   -0.108268386386078E+00
    0.146194857780887E+00   -0.129238913930473E+00
    0.155613498668659E+00   -0.151615489753115E+00
    0.162979926944396E+00   -0.175164853723206E+00
    0.167999006744118E+00   -0.199643833327025E+00
    0.170401780502654E+00   -0.224737208350279E+00
    0.169928376129807E+00   -0.250084557648327E+00
    0.166380256310723E+00   -0.275292867748290E+00
    0.159565950723928E+00   -0.299864293512440E+00
    0.149408881300043E+00   -0.323350923222188E+00
    0.135834182586743E+00   -0.345107374158467E+00
    0.118944192256231E+00   -0.364673733642511E+00
    0.988332211098964E-01   -0.381266346339822E+00
    0.758200963286196E-01   -0.394467480385136E+00
    0.502072332030145E-01   -0.403393360483951E+00
    0.225087087889203E-01   -0.407713182599322E+00
   -0.676859290804692E-02   -0.406521366522872E+00
   -0.370614298923158E-01   -0.399582808245957E+00
   -0.677618093437469E-01   -0.386112363539318E+00
   -0.986372982373105E-01   -0.365937048088982E+00
   -0.129280051670547E+00   -0.338664104616729E+00
   -0.160469436927035E+00   -0.304205794473919E+00
   -0.192437719517164E+00   -0.263135403323038E+00
   -0.227204233335739E+00   -0.215946432392423E+00
   -0.264738936149490E+00   -0.165307834996730E+00
   -0.303912478347634E+00   -0.113908537344236E+00
   -0.336727032257457E+00   -0.675741716321782E-01
   -0.344677219464642E+00   -0.313419628017784E-01
   -0.300293648167802E+00   -0.925970662995300E-02
   -0.185069112450508E+00   -0.105137794715762E-02
    0.000000000000000E+00    0.000000000000000E+00
    0.000000000000000E+00    0.000000000000000E+00
    0.129968543950195E-01   -0.133153925841410E-02
    0.272771138246858E-01   -0.513286835420852E-02
    0.426256480348951E-01   -0.111828880549544E-01
    0.588122815347478E-01   -0.193435288179064E-01
    0.755257058329196E-01   -0.294974371554832E-01
    0.924545352912322E-01   -0.416141339174626E-01
    0.109240734730519E+00   -0.555943073389647E-01
    0.125537299564111E+00   -0.714337735353620E-01
    0.140977084108944E+00   -0.890051674533361E-01
    0.155202477259520E+00   -0.108281198174654E+00
    0.167855163938919E+00   -0.129077862800807E+00
    0.178573944248790E+00   -0.151306144678197E+00
    0.187021203132113E+00   -0.174709029005363E+00
    0.192834474925919E+00   -0.199096453737979E+00
    0.195718499876983E+00   -0.224133506697003E+00
    0.195323475174529E+00   -0.249485947718235E+00
    0.191439915472691E+00   -0.274753742253458E+00
    0.183765930963354E+00   -0.299415171110709E+00
    0.172241593499208E+00   -0.323042004822261E+00
    0.156668806806011E+00   -0.344894640878830E+00
    0.137205459357072E+00   -0.364575838623094E+00
    0.113821962113273E+00   -0.381129834269767E+00
    0.869379917779645E-01   -0.394254612049634E+00
    0.567442876796640E-01   -0.402835775108145E+00
    0.239018513397728E-01   -0.406702108736552E+00
   -0.111714009568539E-01   -0.404722033974832E+00
   -0.477171048366161E-01   -0.396822735686939E+00
   -0.851737971533186E-01   -0.382121735750466E+00
   -0.123048561015413E+00   -0.360533558061547E+00
   -0.160834255827244E+00   -0.331888809666407E+00
   -0.198949281963450E+00   -0.296013136832368E+00
   -0.236947895808696E+00   -0.254211930970080E+00
   -0.276464434705289E+00   -0.206624893152860E+00
   -0.315213762416210E+00   -0.156976377846545E+00
   -0.352491556276966E+00   -0.107264917187844E+00
   -0.376890008564751E+00   -0.633883786852494E-01
   -0.373318833702807E+00   -0.299135880138530E-01
   -0.316507191874023E+00   -0.897458530164063E-02
   -0.188914776161276E+00   -0.137978729789002E-02
    0.000000000000000E+00    0.000000000000000E+00
    0.000000000000000E+00    0.000000000000000E+00
    0.155929750582844E-01   -0.131460895575895E-02
    0.322141274679937E-01   -0.507606987697214E-02
    0.497021240714809E-01   -0.110500195789163E-01
    0.679152155690825E-01   -0.190667206179473E-01
    0.865650571930013E-01   -0.290147691816030E-01
    0.105373815412998E+00   -0.408361464848456E-01
    0.123986496904427E+00   -0.544581095674205E-01
    0.142051576138154E+00   -0.698520143507931E-01
    0.159190453398780E+00   -0.869369182996476E-01
    0.175018231852868E+00   -0.105665845543337E+00
    0.189149684146838E+00   -0.125913116692749E+00
    0.201183578312035E+00   -0.147573882684021E+00
    0.210735513854551E+00   -0.170448541489056E+00
    0.217397926245142E+00   -0.194336126149789E+00
    0.220805731221294E+00   -0.218940932884570E+00
    0.220567467210498E+00   -0.243926454923038E+00
    0.216382208791770E+00   -0.268893468218319E+00
    0.207921514864393E+00   -0.293335292823114E+00
    0.195020018684754E+00   -0.316766321974738E+00
    0.177482573766914E+00   -0.338493525773058E+00
    0.155360254380365E+00   -0.357990609949683E+00
    0.128670446447346E+00   -0.374397940559640E+00
    0.977382713849788E-01   -0.387213592366475E+00
    0.628574631493371E-01   -0.395484164337051E+00
    0.246179558027862E-01   -0.398793413659460E+00
   -0.163940646229582E-01   -0.396234390796023E+00
   -0.594508512208079E-01   -0.387511670311031E+00
   -0.103750602065758E+00   -0.371989392944577E+00
   -0.148720198653484E+00   -0.349519097439180E+00
   -0.193556023826059E+00   -0.320084237214914E+00
   -0.238209409015678E+00   -0.283829988994977E+00
   -0.282027010874537E+00   -0.241911853566549E+00
   -0.325021950594208E+00   -0.195336031441555E+00
   -0.365327544303403E+00   -0.147169131272476E+00
   -0.398607455756372E+00   -0.100297830813022E+00
   -0.415530301598669E+00   -0.595879095805203E-01
   -0.398882357153367E+00   -0.287383764943429E-01
   -0.327679900617460E+00   -0.972457967795607E-02
   -0.192680275265187E+00   -0.175670267943954E-02
    0.000000000000000E+00    0.000000000000000E+00
    0.000000000000000E+00    0.000000000000000E+00
    0.181529326449192E-01   -0.127145093782313E-02
    0.370258000615116E-01   -0.487911000479898E-02
    0.565829677813030E-01   -0.105939230780063E-01
    0.767206849239889E-01   -0.182407101552788E-01
    0.972159834404789E-01   -0.277014617065024E-01
    0.117805898985624E+00   -0.389316717667865E-01
    0.138155584383340E+00   -0.518463860431373E-01
    0.157913339909605E+00   -0.664548350006767E-01
    0.176689147692242E+00   -0.826602325180942E-01
    0.194083137747746E+00   -0.100475793834377E+00
    0.209677616899178E+00   -0.119756663818211E+00
    0.223036970606181E+00   -0.140470773826780E+00
    0.233731035964745E+00   -0.162397332097001E+00
    0.241292334107753E+00   -0.185404668930131E+00
    0.245305726454447E+00   -0.209178437803393E+00
    0.245291078367956E+00   -0.233425471305921E+00
    0.240906525290152E+00   -0.257740988177394E+00
    0.231709557084445E+00   -0.281609937463176E+00
    0.217521120411345E+00   -0.304571430724591E+00
    0.198018850051046E+00   -0.325851353443697E+00
    0.173286135571341E+00   -0.344997810630101E+00
    0.143220602903966E+00   -0.360995383141064E+00
    0.108237979072470E+00   -0.373475613945272E+00
    0.685452573539192E-01   -0.381288785569490E+00
    0.248820479886293E-01   -0.384192656693974E+00
   -0.221901289988114E-01   -0.381125545506183E+00
   -0.717426634000854E-01   -0.371945945367423E+00
   -0.122887179836942E+00   -0.356029836831307E+00
   -0.174805345590822E+00   -0.333264166133785E+00
   -0.226356383914429E+00   -0.303941747285819E+00
   -0.277220572269584E+00   -0.268018623676958E+00
   -0.325782681982866E+00   -0.227285284155861E+00
   -0.371931122088250E+00   -0.182272953384644E+00
   -0.411718655147171E+00   -0.136677891066748E+00
   -0.441611764334412E+00   -0.926907787894712E-01
   -0.450205959804491E+00   -0.549315338121562E-01
   -0.423158468519842E+00   -0.268100865826077E-01
   -0.341868157649964E+00   -0.911975041713348E-02
   -0.196951512649760E+00   -0.178012134477281E-02
    0.000000000000000E+00    0.000000000000000E+00
    0.000000000000000E+00    0.000000000000000E+00
    0.205482149209823E-01   -0.117435781405540E-02
    0.415573920193157E-01   -0.451637844030743E-02
    0.630348923125545E-01   -0.980258700019147E-02
    0.849747481363134E-01   -0.168531928157650E-01
    0.107180155943967E+00   -0.255716086548510E-01
    0.129431619665175E+00   -0.359020537032009E-01
    0.151409641907417E+00   -0.477998725035491E-01
    0.172764328826110E+00   -0.612583129953123E-01
    0.193109949525726E+00   -0.762408556307591E-01
    0.212018943211416E+00   -0.927436780647902E-01
    0.229061016562646E+00   -0.110696257521437E+00
    0.243751854914317E+00   -0.130050253092655E+00
    0.255623874663821E+00   -0.150661225421387E+00
    0.264147049229750E+00   -0.172384703435407E+00
    0.268838844162023E+00   -0.194966620616584E+00
    0.269152550456852E+00   -0.218109844810486E+00
    0.264651032026714E+00   -0.241431499247934E+00
    0.254836692023226E+00   -0.264431806981856E+00
    0.239419729233684E+00   -0.286612203922731E+00
    0.218054690587246E+00   -0.307248788169870E+00
    0.190721116500871E+00   -0.325781948250114E+00
    0.157345747736021E+00   -0.341298355742342E+00
    0.118275401565511E+00   -0.353264168433641E+00
    0.738099160659470E-01   -0.360690602930104E+00
    0.246845402511142E-01   -0.363158198841187E+00
   -0.283871941947438E-01   -0.359803040449266E+00
   -0.843763011173997E-01   -0.350379976989280E+00
   -0.142208984876330E+00   -0.334425654442733E+00
   -0.200766159191131E+00   -0.311920464962835E+00
   -0.258751039119788E+00   -0.283142375838736E+00
   -0.315087747332015E+00   -0.248465714056098E+00
   -0.368202331464733E+00   -0.209321927640882E+00
   -0.416280529332580E+00   -0.166958356560812E+00
   -0.456020515392285E+00   -0.124315351257938E+00
   -0.481193519790640E+00   -0.840362700442658E-01
   -0.482245028753542E+00   -0.499016816702367E-01
   -0.444346346965124E+00   -0.245221136452064E-01
   -0.351769170594113E+00   -0.881508722426061E-02
   -0.200937492103483E+00   -0.178011565298356E-02
    0.000000000000000E+00    0.000000000000000E+00
    0.000000000000000E+00    0.000000000000000E+00
    0.227512750037993E-01   -0.105226595885361E-02
    0.456689109161240E-01   -0.402038140317299E-02
    0.688896751377433E-01   -0.871146449144418E-02
    0.924368612198090E-01   -0.149569992010363E-01
    0.116187282458040E+00   -0.226725708620136E-01
    0.139941279978656E+00   -0.318301535277051E-01
    0.163406243406005E+00   -0.423841075562841E-01
    0.186244884305665E+00   -0.543773350099428E-01
    0.208062258336545E+00   -0.677634349046792E-01
    0.228431280185934E+00   -0.826103522198187E-01
    0.246884052424207E+00   -0.988311577123521E-01
    0.262915799740654E+00   -0.116464472156661E+00
    0.275998590299764E+00   -0.135345500541536E+00
    0.285552135729726E+00   -0.155417385136471E+00
    0.291018829736667E+00   -0.176407040670613E+00
    0.291768043840890E+00   -0.198082869720286E+00
    0.287288048820895E+00   -0.220055653940254E+00
    0.276969832408852E+00   -0.241841414069198E+00
    0.260473342130660E+00   -0.262966646920180E+00
    0.237333877439210E+00   -0.282651213295723E+00
    0.207532189173513E+00   -0.300412926181503E+00
    0.170900364692271E+00   -0.315211460465878E+00
    0.127855975196078E+00   -0.326650572972306E+00
    0.786679785120574E-01   -0.333587961995214E+00
    0.242079922683672E-01   -0.335774171162572E+00
   -0.347369805895167E-01   -0.332257285123206E+00
   -0.969645612980785E-01   -0.322917647661622E+00
   -0.161168056076497E+00   -0.307382236640527E+00
   -0.226060115136895E+00   -0.285603071370741E+00
   -0.289825785743138E+00   -0.258196897292031E+00
   -0.351285125139906E+00   -0.225264120813398E+00
   -0.407795458103929E+00   -0.188754007158287E+00
   -0.457685337890926E+00   -0.149381748637877E+00
   -0.495887465734344E+00   -0.110456411732649E+00
   -0.517142483173415E+00   -0.739660414382904E-01
   -0.510688402944892E+00   -0.434077141904656E-01
   -0.463916635685072E+00   -0.211419359004345E-01
   -0.363300342814857E+00   -0.740505274226966E-02
   -0.204616007949274E+00   -0.146160906991921E-02
    0.000000000000000E+00    0.000000000000000E+00
    0.000000000000000E+00    0.000000000000000E+00
    0.246426864900608E-01   -0.882495575316167E-03
    0.492336930085885E-01   -0.337994091249002E-02
    0.739422378729841E-01   -0.732378563058568E-02
    0.988891727119809E-01   -0.125641534947990E-01
    0.123978471522760E+00   -0.190516966159891E-01
    0.149055578905139E+00   -0.267609290772211E-01
    0.173852954952282E+00   -0.356971442290827E-01
    0.198037177665523E+00   -0.458940905171595E-01
    0.221231266585130E+00   -0.573755186164712E-01
    0.242979801957936E+00   -0.701944884168079E-01
    0.262815726049727E+00   -0.843505360055016E-01
    0.280178816568170E+00   -0.998656144090003E-01
    0.294513733999126E+00   -0.116668175031991E+00
    0.305161832279980E+00   -0.134686935140486E+00
    0.311503038404689E+00   -0.153731673664047E+00
    0.312814179644624E+00   -0.173564740496786E+00
    0.308489628958096E+00   -0.193846081313084E+00
    0.297831542827595E+00   -0.214104609226428E+00
    0.280393720360399E+00   -0.233859619699962E+00
    0.255652992326099E+00   -0.252377729113342E+00
    0.223506886826513E+00   -0.269104689691536E+00
    0.183785916717679E+00   -0.283094240595056E+00
    0.136891387842456E+00   -0.293834897797616E+00
    0.831577012484757E-01   -0.300323663668226E+00
    0.235494546613731E-01   -0.302212722438687E+00
   -0.410360180481671E-01   -0.298696892279328E+00
   -0.109151195843753E+00   -0.289664517972269E+00
   -0.179394130991673E+00   -0.274807399150390E+00
   -0.249998716971950E+00   -0.254282714644595E+00
   -0.319164495118337E+00   -0.228558965023751E+00
   -0.384808635227298E+00   -0.198178833128774E+00
   -0.444559124042123E+00   -0.164620735370459E+00
   -0.495154686115106E+00   -0.129153225378910E+00
   -0.532299590789872E+00   -0.943387619389844E-01
   -0.548810530695604E+00   -0.623651875165853E-01
   -0.535476585393039E+00   -0.360519986627997E-01
   -0.479988639891315E+00   -0.171081239340370E-01
   -0.370654381633294E+00   -0.590082179104590E-02
   -0.207597593687202E+00   -0.109656063055980E-02
    0.000000000000000E+00    0.000000000000000E+00
    0.000000000000000E+00    0.000000000000000E+00
    0.262004813760215E-01   -0.690152080340913E-03
    0.521159992182700E-01   -0.262197546948574E-02
    0.780405507266073E-01   -0.568103606904520E-02
    0.104112734817409E+00   -0.974334970446946E-02
    0.130308798066391E+00   -0.147862197960105E-01
    0.156495843858564E+00   -0.208228121835866E-01
    0.182433759569931E+00   -0.278644267743446E-01
    0.207811872299065E+00   -0.360016858363331E-01
    0.232244381828991E+00   -0.452515679855310E-01
    0.255290323831200E+00   -0.557451195736066E-01
    0.276441754817277E+00   -0.674672965178849E-01
    0.295132170668974E+00   -0.805359640539353E-01
    0.310734508410384E+00   -0.948611135921614E-01
    0.322551940556999E+00   -0.110474090239563E+00
    0.329865760590001E+00   -0.127167786909459E+00
    0.331878797276628E+00   -0.144792559063424E+00
    0.327873981627873E+00   -0.163003947003414E+00
    0.317053547930617E+00   -0.181374986106956E+00
    0.298875603121365E+00   -0.199451822350618E+00
    0.272719486348642E+00   -0.216475448034824E+00
    0.238440220217388E+00   -0.231971757142885E+00
    0.195818025612386E+00   -0.244898880484912E+00
    0.145291931580888E+00   -0.254886258458133E+00
    0.872428622000871E-01   -0.260814259131596E+00
    0.227446065134295E-01   -0.262502131517535E+00
   -0.471216328578375E-01   -0.259105670731481E+00
   -0.120782437788793E+00   -0.250615683350365E+00
   -0.196475910646008E+00   -0.236865578962999E+00
   -0.272374097372148E+00   -0.217931904138883E+00
   -0.346052448742005E+00   -0.194632129686552E+00
   -0.415512768810376E+00   -0.167167196987190E+00
   -0.477325849845731E+00   -0.137452535069940E+00
   -0.528602696886096E+00   -0.106175127745345E+00
   -0.563603483916710E+00   -0.761449472658769E-01
   -0.576156802717707E+00   -0.488872986321539E-01
   -0.556382567981236E+00   -0.270219086980576E-01
   -0.493637230600829E+00   -0.119002581966614E-01
   -0.378223017061731E+00   -0.352358877543250E-02
   -0.209462376003175E+00   -0.446686564287495E-03
    0.000000000000000E+00    0.000000000000000E+00
    0.000000000000000E+00    0.000000000000000E+00
    0.273228647771434E-01   -0.460717065003134E-03
    0.542284571553847E-01   -0.175472942924232E-02
    0.810279260085258E-01   -0.380885099497865E-02
    0.107947129138009E+00   -0.653941986526096E-02
    0.134985179915236E+00   -0.996612900213846E-02
    0.162049284344673E+00   -0.141157795836372E-01
    0.188929146719610E+00   -0.190527901488388E-01
    0.215318070893116E+00   -0.248639180720752E-01
    0.240858170450933E+00   -0.316363833891152E-01
    0.265081825667637E+00   -0.394888616689351E-01
    0.287493843622504E+00   -0.484948917644197E-01
    0.307470433863643E+00   -0.587575394344017E-01
    0.324368346230665E+00   -0.702884588110814E-01
    0.337401361959864E+00   -0.831070162612471E-01
    0.345797312965041E+00   -0.971064830871465E-01
    0.348641952621264E+00   -0.112134459904567E+00
    0.345132564472589E+00   -0.127922143345603E+00
    0.334344540706726E+00   -0.144058817447679E+00
    0.315644449965513E+00   -0.160116244616211E+00
    0.288307825853343E+00   -0.175383495536693E+00
    0.252140971559676E+00   -0.189351953080284E+00
    0.206879217971696E+00   -0.201069078095177E+00
    0.153014498382967E+00   -0.210095756971055E+00
    0.909545031467464E-01   -0.215433665629267E+00
    0.219741640396255E-01   -0.216869372568310E+00
   -0.527855780029643E-01   -0.213663974442780E+00
   -0.131375692713236E+00   -0.205901507100647E+00
   -0.212036448209963E+00   -0.193409891331020E+00
   -0.292346714297443E+00   -0.176542366106238E+00
   -0.370064111163985E+00   -0.155884208363200E+00
   -0.442257480248741E+00   -0.132067779604917E+00
   -0.505962611289851E+00   -0.106485923894505E+00
   -0.556904146925322E+00   -0.802421798404477E-01
   -0.590173351541097E+00   -0.554258590170865E-01
   -0.598272905039982E+00   -0.336236533609909E-01
   -0.572562540159089E+00   -0.168464880026936E-01
   -0.503120675056964E+00   -0.593182336772065E-02
   -0.381340038233761E+00   -0.856356949579387E-03
   -0.210226264591217E+00    0.260411868381387E-03
    0.000000000000000E+00    0.000000000000000E+00
    0.000000000000000E+00    0.000000000000000E+00
    0.279970827516865E-01   -0.213942371739421E-03
    0.554534606653225E-01   -0.800486207919961E-03
    0.827862644511060E-01   -0.175950578696225E-02
    0.110220864215137E+00   -0.304476974047630E-02
    0.137817483491281E+00   -0.471101897512803E-02
    0.165501215095626E+00   -0.682753833761355E-02
    0.193085466597173E+00   -0.946741453168735E-02
    0.220291698028170E+00   -0.127717642489693E-01
    0.246754679708352E+00   -0.168224279842829E-01
    0.272032218678345E+00   -0.218107720099972E-01
    0.295590397826639E+00   -0.277988278085435E-01
    0.316812973976409E+00   -0.349824854658116E-01
    0.334981128634372E+00   -0.433612548914728E-01
    0.349285493267554E+00   -0.530615048481095E-01
    0.358837672811773E+00   -0.639693060329490E-01
    0.362665757023308E+00   -0.760353460683205E-01
    0.359818935538537E+00   -0.889985249240959E-01
    0.349293674547914E+00   -0.102516504376377E+00
    0.330307594442447E+00   -0.116201783739894E+00
    0.302072393242558E+00   -0.129344158117621E+00
    0.264294856572307E+00   -0.141531932253626E+00
    0.216717286240171E+00   -0.151737042177656E+00
    0.159824618465326E+00   -0.159682619787184E+00
    0.941576059077235E-01   -0.164266021307856E+00
    0.210690325705958E-01   -0.165463469298058E+00
   -0.580118962124647E-01   -0.162510213938220E+00
   -0.141057362024859E+00   -0.155602015176546E+00
   -0.225856674857502E+00   -0.144728856388994E+00
   -0.310037048734165E+00   -0.130138922114100E+00
   -0.390697742782920E+00   -0.112777580237643E+00
   -0.465183303315247E+00   -0.928734656274085E-01
   -0.529558441708760E+00   -0.722345505121931E-01
   -0.580121812842501E+00   -0.512977768190537E-01
   -0.610809466990066E+00   -0.323871336017506E-01
   -0.615128783668608E+00   -0.163312716387197E-01
   -0.584127068231076E+00   -0.506492686628696E-02
   -0.509111110562445E+00    0.112416946878380E-02
   -0.383387530945045E+00    0.246854703727561E-02
   -0.209106826630657E+00    0.117633007139939E-02
    0.000000000000000E+00    0.000000000000000E+00
    0.000000000000000E+00    0.000000000000000E+00
    0.281522781915104E-01    0.527276544705234E-04
    0.557586946658430E-01    0.207994979131572E-03
    0.832294839930810E-01    0.413077246626225E-03
    0.110854355957102E+00    0.655303122564486E-03
    0.138704229596467E+00    0.839859475965248E-03
    0.166733351283780E+00    0.876543329505386E-03
    0.194782916619713E+00    0.648638076623970E-03
    0.222578411595848E+00    0.152541416214116E-04
    0.249787544876820E+00   -0.116228841320564E-02
    0.275948011605581E+00   -0.306638099804252E-02
    0.300548501473908E+00   -0.583514451846974E-02
    0.322922127434794E+00   -0.965523482897794E-02
    0.342346600922834E+00   -0.146219162032231E-01
    0.357921809797809E+00   -0.208590183291751E-01
    0.368719803283352E+00   -0.283583702764743E-01
    0.373634213183860E+00   -0.370820331974534E-01
    0.371643830920188E+00   -0.468622021249932E-01
    0.361581137883647E+00   -0.573911397407405E-01
    0.342593733473593E+00   -0.683320741021230E-01
    0.313738543220908E+00   -0.790436442992348E-01
    0.274712646712915E+00   -0.891040213849184E-01
    0.225164265802642E+00   -0.975941919524776E-01
    0.165699777365531E+00   -0.104189478252897E+00
    0.968511431434629E-01   -0.107920936157866E+00
    0.202679781841313E-01   -0.108758194367225E+00
   -0.625953318287042E-01   -0.106038914801673E+00
   -0.149242956376628E+00   -0.100091558526530E+00
   -0.237538771378580E+00   -0.908789563068557E-01
   -0.324479335589490E+00   -0.789593405125844E-01
   -0.407484655698428E+00   -0.650141419337273E-01
   -0.483041224617135E+00   -0.496812003891766E-01
   -0.547835752688813E+00   -0.342262906252310E-01
   -0.597046436823013E+00   -0.194011377533786E-01
   -0.625455050756288E+00   -0.681017423512789E-02
   -0.625741562967895E+00    0.273238644565674E-02
   -0.589872408160102E+00    0.792282148961828E-02
   -0.510206093301233E+00    0.889413478667034E-02
   -0.380532570022388E+00    0.611778023872095E-02
   -0.206566846662489E+00    0.217009692587461E-02
    0.000000000000000E+00    0.000000000000000E+00
    0.000000000000000E+00    0.000000000000000E+00
    0.277900038334908E-01    0.327280842038261E-03
    0.550634750717166E-01    0.125287542289664E-02
    0.822975013061744E-01    0.264295692657400E-02
    0.109755036923921E+00    0.444106365144201E-02
    0.137546371140680E+00    0.651747374710669E-02
    0.165633271465826E+00    0.874514432328258E-02
    0.193873840346999E+00    0.110003835113647E-01
    0.222021402457970E+00    0.131027856387915E-01
    0.249740804444925E+00    0.149185288036390E-01
    0.276602276358558E+00    0.162126431973641E-01
    0.302066282788826E+00    0.168530392950174E-01
    0.325486421459689E+00    0.165798818313397E-01
    0.346073282799276E+00    0.152976836328895E-01
    0.362921392965992E+00    0.127879806177814E-01
    0.374982044502278E+00    0.904573887388669E-02
    0.381113429010041E+00    0.400563178766207E-02
    0.380118222571821E+00   -0.220078023190183E-02
    0.370778038693188E+00   -0.934606283774712E-02
    0.352037760119946E+00   -0.171702471402107E-01
    0.322929263431246E+00   -0.250454569785764E-01
    0.282985259565059E+00   -0.326915250614590E-01
    0.231917087217382E+00   -0.391085822494102E-01
    0.170276586325653E+00   -0.441928333120696E-01
    0.988025456496055E-01   -0.468352809944281E-01
    0.192070173130904E-01   -0.472691552612004E-01
   -0.666920136412913E-01   -0.447549410315214E-01
   -0.156336425886950E+00   -0.398010569171657E-01
   -0.247097251411309E+00   -0.325030417535058E-01
   -0.336105644578327E+00   -0.233352050545020E-01
   -0.420157894723375E+00   -0.133531457158034E-01
   -0.496201292366430E+00   -0.273240942049669E-02
   -0.560096949179120E+00    0.679925324973806E-02
   -0.607794362068356E+00    0.152996531646655E-01
   -0.633191267633124E+00    0.208538716937150E-01
   -0.629957153930167E+00    0.235929124356961E-01
   -0.590032153217077E+00    0.221694784786972E-01
   -0.506637603521131E+00    0.174791583499015E-01
   -0.375557184459545E+00    0.102096474980536E-01
   -0.201536800282602E+00    0.324437331647397E-02
    0.000000000000000E+00    0.000000000000000E+00
    0.000000000000000E+00    0.000000000000000E+00
    0.268876879075488E-01    0.597251175176204E-03
    0.534076425839232E-01    0.227626302140043E-02
    0.799973699547987E-01    0.484841835178446E-02
    0.106947012341565E+00    0.818816662008543E-02
    0.134357836459522E+00    0.121388469896461E-01
    0.162204263807507E+00    0.165511165184274E-01
    0.190363548671496E+00    0.212787595147247E-01
    0.218593874998065E+00    0.261401902541101E-01
    0.246592957123511E+00    0.309716487385411E-01
    0.273923661585274E+00    0.355431673555812E-01
    0.300076372659314E+00    0.396748727921960E-01
    0.324372206846771E+00    0.431070992847147E-01
    0.346031949761710E+00    0.456721659920949E-01
    0.364073741606740E+00    0.471372613976802E-01
    0.377427495598277E+00    0.474039133452919E-01
    0.384815822438572E+00    0.463678696154110E-01
    0.384991275444243E+00    0.440660278895319E-01
    0.376546158824330E+00    0.406507980683324E-01
    0.358377308151930E+00    0.363235203999595E-01
    0.329316399250643E+00    0.315897164877972E-01
    0.288915154169826E+00    0.267419451689947E-01
    0.236747096176268E+00    0.226074657224959E-01
    0.173528621729974E+00    0.193650851886298E-01
    0.999744735857348E-01    0.179221065881807E-01
    0.181461099711478E-01    0.181001259139295E-01
   -0.700983640024344E-01    0.204712130735718E-01
   -0.161705987338548E+00    0.244374767072483E-01
   -0.254123180659637E+00    0.298792350222609E-01
   -0.343907893652070E+00    0.360319728580152E-01
   -0.428250287239151E+00    0.420740910791908E-01
   -0.503429922033263E+00    0.474462309207310E-01
   -0.566040859301703E+00    0.509551859460661E-01
   -0.611260664071298E+00    0.524101939801029E-01
   -0.633812816190934E+00    0.506433661112325E-01
   -0.627024588841631E+00    0.458471776579264E-01
   -0.583408452010189E+00    0.373893155026379E-01
   -0.497599961639648E+00    0.265630616627051E-01
   -0.365267334810755E+00    0.144898775868090E-01
   -0.194878781031617E+00    0.442546147381867E-02
    0.000000000000000E+00    0.000000000000000E+00
    0.000000000000000E+00    0.000000000000000E+00
    0.254649483056582E-01    0.861221635220173E-03
    0.507673300342238E-01    0.326539054622851E-02
    0.763502702609651E-01    0.695302143879085E-02
    0.102446375765224E+00    0.117561213308955E-01
    0.129164469622410E+00    0.174941052242330E-01
    0.156471591756667E+00    0.239959073491945E-01
    0.184252535880840E+00    0.311145442300667E-01
    0.212288252643253E+00    0.386546478709716E-01
    0.240281243664263E+00    0.464576662389376E-01
    0.267830137493920E+00    0.542746312513559E-01
    0.294416834609281E+00    0.619245404587068E-01
    0.319394151337256E+00    0.691109444537430E-01
    0.341940292480324E+00    0.756489046764682E-01
    0.361087045723281E+00    0.812429262198488E-01
    0.375660904890172E+00    0.857510431455387E-01
    0.384374482984949E+00    0.889856211565675E-01
    0.385798582058714E+00    0.909012033666207E-01
    0.378504139277103E+00    0.915760021362140E-01
    0.361146647077338E+00    0.910715563479036E-01
    0.332563713541306E+00    0.898863913905357E-01
    0.292083942159628E+00    0.880887600666416E-01
    0.239375283163497E+00    0.866261110075218E-01
    0.175061802949418E+00    0.853471563557069E-01
    0.100095792910166E+00    0.854006101151901E-01
    0.166215505934397E-01    0.862065312088547E-01
   -0.731201098605253E-01    0.885630362745124E-01
   -0.165960113960875E+00    0.915444512450829E-01
   -0.258880484212117E+00    0.950214451845157E-01
   -0.348584089448498E+00    0.982125806017883E-01
   -0.431753447419644E+00    0.999334144305533E-01
   -0.505283269937807E+00    0.100117611649614E+00
   -0.565156199925979E+00    0.969980639425523E-01
   -0.607533485136875E+00    0.913838279233088E-01
   -0.626547977871825E+00    0.816431729324677E-01
   -0.616520414508551E+00    0.691669571260863E-01
   -0.570225679177762E+00    0.531951865428361E-01
   -0.482815374825594E+00    0.359525886631894E-01
   -0.352146943438654E+00    0.189788872857905E-01
   -0.185434166873113E+00    0.548575527811822E-02
    0.000000000000000E+00    0.000000000000000E+00
    0.000000000000000E+00    0.000000000000000E+00
    0.235643480615141E-01    0.109103953121166E-02
    0.472660338586616E-01    0.414442412831233E-02
    0.714731204378584E-01    0.885708165985123E-02
    0.963960659665602E-01    0.149971191916458E-01
    0.122111973250151E+00    0.223790770332714E-01
    0.148579589100566E+00    0.308163342825749E-01
    0.175690512197378E+00    0.401681203455987E-01
    0.203231806619456E+00    0.502395459871665E-01
    0.230934819503268E+00    0.608780711073545E-01
    0.258408942067526E+00    0.718362671100623E-01
    0.285170243522738E+00    0.829261835732671E-01
    0.310569568083818E+00    0.938410749366315E-01
    0.333808241964075E+00    0.104364329374092E+00
    0.353876797833031E+00    0.114164857356959E+00
    0.369600489036270E+00    0.123039787013936E+00
    0.379582749272178E+00    0.130724315062718E+00
    0.382366352951374E+00    0.137097980849807E+00
    0.376335780801055E+00    0.142101927169347E+00
    0.360113850293004E+00    0.145752112482713E+00
    0.332313167948010E+00    0.148334382578497E+00
    0.292282008907649E+00    0.149962494805919E+00
    0.239524292368478E+00    0.151291016669493E+00
    0.174811081247807E+00    0.152336691762008E+00
    0.990987226974590E-01    0.153899139196940E+00
    0.148421594123901E-01    0.155618146060616E+00
   -0.755635965450207E-01    0.157965807765018E+00
   -0.168538240733243E+00    0.160103901081559E+00
   -0.261000875920426E+00    0.161734243872053E+00
   -0.349263106189003E+00    0.161895580518959E+00
   -0.430344488783886E+00    0.159524517989128E+00
   -0.500800724493894E+00    0.154209108030068E+00
   -0.557385773099292E+00    0.144661570454526E+00
   -0.595956077454800E+00    0.131463545809979E+00
   -0.611439837312187E+00    0.113762944508480E+00
   -0.598351545352617E+00    0.930473147168499E-01
   -0.549675548220507E+00    0.693717661493535E-01
   -0.462391804950575E+00    0.454369106919791E-01
   -0.333582442516348E+00    0.233226048984153E-01
   -0.174314719777316E+00    0.670478792420204E-02
    0.000000000000000E+00    0.000000000000000E+00
    0.000000000000000E+00    0.000000000000000E+00
    0.212230242985150E-01    0.129820157570645E-02
    0.429510957638915E-01    0.490668104191663E-02
    0.654806252927419E-01    0.104848394137316E-01
    0.889379952311600E-01    0.177690709650864E-01
    0.113369298771320E+00    0.265724989021287E-01
    0.138711899537930E+00    0.367083381518047E-01
    0.164853324809322E+00    0.480455773537102E-01
    0.191596582764536E+00    0.604065074625964E-01
    0.218686797237101E+00    0.736455196052029E-01
    0.245769190728569E+00    0.875369652727812E-01
    0.272378122743407E+00    0.101885043455274E+00
    0.297904358828118E+00    0.116394593192791E+00
    0.321547830476993E+00    0.130814143593206E+00
    0.342330158925101E+00    0.144799833637981E+00
    0.359019632528345E+00    0.158071167383392E+00
    0.370234295103013E+00    0.170321523192990E+00
    0.374368491242945E+00    0.181291264475299E+00
    0.369809225941319E+00    0.190873945360781E+00
    0.354937879644353E+00    0.198859824616553E+00
    0.328382273995997E+00    0.205550120787423E+00
    0.289233812680941E+00    0.210718233305013E+00
    0.237072729408932E+00    0.215197932419341E+00
    0.172558385433609E+00    0.218528306731320E+00
    0.968290508778355E-01    0.221908023316631E+00
    0.125027159748900E-01    0.224384644050123E+00
   -0.777453048190038E-01    0.226932388817727E+00
   -0.170018526563569E+00    0.228141814509850E+00
   -0.260930983710024E+00    0.227989192906037E+00
   -0.346770505232393E+00    0.225284145937533E+00
   -0.424266346072769E+00    0.218694002280130E+00
   -0.490652186556336E+00    0.208252312064203E+00
   -0.542374705095023E+00    0.191949226177451E+00
   -0.576505593838144E+00    0.171531250227192E+00
   -0.587746470562615E+00    0.145461460575066E+00
   -0.571676982738517E+00    0.116693753885696E+00
   -0.521865613576866E+00    0.851287239619164E-01
   -0.435462358205568E+00    0.544604190155037E-01
   -0.311948091818925E+00    0.276305957873514E-01
   -0.160614404855044E+00    0.750960486009275E-02
    0.000000000000000E+00    0.000000000000000E+00
    0.000000000000000E+00    0.000000000000000E+00
    0.185580887534412E-01    0.144194689483730E-02
    0.380274623355451E-01    0.547429936406570E-02
    0.586021954316822E-01    0.117378852344170E-01
    0.803324318380506E-01    0.199310486257108E-01
    0.103215067662420E+00    0.298879448902822E-01
    0.127156701368189E+00    0.414219784313376E-01
    0.152040582355650E+00    0.544374034793209E-01
    0.177676582834114E+00    0.687620436533324E-01
    0.203832689117731E+00    0.842930066439678E-01
    0.230185223895140E+00    0.100804411218920E+00
    0.256303198664641E+00    0.118139113741613E+00
    0.281615218855595E+00    0.135983079384250E+00
    0.305353820383184E+00    0.154105115790105E+00
    0.326556109635780E+00    0.172106565302895E+00
    0.344007955935477E+00    0.189696772452227E+00
    0.356281087963586E+00    0.206453213958889E+00
    0.361763336365510E+00    0.222081373618442E+00
    0.358702828194032E+00    0.236267541576337E+00
    0.345453724911513E+00    0.248785749581757E+00
    0.320432899155508E+00    0.259609226597763E+00
    0.282712664829043E+00    0.268609742181265E+00
    0.231713915668072E+00    0.276159732447293E+00
    0.168136206871723E+00    0.282106174182324E+00
    0.931924960141400E-01    0.287085283631790E+00
    0.963795071559526E-02    0.290638720872520E+00
   -0.794823082358954E-01    0.293175599614918E+00
   -0.170092483821704E+00    0.293730841246157E+00
   -0.258409482343991E+00    0.291859991523281E+00
   -0.340642063355197E+00    0.286482208004190E+00
   -0.413563695035792E+00    0.276164299763441E+00
   -0.474531827588667E+00    0.260655633220718E+00
   -0.520696365289460E+00    0.238298281942246E+00
   -0.549438153242124E+00    0.210548511279887E+00
   -0.556256099710499E+00    0.176629939320621E+00
   -0.537556012708611E+00    0.139624831839246E+00
   -0.486801261746475E+00    0.100296484952566E+00
   -0.403366802084852E+00    0.630326914591878E-01
   -0.285274046714351E+00    0.312718242401464E-01
   -0.145364570223639E+00    0.857326959383878E-02
    0.000000000000000E+00    0.000000000000000E+00
    0.000000000000000E+00    0.000000000000000E+00
    0.156173282782400E-01    0.154716834164012E-02
    0.326152506894609E-01    0.584739348003987E-02
    0.510378145771366E-01    0.125592503768860E-01
    0.708406904459182E-01    0.213690075216513E-01
    0.919514840708452E-01    0.321409844320697E-01
    0.114249559355782E+00    0.447107990405586E-01
    0.137601429852828E+00    0.590059047989839E-01
    0.161828252993070E+00    0.748990582041244E-01
    0.186719185919732E+00    0.922973566358513E-01
    0.211984189263190E+00    0.111034987097646E+00
    0.237238960557644E+00    0.130942647553663E+00
    0.261955551035180E+00    0.151769078268415E+00
    0.285417909987774E+00    0.173235248283369E+00
    0.306706665018571E+00    0.194991064205352E+00
    0.324626726359019E+00    0.216640525257661E+00
    0.337784283518739E+00    0.237780264082381E+00
    0.344503342738585E+00    0.257923982859486E+00
    0.343049346333359E+00    0.276755843633266E+00
    0.331597668047833E+00    0.293735743264991E+00
    0.308564016433686E+00    0.308875490097199E+00
    0.272777244290351E+00    0.321587804892321E+00
    0.223650289931639E+00    0.332463646436225E+00
    0.161773432457041E+00    0.340717736158783E+00
    0.883576557530918E-01    0.347540678999857E+00
    0.643888140722133E-02    0.351688853077052E+00
   -0.809171885913920E-01    0.354421403363496E+00
   -0.168984673684612E+00    0.353955938027845E+00
   -0.253957200903291E+00    0.350562709765394E+00
   -0.331597932024635E+00    0.342681529959781E+00
   -0.398713021385138E+00    0.328869868613243E+00
   -0.453134827500302E+00    0.309079651796366E+00
   -0.492175164627105E+00    0.280833676596636E+00
   -0.514608519366082E+00    0.246756265734471E+00
   -0.516191194432727E+00    0.205091664272375E+00
   -0.494630054082062E+00    0.160578410794867E+00
   -0.444348194161642E+00    0.113878845142861E+00
   -0.364594696558426E+00    0.702402108963171E-01
   -0.255846877063271E+00    0.346988788157203E-01
   -0.128431381403343E+00    0.884643317033630E-02
    0.000000000000000E+00    0.000000000000000E+00
    0.000000000000000E+00    0.000000000000000E+00
    0.125871275866540E-01    0.156781325203866E-02
    0.269785088306719E-01    0.596856148202975E-02
    0.431097599885164E-01    0.128776245543741E-01
    0.608143833578221E-01    0.219896539501723E-01
    0.799675333578102E-01    0.332125279200540E-01
    0.100399415456153E+00    0.464047745102037E-01
    0.121967435617736E+00    0.615498654626752E-01
    0.144499703031793E+00    0.785334436826346E-01
    0.167802086154202E+00    0.973327973840465E-01
    0.191633640597611E+00    0.117781966249369E+00
    0.215640527539884E+00    0.139789973193655E+00
    0.239374187762623E+00    0.163082599902232E+00
    0.262154244680607E+00    0.187454584412952E+00
    0.283147980767830E+00    0.212491210007828E+00
    0.301192137576993E+00    0.237848202473784E+00
    0.314944741025943E+00    0.262982743935551E+00
    0.322743921176512E+00    0.287429528552723E+00
    0.322818827958292E+00    0.310612782134967E+00
    0.313320719709131E+00    0.332013323552751E+00
    0.292526019004721E+00    0.351212034815289E+00
    0.259183298041813E+00    0.367753861431122E+00
    0.212570888610434E+00    0.381607664610040E+00
    0.153134238381655E+00    0.392393101676576E+00
    0.822031745736774E-01    0.400516514644711E+00
    0.262104000711141E-02    0.405540179684391E+00
   -0.818998243603643E-01    0.407875138900522E+00
   -0.166888693952354E+00    0.406735375298221E+00
   -0.247530259840801E+00    0.401665766157298E+00
   -0.319976431778592E+00    0.391737209726098E+00
   -0.380398356760181E+00    0.375152459857128E+00
   -0.427331207815181E+00    0.351665789190297E+00
   -0.458517450892560E+00    0.318912996253193E+00
   -0.473775084404112E+00    0.279073896786486E+00
   -0.469716662910040E+00    0.230988888615452E+00
   -0.445565197415111E+00    0.179397357110667E+00
   -0.395725654524856E+00    0.125829020471886E+00
   -0.321843245393849E+00    0.765345629339535E-01
   -0.222433099927729E+00    0.368607618916363E-01
   -0.110182245097327E+00    0.958041552577533E-02
    0.000000000000000E+00    0.000000000000000E+00
    0.000000000000000E+00    0.000000000000000E+00
    0.951291715443775E-02    0.153950015054390E-02
    0.212935073836354E-01    0.584430281772734E-02
    0.350698025755333E-01    0.126753426060734E-01
    0.505971374380084E-01    0.217403982192052E-01
    0.676539582936942E-01    0.330116901593926E-01
    0.860513578269838E-01    0.463865165543959E-01
    0.105619531717392E+00    0.618845142885202E-01
    0.126198160516378E+00    0.794523955515198E-01
    0.147617899535479E+00    0.990801971928380E-01
    0.169667299295434E+00    0.120687573101869E+00
    0.192062054177670E+00    0.144169653604281E+00
    0.214394068321792E+00    0.169357332074810E+00
    0.236087393960548E+00    0.195992796619706E+00
    0.256357069895042E+00    0.223771596082563E+00
    0.274152625223821E+00    0.252233080532222E+00
    0.288179397435215E+00    0.280927029769537E+00
    0.296844027538113E+00    0.309168790633505E+00
    0.298402579598121E+00    0.336441513746988E+00
    0.290965824218969E+00    0.361858602445712E+00
    0.272780921158251E+00    0.385054626005351E+00
    0.242436776452936E+00    0.405035714551351E+00
    0.199076388861927E+00    0.421958187626484E+00
    0.143038154513345E+00    0.434702213824419E+00
    0.753786175442634E-01    0.444223290652708E+00
   -0.754659687105463E-03    0.449259222430199E+00
   -0.820290039836023E-01    0.451264828597553E+00
   -0.162962322274892E+00    0.448589732433704E+00
   -0.239225001447177E+00    0.442010177561151E+00
   -0.305661866940975E+00    0.429958440528123E+00
   -0.359064915818914E+00    0.411162941979366E+00
   -0.397562690950123E+00    0.385159190697249E+00
   -0.419694359316547E+00    0.348745349326780E+00
   -0.426648825264696E+00    0.305125145501669E+00
   -0.415920339063980E+00    0.251713251467786E+00
   -0.388532872805218E+00    0.194633638954686E+00
   -0.340345596354685E+00    0.135389941666224E+00
   -0.272964922939552E+00    0.808373003333053E-01
   -0.187033732965537E+00    0.388660426510803E-01
   -0.918507424360801E-01    0.905682105598836E-02
    0.000000000000000E+00    0.000000000000000E+00
    0.000000000000000E+00    0.000000000000000E+00
    0.662494089644713E-02    0.142191836940358E-02
    0.158386309316412E-01    0.546184531812155E-02
    0.272855949155063E-01    0.119354923400324E-01
    0.405775285022632E-01    0.206180008411217E-01
    0.554569918789340E-01    0.315369785963346E-01
    0.716797714015965E-01    0.446364657241475E-01
    0.890707067951984E-01    0.599975423587601E-01
    0.107477665856155E+00    0.775863578049476E-01
    0.126742167067382E+00    0.974730483189079E-01
    0.146713607150009E+00    0.119577273312659E+00
    0.167128316388229E+00    0.143895732471753E+00
    0.187690472937352E+00    0.170236417331091E+00
    0.207853982277091E+00    0.198458300702333E+00
    0.226989661046564E+00    0.228195359463995E+00
    0.244085304056637E+00    0.259101082293180E+00
    0.258014169828808E+00    0.290589966185427E+00
    0.267217424322384E+00    0.322065586994317E+00
    0.270066743544338E+00    0.352745131996135E+00
    0.264666973371000E+00    0.381804785975068E+00
    0.249260977590660E+00    0.408415113219464E+00
    0.222321347886511E+00    0.431692280763798E+00
    0.182883088296505E+00    0.451094931453848E+00
    0.130958982693786E+00    0.465860017266608E+00
    0.676645515962192E-01    0.476022741175270E+00
   -0.443094809520027E-02    0.481236158216762E+00
   -0.812481002535237E-01    0.481987600551503E+00
   -0.158091022283897E+00    0.478010797512794E+00
   -0.229118530771470E+00    0.469305105235015E+00
   -0.289995076755814E+00    0.455616207622228E+00
   -0.335950620300006E+00    0.435170657576535E+00
   -0.366146849287274E+00    0.407738001565152E+00
   -0.378882468981274E+00    0.369879262147584E+00
   -0.376859639509887E+00    0.323987585270760E+00
   -0.358708101215305E+00    0.267866059118191E+00
   -0.327739089404912E+00    0.206694853780266E+00
   -0.280750054418656E+00    0.142708446292506E+00
   -0.221969366178999E+00    0.843575370350838E-01
   -0.149427501707955E+00    0.392896122944329E-01
   -0.724139417720241E-01    0.945244509630262E-02
    0.000000000000000E+00    0.000000000000000E+00
    0.000000000000000E+00    0.000000000000000E+00
    0.395038852048550E-02    0.125495204332725E-02
    0.108107602204343E-01    0.483201985992333E-02
    0.200050558868483E-01    0.106957599625896E-01
    0.311141254864996E-01    0.186587892291053E-01
    0.437794382808454E-01    0.288396565439549E-01
    0.577604916644900E-01    0.412262632324099E-01
    0.728522818808466E-01    0.559427531187887E-01
    0.889190231394268E-01    0.730156768526234E-01
    0.105827314728727E+00    0.925269765303075E-01
    0.123449117071410E+00    0.114487464720658E+00
    0.141601729126925E+00    0.138878426057969E+00
    0.160018745905739E+00    0.165635418292554E+00
    0.178296886706603E+00    0.194567838073284E+00
    0.195848198521940E+00    0.225467996184765E+00
    0.211859981296628E+00    0.257883085145436E+00
    0.225257202040732E+00    0.291394094864869E+00
    0.234700758471186E+00    0.325200434230755E+00
    0.238600970896510E+00    0.358655236783341E+00
    0.235221449464181E+00    0.390584226343618E+00
    0.222767068833925E+00    0.420235053729376E+00
    0.199718308070693E+00    0.446188701509640E+00
    0.164885260276641E+00    0.467971140427476E+00
    0.118167735864269E+00    0.484112312278573E+00
    0.601674550960016E-01    0.494895913863966E+00
   -0.645039393613960E-02    0.499327493165297E+00
   -0.784370959105224E-01    0.498705071159357E+00
   -0.150122681035660E+00    0.492079597726624E+00
   -0.216637662774928E+00    0.480913947897649E+00
   -0.271739029354199E+00    0.464760631025321E+00
   -0.311459453709235E+00    0.442921341065908E+00
   -0.333335603773003E+00    0.415122288955109E+00
   -0.336678740207850E+00    0.377230808054163E+00
   -0.324792664606702E+00    0.332487015838756E+00
   -0.298199593645426E+00    0.276324198135629E+00
   -0.262282784466253E+00    0.214241911017451E+00
   -0.216341146381047E+00    0.147694620807431E+00
   -0.165716687872867E+00    0.858696689452300E-01
   -0.110287559906541E+00    0.403082529337571E-01
   -0.546985354227778E-01    0.809275643911135E-02
    0.000000000000000E+00    0.000000000000000E+00
    0.000000000000000E+00    0.000000000000000E+00
    0.171716073779404E-02    0.101733674989450E-02
    0.643960515145445E-02    0.400622740774125E-02
    0.135656807517592E-01    0.901633326914630E-02
    0.225522711575724E-01    0.159826584528006E-01
    0.330396615043899E-01    0.250746407432801E-01
    0.447463260287089E-01    0.363424811215549E-01
    0.574721702642570E-01    0.499589350968145E-01
    0.710951582162517E-01    0.659711759484531E-01
    0.854864201857766E-01    0.845299300223605E-01
    0.100582534098634E+00    0.105643253315426E+00
    0.116206104413517E+00    0.129393705567363E+00
    0.132217320363969E+00    0.155694893513816E+00
    0.148227642208603E+00    0.184493899584194E+00
    0.163849662910106E+00    0.215533993959085E+00
    0.178305003533290E+00    0.248526285171546E+00
    0.190786127857305E+00    0.282948346066823E+00
    0.200005917431474E+00    0.318161870024950E+00
    0.204656894842257E+00    0.353309048505372E+00
    0.203038028640013E+00    0.387339688444211E+00
    0.193537663065272E+00    0.419113528995553E+00
    0.174559866204779E+00    0.447280276580001E+00
    0.144874441520107E+00    0.470741807886552E+00
    0.104038158945958E+00    0.488160198328080E+00
    0.524836471841098E-01    0.498989579246884E+00
   -0.786594632707656E-02    0.502688259238848E+00
   -0.736212745149899E-01    0.499813230017010E+00
   -0.140249065158099E+00    0.490497554624291E+00
   -0.201643703395272E+00    0.475719235269771E+00
   -0.252743208338465E+00    0.456949019961506E+00
   -0.286858382171906E+00    0.433369250772468E+00
   -0.302757280684594E+00    0.405832920994747E+00
   -0.297752553103002E+00    0.370306118148438E+00
   -0.276664130618242E+00    0.328899814850691E+00
   -0.241028245603135E+00    0.276910248143980E+00
   -0.199218524596766E+00    0.217275861212142E+00
   -0.152718882806564E+00    0.151061765761455E+00
   -0.110749805683024E+00    0.884059230840670E-01
   -0.705052284505422E-01    0.408925551475497E-01
   -0.339808815750321E-01    0.896187207801256E-02
    0.000000000000000E+00    0.000000000000000E+00
    0.000000000000000E+00    0.000000000000000E+00
   -0.812667884253212E-04    0.744072227997912E-03
    0.289139624919710E-02    0.299640332987083E-02
    0.814441844039368E-02    0.699545576409381E-02
    0.151771228804805E-01    0.127280098306430E-01
    0.235582772337413E-01    0.204591539525151E-01
    0.330399877155797E-01    0.302740673498416E-01
    0.434033989397371E-01    0.423827509005870E-01
    0.545478475535830E-01    0.568755401898670E-01
    0.663696007962404E-01    0.739066689396232E-01
    0.788168359341297E-01    0.935592129773180E-01
    0.917911477245892E-01    0.115895622113792E+00
    0.105163254768218E+00    0.140952443922957E+00
    0.118698452271093E+00    0.168633322555594E+00
    0.132033133053912E+00    0.198859612434825E+00
    0.144636985406885E+00    0.231262487965703E+00
    0.155748940538377E+00    0.265542215918861E+00
    0.164418576545030E+00    0.300914253495990E+00
    0.169393250352346E+00    0.336746507489784E+00
    0.169331709638249E+00    0.371734547842559E+00
    0.162620353891486E+00    0.404887375201032E+00
    0.147901158382608E+00    0.434447286499164E+00
    0.123751695061996E+00    0.459285104242910E+00
    0.896689395830117E-01    0.477559137894115E+00
    0.455366276922664E-01    0.488502936510042E+00
   -0.703865296417778E-02    0.491158732374352E+00
   -0.656422120982915E-01    0.485988357481810E+00
   -0.125748321413990E+00    0.472927696685105E+00
   -0.182299678360478E+00    0.453467060408020E+00
   -0.229066351343261E+00    0.430318117905833E+00
   -0.260148415641450E+00    0.403790784838018E+00
   -0.271448320766784E+00    0.375637948800555E+00
   -0.261241349362073E+00    0.342461541479417E+00
   -0.232174369421223E+00    0.307952216717312E+00
   -0.187878818179639E+00    0.263691518874936E+00
   -0.137385087842297E+00    0.212521177989771E+00
   -0.876258223978245E-01    0.151550401814833E+00
   -0.503593764894339E-01    0.902784059433972E-01
   -0.282360195791933E-01    0.446142384142141E-01
   -0.179559198217630E-01    0.885092226909909E-02
    0.000000000000000E+00    0.000000000000000E+00
    0.000000000000000E+00    0.000000000000000E+00
   -0.128128505430385E-02    0.444535500991871E-03
    0.273827930059166E-03    0.192914017151650E-02
    0.395067075366370E-02    0.478554765922374E-02
    0.919564891922529E-02    0.915248148467140E-02
    0.156183427672954E-01    0.153213020999988E-01
    0.229661314749380E-01    0.234355521053210E-01
    0.310363234515527E-01    0.337256094690046E-01
    0.397534199936810E-01    0.462941250232834E-01
    0.490106870527150E-01    0.613344932220711E-01
    0.588174155055116E-01    0.789188705907326E-01
    0.690617362989475E-01    0.991864744856181E-01
    0.797324748705807E-01    0.122149482696899E+00
    0.905872297216074E-01    0.147840580141298E+00
    0.101466845081892E+00    0.176144646947667E+00
    0.111858539829791E+00    0.206879251146168E+00
    0.121313992306657E+00    0.239684702469132E+00
    0.128937244201976E+00    0.274005929659609E+00
    0.133879396707375E+00    0.309097621846209E+00
    0.134875165443642E+00    0.343878177708562E+00
    0.130696999544497E+00    0.377141258260480E+00
    0.120013194252521E+00    0.407246907338050E+00
    0.101542225170269E+00    0.432687143978984E+00
    0.746334924010532E-01    0.451535932268499E+00
    0.387836968179690E-01    0.462536501722318E+00
   -0.487750405910463E-02    0.464342470143168E+00
   -0.549138273313680E-01    0.457061794744916E+00
   -0.107617455008851E+00    0.440449015677340E+00
   -0.158395830326327E+00    0.416191922304074E+00
   -0.201815158287819E+00    0.387413435877159E+00
   -0.230785970633862E+00    0.356349247176329E+00
   -0.241318626955278E+00    0.325447183831794E+00
   -0.229566269498713E+00    0.293868162670781E+00
   -0.196786286000215E+00    0.265681685076477E+00
   -0.146325783797770E+00    0.232608651537699E+00
   -0.875997984249689E-01    0.195110054278177E+00
   -0.308310740835226E-01    0.146454788952383E+00
    0.696460463854289E-02    0.937372705960387E-01
    0.151920589458110E-01    0.480991062137030E-01
    0.868965477038719E-02    0.123932668081263E-01
    0.000000000000000E+00    0.000000000000000E+00
    0.000000000000000E+00    0.000000000000000E+00
   -0.192986261997216E-02    0.133920540092292E-03
   -0.133788250464008E-02    0.816736755555145E-03
    0.102742631949961E-02    0.254140917166185E-02
    0.472874549989374E-02    0.549599751707528E-02
    0.936795995974716E-02    0.100363283880032E-01
    0.147488104956756E-01    0.163187019391125E-01
    0.206746245543925E-01    0.245895907547579E-01
    0.270917552040760E-01    0.349655491567156E-01
    0.339214385290536E-01    0.476268580278121E-01
    0.411694199447984E-01    0.626873950865530E-01
    0.487904337000420E-01    0.802568074690088E-01
    0.567597030268715E-01    0.100438256938936E+00
    0.649697193183562E-01    0.123224750539473E+00
    0.732588616122881E-01    0.148660698326094E+00
    0.813538106543906E-01    0.176512486553506E+00
    0.888341740944108E-01    0.206660235796825E+00
    0.951726230306576E-01    0.238476355350300E+00
    0.995819741850583E-01    0.271521731251923E+00
    0.101269268908866E+00    0.304600903732699E+00
    0.990666790530573E-01    0.336802540371938E+00
    0.920846050600234E-01    0.366309270456824E+00
    0.790028836265925E-01    0.391699557510145E+00
    0.592921084802911E-01    0.410855357017073E+00
    0.321614060744919E-01    0.422095957561991E+00
   -0.180055156096762E-02    0.423941279452128E+00
   -0.417810432067585E-01    0.415289747794677E+00
   -0.854003859864700E-01    0.396371151331617E+00
   -0.128808528512918E+00    0.367187616555171E+00
   -0.167970011471780E+00    0.332795859456963E+00
   -0.195883194526606E+00    0.294928360383738E+00
   -0.208600922563005E+00    0.257443352134590E+00
   -0.200010954006224E+00    0.221995688043986E+00
   -0.170047922778338E+00    0.197324420279675E+00
   -0.118719722803121E+00    0.174371590169254E+00
   -0.537024706885551E-01    0.155639330857840E+00
    0.102097325337822E-01    0.126617069440652E+00
    0.539656874545267E-01    0.943590564313848E-01
    0.568722344666782E-01    0.567381080603112E-01
    0.299094657161464E-01    0.122842275837466E-01
    0.000000000000000E+00    0.000000000000000E+00
    0.000000000000000E+00    0.000000000000000E+00
   -0.201648974838768E-02   -0.126379551604104E-03
   -0.202959145572384E-02   -0.135497968034104E-03
   -0.643298569657415E-03    0.516737403773101E-03
    0.175951001206862E-02    0.214629988207891E-02
    0.485297971233762E-02    0.509416066956628E-02
    0.848488507954607E-02    0.954301053848028E-02
    0.124807094982665E-01    0.157250767178643E-01
    0.168267079268258E-01    0.237496692267313E-01
    0.214333836288560E-01    0.337967898507024E-01
    0.263573018933313E-01    0.459569949618564E-01
    0.315237779201010E-01    0.603729940852484E-01
    0.369964158642190E-01    0.771188185402205E-01
    0.426386211397221E-01    0.962747899420580E-01
    0.484527858003728E-01    0.117856625696424E+00
    0.541584534887938E-01    0.141793929386752E+00
    0.596153173317725E-01    0.167943485595557E+00
    0.643292787672281E-01    0.195931190705627E+00
    0.679298895502133E-01    0.225302913050013E+00
    0.697003457336585E-01    0.255189234007662E+00
    0.689782910859095E-01    0.284666608531820E+00
    0.649659516885821E-01    0.312220474734906E+00
    0.567432214428480E-01    0.336404709821280E+00
    0.438410547395864E-01    0.355134200282540E+00
    0.252996815961851E-01    0.366732647296185E+00
    0.170612025643759E-02    0.369018333422149E+00
   -0.274735214922377E-01    0.360995173405530E+00
   -0.597094888814507E-01    0.341229485382961E+00
   -0.940698154038726E-01    0.310635169230749E+00
   -0.125836759931651E+00    0.270763940505054E+00
   -0.152409452041348E+00    0.226698757859440E+00
   -0.168146728882816E+00    0.179744433235131E+00
   -0.167769323775988E+00    0.136662424815016E+00
   -0.149370572605730E+00    0.106216688025191E+00
   -0.106603506873126E+00    0.868823753758550E-01
   -0.468209645135736E-01    0.824624542349532E-01
    0.216203620589308E-01    0.788321935773432E-01
    0.799557797834017E-01    0.770035034418245E-01
    0.961934923700699E-01    0.653949168503607E-01
    0.584328784339219E-01    0.266744724562711E-01
    0.000000000000000E+00    0.000000000000000E+00
    0.000000000000000E+00    0.000000000000000E+00
   -0.162882372337192E-02   -0.336716260719063E-03
   -0.188495489546039E-02   -0.892077038610552E-03
   -0.121083593217285E-02   -0.107462679966409E-02
    0.166002954019234E-03   -0.562207711093023E-03
    0.197903747887174E-02    0.995264600747761E-03
    0.413851977202377E-02    0.375234382053434E-02
    0.650520985911986E-02    0.792374497107374E-02
    0.907900236567720E-02    0.136005138934732E-01
    0.118047588205741E-01    0.209253120139398E-01
    0.147174902755549E-01    0.299917053365261E-01
    0.177915735509754E-01    0.409013459917202E-01
    0.210556587471837E-01    0.537664751203662E-01
    0.244662642640464E-01    0.686296346336391E-01
    0.279987741401401E-01    0.856046253460906E-01
    0.315484206159583E-01    0.104591296386156E+00
    0.349763441336765E-01    0.125640017880642E+00
    0.380836994104102E-01    0.148361795973460E+00
    0.405456256866409E-01    0.172625742098343E+00
    0.420692285556466E-01    0.197570262524850E+00
    0.420827976802587E-01    0.222718454314423E+00
    0.402685703635757E-01    0.246600930116032E+00
    0.358171935038415E-01    0.268214173547484E+00
    0.285640320696135E-01    0.285584612884124E+00
    0.176298304240193E-01    0.297094575881314E+00
    0.327646050301788E-02    0.300813986144061E+00
   -0.149915932463091E-01    0.294638353999427E+00
   -0.362469544804930E-01    0.278097668356578E+00
   -0.594425771999079E-01    0.248978895637176E+00
   -0.830277726906802E-01    0.210441127564167E+00
   -0.103778369761191E+00    0.162567959118839E+00
   -0.120322301058250E+00    0.109698499654685E+00
   -0.125392750770288E+00    0.544778997566858E-01
   -0.119728722655356E+00    0.142584147642289E-01
   -0.922196202971471E-01   -0.125465824787422E-01
   -0.533091094541019E-01   -0.196088047979770E-01
    0.917354810928854E-02   -0.459260464397602E-02
    0.816542537080100E-01    0.339435434176004E-01
    0.116127307491437E+00    0.549457188497075E-01
    0.120710918196824E+00    0.181733955876059E-01
    0.000000000000000E+00    0.000000000000000E+00
    0.000000000000000E+00    0.000000000000000E+00
   -0.969896782543234E-03   -0.378956384223821E-03
   -0.120874334604188E-02   -0.118939416072794E-02
   -0.979143825325237E-03   -0.189117717618340E-02
   -0.347344301477373E-03   -0.213684112279476E-02
    0.486149418386985E-03   -0.164077781108385E-02
    0.151310754480410E-02   -0.286515087576946E-03
    0.261054184799907E-02    0.209555748637955E-02
    0.382330069904720E-02    0.556155723062693E-02
    0.508029842047885E-02    0.102182036171721E-01
    0.644812506068284E-02    0.161242395361675E-01
    0.786547293823241E-02    0.233664383551367E-01
    0.941149040057211E-02    0.320211385086089E-01
    0.109981477772418E-01    0.421563579122252E-01
    0.127068336414386E-01    0.538497125634355E-01
    0.143905715300750E-01    0.671002898590407E-01
    0.161125262978948E-01    0.819354267171239E-01
    0.176451859780577E-01    0.981814421870910E-01
    0.189972177627394E-01    0.115728919680502E+00
    0.198666629296656E-01    0.134080935601861E+00
    0.201534930537237E-01    0.152874630202096E+00
    0.195465650709376E-01    0.171135744429094E+00
    0.177694790678709E-01    0.188130706637945E+00
    0.146691487604713E-01    0.202344612893145E+00
    0.970407005535641E-02    0.212644116088620E+00
    0.318903342133509E-02    0.217103400271671E+00
   -0.573780126639669E-02    0.214331990258624E+00
   -0.157726465718488E-01    0.202636423002676E+00
   -0.280728293973405E-01    0.181131867983304E+00
   -0.398963087914354E-01    0.149017659178394E+00
   -0.530416780991873E-01    0.107986837435688E+00
   -0.630721717503785E-01    0.573194244496869E-01
   -0.698729113352134E-01    0.234044255776720E-02
   -0.678050370373310E-01   -0.512527279592334E-01
   -0.568066928859267E-01   -0.886751746377756E-01
   -0.352185476729636E-01   -0.122077763599533E+00
   -0.813087246896430E-02   -0.118756714212924E+00
    0.200294122650736E-01   -0.837932355261061E-01
    0.544184712561476E-01   -0.502230907629253E-01
    0.717692573841981E-01    0.168878168178851E-01
    0.000000000000000E+00    0.000000000000000E+00
    0.000000000000000E+00    0.000000000000000E+00
   -0.265017410445414E-03   -0.265017410442391E-03
   -0.386468474093464E-03   -0.974056655874344E-03
   -0.367210938230951E-03   -0.166602283399257E-02
   -0.199072898806220E-03   -0.214876301157414E-02
    0.163838486915360E-04   -0.221943319073419E-02
    0.294321965278907E-03   -0.182473709698020E-02
    0.579397627098906E-03   -0.872884280600524E-03
    0.897044596072199E-03    0.667245113687486E-03
    0.122191398368266E-02    0.284107615966306E-02
    0.157913679601663E-02    0.568129397494104E-02
    0.194675431938312E-02    0.923426761398877E-02
    0.235303538064329E-02    0.135473367980575E-01
    0.277190237338184E-02    0.186584251831453E-01
    0.322720810156426E-02    0.246411623034898E-01
    0.368737268756214E-02    0.314764387190605E-01
    0.415531943586466E-02    0.392650596844731E-01
    0.460258011141781E-02    0.478437045388586E-01
    0.498315591930938E-02    0.573268816465232E-01
    0.529358810827046E-02    0.672895486131697E-01
    0.540070045944525E-02    0.778203149734794E-01
    0.536464946865464E-02    0.881224167116814E-01
    0.492572600634040E-02    0.981784530721182E-01
    0.426380687948053E-02    0.106790752044796E+00
    0.295703740965247E-02    0.113688595267921E+00
    0.134849245224193E-02    0.117476132760475E+00
   -0.109876761092722E-02    0.117310582871466E+00
   -0.383112438475268E-02    0.112363011423899E+00
   -0.731927932119169E-02    0.101001125362933E+00
   -0.108170310242887E-01    0.836131083091637E-01
   -0.149669821880278E-01    0.575982366602806E-01
   -0.196230040281486E-01    0.267456887918774E-01
   -0.227531981379187E-01   -0.145297466705976E-01
   -0.244182520255326E-01   -0.537461519571477E-01
   -0.213286963196695E-01   -0.875319239456613E-01
   -0.147370504478099E-01   -0.130361706832081E+00
   -0.135689950010092E-01   -0.160823056825005E+00
   -0.230258428305384E-01   -0.157190004906077E+00
   -0.226549083969845E-01   -0.152050021770901E+00
    0.147275025852834E+00   -0.669942614667811E-01
    0.000000000000000E+00    0.000000000000000E+00
    0.000000000000000E+00    0.000000000000000E+00
    0.000000000000000E+00    0.000000000000000E+00
    0.000000000000000E+00    0.000000000000000E+00
    0.000000000000000E+00    0.000000000000000E+00
    0.000000000000000E+00    0.000000000000000E+00
    0.000000000000000E+00    0.000000000000000E+00
    0.000000000000000E+00    0.000000000000000E+00
    0.000000000000000E+00    0.000000000000000E+00
    0.000000000000000E+00    0.000000000000000E+00
    0.000000000000000E+00    0.000000000000000E+00
    0.000000000000000E+00    0.000000000000000E+00
    0.000000000000000E+00    0.000000000000000E+00
    0.000000000000000E+00    0.000000000000000E+00
    0.000000000000000E+00    0.000000000000000E+00
    0.000000000000000E+00    0.000000000000000E+00
    0.000000000000000E+00    0.000000000000000E+00
    0.000000000000000E+00    0.000000000000000E+00
    0.000000000000000E+00    0.000000000000000E+00
    0.000000000000000E+00    0.000000000000000E+00
    0.000000000000000E+00    0.000000000000000E+00
    0.000000000000000E+00    0.000000000000000E+00
    0.000000000000000E+00    0.000000000000000E+00
    0.000000000000000E+00    0.000000000000000E+00
    0.000000000000000E+00    0.000000000000000E+00
    0.000000000000000E+00    0.000000000000000E+00
    0.000000000000000E+00    0.000000000000000E+00
    0.000000000000000E+00    0.000000000000000E+00
    0.000000000000000E+00    0.000000000000000E+00
    0.000000000000000E+00    0.000000000000000E+00
    0.000000000000000E+00    0.000000000000000E+00
    0.000000000000000E+00    0.000000000000000E+00
    0.000000000000000E+00    0.000000000000000E+00
    0.000000000000000E+00    0.000000000000000E+00
    0.000000000000000E+00    0.000000000000000E+00
    0.000000000000000E+00    0.000000000000000E+00
    0.000000000000000E+00    0.000000000000000E+00
    0.000000000000000E+00    0.000000000000000E+00
    0.000000000000000E+00    0.000000000000000E+00
    0.000000000000000E+00    0.000000000000000E+00
    0.000000000000000E+00    0.000000000000000E+00
    0.000000000000000E+00    0.000000000000000E+00
