    0.000000000000000E+00    0.000000000000000E+00
    0.000000000000000E+00    0.000000000000000E+00
    0.000000000000000E+00    0.000000000000000E+00
    0.000000000000000E+00    0.000000000000000E+00
    0.000000000000000E+00    0.000000000000000E+00
    0.000000000000000E+00    0.000000000000000E+00
    0.000000000000000E+00    0.000000000000000E+00
    0.000000000000000E+00    0.000000000000000E+00
    0.000000000000000E+00    0.000000000000000E+00
    0.000000000000000E+00    0.000000000000000E+00
    0.000000000000000E+00    0.000000000000000E+00
    0.000000000000000E+00    0.000000000000000E+00
    0.000000000000000E+00    0.000000000000000E+00
    0.000000000000000E+00    0.000000000000000E+00
    0.000000000000000E+00    0.000000000000000E+00
    0.000000000000000E+00    0.000000000000000E+00
    0.000000000000000E+00    0.000000000000000E+00
    0.000000000000000E+00    0.000000000000000E+00
    0.000000000000000E+00    0.000000000000000E+00
    0.000000000000000E+00    0.000000000000000E+00
    0.000000000000000E+00    0.000000000000000E+00
    0.000000000000000E+00    0.000000000000000E+00
    0.000000000000000E+00    0.000000000000000E+00
    0.000000000000000E+00    0.000000000000000E+00
    0.000000000000000E+00    0.000000000000000E+00
    0.000000000000000E+00    0.000000000000000E+00
    0.000000000000000E+00    0.000000000000000E+00
    0.000000000000000E+00    0.000000000000000E+00
    0.000000000000000E+00    0.000000000000000E+00
    0.000000000000000E+00    0.000000000000000E+00
    0.000000000000000E+00    0.000000000000000E+00
    0.000000000000000E+00    0.000000000000000E+00
    0.000000000000000E+00    0.000000000000000E+00
    0.000000000000000E+00    0.000000000000000E+00
    0.000000000000000E+00    0.000000000000000E+00
    0.000000000000000E+00    0.000000000000000E+00
    0.000000000000000E+00    0.000000000000000E+00
    0.000000000000000E+00    0.000000000000000E+00
    0.000000000000000E+00    0.000000000000000E+00
    0.000000000000000E+00    0.000000000000000E+00
    0.000000000000000E+00    0.000000000000000E+00
    0.000000000000000E+00    0.000000000000000E+00
    0.578940603864790E-03   -0.578697770237919E-03
    0.570101090075524E-03   -0.146173655381629E-02
    0.248630507754066E-03   -0.212945349705096E-02
   -0.270993107335810E-03   -0.185129844351591E-02
   -0.812487518347764E-03   -0.700056174661732E-03
   -0.134409683150845E-02    0.154288724157711E-02
   -0.185657157134896E-02    0.476715768222148E-02
   -0.231541519108405E-02    0.892913389538402E-02
   -0.273916766904388E-02    0.139528448910230E-01
   -0.309186964067678E-02    0.197033344406373E-01
   -0.339688975038827E-02    0.261271310901723E-01
   -0.361830723424296E-02    0.330148189278522E-01
   -0.377946557026667E-02    0.403409877925519E-01
   -0.384636448649666E-02    0.478180044517791E-01
   -0.383998565671790E-02    0.554579305149674E-01
   -0.373385475245777E-02    0.628910757271619E-01
   -0.354403002141176E-02    0.701815885317841E-01
   -0.325969607397750E-02    0.768858249615051E-01
   -0.288707846045582E-02    0.831354303492208E-01
   -0.244127259506284E-02    0.884390961724071E-01
   -0.191152817362989E-02    0.930075027920849E-01
   -0.135038472641821E-02    0.963484102724924E-01
   -0.721108133189829E-03    0.987556990282763E-01
   -0.127271712563735E-03    0.998056574192455E-01
    0.502266715191409E-03    0.998716491971320E-01
    0.997290351813691E-03    0.986895158860649E-01
    0.146701246345785E-02    0.967144777527720E-01
    0.167579244077366E-02    0.939486517847545E-01
    0.179613929479249E-02    0.909023828910707E-01
    0.149701383397335E-02    0.880109383702202E-01
    0.909823027359525E-03    0.857991718721845E-01
   -0.609305320198926E-04    0.846863404632154E-01
   -0.133871224100879E-02    0.855388154049028E-01
   -0.180417669031850E-02    0.876451548774258E-01
   -0.852614261287873E-03    0.897996014840594E-01
    0.608132989181619E-03    0.902728370992409E-01
   -0.139383001802259E-02    0.884735744253266E-01
    0.618065407715886E-02    0.628439816381731E-01
    0.284040256076667E-01    0.284040256076873E-01
    0.000000000000000E+00    0.000000000000000E+00
    0.000000000000000E+00    0.000000000000000E+00
    0.146149372021098E-02   -0.574779693274858E-03
    0.123251472824024E-02   -0.124358837468817E-02
   -0.274556752580304E-04   -0.120914165290610E-02
   -0.176616241473145E-02    0.284965778844188E-03
   -0.371773978221522E-02    0.346437158070162E-02
   -0.563714980481548E-02    0.834426233792900E-02
   -0.749620775797542E-02    0.150360457651584E-01
   -0.919835544341532E-02    0.232634813105493E-01
   -0.107333181314944E-01    0.331036275260224E-01
   -0.120693273121075E-01    0.441522504406635E-01
   -0.131659739855778E-01    0.564856617372063E-01
   -0.140396665995676E-01    0.695952034359693E-01
   -0.146040724371648E-01    0.835740779163670E-01
   -0.149301923891806E-01    0.978113138629449E-01
   -0.148778337978231E-01    0.112428521914924E+00
   -0.145896649960257E-01    0.126713549731119E+00
   -0.138666820681147E-01    0.140836817599359E+00
   -0.129425352789513E-01    0.153998126903752E+00
   -0.115566123985148E-01    0.166449211927287E+00
   -0.100493633161443E-01    0.177328893731925E+00
   -0.810023471873704E-02    0.187015964726658E+00
   -0.616464879029184E-02    0.194627362434240E+00
   -0.387203762329015E-02    0.200729080298464E+00
   -0.179114801242065E-02    0.204462490611040E+00
    0.473576207457357E-03    0.206660656728104E+00
    0.225696208089202E-02    0.206528689402297E+00
    0.393417566339687E-02    0.205285050726161E+00
    0.479439759870850E-02    0.202205751365993E+00
    0.513507163644155E-02    0.199045764740127E+00
    0.438003788489638E-02    0.194989384251221E+00
    0.272781893579287E-02    0.192408991711230E+00
    0.387689222619134E-03    0.189600432996951E+00
   -0.214770766924169E-02    0.189453203048018E+00
   -0.308325586586972E-02    0.188088928681522E+00
   -0.108878841801564E-02    0.186467180901802E+00
    0.923475182978077E-02    0.173187520071476E+00
    0.297850608207517E-01    0.147470002838233E+00
    0.633666526192864E-01    0.936641974997438E-01
    0.835420267118502E-01    0.324701108776692E-01
    0.000000000000000E+00    0.000000000000000E+00
    0.000000000000000E+00    0.000000000000000E+00
    0.213491860381965E-02   -0.262428449262235E-03
    0.122190014370168E-02   -0.441056800462865E-04
   -0.142545638344871E-02    0.130729266411683E-02
   -0.500615740505809E-02    0.467647091892207E-02
   -0.894204894666856E-02    0.101401817163634E-01
   -0.129193409087737E-01    0.179167374665159E-01
   -0.167465284713320E-01    0.279064971406409E-01
   -0.203016362242178E-01    0.400468033983993E-01
   -0.235133852610387E-01    0.541590475821776E-01
   -0.263151705144872E-01    0.700293874257632E-01
   -0.286651887995703E-01    0.874521083391886E-01
   -0.305085567778911E-01    0.106102099442313E+00
   -0.318043095877970E-01    0.125763325984879E+00
   -0.325080376384211E-01    0.146007669118344E+00
   -0.325802009365966E-01    0.166625278766579E+00
   -0.320004773355606E-01    0.187084090155165E+00
   -0.307399650331434E-01    0.207210153702440E+00
   -0.288222837746631E-01    0.226378857423354E+00
   -0.262382413411656E-01    0.244494067355791E+00
   -0.230782517768542E-01    0.260872315694801E+00
   -0.193578704829788E-01    0.275544620525180E+00
   -0.152585799163374E-01    0.287829922240170E+00
   -0.108215764999158E-01    0.297937168531351E+00
   -0.634441701172787E-02    0.305274455836104E+00
   -0.189539139048198E-02    0.310279507720190E+00
    0.209466985316739E-02    0.312543686542333E+00
    0.552866033591316E-02    0.312786462975814E+00
    0.787246495957953E-02    0.310832565722733E+00
    0.901757465739664E-02    0.307719984399193E+00
    0.859739196748445E-02    0.303303723951139E+00
    0.667966798284461E-02    0.298848576640504E+00
    0.410164436395113E-02    0.293405213346841E+00
    0.187526719285594E-02    0.287675486779241E+00
    0.367670161651902E-02    0.278154815542861E+00
    0.117729723413824E-01    0.263126959085290E+00
    0.352598491719608E-01    0.232236427608200E+00
    0.773341190578206E-01    0.181843788725564E+00
    0.126489607298531E+00    0.109063725019931E+00
    0.136248316538500E+00    0.351980886414808E-01
    0.000000000000000E+00    0.000000000000000E+00
    0.000000000000000E+00    0.000000000000000E+00
    0.194030700634747E-02    0.199009669827652E-03
   -0.119857209229948E-03    0.147904039724043E-02
   -0.468352012393224E-02    0.446073148145328E-02
   -0.104907998261181E-01    0.980134630343687E-02
   -0.168763246917421E-01    0.176782437142973E-01
   -0.232992256059580E-01    0.281605730712711E-01
   -0.295095907599671E-01    0.412657535942591E-01
   -0.352995667811816E-01    0.568041538346753E-01
   -0.405427256685145E-01    0.747006974247725E-01
   -0.451553793006700E-01    0.946023544840378E-01
   -0.490218654056199E-01    0.116390540573314E+00
   -0.521121228434053E-01    0.139600626559717E+00
   -0.542834171672122E-01    0.164081172562041E+00
   -0.555535931738663E-01    0.189268574083228E+00
   -0.557527458213622E-01    0.214991194699906E+00
   -0.549666841953836E-01    0.240589984046322E+00
   -0.530124156776065E-01    0.265901753173869E+00
   -0.500716456014964E-01    0.290182881337961E+00
   -0.459684086689992E-01    0.313328364023829E+00
   -0.410059420937029E-01    0.334534139963521E+00
   -0.350391677338362E-01    0.353824580769731E+00
   -0.285086511270628E-01    0.370373776597298E+00
   -0.213294249306247E-01    0.384423858395434E+00
   -0.140791377020547E-01    0.395173461958660E+00
   -0.676988916850656E-02    0.403180925399785E+00
   -0.879462536545680E-04    0.407703124726046E+00
    0.583054123184225E-02    0.409702908633484E+00
    0.103002476504794E-01    0.408461041849664E+00
    0.131513189836732E-01    0.405340339526964E+00
    0.140866440546886E-01    0.399398879713260E+00
    0.134850995684616E-01    0.392064816589463E+00
    0.125342477034742E-01    0.381531485381062E+00
    0.137355185796082E-01    0.367943220690782E+00
    0.219207446937978E-01    0.347026320233732E+00
    0.434769560286777E-01    0.315392673720222E+00
    0.871565995447121E-01    0.265782426750918E+00
    0.151365455106751E+00    0.195560982930350E+00
    0.214354812371957E+00    0.110233391427619E+00
    0.199774432745535E+00    0.327766897413054E-01
    0.000000000000000E+00    0.000000000000000E+00
    0.000000000000000E+00    0.000000000000000E+00
    0.995463315349129E-03    0.650468210074821E-03
   -0.287992713933157E-02    0.306739088919523E-02
   -0.969940801589663E-02    0.762394671928894E-02
   -0.181346778106712E-01    0.149340377550031E-01
   -0.272419175456303E-01    0.250019019151353E-01
   -0.364351403449662E-01    0.379967186501338E-01
   -0.453096211085438E-01    0.537594817925577E-01
   -0.536216023465357E-01    0.722652570766378E-01
   -0.611781230009713E-01    0.932469529812605E-01
   -0.678461220356157E-01    0.116535891235786E+00
   -0.734952567571953E-01    0.141803613336621E+00
   -0.780157178113206E-01    0.168777293659052E+00
   -0.812948046823128E-01    0.197079941983766E+00
   -0.832317301340952E-01    0.226335931956662E+00
   -0.837384151438312E-01    0.256138813365900E+00
   -0.827407050643741E-01    0.286003833000367E+00
   -0.802010746720056E-01    0.315529812951994E+00
   -0.761049457852940E-01    0.344125279421802E+00
   -0.704946412572383E-01    0.371448056840391E+00
   -0.634547179437700E-01    0.396821485830768E+00
   -0.551296559863183E-01    0.420030682798543E+00
   -0.457430417918847E-01    0.440359111324975E+00
   -0.355520397633403E-01    0.457793005331868E+00
   -0.249505643933246E-01    0.471636023059940E+00
   -0.143055183900894E-01    0.482144641409913E+00
   -0.417595525527121E-02    0.488684005515011E+00
    0.499523643919527E-02    0.491826771662009E+00
    0.126342778730407E-01    0.490941354902768E+00
    0.183910387676915E-01    0.486868529725904E+00
    0.223151882989192E-01    0.478676998676511E+00
    0.247879552587512E-01    0.467095396134370E+00
    0.282486610648215E-01    0.450163319463229E+00
    0.352604735735401E-01    0.427367748409252E+00
    0.536308294593254E-01    0.394469368603447E+00
    0.893581156233414E-01    0.348051602941298E+00
    0.151177846312134E+00    0.284173844114439E+00
    0.235197738832337E+00    0.200461119525466E+00
    0.301001179504119E+00    0.109601752614153E+00
    0.261758633498053E+00    0.319275298491950E-01
    0.000000000000000E+00    0.000000000000000E+00
    0.000000000000000E+00    0.000000000000000E+00
   -0.773687694841264E-03    0.102644832747847E-02
   -0.690838884421991E-02    0.442586274608819E-02
   -0.164344563546782E-01    0.104433509011570E-01
   -0.277278769822766E-01    0.194572005901023E-01
   -0.398185254083133E-01    0.314772992851134E-01
   -0.519433631381867E-01    0.465531743695281E-01
   -0.636641657776064E-01    0.645756992950072E-01
   -0.746544582727201E-01    0.854377910943142E-01
   -0.846721894270551E-01    0.108935784434472E+00
   -0.935579659522138E-01    0.134840781995034E+00
   -0.101109142988870E+00    0.162877484959547E+00
   -0.107224115453208E+00    0.192730774227041E+00
   -0.111692801212625E+00    0.224051159500735E+00
   -0.114451605530000E+00    0.256439059880090E+00
   -0.115291645957516E+00    0.289476868652376E+00
   -0.114210261479614E+00    0.322678670409042E+00
   -0.111032583278484E+00    0.355582587307604E+00
   -0.105857306840264E+00    0.387620189202290E+00
   -0.985861944021382E-01    0.418334412678203E+00
   -0.894612193246986E-01    0.447091754047067E+00
   -0.785029500950988E-01    0.473511982436549E+00
   -0.661273153799321E-01    0.496929607397241E+00
   -0.525072634689183E-01    0.517124606934355E+00
   -0.382397841989403E-01    0.533440115326755E+00
   -0.236602421615442E-01    0.545888529063341E+00
   -0.950525034053476E-02    0.553845414439274E+00
    0.379917565190161E-02    0.557570635380493E+00
    0.155583449870485E-01    0.556428417142534E+00
    0.256166231463460E-01    0.550777242266435E+00
    0.339417333790450E-01    0.539775046935238E+00
    0.417896163822910E-01    0.523328461867461E+00
    0.514776438945752E-01    0.499902822844566E+00
    0.679271017364183E-01    0.467785585342304E+00
    0.984234950286259E-01    0.424121630610956E+00
    0.151226813827576E+00    0.365308704027288E+00
    0.233730923046009E+00    0.289619360749002E+00
    0.328542468113504E+00    0.199259815730133E+00
    0.391741697992274E+00    0.105765279840859E+00
    0.319319288655143E+00    0.312094996047495E-01
    0.000000000000000E+00    0.000000000000000E+00
    0.000000000000000E+00    0.000000000000000E+00
   -0.323033040551266E-02    0.135449711924467E-02
   -0.121567740741922E-01    0.558596008212208E-02
   -0.246296363600159E-01    0.127900391597866E-01
   -0.390361298589298E-01    0.232363499660610E-01
   -0.542223481144790E-01    0.368105594788618E-01
   -0.694212113256218E-01    0.535889645260894E-01
   -0.840816011206378E-01    0.733406734756289E-01
   -0.978577479992486E-01    0.960562095297058E-01
   -0.110450313853408E+00    0.121415740719758E+00
   -0.121656096925780E+00    0.149319509877027E+00
   -0.131251204312523E+00    0.179377746473731E+00
   -0.139058542801506E+00    0.211407171584804E+00
   -0.144879655300503E+00    0.244948496207010E+00
   -0.148538823859893E+00    0.279714021033994E+00
   -0.149878086038734E+00    0.315187413719649E+00
   -0.148746066836082E+00    0.350953696767801E+00
   -0.145070265610601E+00    0.386473674334364E+00
   -0.138771169086676E+00    0.421188164474086E+00
   -0.129913889208805E+00    0.454596020055331E+00
   -0.118547963984600E+00    0.485995203119645E+00
   -0.104917014887053E+00    0.515002315781150E+00
   -0.892519840854772E-01    0.540797596279979E+00
   -0.719909912585311E-01    0.563196865352038E+00
   -0.535719402129962E-01    0.581302650295332E+00
   -0.346048107262755E-01    0.595188851637313E+00
   -0.156803147140216E-01    0.603904783141345E+00
    0.252434063489829E-02    0.607777705248517E+00
    0.195603472823875E-01    0.605760064784544E+00
    0.350321277652640E-01    0.598269945637065E+00
    0.495956152114543E-01    0.583988574751342E+00
    0.641272216746179E-01    0.562909666671346E+00
    0.826749796491428E-01    0.533119510883518E+00
    0.109296219579349E+00    0.493165166093866E+00
    0.153598735827086E+00    0.440726741265375E+00
    0.222069776690954E+00    0.372663809587384E+00
    0.317972669600047E+00    0.290256665284591E+00
    0.424520792522811E+00    0.194870074603192E+00
    0.479640580931115E+00    0.101329930300548E+00
    0.375464137674115E+00    0.293020784128052E-01
    0.000000000000000E+00    0.000000000000000E+00
    0.000000000000000E+00    0.000000000000000E+00
   -0.619171604036977E-02    0.158350049496449E-02
   -0.182309807300262E-01    0.644600685940871E-02
   -0.339713521890324E-01    0.145799415071169E-01
   -0.516180821345239E-01    0.260973611290545E-01
   -0.700396598767732E-01    0.408621926691180E-01
   -0.883542529068350E-01    0.588610698353501E-01
   -0.106011832311478E+00    0.798900854631748E-01
   -0.122608427057563E+00    0.103880198012285E+00
   -0.137815699725066E+00    0.130564883341388E+00
   -0.151404661056122E+00    0.159814378281528E+00
   -0.163091954068656E+00    0.191291056302313E+00
   -0.172693739493166E+00    0.224802679657220E+00
   -0.179921754810715E+00    0.259919255470661E+00
   -0.184612768189829E+00    0.296365187294669E+00
   -0.186491074176898E+00    0.333609652680698E+00
   -0.185445270224816E+00    0.371274664875392E+00
   -0.181265164026671E+00    0.408744007119287E+00
   -0.173948761721391E+00    0.445526199305239E+00
   -0.163417866725912E+00    0.480966561323712E+00
   -0.149842109492150E+00    0.514467351132803E+00
   -0.133334726197941E+00    0.545407632774320E+00
   -0.114283518555630E+00    0.573112253165416E+00
   -0.930240867339437E-01    0.597072061990295E+00
   -0.701709271373353E-01    0.616577369695638E+00
   -0.462519193548151E-01    0.631281632041907E+00
   -0.220369563637862E-01    0.640475181934145E+00
    0.192997510703882E-02    0.643946488006598E+00
    0.250048252811316E-01    0.640974680402377E+00
    0.471925851354353E-01    0.631291461893119E+00
    0.688447386711909E-01    0.614054427323795E+00
    0.919474964304107E-01    0.588467427358048E+00
    0.119930232484647E+00    0.553325473164009E+00
    0.158859285516618E+00    0.506715371114262E+00
    0.217322671423725E+00    0.447153525794889E+00
    0.301287302306827E+00    0.372792191878527E+00
    0.413586322295330E+00    0.284894450435048E+00
    0.521872503448063E+00    0.188794486702656E+00
    0.565027957490280E+00    0.965678827314028E-01
    0.427939154846113E+00    0.274415490328164E-01
    0.000000000000000E+00    0.000000000000000E+00
    0.000000000000000E+00    0.000000000000000E+00
   -0.958595356418968E-02    0.176782219627593E-02
   -0.250711754667255E-01    0.708235739014269E-02
   -0.441996735871676E-01    0.158536749012027E-01
   -0.652187426763478E-01    0.281172849929369E-01
   -0.868824035788050E-01    0.436510669878635E-01
   -0.108344994496419E+00    0.624545976122332E-01
   -0.128990678074784E+00    0.842441302571211E-01
   -0.148421071729645E+00    0.109021743359006E+00
   -0.166269468705897E+00    0.136451600153934E+00
   -0.182277814215004E+00    0.166507965995377E+00
   -0.196138937680945E+00    0.198790414529039E+00
   -0.207602611932631E+00    0.233214037880798E+00
   -0.216372115370705E+00    0.269294365360586E+00
   -0.222177281992658E+00    0.306837942325766E+00
   -0.224760512425607E+00    0.345275825766796E+00
   -0.223863944536738E+00    0.384255465795711E+00
   -0.219338843189229E+00    0.423155891672658E+00
   -0.211005579975365E+00    0.461422252018475E+00
   -0.198904750947008E+00    0.498451053062259E+00
   -0.183013501006041E+00    0.533466609702719E+00
   -0.163624092726169E+00    0.565975349921584E+00
   -0.140936430596629E+00    0.594998316196102E+00
   -0.115512803366850E+00    0.620237570623819E+00
   -0.877926862960318E-01    0.640562543005401E+00
   -0.585566550641809E-01    0.655909619224246E+00
   -0.283786846556308E-01    0.665061873403655E+00
    0.192341679938644E-02    0.668130906354507E+00
    0.320579356519865E-01    0.663859186113096E+00
    0.616658893315028E-01    0.652301930613297E+00
    0.919168608511135E-01    0.632158692932419E+00
    0.124123632243952E+00    0.602932691810031E+00
    0.163281972631418E+00    0.563296885537918E+00
    0.214173423256264E+00    0.511612394221939E+00
    0.286260462152442E+00    0.447239761018801E+00
    0.384235370451350E+00    0.368275576648669E+00
    0.504428935571147E+00    0.278409871629010E+00
    0.618222277837863E+00    0.181524365204664E+00
    0.648643067622110E+00    0.915511100818258E-01
    0.478067581103085E+00    0.257082028409679E-01
    0.000000000000000E+00    0.000000000000000E+00
    0.000000000000000E+00    0.000000000000000E+00
   -0.132077705772824E-01    0.186528771868011E-02
   -0.322658313422181E-01    0.745173170933381E-02
   -0.549340251272838E-01    0.165971367230636E-01
   -0.793334421709043E-01    0.292504657074128E-01
   -0.104277562949080E+00    0.451806302540499E-01
   -0.128849884828881E+00    0.643197895473931E-01
   -0.152472722243885E+00    0.864277777370264E-01
   -0.174710910135308E+00    0.111456071414476E+00
   -0.195198754461118E+00    0.139144461709044E+00
   -0.213650194561613E+00    0.169437463021539E+00
   -0.229720659254963E+00    0.202017015298699E+00
   -0.243133035836880E+00    0.236783589264423E+00
   -0.253513277084325E+00    0.273316903729311E+00
   -0.260571905834729E+00    0.311424834095745E+00
   -0.263935863114250E+00    0.350557433774614E+00
   -0.263349964216929E+00    0.390385253940325E+00
   -0.258520473794829E+00    0.430234364822030E+00
   -0.249309292044573E+00    0.469607342868880E+00
   -0.235598465793453E+00    0.507753513057674E+00
   -0.217457418150465E+00    0.544005607570226E+00
   -0.195025520879267E+00    0.577615768869352E+00
   -0.168646335778980E+00    0.607781062752106E+00
   -0.138746776336089E+00    0.633840413991945E+00
   -0.105951145624766E+00    0.654919562557757E+00
   -0.709075068800245E-01    0.670490510209098E+00
   -0.344089459075411E-01    0.679679458626994E+00
    0.293186213065770E-02    0.682051030966562E+00
    0.405393420393576E-01    0.676774611960430E+00
    0.785257703274855E-01    0.663328286231331E+00
    0.117596575314541E+00    0.640896299352553E+00
    0.160109755293242E+00    0.608539657574047E+00
    0.210247093105095E+00    0.565380325643622E+00
    0.274108904297772E+00    0.509939807663745E+00
    0.360211036318602E+00    0.441712397359181E+00
    0.470896059997782E+00    0.360428492343094E+00
    0.603128224200356E+00    0.268938687483268E+00
    0.712901598259071E+00    0.173949515463022E+00
    0.726717717218643E+00    0.869939814186422E-01
    0.524867096345141E+00    0.242175371141609E-01
    0.000000000000000E+00    0.000000000000000E+00
    0.000000000000000E+00    0.000000000000000E+00
   -0.170177889595874E-01    0.192650771575449E-02
   -0.397797535712707E-01    0.762389102575991E-02
   -0.659558435078219E-01    0.168815130540432E-01
   -0.937356708018385E-01    0.296121396663736E-01
   -0.121863232121148E+00    0.455312171453371E-01
   -0.149492394647486E+00    0.646008900024615E-01
   -0.176012533163992E+00    0.865290534192312E-01
   -0.201023000921936E+00    0.111350306579255E+00
   -0.224131510442103E+00    0.138754068621556E+00
   -0.245045946418109E+00    0.168803578693088E+00
   -0.263388682877740E+00    0.201128814541066E+00
   -0.278831521910664E+00    0.235759148499997E+00
   -0.290964863260570E+00    0.272221767068869E+00
   -0.299398582458983E+00    0.310432248989165E+00
   -0.303738870839713E+00    0.349797938552803E+00
   -0.303581051583202E+00    0.390036002871204E+00
   -0.298649961988053E+00    0.430463445993741E+00
   -0.288619218109114E+00    0.470525418291840E+00
   -0.273451456958073E+00    0.509529566693621E+00
   -0.253008736595054E+00    0.546612840408936E+00
   -0.227583286046608E+00    0.581185115638049E+00
   -0.197314528843808E+00    0.612099212775509E+00
   -0.162846548981461E+00    0.638964226423679E+00
   -0.124610699441041E+00    0.660439279860684E+00
   -0.835185476086943E-01    0.676358956546619E+00
   -0.401451976504973E-01    0.685325264864788E+00
    0.458475953005233E-02    0.687303067197874E+00
    0.504647479931531E-01    0.680978260235435E+00
    0.971671590421442E-01    0.666192510007347E+00
    0.146151941629949E+00    0.641821409591392E+00
    0.198998592900606E+00    0.607187613498772E+00
    0.261029598920673E+00    0.561503941322880E+00
    0.337111192337059E+00    0.503377525529958E+00
    0.435414360287310E+00    0.433221223058539E+00
    0.557852416761495E+00    0.350344179312601E+00
    0.693917331938138E+00    0.259513756745141E+00
    0.805171918273603E+00    0.165892802473063E+00
    0.804471078686107E+00    0.820772464525005E-01
    0.569550512583985E+00    0.227164858288191E-01
    0.000000000000000E+00    0.000000000000000E+00
    0.000000000000000E+00    0.000000000000000E+00
   -0.208247315570316E-01    0.191152199363835E-02
   -0.472164999627064E-01    0.755743835175813E-02
   -0.768879711479668E-01    0.166850012557878E-01
   -0.107928901861722E+00    0.291542956709608E-01
   -0.139181796475664E+00    0.447059956379977E-01
   -0.169753474187865E+00    0.632505008971298E-01
   -0.199109258943058E+00    0.845753430289940E-01
   -0.226822769354579E+00    0.108666849982398E+00
   -0.252536380222514E+00    0.135331068396387E+00
   -0.275921755629099E+00    0.164588491565941E+00
   -0.296590013096881E+00    0.196201474567077E+00
   -0.314160010798265E+00    0.230160373687640E+00
   -0.328160111450467E+00    0.266114208204075E+00
   -0.338141380340480E+00    0.303946075627065E+00
   -0.343596983911768E+00    0.343141955673731E+00
   -0.344079293408808E+00    0.383403179930318E+00
   -0.339158367883849E+00    0.424046236056034E+00
   -0.328507302067389E+00    0.464537017517723E+00
   -0.311911841848509E+00    0.504072086067344E+00
   -0.289298141973979E+00    0.541871880558221E+00
   -0.260783638780112E+00    0.577108278205803E+00
   -0.226644914944551E+00    0.608804671012953E+00
   -0.187369241536922E+00    0.636211942664540E+00
   -0.143590719491698E+00    0.658258346500682E+00
   -0.960703357998037E-01    0.674332423923856E+00
   -0.456419973822899E-01    0.683391857800142E+00
    0.698226039411594E-02    0.684926918395480E+00
    0.612567052527164E-01    0.678021272278604E+00
    0.117292206517015E+00    0.662111334946019E+00
    0.176027234817033E+00    0.636427228158270E+00
    0.239899532251794E+00    0.600136113340439E+00
    0.313417963193501E+00    0.552623090795142E+00
    0.402113274155344E+00    0.492953641947850E+00
    0.513488722388818E+00    0.421295829104761E+00
    0.645941214820374E+00    0.338522015493832E+00
    0.790521936827693E+00    0.248341465708978E+00
    0.894176302814379E+00    0.157882594313060E+00
    0.874762575335370E+00    0.777472892076519E-01
    0.611141851194847E+00    0.213238323704898E-01
    0.000000000000000E+00    0.000000000000000E+00
    0.000000000000000E+00    0.000000000000000E+00
   -0.246019792791962E-01    0.186465378464972E-02
   -0.545639436990958E-01    0.731182275996364E-02
   -0.875317915745514E-01    0.160630490286012E-01
   -0.121701144746183E+00    0.279756195615706E-01
   -0.155870733458182E+00    0.427611009021643E-01
   -0.189253281576823E+00    0.603922256132775E-01
   -0.221297323561177E+00    0.806187758661711E-01
   -0.251643357315789E+00    0.103543545465697E+00
   -0.279908870491564E+00    0.128923289795952E+00
   -0.305787323886784E+00    0.156936713867978E+00
   -0.328839961734245E+00    0.187281349483212E+00
   -0.348654584106374E+00    0.220128001571374E+00
   -0.364689324651834E+00    0.255045676224691E+00
   -0.376403873244172E+00    0.292088327977395E+00
   -0.383222853577759E+00    0.330659041000304E+00
   -0.384546393241662E+00    0.370573787905392E+00
   -0.379911333726209E+00    0.411092886088868E+00
   -0.368789841602767E+00    0.451686017498901E+00
   -0.351004643388220E+00    0.491564284000826E+00
   -0.326257777934372E+00    0.529795733727104E+00
   -0.294794958041437E+00    0.565680515195481E+00
   -0.256675415525629E+00    0.597921525443310E+00
   -0.212602621992210E+00    0.626029164722492E+00
   -0.163014675384569E+00    0.648482582039618E+00
   -0.108955055402609E+00    0.665032934038113E+00
   -0.510522923967510E-01    0.674150034382071E+00
    0.964028105120914E-02    0.675715915680063E+00
    0.729023714683704E-01    0.668406669063842E+00
    0.138378737227662E+00    0.651985429472598E+00
    0.207621031837479E+00    0.625485440041504E+00
    0.282302668130329E+00    0.588256054653204E+00
    0.367639539098954E+00    0.539876296409496E+00
    0.468132240450923E+00    0.479357473652345E+00
    0.590071771089091E+00    0.407745154179597E+00
    0.732150734532487E+00    0.325329426046146E+00
    0.877681640903806E+00    0.237342437969426E+00
    0.980212836738497E+00    0.149454136724287E+00
    0.945863030070157E+00    0.729275955607706E-01
    0.650620232794590E+00    0.199030780380179E-01
    0.000000000000000E+00    0.000000000000000E+00
    0.000000000000000E+00    0.000000000000000E+00
   -0.281665694850571E-01    0.174415935527657E-02
   -0.614328671450428E-01    0.683366053920654E-02
   -0.975305384601358E-01    0.149798616068589E-01
   -0.134576094024467E+00    0.260050714790877E-01
   -0.171508052584159E+00    0.396844767653089E-01
   -0.207503680272565E+00    0.559508711646158E-01
   -0.242125236032005E+00    0.746731927354236E-01
   -0.274988617405968E+00    0.959037902150135E-01
   -0.305780545134920E+00    0.119561418259290E+00
   -0.334144612233513E+00    0.145764756615254E+00
   -0.359659171257558E+00    0.174399999993778E+00
   -0.381828620871916E+00    0.205568690660987E+00
   -0.400067535725570E+00    0.239030482814870E+00
   -0.413730430134001E+00    0.274765668138981E+00
   -0.422134715461968E+00    0.312333198757115E+00
   -0.424581018951422E+00    0.351485423776518E+00
   -0.420445106062874E+00    0.391557581898159E+00
   -0.409142725540934E+00    0.431992418086374E+00
   -0.390306492887182E+00    0.471951196535415E+00
   -0.363660641782034E+00    0.510545890837199E+00
   -0.329264699870761E+00    0.546878761326227E+00
   -0.287297122166621E+00    0.579796494390205E+00
   -0.238304123459829E+00    0.608476740885571E+00
   -0.182933116797376E+00    0.631648664575734E+00
   -0.122094319292095E+00    0.648650392437004E+00
   -0.566953330777391E-01    0.658277195256788E+00
    0.123815641568243E-01    0.660006765624716E+00
    0.845613029839278E-01    0.652843765301008E+00
    0.159839905545111E+00    0.636271661116619E+00
    0.239260787379796E+00    0.609549791351877E+00
    0.325129971047148E+00    0.572034318802134E+00
    0.421949169074103E+00    0.523299499634297E+00
    0.534300715749845E+00    0.462923310412816E+00
    0.668146876402869E+00    0.391541235598838E+00
    0.817912738680539E+00    0.310833368303106E+00
    0.969223198049948E+00    0.224963823782420E+00
    0.106199111106958E+01    0.140982320181362E+00
    0.100821849299116E+01    0.685421571678347E-01
    0.687181610265023E+00    0.185174700471320E-01
    0.000000000000000E+00    0.000000000000000E+00
    0.000000000000000E+00    0.000000000000000E+00
   -0.314934552257368E-01    0.159105296033982E-02
   -0.678208210174021E-01    0.617948211066180E-02
   -0.106682352520777E+00    0.134777768070316E-01
   -0.146342966827637E+00    0.233347465670758E-01
   -0.185713534425287E+00    0.355167413585474E-01
   -0.224112405950079E+00    0.500518255977963E-01
   -0.261090457858626E+00    0.667776577699915E-01
   -0.296362804306182E+00    0.858983417256440E-01
   -0.329585828135070E+00    0.107275975769177E+00
   -0.360454761946028E+00    0.131231346382893E+00
   -0.388477280471857E+00    0.157564588151606E+00
   -0.413151387952856E+00    0.186617465427950E+00
   -0.433782026112414E+00    0.218034251810864E+00
   -0.449648453990095E+00    0.252045091580839E+00
   -0.459941862818745E+00    0.288076508262384E+00
   -0.463816274664782E+00    0.326089840170620E+00
   -0.460545733691557E+00    0.365303131082768E+00
   -0.449341832303739E+00    0.405260159399180E+00
   -0.429809530629822E+00    0.445071789957166E+00
   -0.401442990521361E+00    0.483781236442249E+00
   -0.364385671715858E+00    0.520560771781837E+00
   -0.318599275465108E+00    0.553995738928970E+00
   -0.264831029386632E+00    0.583478758467931E+00
   -0.203548261806917E+00    0.607327830564956E+00
   -0.135952471062757E+00    0.625210089505650E+00
   -0.627832431525805E-01    0.635464901707607E+00
    0.147207629116816E-01    0.637928309157464E+00
    0.962386993957288E-01    0.631236449055110E+00
    0.181303804169809E+00    0.615157340217055E+00
    0.271412310063750E+00    0.588796888055059E+00
    0.368169609363538E+00    0.551639609125966E+00
    0.476394777533707E+00    0.503475957252477E+00
    0.599876384973299E+00    0.443758934696387E+00
    0.742749282847422E+00    0.373926119692984E+00
    0.900308829675258E+00    0.295014605260887E+00
    0.105052590129934E+01    0.212466071132793E+00
    0.114051525889036E+01    0.131925511413993E+00
    0.107215709532788E+01    0.635814498697588E-01
    0.721525069933362E+00    0.170789825158852E-01
    0.000000000000000E+00    0.000000000000000E+00
    0.000000000000000E+00    0.000000000000000E+00
   -0.343986011047207E-01    0.136452289995909E-02
   -0.733404909190774E-01    0.529486702971077E-02
   -0.114656519812918E+00    0.115287251879968E-01
   -0.156552232899523E+00    0.198991328794179E-01
   -0.198115601770068E+00    0.302690915668671E-01
   -0.238633555683183E+00    0.426370662806072E-01
   -0.277803941407657E+00    0.569899792144730E-01
   -0.315313300423324E+00    0.734780324017983E-01
   -0.350919189610612E+00    0.921598290377101E-01
   -0.384252868192016E+00    0.113279862190770E+00
   -0.414868976831543E+00    0.136874743636076E+00
   -0.442152212540664E+00    0.163188712858170E+00
   -0.465388619572940E+00    0.192124724252706E+00
   -0.483702131915398E+00    0.223800196788529E+00
   -0.496192547100850E+00    0.257885611364482E+00
   -0.501845281224331E+00    0.294231283451246E+00
   -0.499779215807713E+00    0.332228298744377E+00
   -0.489071422134195E+00    0.371342472158698E+00
   -0.469137078796709E+00    0.410725475110625E+00
   -0.439422153788772E+00    0.449416229042804E+00
   -0.399888584057934E+00    0.486456409572617E+00
   -0.350569917761897E+00    0.520533907227982E+00
   -0.292076700105343E+00    0.550749715591054E+00
   -0.225064943469071E+00    0.575634172652127E+00
   -0.150646972665093E+00    0.594470726465584E+00
   -0.698353546097969E-01    0.605877745847269E+00
    0.162314356012180E-01    0.609326527392110E+00
    0.106892366902227E+00    0.603712736941793E+00
    0.201916987607459E+00    0.588586000149178E+00
    0.302345718541326E+00    0.563185242745170E+00
    0.410171657755550E+00    0.527071123904673E+00
    0.529644357853222E+00    0.479931418150270E+00
    0.664108967729958E+00    0.421805893684547E+00
    0.817714427120295E+00    0.353657830646491E+00
    0.981011485955400E+00    0.277751712236596E+00
    0.113487988499195E+01    0.198506046482062E+00
    0.121382436600922E+01    0.122599293082611E+00
    0.112616369765136E+01    0.588183436320001E-01
    0.752894992335027E+00    0.156151325537281E-01
    0.000000000000000E+00    0.000000000000000E+00
    0.000000000000000E+00    0.000000000000000E+00
   -0.368596574066814E-01    0.110439394562157E-02
   -0.779980262733328E-01    0.423985111109306E-02
   -0.121250559624587E+00    0.918072016837026E-02
   -0.165005147086579E+00    0.158137888275634E-01
   -0.208330150863510E+00    0.240114538910219E-01
   -0.250681164348909E+00    0.338908828263735E-01
   -0.291743656615801E+00    0.454102591564697E-01
   -0.331330182713124E+00    0.588924802154650E-01
   -0.369161851632724E+00    0.743309701587223E-01
   -0.404950164105593E+00    0.921999516553191E-01
   -0.438162312304407E+00    0.112432508964887E+00
   -0.468206389410758E+00    0.135559077509710E+00
   -0.494222014033330E+00    0.161340280530761E+00
   -0.515286180741850E+00    0.190217826804352E+00
   -0.530308184813381E+00    0.221690240284962E+00
   -0.538150686331041E+00    0.255921589944000E+00
   -0.537740855164569E+00    0.292131236414274E+00
   -0.527969942172777E+00    0.330009464935509E+00
   -0.508125112449324E+00    0.368590604611526E+00
   -0.477438170545016E+00    0.406963182509323E+00
   -0.435868747291493E+00    0.444168731013484E+00
   -0.383254411083581E+00    0.478722204236916E+00
   -0.320354373286225E+00    0.509877479535091E+00
   -0.247678351131471E+00    0.535800599440956E+00
   -0.166612683912224E+00    0.556055861085850E+00
   -0.780546604066809E-01    0.568817795164395E+00
    0.165027392872091E-01    0.573880137161086E+00
    0.116568620345157E+00    0.569762886059308E+00
    0.221468578121896E+00    0.556272800278746E+00
    0.332528139007691E+00    0.532480740399738E+00
    0.451122495830406E+00    0.498052873910974E+00
    0.581462226150782E+00    0.452869899601309E+00
    0.726332213636945E+00    0.396816433298893E+00
    0.887601844531148E+00    0.331594958994985E+00
    0.105713671311964E+01    0.258785489956311E+00
    0.120843311394433E+01    0.183975063694976E+00
    0.128352571810299E+01    0.112397752950770E+00
    0.118210437323422E+01    0.533961000724446E-01
    0.781741036167593E+00    0.140386508111261E-01
    0.000000000000000E+00    0.000000000000000E+00
    0.000000000000000E+00    0.000000000000000E+00
   -0.386967427407500E-01    0.777726674120893E-03
   -0.814248817600033E-01    0.297912746369268E-02
   -0.126180542869286E+00    0.643984051546780E-02
   -0.171304006567812E+00    0.110588092555922E-01
   -0.216063225844499E+00    0.168240864497958E-01
   -0.259880572113247E+00    0.238342850089220E-01
   -0.302609233620605E+00    0.322058379290455E-01
   -0.344029825789241E+00    0.422054132651964E-01
   -0.383989221381853E+00    0.540328053988529E-01
   -0.422127826473407E+00    0.680736346835324E-01
   -0.457990583603489E+00    0.845224316754708E-01
   -0.490851323605093E+00    0.103790739367445E+00
   -0.519866056127771E+00    0.125952118134818E+00
   -0.543909698739182E+00    0.151304990098784E+00
   -0.561835079556231E+00    0.179682633769215E+00
   -0.572256947924566E+00    0.211097866755211E+00
   -0.573976734659453E+00    0.245063760202062E+00
   -0.565645050159389E+00    0.281143996273962E+00
   -0.546382462627808E+00    0.318541761926034E+00
   -0.515259468540684E+00    0.356288195801741E+00
   -0.472078056627234E+00    0.393400260130232E+00
   -0.416652650280646E+00    0.428442490497307E+00
   -0.349642370141317E+00    0.460441875947515E+00
   -0.271683432037382E+00    0.487725098773691E+00
   -0.184131682318346E+00    0.509498919266012E+00
   -0.881215975303966E-01    0.524162747900840E+00
    0.148689003386601E-01    0.531152552274688E+00
    0.124042902056070E+00    0.529187853427881E+00
    0.238830482557272E+00    0.517863650030610E+00
    0.360170243106632E+00    0.496322150648609E+00
    0.489563069132757E+00    0.464315975878476E+00
    0.630808907705585E+00    0.421571906942831E+00
    0.785767115547721E+00    0.368546704150878E+00
    0.956642079564116E+00    0.306442070447386E+00
    0.113026776703327E+01    0.237950198468641E+00
    0.128351952610807E+01    0.167656004742256E+00
    0.134689353213043E+01    0.101642881481539E+00
    0.122686055782598E+01    0.478995750802747E-01
    0.807395429566856E+00    0.123812383089367E-01
    0.000000000000000E+00    0.000000000000000E+00
    0.000000000000000E+00    0.000000000000000E+00
   -0.398996393367190E-01    0.421445153112377E-03
   -0.836519528527094E-01    0.157781943891525E-02
   -0.129273973022005E+00    0.337862119586177E-02
   -0.175300478073750E+00    0.580020617916508E-02
   -0.220975671834658E+00    0.885376859338122E-02
   -0.265901407970648E+00    0.127623625250078E-01
   -0.309914322659314E+00    0.176142153632072E-01
   -0.352935461399916E+00    0.238422865866995E-01
   -0.394775634525259E+00    0.315763311937794E-01
   -0.435179162055432E+00    0.414262695553989E-01
   -0.473600565436362E+00    0.534766250821283E-01
   -0.509372495391801E+00    0.684383683149540E-01
   -0.541481946855295E+00    0.862340524454705E-01
   -0.568802746234068E+00    0.107537191822552E+00
   -0.589936805769999E+00    0.131992737586791E+00
   -0.603427634122551E+00    0.160027113488282E+00
   -0.607777238455854E+00    0.190949384348925E+00
   -0.601501337337625E+00    0.224690070328404E+00
   -0.583448240488528E+00    0.260281672107491E+00
   -0.552520725717986E+00    0.296960358333776E+00
   -0.508370250423824E+00    0.333672716233180E+00
   -0.450659153291030E+00    0.368936358917763E+00
   -0.380081091573700E+00    0.401858064181135E+00
   -0.297174398904282E+00    0.430464173998099E+00
   -0.203506996854537E+00    0.454182494164523E+00
   -0.100160269246420E+00    0.470966142142408E+00
    0.110581527011632E-01    0.480536525029342E+00
    0.129427336831354E+00    0.481190877088988E+00
    0.253961179481915E+00    0.472767502609023E+00
    0.385703788606692E+00    0.454182032606830E+00
    0.525624525201513E+00    0.425291901303853E+00
    0.677145283592114E+00    0.385970953143769E+00
    0.841778057500088E+00    0.336505364810208E+00
    0.101910831056308E+01    0.278804384146113E+00
    0.119761239015049E+01    0.214808291225886E+00
    0.134719643934859E+01    0.150272709301374E+00
    0.140603443011434E+01    0.896737835178674E-01
    0.127349082940778E+01    0.416732150195193E-01
    0.829997522826597E+00    0.105596963893884E-01
    0.000000000000000E+00    0.000000000000000E+00
    0.000000000000000E+00    0.000000000000000E+00
   -0.403158726965959E-01    0.192241871077270E-04
   -0.843659803373827E-01    0.377451087756188E-04
   -0.130331120546579E+00    0.553183538311223E-04
   -0.176691809909934E+00    0.934314688304763E-04
   -0.222890073496353E+00    0.276654293909504E-03
   -0.268485873739450E+00    0.819970012431466E-03
   -0.313484708342309E+00    0.194985097154979E-02
   -0.357776787981131E+00    0.404272924364479E-02
   -0.401311264989510E+00    0.740983630588581E-02
   -0.443768589318243E+00    0.125662021143664E-01
   -0.484711175355271E+00    0.198463853402118E-01
   -0.523336477120911E+00    0.298317724899875E-01
   -0.558696572649728E+00    0.427816979056758E-01
   -0.589433462324435E+00    0.592103980271586E-01
   -0.614154305363072E+00    0.791748085280804E-01
   -0.631077133459424E+00    0.102925718727705E+00
   -0.638641918110094E+00    0.130199451137299E+00
   -0.634993466678540E+00    0.160763739564852E+00
   -0.618868464516533E+00    0.193987726345382E+00
   -0.588844185355162E+00    0.229001186162495E+00
   -0.544458816372500E+00    0.264884452234497E+00
   -0.485191342864951E+00    0.300145709158614E+00
   -0.411679356649375E+00    0.333770340808622E+00
   -0.324466834252963E+00    0.363881678275773E+00
   -0.225150147026427E+00    0.389585724648690E+00
   -0.114975791575280E+00    0.408997962531091E+00
    0.417622357231919E-02    0.421464893109025E+00
    0.131325523138474E+00    0.425427985188569E+00
    0.265445487451521E+00    0.420477611681671E+00
    0.407261471635086E+00    0.405558784763426E+00
    0.557587745353741E+00    0.380587253821238E+00
    0.719587204702503E+00    0.345255608537490E+00
    0.893400646410536E+00    0.300395983215958E+00
    0.107923233499751E+01    0.247394395342235E+00
    0.126040281000007E+01    0.189236160631459E+00
    0.141054657414754E+01    0.130643662869321E+00
    0.145748247947143E+01    0.768643990648258E-01
    0.130752673968597E+01    0.351044901922169E-01
    0.849036806683551E+00    0.861714285329744E-02
    0.000000000000000E+00    0.000000000000000E+00
    0.000000000000000E+00    0.000000000000000E+00
   -0.399599577903123E-01   -0.399833102626170E-03
   -0.836530124683601E-01   -0.157311295640811E-02
   -0.129259461170065E+00   -0.342234843843272E-02
   -0.175438079127591E+00   -0.583345484583518E-02
   -0.221585851939464E+00   -0.865503808872712E-02
   -0.267430423391109E+00   -0.115646774331313E-01
   -0.312954116534200E+00   -0.143658180540454E-01
   -0.358184887282945E+00   -0.165554072530143E-01
   -0.403046620692860E+00   -0.178921598942598E-01
   -0.447339172605951E+00   -0.176843499278252E-01
   -0.490553486663383E+00   -0.157012381716177E-01
   -0.531985543879948E+00   -0.110962233057458E-01
   -0.570524672566166E+00   -0.374802504031759E-02
   -0.604876498761050E+00    0.723888722965178E-02
   -0.633361498384031E+00    0.217478313433459E-01
   -0.654209888638560E+00    0.405147045196967E-01
   -0.665457462547045E+00    0.630766506794918E-01
   -0.665203144535354E+00    0.897119435749610E-01
   -0.651732837939008E+00    0.119599681262068E+00
   -0.623536456418638E+00    0.152263921574577E+00
   -0.579781685870821E+00    0.186663754923130E+00
   -0.519860980728773E+00    0.221436538536201E+00
   -0.444244725028617E+00    0.255574593378544E+00
   -0.353436944989740E+00    0.287001875912762E+00
   -0.249111650703897E+00    0.314974680962940E+00
   -0.132530594565930E+00    0.337161848992765E+00
   -0.584006948025191E-02    0.353151486493781E+00
    0.129947784696169E+00    0.360886451558991E+00
    0.273426379853952E+00    0.360192661119610E+00
    0.425226306131122E+00    0.349693363305039E+00
    0.585707426916231E+00    0.329421199936379E+00
    0.757323838773334E+00    0.299156391644560E+00
    0.940044444415919E+00    0.259541236696432E+00
    0.113121381029527E+01    0.212673739482323E+00
    0.131601131238710E+01    0.160661887560344E+00
    0.146167522745371E+01    0.109492635224074E+00
    0.150370575079393E+01    0.625055280206864E-01
    0.134298931858138E+01    0.277514608187509E-01
    0.864287096569713E+00    0.646375374431924E-02
    0.000000000000000E+00    0.000000000000000E+00
    0.000000000000000E+00    0.000000000000000E+00
   -0.387425017112986E-01   -0.828030514112789E-03
   -0.812993785384460E-01   -0.320850414404953E-02
   -0.125988391347662E+00   -0.694172144331188E-02
   -0.171381425413239E+00   -0.118428060784832E-01
   -0.217044919238850E+00   -0.176733791632841E-01
   -0.262646797923973E+00   -0.241133244412324E-01
   -0.308317342555580E+00   -0.308775618704844E-01
   -0.354059543438201E+00   -0.375180698712500E-01
   -0.399932884505164E+00   -0.436748059979542E-01
   -0.445698936630280E+00   -0.487499966948775E-01
   -0.490981626522360E+00   -0.523208727222677E-01
   -0.534972048408287E+00   -0.536676963684345E-01
   -0.576682711904291E+00   -0.523600111758829E-01
   -0.614595634818939E+00   -0.476569156985432E-01
   -0.647124269029676E+00   -0.392301604327900E-01
   -0.672125506496468E+00   -0.265163183862568E-01
   -0.687675178603710E+00   -0.943579398997953E-02
   -0.691371488881964E+00    0.121209896018054E-01
   -0.681481648725784E+00    0.378597080945779E-01
   -0.655963349756523E+00    0.671739554777875E-01
   -0.613936794716986E+00    0.993728578281091E-01
   -0.554373443898516E+00    0.133036897149392E+00
   -0.477729174638852E+00    0.167207770586871E+00
   -0.384310812766124E+00    0.199839551700024E+00
   -0.275862854451411E+00    0.229939538145439E+00
   -0.153686741517578E+00    0.255266473833286E+00
   -0.200775290766815E-01    0.275010465002642E+00
    0.123752470427891E+00    0.287198910769494E+00
    0.276201054254183E+00    0.291339681523965E+00
    0.437632679603660E+00    0.286049884123342E+00
    0.607953197675783E+00    0.271360029866506E+00
    0.789480885750704E+00    0.246849937803732E+00
    0.980412343766059E+00    0.213672915429106E+00
    0.117893843069155E+01    0.173366983942395E+00
    0.136513671166572E+01    0.129053486423103E+00
    0.151019033453312E+01    0.855847721783758E-01
    0.154062685700921E+01    0.470594800925642E-01
    0.136426972837138E+01    0.198277507693711E-01
    0.875491315501149E+00    0.416270289142542E-02
    0.000000000000000E+00    0.000000000000000E+00
    0.000000000000000E+00    0.000000000000000E+00
   -0.367126509135484E-01   -0.125051401752059E-02
   -0.774816243008903E-01   -0.480167592732961E-02
   -0.120557712408985E+00   -0.103627930512619E-01
   -0.164651188215942E+00   -0.176550789548406E-01
   -0.209242692197863E+00   -0.264256889235249E-01
   -0.254135393845223E+00   -0.362855724025433E-01
   -0.299425171874509E+00   -0.469850175542960E-01
   -0.345232958800146E+00   -0.580178821014075E-01
   -0.391612119525725E+00   -0.690905911774433E-01
   -0.438448049640167E+00   -0.795167719110654E-01
   -0.485336175517035E+00   -0.889617663117901E-01
   -0.531604068522272E+00   -0.965303838023386E-01
   -0.576149819629459E+00   -0.101899003971286E+00
   -0.617594815798380E+00   -0.104007329364391E+00
   -0.654084795010197E+00   -0.102654049179762E+00
   -0.683596745217991E+00   -0.967856695677038E-01
   -0.703745171454942E+00   -0.864679631408113E-01
   -0.712203923087420E+00   -0.709769998207840E-01
   -0.706619712561734E+00   -0.507567452506375E-01
   -0.684972576457432E+00   -0.258207605886576E-01
   -0.645738824872576E+00    0.302199903373113E-02
   -0.587883775897659E+00    0.347129740998800E-01
   -0.511389019631314E+00    0.682587318291961E-01
   -0.416579862396533E+00    0.101581163342900E+00
   -0.305031150136535E+00    0.133771226385977E+00
   -0.178128666135255E+00    0.162172298968194E+00
   -0.382970717916577E-01    0.186165611191336E+00
    0.113094011726884E+00    0.203185689297227E+00
    0.274117915667780E+00    0.212967415215250E+00
    0.444814545716172E+00    0.213669695026706E+00
    0.624690285052829E+00    0.205456864388086E+00
    0.815031757354139E+00    0.187915976020603E+00
    0.101398145008385E+01    0.161970601867305E+00
    0.121674043696577E+01    0.129905406278399E+00
    0.140534836617919E+01    0.937530088836399E-01
    0.154536766498963E+01    0.597970917999534E-01
    0.157087345012385E+01    0.297807669014473E-01
    0.138617717267270E+01    0.110900690575962E-01
    0.881996016912973E+00    0.162280881493274E-02
    0.000000000000000E+00    0.000000000000000E+00
    0.000000000000000E+00    0.000000000000000E+00
   -0.338817245123676E-01   -0.163266585819518E-02
   -0.721221711008688E-01   -0.627105266634814E-02
   -0.113064902093889E+00   -0.135348859432345E-01
   -0.155275220388963E+00   -0.230724675708386E-01
   -0.198356602464111E+00   -0.345897652952722E-01
   -0.242023898444484E+00   -0.477039642456778E-01
   -0.286482654009492E+00   -0.621469268184273E-01
   -0.331835248781545E+00   -0.774651985439773E-01
   -0.378251529736483E+00   -0.933389665707459E-01
   -0.425619512366473E+00   -0.109167677772604E+00
   -0.473679123825327E+00   -0.124530431046153E+00
   -0.521720173845912E+00   -0.138642467700295E+00
   -0.568816255160203E+00   -0.150969479116792E+00
   -0.613434546917142E+00   -0.160577849863596E+00
   -0.653910335004444E+00   -0.166875697783128E+00
   -0.687873990841821E+00   -0.168941649878994E+00
   -0.713108621541875E+00   -0.166262928861494E+00
   -0.726715390293983E+00   -0.158237820442950E+00
   -0.726450978526658E+00   -0.144628729140072E+00
   -0.709560590061442E+00   -0.125543631012714E+00
   -0.674562186906308E+00   -0.101190692283523E+00
   -0.619696071759301E+00   -0.726814179248846E-01
   -0.544962375325212E+00   -0.407013952672962E-01
   -0.450178573043599E+00   -0.733827770683966E-02
   -0.336995997873194E+00    0.264093187555523E-01
   -0.206623544792651E+00    0.579024934361193E-01
   -0.616785842286310E-01    0.861365451681415E-01
    0.963601800429688E-01    0.108557877152182E+00
    0.265217799351319E+00    0.124491418911945E+00
    0.444693432051438E+00    0.132044836072115E+00
    0.633534880337889E+00    0.131276857604704E+00
    0.832955606271101E+00    0.121549521595093E+00
    0.103899918651606E+01    0.104233410332366E+00
    0.124784848719131E+01    0.809892778186351E-01
    0.143672446828167E+01    0.548420313689579E-01
    0.157518709686509E+01    0.307551104371816E-01
    0.159000806833321E+01    0.112493712956746E-01
    0.139218484038213E+01    0.163257983830559E-02
    0.883919140335635E+00   -0.107324951652338E-02
    0.000000000000000E+00    0.000000000000000E+00
    0.000000000000000E+00    0.000000000000000E+00
   -0.303344663847041E-01   -0.197960455960050E-02
   -0.655146824483421E-01   -0.755513150616090E-02
   -0.103715292325060E+00   -0.163048371238626E-01
   -0.143594194139576E+00   -0.277983850898554E-01
   -0.184612205815062E+00   -0.417587245131558E-01
   -0.226577675023158E+00   -0.577848508056282E-01
   -0.269642077022988E+00   -0.756542794539984E-01
   -0.313994196152365E+00   -0.949368893271827E-01
   -0.359816431643365E+00   -0.115374914841146E+00
   -0.407111281804321E+00   -0.136392647656742E+00
   -0.455648768389925E+00   -0.157637697503289E+00
   -0.504879441256717E+00   -0.178290715899096E+00
   -0.553855202643365E+00   -0.197884015011012E+00
   -0.601249522540016E+00   -0.215312537446339E+00
   -0.645230993625882E+00   -0.230042422439552E+00
   -0.683659208385127E+00   -0.240771836500687E+00
   -0.713908597655822E+00   -0.247032579908660E+00
   -0.733289676391543E+00   -0.247615258312184E+00
   -0.738865472977336E+00   -0.242315172049093E+00
   -0.728026970765974E+00   -0.230504353813343E+00
   -0.698400072729637E+00   -0.212408274137200E+00
   -0.648298279975950E+00   -0.188512045323866E+00
   -0.576860930050938E+00   -0.159489753772423E+00
   -0.483963137845958E+00   -0.127194720064133E+00
   -0.370688706189547E+00   -0.925532335605405E-01
   -0.238381663167014E+00   -0.585030757979032E-01
   -0.895140863489547E-01   -0.258873016687156E-01
    0.741403275054970E-01    0.206053512832004E-02
    0.250099220765534E+00    0.248890600358372E-01
    0.437573200805114E+00    0.400507524080307E-01
    0.634940329442326E+00    0.477559062585300E-01
    0.842072614957425E+00    0.472342979375448E-01
    0.105499434447046E+01    0.395507109094931E-01
    0.126690857415275E+01    0.271463002011471E-01
    0.145697746478027E+01    0.116374132734528E-01
    0.159016891590862E+01   -0.364418406848194E-03
    0.160052563034989E+01   -0.929821079123708E-02
    0.139771754600126E+01   -0.863593049283129E-02
    0.880129568292785E+00   -0.400500262515814E-02
    0.000000000000000E+00    0.000000000000000E+00
    0.000000000000000E+00    0.000000000000000E+00
   -0.262093272415278E-01   -0.223377383368058E-02
   -0.577310812841137E-01   -0.856383322860999E-02
   -0.927932863315814E-01   -0.185170764605311E-01
   -0.129837408027925E+00   -0.316250272922354E-01
   -0.168400575628436E+00   -0.476219777763015E-01
   -0.208165252939651E+00   -0.661298997833026E-01
   -0.249348251075503E+00   -0.869793737580384E-01
   -0.292119415166242E+00   -0.109790564853795E+00
   -0.336744169768646E+00   -0.134380645086018E+00
   -0.383271432369776E+00   -0.160245472528431E+00
   -0.431603264475854E+00   -0.187084262649422E+00
   -0.481247361215246E+00   -0.214161203049345E+00
   -0.531452951754539E+00   -0.240969475444182E+00
   -0.580879351499804E+00   -0.266484943201625E+00
   -0.627953662049567E+00   -0.289960799022878E+00
   -0.670336306788311E+00   -0.310152743611313E+00
   -0.705687708814589E+00   -0.326137224889064E+00
   -0.730822044876965E+00   -0.336717527932835E+00
   -0.743053441802123E+00   -0.340996905052547E+00
   -0.738948958078406E+00   -0.338309288259757E+00
   -0.716287323846651E+00   -0.328085493499837E+00
   -0.672361004305349E+00   -0.310742608430449E+00
   -0.606359723843591E+00   -0.286322327827712E+00
   -0.517232187922312E+00   -0.256623827661097E+00
   -0.406097056138970E+00   -0.222355454373253E+00
   -0.273751973586356E+00   -0.186455646136117E+00
   -0.122834392206887E+00   -0.150020796239448E+00
    0.449496992179538E-01   -0.116344012081363E+00
    0.226670411580765E+00   -0.863608637866457E-01
    0.421292054306976E+00   -0.627404199304766E-01
    0.626174751535528E+00   -0.455500894307065E-01
    0.841063676415400E+00   -0.358361432547190E-01
    0.105969291902834E+01   -0.322345666002948E-01
    0.127622768354153E+01   -0.330343570748029E-01
    0.146559429506665E+01   -0.356845642862454E-01
    0.159660764556492E+01   -0.351716508505302E-01
    0.159800954380990E+01   -0.311460379683080E-01
    0.138561279954922E+01   -0.196527778905508E-01
    0.871252534543049E+00   -0.708069800500556E-02
    0.000000000000000E+00    0.000000000000000E+00
    0.000000000000000E+00    0.000000000000000E+00
   -0.216141717433739E-01   -0.242282376577047E-02
   -0.491854947137528E-01   -0.924303984325173E-02
   -0.806639461548679E-01   -0.200385012580373E-01
   -0.114558246806155E+00   -0.342919543015885E-01
   -0.150201231045788E+00   -0.518026734444246E-01
   -0.187335474547466E+00   -0.722221152297974E-01
   -0.226093711982483E+00   -0.954405008291550E-01
   -0.266698315151298E+00   -0.121171718287843E+00
   -0.309433050010264E+00   -0.149290161778785E+00
   -0.354436820213835E+00   -0.179426809213828E+00
   -0.401695974980978E+00   -0.211329926582411E+00
   -0.450875118401259E+00   -0.244395953167478E+00
   -0.501319232286494E+00   -0.278146182179064E+00
   -0.551924167394588E+00   -0.311612316658665E+00
   -0.601132658174084E+00   -0.344034277683653E+00
   -0.646907761068936E+00   -0.374044105773052E+00
   -0.686710147415980E+00   -0.400641903137656E+00
   -0.717672626674452E+00   -0.422226726883729E+00
   -0.736553976037905E+00   -0.437757959727770E+00
   -0.740176370436978E+00   -0.445867513407203E+00
   -0.725365208024266E+00   -0.445785864020898E+00
   -0.689545065510409E+00   -0.437095667673827E+00
   -0.630710710333106E+00   -0.419629560624841E+00
   -0.547857888698734E+00   -0.394579886722466E+00
   -0.441019804567226E+00   -0.362440235294486E+00
   -0.311105713908422E+00   -0.326153468572008E+00
   -0.160123256699605E+00   -0.286578932901164E+00
    0.983646477653841E-02   -0.247687229605093E+00
    0.195903284485361E+00   -0.210132272614211E+00
    0.396193413164556E+00   -0.177520168842733E+00
    0.607730980092258E+00   -0.149717964537575E+00
    0.828642446762632E+00   -0.128213459212605E+00
    0.105257156676040E+01   -0.112049891983677E+00
    0.127087296971844E+01   -0.988058860181033E-01
    0.146026031039101E+01   -0.877742752152362E-01
    0.158624479649212E+01   -0.720666928503951E-01
    0.158442952791859E+01   -0.550765293139173E-01
    0.137168269479604E+01   -0.314536908724367E-01
    0.855643939296156E+00   -0.103499056611572E-01
    0.000000000000000E+00    0.000000000000000E+00
    0.000000000000000E+00    0.000000000000000E+00
   -0.168166060468708E-01   -0.247772410118846E-02
   -0.400786084026525E-01   -0.953400787259374E-02
   -0.677841386084036E-01   -0.207519461836279E-01
   -0.981647606751606E-01   -0.356510464235283E-01
   -0.130605130277924E+00   -0.540844778417141E-01
   -0.164684148183780E+00   -0.757549164877190E-01
   -0.200563775609493E+00   -0.100655453184011E+00
   -0.238434812505374E+00   -0.128547156735072E+00
   -0.278622112938109E+00   -0.159458535309758E+00
   -0.321338667865356E+00   -0.193072342407125E+00
   -0.366661037790933E+00   -0.229321837691946E+00
   -0.414403811255033E+00   -0.267654308618223E+00
   -0.464078790153311E+00   -0.307762814730398E+00
   -0.514750782036479E+00   -0.348709399344498E+00
   -0.565119220802608E+00   -0.389813395067120E+00
   -0.613222292594546E+00   -0.429678820393502E+00
   -0.656851507272982E+00   -0.467184113601331E+00
   -0.692948621046551E+00   -0.500594273042052E+00
   -0.718616183750359E+00   -0.528445026615387E+00
   -0.730045291222298E+00   -0.549101836598639E+00
   -0.724316989830383E+00   -0.561060991206552E+00
   -0.697752303282184E+00   -0.563536302289850E+00
   -0.648435344803448E+00   -0.555498832918915E+00
   -0.574033420105965E+00   -0.537787091743692E+00
   -0.474532663116512E+00   -0.510237584763728E+00
   -0.349745585151894E+00   -0.475598079990705E+00
   -0.201699397515900E+00   -0.434608982604022E+00
   -0.320454047553691E-01   -0.391267084120706E+00
    0.155965493062118E+00   -0.346622537147847E+00
    0.360235648975359E+00   -0.304501120178550E+00
    0.576687370296427E+00   -0.265262633880904E+00
    0.803091468031280E+00   -0.230796294757439E+00
    0.103086046969066E+01   -0.200175798706017E+00
    0.125202302019472E+01   -0.171884065629751E+00
    0.143999818433052E+01   -0.144486092043260E+00
    0.156375087837428E+01   -0.113055019312660E+00
    0.155585975483599E+01   -0.802507152988911E-01
    0.133850319606329E+01   -0.438930236554888E-01
    0.834569802372788E+00   -0.137350475446116E-01
    0.000000000000000E+00    0.000000000000000E+00
    0.000000000000000E+00    0.000000000000000E+00
   -0.119222738052094E-01   -0.244565148988693E-02
   -0.309151618234271E-01   -0.938864551761481E-02
   -0.546245133885298E-01   -0.205829033298936E-01
   -0.813688349333882E-01   -0.355371214803802E-01
   -0.110282136645945E+00   -0.542247415482666E-01
   -0.140995259571506E+00   -0.764070608650028E-01
   -0.173551076474189E+00   -0.102149828501991E+00
   -0.208166801209048E+00   -0.131343427712981E+00
   -0.245170340943862E+00   -0.164065000742901E+00
   -0.284827147315826E+00   -0.200204252190909E+00
   -0.327323196343309E+00   -0.239722650977608E+00
   -0.372589569196866E+00   -0.282344525770125E+00
   -0.420332771129073E+00   -0.327758499995122E+00
   -0.469824876042071E+00   -0.375336912795260E+00
   -0.519991987082925E+00   -0.424331005437942E+00
   -0.569174477831985E+00   -0.473597844177236E+00
   -0.615302414928810E+00   -0.521840772651917E+00
   -0.655674808274158E+00   -0.567367541682771E+00
   -0.687249443113438E+00   -0.608393612969872E+00
   -0.706531968152661E+00   -0.642947485330078E+00
   -0.709970933076104E+00   -0.669049034688860E+00
   -0.694039966874335E+00   -0.685143214403934E+00
   -0.655643452036243E+00   -0.689642627148479E+00
   -0.592398344908189E+00   -0.682432951358353E+00
   -0.502822507336877E+00   -0.662745700589219E+00
   -0.386635421919185E+00   -0.632773621368953E+00
   -0.244607103370036E+00   -0.592705120951102E+00
   -0.786278720252346E-01   -0.546892524531201E+00
    0.108624773178882E+00   -0.495813819718490E+00
    0.314134982596545E+00   -0.444509897169153E+00
    0.533662893293909E+00   -0.392939752239766E+00
    0.763166614827557E+00   -0.344075408334323E+00
    0.993866190447786E+00   -0.297442678290692E+00
    0.121522716216859E+01   -0.251267096949620E+00
    0.140221426647307E+01   -0.206441048927252E+00
    0.152191271980463E+01   -0.156090743588424E+00
    0.151326873004479E+01   -0.107582174654930E+00
    0.130190078912748E+01   -0.571360896230605E-01
    0.805811522893369E+00   -0.172414569502146E-01
    0.000000000000000E+00    0.000000000000000E+00
    0.000000000000000E+00    0.000000000000000E+00
   -0.729593500939089E-02   -0.226366917028144E-02
   -0.219664619787092E-01   -0.882244845946924E-02
   -0.417559669850224E-01   -0.194967973733094E-01
   -0.646881097871976E-01   -0.339354904943570E-01
   -0.899617013489144E-01   -0.521847417411317E-01
   -0.117023955700005E+00   -0.740893276875717E-01
   -0.145929988020826E+00   -0.998285454286196E-01
   -0.176844038351926E+00   -0.129332833408874E+00
   -0.210093535885298E+00   -0.162862161837038E+00
   -0.246014402520341E+00   -0.200330690858539E+00
   -0.284818543813648E+00   -0.241966229082265E+00
   -0.326635515991979E+00   -0.287505877220139E+00
   -0.371255765372244E+00   -0.336988703971981E+00
   -0.418273377783189E+00   -0.389770892658451E+00
   -0.466780040863446E+00   -0.445505407925750E+00
   -0.515508646900157E+00   -0.502955573755065E+00
   -0.562640602215822E+00   -0.561189950826344E+00
   -0.605787422635374E+00   -0.618264173703278E+00
   -0.642206999810003E+00   -0.672566191056276E+00
   -0.668372671606806E+00   -0.721622163461555E+00
   -0.680990089531621E+00   -0.763259928492094E+00
   -0.675882113054466E+00   -0.795127660561927E+00
   -0.650046545627546E+00   -0.815002272278888E+00
   -0.599765848479552E+00   -0.821793712187893E+00
   -0.523424544405684E+00   -0.813827575216100E+00
   -0.419114965569650E+00   -0.792407847345864E+00
   -0.287384426415775E+00   -0.757030433291100E+00
   -0.128996152786892E+00   -0.711596873853544E+00
    0.533618111906948E-01   -0.656472959890637E+00
    0.256759131191376E+00   -0.596843707211337E+00
    0.476246016369527E+00   -0.533195219441093E+00
    0.707007644348289E+00   -0.469132334383118E+00
    0.938619140043245E+00   -0.404689638760216E+00
    0.116048887134913E+01   -0.339445036166071E+00
    0.134563308298535E+01   -0.273985422783177E+00
    0.146391741953870E+01   -0.203968003236200E+00
    0.145360563994336E+01   -0.136235399781988E+00
    0.124465013384615E+01   -0.708780922869296E-01
    0.771428848493377E+00   -0.208631556419974E-01
    0.000000000000000E+00    0.000000000000000E+00
    0.000000000000000E+00    0.000000000000000E+00
   -0.300995682000159E-02   -0.198879742441530E-02
   -0.137638607008426E-01   -0.778839110591162E-02
   -0.296584753415275E-01   -0.175091479970995E-01
   -0.488808366733315E-01   -0.308256322286846E-01
   -0.703740500111651E-01   -0.479518167911357E-01
   -0.936618317142487E-01   -0.687929508276792E-01
   -0.118656007467486E+00   -0.936044818893941E-01
   -0.145535075060400E+00   -0.122434748867815E+00
   -0.174597680670831E+00   -0.155573631959509E+00
   -0.206188531631906E+00   -0.193148474007180E+00
   -0.240611065946642E+00   -0.235386376593876E+00
   -0.278040436457899E+00   -0.282367909343018E+00
   -0.318495650012478E+00   -0.334094748710548E+00
   -0.361688521911278E+00   -0.390419250170371E+00
   -0.407083645399678E+00   -0.450889135300156E+00
   -0.453624841388242E+00   -0.514894358883183E+00
   -0.499966674866383E+00   -0.581274881660496E+00
   -0.544008831928934E+00   -0.648729632619726E+00
   -0.583436388628764E+00   -0.715219303784300E+00
   -0.615004888683418E+00   -0.778687888037027E+00
   -0.635532579619106E+00   -0.836277078098415E+00
   -0.640962162949596E+00   -0.885510453380190E+00
   -0.627791971576903E+00   -0.923226540872843E+00
   -0.592101277407632E+00   -0.947511575276624E+00
   -0.531077664443288E+00   -0.955528315827337E+00
   -0.442317929505435E+00   -0.947411576864602E+00
   -0.324807410521541E+00   -0.921506573125893E+00
   -0.178901310151249E+00   -0.881081730749227E+00
   -0.610509459438466E-02   -0.825254831748418E+00
    0.190341302401066E+00   -0.760044785428688E+00
    0.405812542626018E+00   -0.685070184753913E+00
    0.633957171956239E+00   -0.605747806879318E+00
    0.864217963023322E+00   -0.522209099243087E+00
    0.108382433539797E+01   -0.435230002444784E+00
    0.126708932911039E+01   -0.347827485393986E+00
    0.138318916627712E+01   -0.254432404748310E+00
    0.137636314703960E+01   -0.167678459211095E+00
    0.118182674937501E+01   -0.857567175257856E-01
    0.728275914505830E+00   -0.245727044096513E-01
    0.000000000000000E+00    0.000000000000000E+00
    0.000000000000000E+00    0.000000000000000E+00
    0.541926366179648E-03   -0.158557913793872E-02
   -0.655943614037145E-02   -0.641113278788607E-02
   -0.189078498407554E-01   -0.147059129616909E-01
   -0.344568639623814E-01   -0.263884627911718E-01
   -0.522638038643784E-01   -0.417356948494015E-01
   -0.716913578990168E-01   -0.607580228079259E-01
   -0.926663314541007E-01   -0.837940325290397E-01
   -0.115299969753462E+00   -0.110914359198145E+00
   -0.139856857935798E+00   -0.142560555198957E+00
   -0.166719982133340E+00   -0.178845125130974E+00
   -0.196150353730710E+00   -0.220258146923419E+00
   -0.228499475900307E+00   -0.266843053892672E+00
   -0.263764991020502E+00   -0.319021640484173E+00
   -0.302021338429279E+00   -0.376579537232335E+00
   -0.342753441028017E+00   -0.439677618825366E+00
   -0.385492993382994E+00   -0.507569475434031E+00
   -0.428962332294120E+00   -0.579898619464894E+00
   -0.471845957737670E+00   -0.655071170042457E+00
   -0.511920956280248E+00   -0.731951932463977E+00
   -0.546748898516998E+00   -0.807886339259398E+00
   -0.573201660456931E+00   -0.880817082084700E+00
   -0.587678879910252E+00   -0.947179369537992E+00
   -0.586594293914162E+00   -0.100419069015965E+01
   -0.565662168911498E+00   -0.104825035061367E+01
   -0.521758609123556E+00   -0.107629494104909E+01
   -0.451162115730183E+00   -0.108628999278051E+01
   -0.352317847990546E+00   -0.107584437726539E+01
   -0.223852117029900E+00   -0.104622946892824E+01
   -0.666521403019190E-01   -0.995791479757518E+00
    0.116979735398066E+00   -0.929536632767029E+00
    0.322723475789329E+00   -0.846941683571176E+00
    0.543524570035024E+00   -0.754159242927542E+00
    0.768656343714136E+00   -0.651508544724830E+00
    0.984400342109329E+00   -0.542363806509257E+00
    0.116505564671333E+01   -0.429786528572148E+00
    0.128146351800790E+01   -0.311981697007541E+00
    0.127908838167010E+01   -0.201458363011314E+00
    0.109682588600110E+01   -0.101567315956476E+00
    0.679369902006389E+00   -0.286223397585748E-01
    0.000000000000000E+00    0.000000000000000E+00
    0.000000000000000E+00    0.000000000000000E+00
    0.334987947777312E-02   -0.110736427468914E-02
   -0.819508829229781E-03   -0.464092360328229E-02
   -0.987667797153756E-02   -0.112102043463436E-01
   -0.220649987815337E-01   -0.207840168734684E-01
   -0.362508011005619E-01   -0.338216754845829E-01
   -0.519195335280248E-01   -0.503722880537102E-01
   -0.688639674433030E-01   -0.708327859092698E-01
   -0.872084940876218E-01   -0.953419492531066E-01
   -0.107160161169154E+00   -0.124336541375881E+00
   -0.129069548903742E+00   -0.158082030895183E+00
   -0.153239462762270E+00   -0.197025215945267E+00
   -0.179986695019660E+00   -0.241509350017059E+00
   -0.209491722244360E+00   -0.291875706198624E+00
   -0.241826905012580E+00   -0.348430106869574E+00
   -0.276858168859043E+00   -0.411191946827620E+00
   -0.314173792569856E+00   -0.480225033561091E+00
   -0.353123869462073E+00   -0.554917831942717E+00
   -0.392512242848724E+00   -0.634795278314577E+00
   -0.430978912580757E+00   -0.718266448636037E+00
   -0.466221875071382E+00   -0.803980416985269E+00
   -0.496064729349918E+00   -0.889121258508489E+00
   -0.516927679290232E+00   -0.971252840501962E+00
   -0.525950121498890E+00   -0.104642648369026E+01
   -0.518522477169150E+00   -0.111142539505703E+01
   -0.491632679628778E+00   -0.116159280510993E+01
   -0.440664150095178E+00   -0.119408713255530E+01
   -0.363409079101457E+00   -0.120469432338298E+01
   -0.257045273955920E+00   -0.119294538187747E+01
   -0.121443936657308E+00   -0.115511913674369E+01
    0.425203811401170E-01   -0.109505939499443E+01
    0.231243940199529E+00   -0.101072801242963E+01
    0.438110437748242E+00   -0.909027901851525E+00
    0.652625184828693E+00   -0.789320681947425E+00
    0.860251023059062E+00   -0.657908617732941E+00
    0.103705230171462E+01   -0.519806128341753E+00
    0.115278961661105E+01   -0.374367509120244E+00
    0.115979837034119E+01   -0.240473688291966E+00
    0.100248823877447E+01   -0.119784336801949E+00
    0.619726319709771E+00   -0.330344398304602E-01
    0.000000000000000E+00    0.000000000000000E+00
    0.000000000000000E+00    0.000000000000000E+00
    0.509033364666426E-02   -0.566452521364440E-03
    0.333938760695369E-02   -0.273872253002184E-02
   -0.298070595937819E-02   -0.726942500265229E-02
   -0.120486852648350E-01   -0.144388280687505E-01
   -0.229094270621287E-01   -0.247314152640062E-01
   -0.349689180389654E-01   -0.382914416673231E-01
   -0.480466835652583E-01   -0.555446708567247E-01
   -0.622120187258541E-01   -0.766168516701672E-01
   -0.776154054151683E-01   -0.102025428450731E+00
   -0.946075350344274E-01   -0.131967222577919E+00
   -0.113396472908680E+00   -0.167073106236241E+00
   -0.134399357556801E+00   -0.207581000775164E+00
   -0.157690153252531E+00   -0.254187488004972E+00
   -0.183613527671673E+00   -0.307056596624774E+00
   -0.211928002066044E+00   -0.366820014384880E+00
   -0.242765765457900E+00   -0.433342536699901E+00
   -0.275360325490466E+00   -0.506973597322667E+00
   -0.309436646020693E+00   -0.586927822546497E+00
   -0.343472608592152E+00   -0.672981128242699E+00
   -0.376513230509205E+00   -0.763240504129112E+00
   -0.406105495165949E+00   -0.856613926663904E+00
   -0.430303447037705E+00   -0.949667479615110E+00
   -0.445764366650485E+00   -0.104028538584079E+01
   -0.449353759400036E+00   -0.112342312429920E+01
   -0.437315838658636E+00   -0.119602435961719E+01
   -0.405659506585619E+00   -0.125218453068367E+01
   -0.351197759413452E+00   -0.128855856993002E+01
   -0.270262352120744E+00   -0.130047475205843E+01
   -0.161638836505899E+00   -0.128437170240778E+01
   -0.244563328589348E-01   -0.123967736273578E+01
    0.138942912148554E+00   -0.116386350726211E+01
    0.323107154555804E+00   -0.106196005931746E+01
    0.519482776977793E+00   -0.932282693823779E+00
    0.712868330834000E+00   -0.783783119686586E+00
    0.882395760503266E+00   -0.620124649425558E+00
    0.997785381342575E+00   -0.448499732015648E+00
    0.101554815399933E+01   -0.284900100210962E+00
    0.883068803436678E+00   -0.140819447618318E+00
    0.553001479182325E+00   -0.383412046163456E-01
    0.000000000000000E+00    0.000000000000000E+00
    0.000000000000000E+00    0.000000000000000E+00
    0.583117414211207E-02    0.125730784398012E-04
    0.563684804154704E-02   -0.665593449732229E-03
    0.163886241425408E-02   -0.313863897316130E-02
   -0.476033126729425E-02   -0.774714074349436E-02
   -0.125605437100458E-01   -0.151079419546866E-01
   -0.213295547233976E-01   -0.253721820931017E-01
   -0.308074170139916E-01   -0.389776592736212E-01
   -0.410772151657785E-01   -0.560577690968249E-01
   -0.522283228255467E-01   -0.770741951561545E-01
   -0.645478533986043E-01   -0.102282942467643E+00
   -0.782354570091992E-01   -0.132218113382190E+00
   -0.936113646844628E-01   -0.167286618506109E+00
   -0.110841716215027E+00   -0.208051316032564E+00
   -0.130168484086358E+00   -0.255040921980382E+00
   -0.151615528070677E+00   -0.308698290876844E+00
   -0.175222115796407E+00   -0.369572707433870E+00
   -0.200757968376454E+00   -0.437726264385455E+00
   -0.227868764992031E+00   -0.513528836213632E+00
   -0.255943278867948E+00   -0.596293154566189E+00
   -0.283943073669387E+00   -0.685870017814275E+00
   -0.310756728655069E+00   -0.780410027259812E+00
   -0.334284406120549E+00   -0.878760762206278E+00
   -0.352877357594814E+00   -0.977588114950477E+00
   -0.363019045919831E+00   -0.107424526156744E+01
   -0.362702823392940E+00   -0.116390033116437E+01
   -0.347039854790929E+00   -0.124225039367918E+01
   -0.314211919130432E+00   -0.130361634121431E+01
   -0.258766925486538E+00   -0.134300659477466E+01
   -0.180163251701392E+00   -0.135422961665524E+01
   -0.746035246509786E-01   -0.133412360727304E+01
    0.555404877044183E-01   -0.127826944720749E+01
    0.208546676901712E+00   -0.118779384261432E+01
    0.376464563189972E+00   -0.106015034421310E+01
    0.547313162756285E+00   -0.902856530691470E+00
    0.702804199997372E+00   -0.721925516906753E+00
    0.814004028865723E+00   -0.526325802985214E+00
    0.844555476277770E+00   -0.336699266758816E+00
    0.747521173663510E+00   -0.166481396857797E+00
    0.471524156537785E+00   -0.450694001309516E-01
    0.000000000000000E+00    0.000000000000000E+00
    0.000000000000000E+00    0.000000000000000E+00
    0.550232867103515E-02    0.515201384890860E-03
    0.624333772017407E-02    0.114505290877624E-02
    0.394380595132520E-02    0.699832500636359E-03
   -0.191234708924590E-03   -0.144342772096076E-02
   -0.537881448603109E-02   -0.587214567740069E-02
   -0.112417171579459E-01   -0.127712225154477E-01
   -0.175466286835495E-01   -0.225596816554864E-01
   -0.243705453982038E-01   -0.353040271441553E-01
   -0.317293588132426E-01   -0.514769090869207E-01
   -0.398953436756539E-01   -0.712043836878595E-01
   -0.489454544892913E-01   -0.950998881574762E-01
   -0.592259141733222E-01   -0.123387368660198E+00
   -0.707546274900173E-01   -0.156835656543784E+00
   -0.839053841659916E-01   -0.195731890754554E+00
   -0.985315179650637E-01   -0.240941722732650E+00
   -0.115004591120923E+00   -0.292701075805911E+00
   -0.132885579902750E+00   -0.351841169217312E+00
   -0.152491061740395E+00   -0.418327278944867E+00
   -0.172921110839384E+00   -0.492745564099178E+00
   -0.194324452309628E+00   -0.574414267854250E+00
   -0.215141917594499E+00   -0.663400990848441E+00
   -0.235140554636899E+00   -0.757798907504134E+00
   -0.251944688775688E+00   -0.856877610138010E+00
   -0.264616678257151E+00   -0.956741755826951E+00
   -0.270021076707651E+00   -0.105574246859581E+01
   -0.266178105554374E+00   -0.114727958578459E+01
   -0.249712249151329E+00   -0.122904774341896E+01
   -0.217478999523854E+00   -0.129174060891081E+01
   -0.167153851370977E+00   -0.133276193423029E+01
   -0.954648149987389E-01   -0.134157305077722E+01
   -0.298324812100135E-02   -0.131687429727560E+01
    0.111108792425458E+00   -0.125073134504753E+01
    0.240598071026458E+00   -0.114294934120732E+01
    0.378058045169909E+00   -0.994468932613603E+00
    0.508148289667834E+00   -0.810425427253914E+00
    0.608125011528003E+00   -0.604291198467687E+00
    0.646876908113699E+00   -0.391353431211820E+00
    0.582799273894716E+00   -0.198127734556285E+00
    0.376669418855730E+00   -0.547095937769582E-01
    0.000000000000000E+00    0.000000000000000E+00
    0.000000000000000E+00    0.000000000000000E+00
    0.426052863845410E-02    0.926303334397828E-03
    0.523359360528569E-02    0.262554087493306E-02
    0.417316267435099E-02    0.376887757784589E-02
    0.181010874483655E-02    0.371875833263434E-02
   -0.120546152489445E-02    0.186778727326799E-02
   -0.465580933620604E-02   -0.194035021630840E-02
   -0.832022254011168E-02   -0.805687750572043E-02
   -0.122720889537359E-01   -0.165315089245032E-01
   -0.165040930381998E-01   -0.277086870706919E-01
   -0.211995459985153E-01   -0.417129923613240E-01
   -0.264125780695786E-01   -0.589968346201144E-01
   -0.323639106132419E-01   -0.798192481942083E-01
   -0.390925396366169E-01   -0.104752243245141E+00
   -0.468253872836442E-01   -0.134213042404301E+00
   -0.555404068665353E-01   -0.168814770544104E+00
   -0.654382198007348E-01   -0.209128964773608E+00
   -0.763940251920569E-01   -0.255644420766580E+00
   -0.885190385307489E-01   -0.309046825196685E+00
   -0.101537369280177E+00   -0.369430869303165E+00
   -0.115344597452507E+00   -0.437474696976448E+00
   -0.129461753004346E+00   -0.512500542824032E+00
   -0.143338127045676E+00   -0.594891964600801E+00
   -0.156264411718643E+00   -0.682756196303592E+00
   -0.166887744685725E+00   -0.775604542879113E+00
   -0.174342883317458E+00   -0.870013138556658E+00
   -0.176042723922872E+00   -0.963693800612391E+00
   -0.171270427861448E+00   -0.105171820552461E+01
   -0.155849626074722E+00   -0.112901911365108E+01
   -0.129953961193388E+00   -0.118980886367519E+01
   -0.884226942489825E-01   -0.122562430041453E+01
   -0.333103039506644E-01   -0.123228721704021E+01
    0.395995998528908E-01   -0.119916419937686E+01
    0.124684350780349E+00   -0.112476334299199E+01
    0.220338382508268E+00   -0.100279631287800E+01
    0.314778316910196E+00   -0.839800182474245E+00
    0.393998979086967E+00   -0.641058143493444E+00
    0.436246395259655E+00   -0.425817524826159E+00
    0.404248869691069E+00   -0.221304011500291E+00
    0.261795366272775E+00   -0.650908660489388E-01
    0.000000000000000E+00    0.000000000000000E+00
    0.000000000000000E+00    0.000000000000000E+00
    0.247815411713941E-02    0.985148242576631E-03
    0.319809953664983E-02    0.314144058858069E-02
    0.288641661172911E-02    0.525654200052650E-02
    0.180095698104973E-02    0.658334797645168E-02
    0.421416618620562E-03    0.663835944337431E-02
   -0.121192487529586E-02    0.531612814862617E-02
   -0.288135458116348E-02    0.234067897949360E-02
   -0.470554212732335E-02   -0.226269145160227E-02
   -0.660121962934128E-02   -0.876611419851327E-02
   -0.874073208481857E-02   -0.171797056568696E-01
   -0.110657714980913E-01   -0.278948566704352E-01
   -0.137903736297432E-01   -0.409999464663610E-01
   -0.168149912733024E-01   -0.570456078281055E-01
   -0.204114243425171E-01   -0.761976444989338E-01
   -0.243856747510034E-01   -0.991514625484292E-01
   -0.290924290444643E-01   -0.126123640559498E+00
   -0.341827578066323E-01   -0.157895298704240E+00
   -0.401195467236629E-01   -0.194679065362167E+00
   -0.463190330812579E-01   -0.237225155413738E+00
   -0.533645236210802E-01   -0.285627174124256E+00
   -0.603354040815157E-01   -0.340412135724200E+00
   -0.679053248983757E-01   -0.401314917828203E+00
   -0.747184436040885E-01   -0.468368092508104E+00
   -0.814176656784641E-01   -0.540476845210157E+00
   -0.862036105253288E-01   -0.616900565159855E+00
   -0.893711672720064E-01   -0.694915700388953E+00
   -0.889406323682505E-01   -0.772840041550429E+00
   -0.842773413741546E-01   -0.845126848750100E+00
   -0.741310391605971E-01   -0.909600897990219E+00
   -0.562489536255627E-01   -0.956510630753029E+00
   -0.317885714443127E-01   -0.984936765009791E+00
    0.403850480776010E-02   -0.980348538617703E+00
    0.448588491216221E-01   -0.945578830792221E+00
    0.967929470090017E-01   -0.863677593557755E+00
    0.145877354573703E+00   -0.747818238601732E+00
    0.195969984193656E+00   -0.584060438979799E+00
    0.223831683032328E+00   -0.403817070137798E+00
    0.216480379594738E+00   -0.212750272626037E+00
    0.143130526066865E+00   -0.683297962090318E-01
    0.000000000000000E+00    0.000000000000000E+00
    0.000000000000000E+00    0.000000000000000E+00
    0.676446033513030E-03    0.676446033513769E-03
    0.100720795110163E-02    0.248919086901216E-02
    0.101457569865088E-02    0.437084691600439E-02
    0.733663956070815E-03    0.588991940688217E-02
    0.377165964147856E-03    0.671560456481148E-02
   -0.566029031941419E-04    0.679705474166929E-02
   -0.480934825416820E-03    0.601291118098659E-02
   -0.942763807307805E-03    0.437696862561656E-02
   -0.141268073786897E-02    0.177249953797642E-02
   -0.195347398668865E-02   -0.178190914179189E-02
   -0.252578065187019E-02   -0.651525168707318E-02
   -0.322096515475876E-02   -0.124313064103349E-01
   -0.397363326042644E-02   -0.198729701384375E-01
   -0.490526642965181E-02   -0.288966901610689E-01
   -0.591505470926593E-02   -0.399217984899961E-01
   -0.715452532179802E-02   -0.530896420689702E-01
   -0.848274805924920E-02   -0.688213747452109E-01
   -0.100748143538347E-01   -0.873894401789931E-01
   -0.117487171307285E-01   -0.109085428339468E+00
   -0.136818672308757E-01   -0.134371597019537E+00
   -0.156579091701708E-01   -0.163192665342838E+00
   -0.178046859479580E-01   -0.196248292361140E+00
   -0.198985670771600E-01   -0.232817222225999E+00
   -0.219164908271338E-01   -0.273800428594426E+00
   -0.237078421249876E-01   -0.317422920453222E+00
   -0.248948131513175E-01   -0.364533513780395E+00
   -0.255697018034290E-01   -0.411960616023637E+00
   -0.246855066242506E-01   -0.459712228071768E+00
   -0.229127272946589E-01   -0.503575976447105E+00
   -0.183304689140811E-01   -0.541132038380802E+00
   -0.126717646994389E-01   -0.568532635120932E+00
   -0.264116665469687E-02   -0.579095713013825E+00
    0.836691561428725E-02   -0.571944714326772E+00
    0.238208883662440E-01   -0.534558875954093E+00
    0.388365679738930E-01   -0.476777441944216E+00
    0.545515204209079E-01   -0.379667630869291E+00
    0.676080749675602E-01   -0.270243648672045E+00
    0.729223745160470E-01   -0.140346983415011E+00
    0.347481232212658E-01   -0.375316658730788E-01
    0.000000000000000E+00    0.000000000000000E+00
    0.000000000000000E+00    0.000000000000000E+00
    0.000000000000000E+00    0.000000000000000E+00
    0.000000000000000E+00    0.000000000000000E+00
    0.000000000000000E+00    0.000000000000000E+00
    0.000000000000000E+00    0.000000000000000E+00
    0.000000000000000E+00    0.000000000000000E+00
    0.000000000000000E+00    0.000000000000000E+00
    0.000000000000000E+00    0.000000000000000E+00
    0.000000000000000E+00    0.000000000000000E+00
    0.000000000000000E+00    0.000000000000000E+00
    0.000000000000000E+00    0.000000000000000E+00
    0.000000000000000E+00    0.000000000000000E+00
    0.000000000000000E+00    0.000000000000000E+00
    0.000000000000000E+00    0.000000000000000E+00
    0.000000000000000E+00    0.000000000000000E+00
    0.000000000000000E+00    0.000000000000000E+00
    0.000000000000000E+00    0.000000000000000E+00
    0.000000000000000E+00    0.000000000000000E+00
    0.000000000000000E+00    0.000000000000000E+00
    0.000000000000000E+00    0.000000000000000E+00
    0.000000000000000E+00    0.000000000000000E+00
    0.000000000000000E+00    0.000000000000000E+00
    0.000000000000000E+00    0.000000000000000E+00
    0.000000000000000E+00    0.000000000000000E+00
    0.000000000000000E+00    0.000000000000000E+00
    0.000000000000000E+00    0.000000000000000E+00
    0.000000000000000E+00    0.000000000000000E+00
    0.000000000000000E+00    0.000000000000000E+00
    0.000000000000000E+00    0.000000000000000E+00
    0.000000000000000E+00    0.000000000000000E+00
    0.000000000000000E+00    0.000000000000000E+00
    0.000000000000000E+00    0.000000000000000E+00
    0.000000000000000E+00    0.000000000000000E+00
    0.000000000000000E+00    0.000000000000000E+00
    0.000000000000000E+00    0.000000000000000E+00
    0.000000000000000E+00    0.000000000000000E+00
    0.000000000000000E+00    0.000000000000000E+00
    0.000000000000000E+00    0.000000000000000E+00
    0.000000000000000E+00    0.000000000000000E+00
    0.000000000000000E+00    0.000000000000000E+00
    0.000000000000000E+00    0.000000000000000E+00
