#  p01_00050_nodes.tetra.txt
#  created at September  7 2005   4:43:24.217 PM
#
#  Spatial dimension M =   3
#  Number of points N =    129
#
#  Node data is in "p01_00050_nodes.txt".
#  The spatial dimension was      3
#  The number of nodes was     50
#
#  The triangulation was computed by DTRIS3.
#  The data was written to "p01_00050_nodes.tetra.txt".
#  by ITABLE_TETRA_WRITE.F90.
#
         1         3         9        21
         1         9        21        34
         3         9        13        21
         9        13        16        21
         9        16        21        27
         9        21        27        39
        21        34        37        40
         2         9        16        27
         1         3        21        34
         3        13        21        34
        13        16        20        21
        13        17        34        40
         4        13        16        20
        25        37        39        42
        13        21        34        40
        16        20        21        33
        16        21        27        33
         9        21        34        39
         1         9        34        39
         3        13        17        34
        13        20        21        40
        22        35        37        41
        21        34        37        39
        34        37        39        46
        21        27        33        39
         1        34        39        46
        17        29        34        37
        11        20        33        40
        25        27        33        39
        20        21        33        40
        21        33        37        39
        21        33        37        40
        17        34        37        40
        24        25        33        37
        17        22        37        40
        29        34        37        46
        11        33        37        40
        29        37        39        46
        25        33        37        39
        29        37        39        42
        29        39        42        46
        17        22        29        37
        11        24        33        37
        11        35        37        40
        29        41        42        48
        22        35        37        40
        11        35        37        41
        11        24        37        41
        29        37        41        42
        24        28        35        41
        25        37        41        42
        24        25        37        41
        22        29        37        41
        31        42        48        50
        29        32        41        48
        11        24        35        41
        22        29        32        41
        29        42        46        48
        24        25        41        42
        24        28        41        42
        24        25        30        42
        22        32        35        41
        11        24        35        44
        28        41        42        50
        24        28        30        43
        41        42        48        50
        18        22        32        35
        28        32        35        41
        32        41        48        50
        28        32        41        50
        28        30        31        42
        24        28        43        44
        24        28        35        44
        28        32        35        50
        24        28        30        42
        18        32        35        50
        18        28        35        50
        10        18        28        35
        10        28        35        44
        14        18        32        50
        14        32        48        50
        28        30        31        43
        10        18        28        50
        28        31        42        50
        10        28        43        44
        28        31        43        50
        10        28        43        50
        26        31        43        50
        10        14        18        50
        14        15        48        50
        15        31        48        50
        14        15        26        31
        10        43        44        45
        12        30        31        43
        26        31        36        43
        10        26        43        50
        10        14        18        49
        14        15        31        50
        14        26        31        50
        10        14        26        50
        12        26        31        47
        26        36        38        45
        10        26        36        43
        10        36        43        45
        12        31        36        43
        12        26        31        36
         5        15        19        26
         5        15        26        47
        10        14        26        49
        10        26        38        45
        14        15        19        26
        10        26        36        45
         6        12        26        36
        14        19        26        49
        15        26        31        47
        10        26        38        49
         8        23        26        36
         6        12        26        47
         8        36        38        45
         5        19        26        47
         7        19        26        49
         6        23        26        36
         6        23        26        47
        19        23        26        47
         7        26        38        49
        19        23        26        38
         7        19        26        38
         8        23        26        38
         8        26        36        38
