    0.000000000000000D+00    0.000000000000000D+00
    0.000000000000000D+00    0.000000000000000D+00
    0.000000000000000D+00    0.000000000000000D+00
    0.000000000000000D+00    0.000000000000000D+00
    0.000000000000000D+00    0.000000000000000D+00
    0.000000000000000D+00    0.000000000000000D+00
    0.000000000000000D+00    0.000000000000000D+00
    0.000000000000000D+00    0.000000000000000D+00
    0.000000000000000D+00    0.000000000000000D+00
    0.000000000000000D+00    0.000000000000000D+00
    0.000000000000000D+00    0.000000000000000D+00
    0.000000000000000D+00    0.000000000000000D+00
    0.000000000000000D+00    0.000000000000000D+00
    0.000000000000000D+00    0.000000000000000D+00
    0.000000000000000D+00    0.000000000000000D+00
    0.000000000000000D+00    0.000000000000000D+00
    0.000000000000000D+00    0.000000000000000D+00
    0.000000000000000D+00    0.000000000000000D+00
    0.000000000000000D+00    0.000000000000000D+00
    0.000000000000000D+00    0.000000000000000D+00
    0.000000000000000D+00    0.000000000000000D+00
    0.000000000000000D+00    0.000000000000000D+00
    0.000000000000000D+00    0.000000000000000D+00
    0.000000000000000D+00    0.000000000000000D+00
    0.000000000000000D+00    0.000000000000000D+00
    0.000000000000000D+00    0.000000000000000D+00
    0.000000000000000D+00    0.000000000000000D+00
    0.000000000000000D+00    0.000000000000000D+00
    0.000000000000000D+00    0.000000000000000D+00
    0.000000000000000D+00    0.000000000000000D+00
    0.000000000000000D+00    0.000000000000000D+00
    0.000000000000000D+00    0.000000000000000D+00
    0.000000000000000D+00    0.000000000000000D+00
    0.000000000000000D+00    0.000000000000000D+00
    0.000000000000000D+00    0.000000000000000D+00
    0.000000000000000D+00    0.000000000000000D+00
    0.000000000000000D+00    0.000000000000000D+00
    0.000000000000000D+00    0.000000000000000D+00
    0.000000000000000D+00    0.000000000000000D+00
    0.000000000000000D+00    0.000000000000000D+00
    0.000000000000000D+00    0.000000000000000D+00
    0.000000000000000D+00    0.000000000000000D+00
    0.403024379425844D-03   -0.955004712052847D-04
    0.846924428878575D-03   -0.778624366065027D-03
    0.917424104286315D-03   -0.262565144376632D-02
    0.131849128765748D-02   -0.501209519939994D-02
    0.133863386468934D-02   -0.748692609726077D-02
    0.152041028193706D-02   -0.103202625584576D-01
    0.610740589187782D-03   -0.121164477638422D-01
   -0.666187172551784D-03   -0.115303491556733D-01
   -0.338645618510808D-03   -0.107688799142923D-01
    0.140325755720464D-03   -0.104623371622546D-01
    0.436820629326036D-03   -0.108313882566723D-01
    0.184949621344879D-03   -0.111761837633549D-01
   -0.219775929440741D-03   -0.109922380412317D-01
   -0.563958593106346D-03   -0.101417192049609D-01
   -0.856986076257266D-03   -0.872133325046097D-02
   -0.101811334230395D-02   -0.688977095239936D-02
   -0.107583616205095D-02   -0.490918714868550D-02
   -0.102591314796330D-02   -0.293892714962399D-02
   -0.922490668383318D-03   -0.111086955510260D-02
   -0.784441686028697D-03    0.468959118935240D-03
   -0.633093675531730D-03    0.178440713881827D-02
   -0.488336563725803D-03    0.280717773451380D-02
   -0.348180468027525D-03    0.356947549268998D-02
   -0.227287286599551D-03    0.407619618027839D-02
   -0.115637546906522D-03    0.437047172130737D-02
   -0.229225579949805D-04    0.446476496043196D-02
    0.611157819918454D-04    0.439776530975332D-02
    0.129173020321200D-03    0.418175914225543D-02
    0.189398181269807D-03    0.384851285651314D-02
    0.234367155626990D-03    0.341276152534971D-02
    0.270619719019558D-03    0.290137814832147D-02
    0.288057641420663D-03    0.234039277457389D-02
    0.292728820560347D-03    0.175435355850691D-02
    0.271557234488662D-03    0.119058264747534D-02
    0.232563337211137D-03    0.672489850117227D-03
    0.166443797606140D-03    0.271558496519024D-03
    0.871433463119201D-04   -0.514106922826599D-05
    0.895525296836789D-05   -0.105082749136622D-03
   -0.549740657352205D-04   -0.549740657331565D-04
    0.000000000000000D+00    0.000000000000000D+00
    0.000000000000000D+00    0.000000000000000D+00
    0.471100457844499D-03   -0.189300195702519D-03
    0.221209764791502D-02   -0.103684822857547D-02
    0.374932446442817D-02   -0.323679554124628D-02
    0.487481086897987D-02   -0.721419218914164D-02
    0.527640146826230D-02   -0.113912490980660D-01
    0.396544810257264D-02   -0.147615709290735D-01
    0.849413246045823D-03   -0.170634880917813D-01
   -0.813027637206540D-03   -0.179510771253083D-01
   -0.135530046854400D-02   -0.178596875238280D-01
   -0.120677835758180D-03   -0.175146972397216D-01
    0.397528421225002D-03   -0.171765045242479D-01
   -0.256152778777565D-03   -0.166806609061195D-01
   -0.146055871640898D-02   -0.153671164939155D-01
   -0.245437864696479D-02   -0.132972223376000D-01
   -0.331817385142498D-02   -0.105074700217849D-01
   -0.369072881604544D-02   -0.738169427411668D-02
   -0.379394098163500D-02   -0.404261360964113D-02
   -0.355181818008639D-02   -0.906100874626123D-03
   -0.315605073578007D-02    0.199823731320905D-02
   -0.264760503365940D-02    0.442308826517306D-02
   -0.210902759352688D-02    0.642919220273622D-02
   -0.158793106581034D-02    0.792462165781247D-02
   -0.109613952862488D-02    0.900343366520529D-02
   -0.662033713353929D-03    0.964605774280410D-02
   -0.271172420635489D-03    0.994463101000272D-02
    0.624076571757866D-04    0.990356570636531D-02
    0.356079110634613D-03    0.959954704547462D-02
    0.601129715994744D-03    0.904300562668014D-02
    0.809390066240599D-03    0.829670294886309D-02
    0.971323011143938D-03    0.737692003207470D-02
    0.109075124742352D-02    0.634107656892100D-02
    0.115449053833228D-02    0.521834819912452D-02
    0.115737089449513D-02    0.407261427415780D-02
    0.108666874943586D-02    0.295173594266870D-02
    0.932481232600178D-03    0.193585869244711D-02
    0.702981631750894D-03    0.108403301218614D-02
    0.401677886266820D-03    0.473123142097759D-03
    0.108377424689111D-03    0.113815065540246D-03
   -0.105329539140635D-03    0.103640880756539D-04
    0.000000000000000D+00    0.000000000000000D+00
    0.000000000000000D+00    0.000000000000000D+00
    0.110779909129874D-02   -0.377700670623791D-04
    0.402563966980572D-02   -0.724131415611403D-03
    0.673768250415995D-02   -0.315196783719224D-02
    0.891817501414867D-02   -0.705178954246444D-02
    0.959834587454567D-02   -0.108495958804253D-01
    0.796121216835738D-02   -0.145724359917796D-01
    0.327069389452602D-02   -0.180649359907611D-01
    0.136273010628281D-03   -0.197640247933678D-01
   -0.133041128676970D-02   -0.206895581893660D-01
   -0.135745428941217D-03   -0.203857675407635D-01
   -0.347592857772071D-03   -0.192382897539614D-01
   -0.163537458603202D-02   -0.177049491012244D-01
   -0.350982535629652D-02   -0.150609638520931D-01
   -0.536976053591244D-02   -0.116479045729841D-01
   -0.670768200188258D-02   -0.792244729804749D-02
   -0.740633590141049D-02   -0.373692083250663D-02
   -0.741800594723669D-02    0.313188234820637D-03
   -0.693969739223695D-02    0.418466156880557D-02
   -0.609131286086968D-02    0.754474442624301D-02
   -0.508314130212128D-02    0.103775353877655D-01
   -0.399774083673818D-02    0.125973723454345D-01
   -0.295214108263534D-02    0.142206829196029D-01
   -0.196952689617365D-02    0.152933669656265D-01
   -0.109207765689041D-02    0.158415738858695D-01
   -0.310600805536765D-03    0.159504258137961D-01
    0.366242615730948D-03    0.156447144528330D-01
    0.954171227562367D-03    0.150068478314405D-01
    0.145146328272627D-02    0.140591079201325D-01
    0.186755411957887D-02    0.128728637267301D-01
    0.219508809631600D-02    0.114749436104968D-01
    0.243199791811142D-02    0.993202903557796D-02
    0.256027098040555D-02    0.828649810236563D-02
    0.256584936290814D-02    0.661167126310815D-02
    0.242565348456403D-02    0.497377645495868D-02
    0.212618956866509D-02    0.346084555889215D-02
    0.167050517737049D-02    0.215298897564762D-02
    0.108624901927512D-02    0.113524057427565D-02
    0.480307295248392D-03    0.433819432139546D-03
    0.669266183910431D-05    0.956658271523062D-04
    0.000000000000000D+00    0.000000000000000D+00
    0.000000000000000D+00    0.000000000000000D+00
    0.100232809125556D-02    0.945089898336659D-04
    0.495197343987657D-02   -0.590351424529008D-04
    0.924138233967623D-02   -0.148337119322381D-02
    0.123742927597419D-01   -0.439899209735741D-02
    0.128696662341393D-01   -0.767082426852134D-02
    0.107825881957589D-01   -0.110856224970047D-01
    0.546083861474654D-02   -0.144602509491353D-01
    0.176835584197616D-02   -0.171810045861140D-01
   -0.776539160269494D-03   -0.187489328025107D-01
   -0.129545243707813D-02   -0.187290820962936D-01
   -0.242280611069371D-02   -0.173023576658059D-01
   -0.440493121142970D-02   -0.147191650802165D-01
   -0.712142591403816D-02   -0.111870328908773D-01
   -0.945038142900932D-02   -0.702781794314324D-02
   -0.111794284848712D-01   -0.257124462981483D-02
   -0.118513136875013D-01    0.207655283629876D-02
   -0.116574814139931D-01    0.657713211993406D-02
   -0.107022570197220D-01    0.106372489954552D-01
   -0.927884254036660D-02    0.141704989276715D-01
   -0.761963562001738D-02    0.170001161253238D-01
   -0.588295646443252D-02    0.191945179983999D-01
   -0.421776753731531D-02    0.206773401865078D-01
   -0.266216478877619D-02    0.215792805008826D-01
   -0.127677960212451D-02    0.218824586875948D-01
   -0.417512437626156D-04    0.217154408775425D-01
    0.102491910219076D-02    0.210827780291005D-01
    0.195431907239539D-02    0.200909008811334D-01
    0.273713465943666D-02    0.187519149683049D-01
    0.339361392590150D-02    0.171541309467240D-01
    0.390688987437411D-02    0.153175444038241D-01
    0.427705044666272D-02    0.133256669958454D-01
    0.447392483441233D-02    0.112134925158340D-01
    0.447709157765951D-02    0.907546016716383D-02
    0.425075422127173D-02    0.696811575282034D-02
    0.377696924658417D-02    0.500573745919335D-02
    0.305360662023624D-02    0.326017007240606D-02
    0.213524268884162D-02    0.184318784960496D-02
    0.113893285334797D-02    0.799081854033650D-03
    0.314902618963008D-03    0.194537526768601D-03
    0.000000000000000D+00    0.000000000000000D+00
    0.000000000000000D+00    0.000000000000000D+00
    0.680092478995602D-03    0.391260921898897D-03
    0.532620798608935D-02    0.105632291140642D-02
    0.110259361462431D-01    0.791327931618041D-03
    0.151947817016716D-01   -0.724232242055742D-03
    0.165937071023253D-01   -0.264429686250507D-02
    0.147330398300277D-01   -0.518802635973668D-02
    0.910038531125652D-02   -0.856614754742174D-02
    0.429677701864194D-02   -0.111684188092418D-01
    0.382683247800681D-03   -0.129121577456360D-01
   -0.190864917984488D-02   -0.132340974176392D-01
   -0.445966379586319D-02   -0.115719395721633D-01
   -0.754015677607820D-02   -0.863766878421964D-02
   -0.110247077905703D-01   -0.477325305909707D-02
   -0.139869390684278D-01   -0.229321433479417D-03
   -0.158750308390670D-01    0.433344156112602D-02
   -0.165136051049428D-01    0.915157134037264D-02
   -0.159327122359352D-01    0.135497372204755D-01
   -0.144727416350963D-01    0.175649837358588D-01
   -0.123852498862214D-01    0.208768142071469D-01
   -0.100369841189243D-01    0.235289798246127D-01
   -0.760177987784641D-02    0.254517659571907D-01
   -0.527855274050863D-02    0.266839135803843D-01
   -0.312138333084572D-02    0.272876543895055D-01
   -0.119271315622264D-02    0.272983914576032D-01
    0.517270791620886D-03    0.268127788284670D-01
    0.200493352699566D-02    0.258591396439162D-01
    0.329342853357386D-02    0.245284503716059D-01
    0.438795090935244D-02    0.228444801164430D-01
    0.529920015323702D-02    0.208872161020127D-01
    0.601825063258135D-02    0.186840350567475D-01
    0.653235428031950D-02    0.163130369659203D-01
    0.681041542486644D-02    0.138157530350668D-01
    0.681607572411471D-02    0.112827694941984D-01
    0.650706031049093D-02    0.877782691433179D-02
    0.585086331495503D-02    0.641576238459032D-02
    0.484815305801348D-02    0.427721506672839D-02
    0.355101791623779D-02    0.249204982587102D-02
    0.211243853826870D-02    0.112098427501173D-02
    0.792076887721159D-03    0.287056071157413D-03
    0.000000000000000D+00    0.000000000000000D+00
    0.000000000000000D+00    0.000000000000000D+00
   -0.168797042351153D-03    0.515235512977176D-03
    0.437216066114667D-02    0.191757920498600D-02
    0.106230487395190D-01    0.309525560988641D-02
    0.157951355370269D-01    0.342588601182858D-02
    0.178403913464674D-01    0.312416478558980D-02
    0.165998723356847D-01    0.180288729990952D-02
    0.117159489363166D-01   -0.469141820221640D-03
    0.657501970979997D-02   -0.262867266504525D-02
    0.155350501725636D-02   -0.441062423057797D-02
   -0.267227706884868D-02   -0.452076964530103D-02
   -0.671610628195197D-02   -0.313919531700769D-02
   -0.110178923653461D-01   -0.260491860354932D-03
   -0.151604013847326D-01    0.338204824051754D-02
   -0.185150153189918D-01    0.773163579061560D-02
   -0.205166979492390D-01    0.120839793624085D-01
   -0.209682721060785D-01    0.165357811781603D-01
   -0.199727140752783D-01    0.205901661254614D-01
   -0.179452002025041D-01    0.241715493766189D-01
   -0.151715155918747D-01    0.271054019447753D-01
   -0.121244406724714D-01    0.293470576027760D-01
   -0.897792834520297D-02    0.309081461781672D-01
   -0.600570356967476D-02    0.317783012882544D-01
   -0.323855059287140D-02    0.320510937091702D-01
   -0.778590008637397D-03    0.317430666780417D-01
    0.141338665953708D-02    0.309548019095088D-01
    0.331318394465981D-02    0.297095077102303D-01
    0.496889256236846D-02    0.280928798487305D-01
    0.637083415570292D-02    0.261281717784690D-01
    0.754630520673722D-02    0.238889402031225D-01
    0.847095140836521D-02    0.214022460771512D-01
    0.913888717892303D-02    0.187418986823962D-01
    0.950008107145033D-02    0.159475946559887D-01
    0.951733129650432D-02    0.131090008676271D-01
    0.912384761784878D-02    0.102884164178371D-01
    0.829014652884486D-02    0.760358031974203D-02
    0.698753253403189D-02    0.514324591678425D-02
    0.529745130385925D-02    0.304524283234905D-02
    0.334238628018672D-02    0.140714894774790D-02
    0.144894517353227D-02    0.364714138183095D-03
    0.000000000000000D+00    0.000000000000000D+00
    0.000000000000000D+00    0.000000000000000D+00
   -0.147363915476840D-02    0.696346964384049D-03
    0.251683008378908D-02    0.268461604268011D-02
    0.916480747317295D-02    0.516378940182780D-02
    0.150951029553915D-01    0.705899601771454D-02
    0.182342440100450D-01    0.887578381170860D-02
    0.180168070482190D-01    0.922922430322148D-02
    0.136923447152728D-01    0.838176692058324D-02
    0.829882386201340D-02    0.740152561684510D-02
    0.228326070569067D-02    0.613652704820514D-02
   -0.337827941254163D-02    0.609933552562418D-02
   -0.887439706502353D-02    0.743761342993303D-02
   -0.141961609347846D-01    0.978385013078066D-02
   -0.190272615641014D-01    0.129229642773538D-01
   -0.227077656985973D-01    0.166139095664933D-01
   -0.247269653775976D-01    0.202767414088699D-01
   -0.249651147909420D-01    0.239929212812352D-01
   -0.235509613613246D-01    0.273150226277413D-01
   -0.209479082824118D-01    0.302192333469320D-01
   -0.175357922113009D-01    0.325345741464520D-01
   -0.137985078575154D-01    0.342360682870944D-01
   -0.100021548784828D-01    0.353238947415176D-01
   -0.639452681378372D-02    0.357848024142093D-01
   -0.306807273856440D-02    0.357064194549021D-01
   -0.863532443375056D-04    0.350907919003751D-01
    0.255360217568060D-02    0.340350497093601D-01
    0.486290358610639D-02    0.325482880148241D-01
    0.686634661117252D-02    0.307138782288514D-01
    0.858000169234209D-02    0.285433050172356D-01
    0.100120768246078D-01    0.261082329818107D-01
    0.111526900141685D-01    0.234263770992552D-01
    0.119768152624656D-01    0.205694312280866D-01
    0.124375387333824D-01    0.175697287972493D-01
    0.124749434161189D-01    0.145155973904961D-01
    0.120182960688013D-01    0.114642994918809D-01
    0.110089533335159D-01    0.853823706941509D-02
    0.942145625874874D-02    0.582566076449361D-02
    0.730329992814478D-02    0.348624871543520D-02
    0.480644193379801D-02    0.162611716994002D-02
    0.222508006551808D-02    0.429577109830726D-03
    0.000000000000000D+00    0.000000000000000D+00
    0.000000000000000D+00    0.000000000000000D+00
   -0.281776036350480D-02    0.706611591240738D-03
   -0.238778424745730D-04    0.302791897859307D-02
    0.596953745713652D-02    0.628673247376585D-02
    0.121253467713082D-01    0.978463013505814D-02
    0.161548131053290D-01    0.131833993811908D-01
    0.168735371733196D-01    0.154386451867160D-01
    0.138391666675941D-01    0.164721585175231D-01
    0.886403171050408D-02    0.168563219392601D-01
    0.255856157906670D-02    0.166559775854329D-01
   -0.399246950951503D-02    0.171291566069012D-01
   -0.103957325619139D-01    0.181969132001064D-01
   -0.166443695267648D-01    0.201903383394444D-01
   -0.218908183980401D-01    0.225234536294738D-01
   -0.258704866756515D-01    0.253753620817129D-01
   -0.278332739671471D-01    0.281048296285758D-01
   -0.279417331996678D-01    0.308654402964529D-01
   -0.261363968188674D-01    0.332754304390741D-01
   -0.231221461103263D-01    0.353404603162914D-01
   -0.191445056651483D-01    0.369282092521988D-01
   -0.148759161922143D-01    0.379997269150891D-01
   -0.104937815185588D-01    0.385676201888717D-01
   -0.636899291494498D-02    0.386047436013464D-01
   -0.252979760683860D-02    0.381807514116139D-01
    0.895457995209685D-03    0.372932480840480D-01
    0.395426557775669D-02    0.360137081601391D-01
    0.662509475485736D-02    0.343523286595425D-01
    0.896214394939079D-02    0.323684497768694D-01
    0.109613216023039D-01    0.300766906448134D-01
    0.126481816551191D-01    0.275285781913129D-01
    0.139953101277315D-01    0.247447404019880D-01
    0.149841367743652D-01    0.217805457454824D-01
    0.155469938166750D-01    0.186702346466689D-01
    0.156215275389593D-01    0.154894784898514D-01
    0.151067975776217D-01    0.122988770346901D-01
    0.139422509573957D-01    0.921295286159861D-02
    0.120585976712056D-01    0.633210949385224D-02
    0.951982691930238D-02    0.381522695140553D-02
    0.642600704821180D-02    0.180011851814486D-02
    0.311851528805869D-02    0.476708373848026D-03
    0.000000000000000D+00    0.000000000000000D+00
    0.000000000000000D+00    0.000000000000000D+00
   -0.442602529183236D-02    0.692283579088916D-03
   -0.311793497869233D-02    0.300528803256472D-02
    0.192717330898087D-02    0.681510915626357D-02
    0.801223556502430D-02    0.111054066713166D-01
    0.126267138619750D-01    0.162457707113225D-01
    0.144930557176281D-01    0.201004173410301D-01
    0.125270380001368D-01    0.230592207535547D-01
    0.824390547792356D-02    0.251101030767530D-01
    0.202166162392540D-02    0.261196122710969D-01
   -0.493119184883784D-02    0.272606944745079D-01
   -0.119489559462700D-01    0.284641749849818D-01
   -0.186618232172639D-01    0.300477327466632D-01
   -0.242806763828754D-01    0.316954158200166D-01
   -0.283333254005820D-01    0.335371620134753D-01
   -0.302690236720581D-01    0.352463959820198D-01
   -0.301341944763548D-01    0.368436124120786D-01
   -0.280471405706502D-01    0.382475550473875D-01
   -0.245925377198300D-01    0.393315974537795D-01
   -0.202037876213589D-01    0.401435914098498D-01
   -0.154290069800328D-01    0.405219483226790D-01
   -0.106077988894392D-01    0.405803765611877D-01
   -0.600519227911804D-02    0.401898471674324D-01
   -0.176050641699578D-02    0.394707224449699D-01
    0.207474376776699D-02    0.383487211078494D-01
    0.548340603761842D-02    0.369187474613473D-01
    0.849530161702188D-02    0.351442884604694D-01
    0.111262301359693D-01    0.330965874220046D-01
    0.134037027497784D-01    0.307590064032057D-01
    0.153274096672742D-01    0.281893899412904D-01
    0.168859890851369D-01    0.253861743466979D-01
    0.180392062170943D-01    0.224078329807444D-01
    0.187216006454614D-01    0.192715216951287D-01
    0.188454941708609D-01    0.160550011276106D-01
    0.183022292319292D-01    0.128059613780655D-01
    0.169933973959926D-01    0.964477452290266D-02
    0.148452562515432D-01    0.666462388730545D-02
    0.118694523893228D-01    0.404220745928311D-02
    0.818410071210264D-02    0.191586797360193D-02
    0.407780643039994D-02    0.513185451940218D-03
    0.000000000000000D+00    0.000000000000000D+00
    0.000000000000000D+00    0.000000000000000D+00
   -0.567251598495957D-02    0.567530494358081D-03
   -0.600828452784272D-02    0.269575547784479D-02
   -0.245719325658979D-02    0.634943682748349D-02
    0.277780020796129D-02    0.112301263781154D-01
    0.751384305616492D-02    0.169596631422004D-01
    0.994367325775194D-02    0.222332165570399D-01
    0.926821898811783D-02    0.267927089719485D-01
    0.593736244673639D-02    0.303440667865222D-01
    0.466403920509690D-03    0.327888147260451D-01
   -0.622431997761518D-02    0.347759132264678D-01
   -0.131711747940145D-01    0.362449404884244D-01
   -0.199648575763203D-01    0.376797119265058D-01
   -0.254955102662575D-01    0.387653764566806D-01
   -0.295137757042265D-01    0.398256599450064D-01
   -0.312602835626751D-01    0.405928913170652D-01
   -0.310142169251756D-01    0.412302879102553D-01
   -0.286910625880257D-01    0.416682654478322D-01
   -0.250567910267305D-01    0.418956415842788D-01
   -0.203651978693578D-01    0.419505208214646D-01
   -0.153366340807040D-01    0.417263997018883D-01
   -0.101758151839012D-01    0.413003426379651D-01
   -0.527911612718537D-02    0.405638852249574D-01
   -0.701276923608812D-03    0.395922110472412D-01
    0.342842620359564D-02    0.383167743724052D-01
    0.714182277733688D-02    0.367949160624641D-01
    0.104273583206464D-01    0.349915472956094D-01
    0.133284158118111D-01    0.329488140945137D-01
    0.158490219205788D-01    0.306518289767337D-01
    0.180027127387251D-01    0.281356876775946D-01
    0.197610017550376D-01    0.254006453385081D-01
    0.210859425622321D-01    0.224862662178881D-01
    0.218931001917697D-01    0.194110710581540D-01
    0.220862212310438D-01    0.162367887076102D-01
    0.215262051511527D-01    0.130134839109441D-01
    0.201025985498891D-01    0.984950070855798D-02
    0.176916523336240D-01    0.684630246336495D-02
    0.143069278605846D-01    0.417481253583375D-02
    0.100024708831151D-01    0.199500121584470D-02
    0.510008562616414D-02    0.535558714199078D-03
    0.000000000000000D+00    0.000000000000000D+00
    0.000000000000000D+00    0.000000000000000D+00
   -0.686158276112092D-02    0.411851935437586D-03
   -0.879759416751580D-02    0.207723391845913D-02
   -0.688324378468331D-02    0.538910902116979D-02
   -0.268391491668648D-02    0.995627679435800D-02
    0.159108114163421D-02    0.161568631899314D-01
    0.451405560720664D-02    0.219952609802181D-01
    0.460577175932528D-02    0.278481119781232D-01
    0.236708098937331D-02    0.326426118742596D-01
   -0.231052080793256D-02    0.362649571557042D-01
   -0.829952518168281D-02    0.392182563079160D-01
   -0.148651427641972D-01    0.410953388498730D-01
   -0.212441822392105D-01    0.426221155878640D-01
   -0.264939715463192D-01    0.433718626465328D-01
   -0.301930440156848D-01    0.438270378804094D-01
   -0.317029176185042D-01    0.438603476680224D-01
   -0.312235826723106D-01    0.436366753189658D-01
   -0.287486024884173D-01    0.432981402023652D-01
   -0.249056130179282D-01    0.427458514414849D-01
   -0.200757669732642D-01    0.422076668773325D-01
   -0.148143977486760D-01    0.414502732780191D-01
   -0.947751974474441D-02    0.406761811155225D-01
   -0.432847931463367D-02    0.396652768325489D-01
    0.459666532558218D-03    0.385547368554515D-01
    0.484516788317955D-02    0.371990568981874D-01
    0.878450562792532D-02    0.356840705129339D-01
    0.123178938447355D-01    0.339247621946325D-01
    0.154441594770402D-01    0.319771654399540D-01
    0.181957616069294D-01    0.297939555832273D-01
    0.205593135035720D-01    0.274171814100999D-01
    0.225183677232048D-01    0.248241173253920D-01
    0.240154299373473D-01    0.220574743325024D-01
    0.249631583064386D-01    0.191174539724854D-01
    0.252426445932966D-01    0.160667428342698D-01
    0.246991810041905D-01    0.129404397109425D-01
    0.231833841618971D-01    0.984897542941434D-02
    0.205554646019897D-01    0.688329196912717D-02
    0.167683085679011D-01    0.422442392484693D-02
    0.118803600767887D-01    0.202792370345858D-02
    0.614637352179996D-02    0.549966575564612D-03
    0.000000000000000D+00    0.000000000000000D+00
    0.000000000000000D+00    0.000000000000000D+00
   -0.755338893737255D-02    0.230332398083370D-03
   -0.108354615824048D-01    0.139084600061496D-02
   -0.105453709321567D-01    0.392838297528538D-02
   -0.785445620509997D-02    0.800801503410685D-02
   -0.437904663054732D-02    0.135440717347751D-01
   -0.175608544456547D-02    0.195807647057565D-01
   -0.989063834397536D-03    0.257867342815139D-01
   -0.244929684778558D-02    0.313427014349900D-01
   -0.601032912294013D-02    0.359569845737476D-01
   -0.110301472456237D-01    0.395869299500313D-01
   -0.167356278304969D-01    0.421105328970990D-01
   -0.223300059425330D-01    0.437722064895399D-01
   -0.269664651417998D-01    0.445488212648731D-01
   -0.301137833529333D-01    0.446965894119719D-01
   -0.312825269639931D-01    0.443339820360871D-01
   -0.305535901647313D-01    0.436155812349653D-01
   -0.279552471187399D-01    0.427541473019495D-01
   -0.240631553435978D-01    0.417400937184646D-01
   -0.191734208972602D-01    0.407759220308669D-01
   -0.138862388132909D-01    0.397162900935233D-01
   -0.845293868115389D-02    0.387063231272260D-01
   -0.321646048677187D-02    0.375761703656246D-01
    0.172256136586097D-02    0.364131713018858D-01
    0.625701538687639D-02    0.350896473894870D-01
    0.103838333822531D-01    0.336560661893390D-01
    0.141028934768283D-01    0.320316236923249D-01
    0.174331535324344D-01    0.302480320087128D-01
    0.203844269040385D-01    0.282590240344333D-01
    0.229510446441393D-01    0.260884647256471D-01
    0.251025951366663D-01    0.237135977713152D-01
    0.267781290129105D-01    0.211613336536844D-01
    0.278762879566082D-01    0.184309057784761D-01
    0.282621112635680D-01    0.155701344118637D-01
    0.277549081513594D-01    0.126127045331648D-01
    0.261821421914880D-01    0.965606629685495D-02
    0.233538873470636D-01    0.679269222227746D-02
    0.192105212927793D-01    0.419503952912685D-02
    0.137385871233444D-01    0.203021613672555D-02
    0.721170930258828D-02    0.552762710192341D-03
    0.000000000000000D+00    0.000000000000000D+00
    0.000000000000000D+00    0.000000000000000D+00
   -0.796098446668349D-02    0.310913550775648D-04
   -0.123088193957377D-01    0.578263842695403D-03
   -0.135256603972154D-01    0.227502219319875D-02
   -0.122977858151918D-01    0.529551806911303D-02
   -0.100495693263270D-01    0.100523993333226D-01
   -0.783367498806608D-02    0.154208117513782D-01
   -0.704488009720603D-02    0.215764550106965D-01
   -0.773523656473687D-02    0.272789887794871D-01
   -0.104430997548766D-01    0.323158098088039D-01
   -0.143154148162911D-01    0.365245831849126D-01
   -0.189955927496693D-01    0.393904969300988D-01
   -0.236197364549085D-01    0.414736063879905D-01
   -0.273971672170261D-01    0.422913764859793D-01
   -0.299437687571203D-01    0.425064866669078D-01
   -0.306185697577277D-01    0.419668389070816D-01
   -0.296495603042270D-01    0.410691056078172D-01
   -0.269084509049363D-01    0.399772561285880D-01
   -0.229741255609894D-01    0.387337823234652D-01
   -0.181028054901890D-01    0.376109980297480D-01
   -0.128065599816434D-01    0.364206542720893D-01
   -0.738654425798697D-02    0.353787102405719D-01
   -0.209141525042656D-02    0.342592564786837D-01
    0.290495362229684D-02    0.331891902073092D-01
    0.755983116704210D-02    0.319968365121222D-01
    0.118110895105193D-01    0.307507584705816D-01
    0.156944301388482D-01    0.293407162069492D-01
    0.191918304679743D-01    0.278055264764615D-01
    0.223306844262819D-01    0.260797573168034D-01
    0.250842442577433D-01    0.241895930993573D-01
    0.274265842869888D-01    0.220975219112892D-01
    0.292838331799450D-01    0.198300361047125D-01
    0.305449656356795D-01    0.173727547137092D-01
    0.310597160853067D-01    0.147705010426157D-01
    0.306228620607093D-01    0.120437349640152D-01
    0.290279596808685D-01    0.928587365391341D-02
    0.260563156472968D-01    0.657806174279037D-02
    0.215854657770663D-01    0.409384403983052D-02
    0.155908445218134D-01    0.199362812564623D-02
    0.826684060782132D-02    0.548675063036802D-03
    0.000000000000000D+00    0.000000000000000D+00
    0.000000000000000D+00    0.000000000000000D+00
   -0.793585916118790D-02   -0.135651048857407D-03
   -0.129324140093297D-01   -0.137069981238637D-03
   -0.153120064283381D-01    0.631175658081014D-03
   -0.155572518981221D-01    0.259908080035679D-02
   -0.145609054635038D-01    0.598177701382083D-02
   -0.133178142532925D-01    0.104344054963254D-01
   -0.127072014056636D-01    0.156975346638855D-01
   -0.132297617139219D-01    0.210370993738439D-01
   -0.151548262483494D-01    0.260462698444765D-01
   -0.180781980902247D-01    0.303074473033277D-01
   -0.217009196843160D-01    0.335655473118920D-01
   -0.251951871803883D-01    0.357905953883203D-01
   -0.281079776646959D-01    0.369750710435078D-01
   -0.297804474677020D-01    0.372927907799362D-01
   -0.299930850141238D-01    0.369514823624393D-01
   -0.286094306385975D-01    0.361216951990024D-01
   -0.257684023396247D-01    0.351054909237052D-01
   -0.217791422517439D-01    0.339301748567233D-01
   -0.169681904520852D-01    0.328598313578618D-01
   -0.117381535643685D-01    0.317745459245501D-01
   -0.636438084200992D-02    0.308412125386363D-01
   -0.109522212654779D-02    0.298922438659162D-01
    0.393397851424911D-02    0.290133134767405D-01
    0.864653135717216D-02    0.280601865019371D-01
    0.130044460965990D-01    0.270754187942087D-01
    0.170137212595825D-01    0.259586033711023D-01
    0.206672744878182D-01    0.247329607627959D-01
    0.239749434566074D-01    0.233354996839860D-01
    0.269119535297150D-01    0.217812180762964D-01
    0.294436444132935D-01    0.200320020568502D-01
    0.314881616547422D-01    0.181034639440665D-01
    0.329273979152961D-01    0.159784643026227D-01
    0.335891835663714D-01    0.136895225494951D-01
    0.332499078086793D-01    0.112519652250320D-01
    0.316704615412876D-01    0.874622326103138D-02
    0.285859791611252D-01    0.624830835101194D-02
    0.238477588454957D-01    0.392104482058564D-02
    0.173543370655687D-01    0.192712919486696D-02
    0.930269904041718D-02    0.533471586773998D-03
    0.000000000000000D+00    0.000000000000000D+00
    0.000000000000000D+00    0.000000000000000D+00
   -0.758405472129595D-02   -0.303590034479185D-03
   -0.128888185808599D-01   -0.818780858194049D-03
   -0.161548321465736D-01   -0.912623669720374D-03
   -0.176239613514848D-01   -0.128649313762513D-03
   -0.179416940833211D-01    0.193286508714866D-02
   -0.176471855132576D-01    0.502821690154565D-02
   -0.176451351087317D-01    0.918528387346803D-02
   -0.181099076363076D-01    0.136349656718840D-01
   -0.196509187053233D-01    0.181064893339132D-01
   -0.217480099150279D-01    0.221562026288420D-01
   -0.244103554167206D-01    0.253110751752417D-01
   -0.269254718804763D-01    0.277688080941811D-01
   -0.288530649385428D-01    0.290707372442217D-01
   -0.298395786883561D-01    0.297573920087087D-01
   -0.294231747704166D-01    0.296290138188500D-01
   -0.277704841311667D-01    0.291373234758889D-01
   -0.247237240636518D-01    0.283656988477968D-01
   -0.207491203825996D-01    0.274739038688235D-01
   -0.159791009370245D-01    0.266594748927192D-01
   -0.108417244893179D-01    0.258430282557193D-01
   -0.554735187669634D-02    0.251871601298716D-01
   -0.318990412758755D-03    0.245286373203303D-01
    0.469899000832349D-02    0.239603102466130D-01
    0.945484522250590D-02    0.233333246245133D-01
    0.138839074947048D-01    0.226930197523710D-01
    0.180056728061018D-01    0.219354699190488D-01
    0.217923395018249D-01    0.210823955337159D-01
    0.252587174819631D-01    0.200678787710238D-01
    0.283689315353395D-01    0.189039721782265D-01
    0.310856450601221D-01    0.175479046802254D-01
    0.333230151082528D-01    0.160112363972755D-01
    0.349480749041169D-01    0.142690003393804D-01
    0.357831947838939D-01    0.123472760505147D-01
    0.355733244364294D-01    0.102503445843153D-01
    0.340542111725484D-01    0.804929784071507D-02
    0.309207802555386D-01    0.580822992835320D-02
    0.259632589702858D-01    0.368253972883256D-02
    0.190528540582865D-01    0.182661031748758D-02
    0.102970962645724D-01    0.511999032349797D-03
    0.000000000000000D+00    0.000000000000000D+00
    0.000000000000000D+00    0.000000000000000D+00
   -0.695020727126457D-02   -0.412387401025452D-03
   -0.122003326720101D-01   -0.132505665120877D-02
   -0.159542418341907D-01   -0.214120600486546D-02
   -0.183869289888950D-01   -0.237503444446602D-02
   -0.198188114385823D-01   -0.166961001271946D-02
   -0.206389993858424D-01    0.835504866591488D-04
   -0.213459739702293D-01    0.278847821999455D-02
   -0.222262376618627D-01    0.610128911816418D-02
   -0.236167171767701D-01    0.965755539171808D-02
   -0.252832094333087D-01    0.130664195283681D-01
   -0.272446785121519D-01    0.159848946172544D-01
   -0.288855250724627D-01    0.182725421176394D-01
   -0.300777507768707D-01    0.197906676742670D-01
   -0.302538697128431D-01    0.206393589677273D-01
   -0.293988232742415D-01    0.209064847396342D-01
   -0.272997796092206D-01    0.207547202197515D-01
   -0.241504371710394D-01    0.203929593783618D-01
   -0.200789083737054D-01    0.198936007727267D-01
   -0.153834768993673D-01    0.194551764251486D-01
   -0.103049770962205D-01    0.190256457864625D-01
   -0.509282002905144D-02    0.187301767650810D-01
    0.875162487569023D-04    0.184518500744577D-01
    0.509622076198768D-02    0.182523548124636D-01
    0.987851319560660D-02    0.180128409805887D-01
    0.143779327351307D-01    0.177614214441432D-01
    0.185982707118702D-01    0.174077124005350D-01
    0.225153331497276D-01    0.169650770178424D-01
    0.261334056469109D-01    0.163716340374601D-01
    0.294153452380587D-01    0.156338711715124D-01
    0.323207086581811D-01    0.147088480073831D-01
    0.347542028034108D-01    0.136011608812678D-01
    0.365829278815068D-01    0.122825214947730D-01
    0.376050729114148D-01    0.107685850618216D-01
    0.375561474872582D-01    0.905624154824407D-02
    0.361330728778618D-01    0.720309063864825D-02
    0.329913830036628D-01    0.526275215672134D-02
    0.278829030332606D-01    0.337741135412476D-02
    0.206000147927529D-01    0.169494457583342D-02
    0.112352936403156D-01    0.479290368150160D-03
    0.000000000000000D+00    0.000000000000000D+00
    0.000000000000000D+00    0.000000000000000D+00
   -0.608260365375029D-02   -0.507493436501789D-03
   -0.110136200303053D-01   -0.171211249280260D-02
   -0.149821632366766D-01   -0.310784084101487D-02
   -0.180738307905001D-01   -0.420236742652900D-02
   -0.204367523901297D-01   -0.465462681113319D-02
   -0.222057507420019D-01   -0.422388536638951D-02
   -0.237380199165883D-01   -0.290711346342538D-02
   -0.250874861838543D-01   -0.908151606293674D-03
   -0.266368275517172D-01    0.153356568183240D-02
   -0.280877631342458D-01    0.408828566656943D-02
   -0.295854896706382D-01    0.640416223792580D-02
   -0.306569185863413D-01    0.842939406507993D-02
   -0.311670247659531D-01    0.982911544569172D-02
   -0.308506017566603D-01    0.108604788454652D-01
   -0.294865269510274D-01    0.113409020046054D-01
   -0.271795089212251D-01    0.115890409983771D-01
   -0.238349906246188D-01    0.116020951618157D-01
   -0.197888308209454D-01    0.115552514336869D-01
   -0.151128364097330D-01    0.115358127841970D-01
   -0.101352206762447D-01    0.115457185605720D-01
   -0.499172871330268D-02    0.116678905365993D-01
    0.128126984036419D-03    0.118129479582312D-01
    0.511841124011684D-02    0.120275526347929D-01
    0.991834474484765D-02    0.122104725894901D-01
    0.144725044012372D-01    0.123803846693258D-01
    0.187809648022485D-01    0.124598115780908D-01
    0.228142858770561D-01    0.124537821970887D-01
    0.265729078833845D-01    0.123083980179531D-01
    0.300181188335372D-01    0.120231322747892D-01
    0.331030396823317D-01    0.115573601410279D-01
    0.357365092722964D-01    0.109095108697372D-01
    0.377693805399552D-01    0.100469310278767D-01
    0.390041143915550D-01    0.897770540292051D-02
    0.391421061792496D-01    0.768775711329867D-02
    0.378655055762828D-01    0.622286581271541D-02
    0.347815434137502D-01    0.462221807623231D-02
    0.295856311815209D-01    0.301404320407699D-02
    0.220274839488220D-01    0.153500957303848D-02
    0.121028769937694D-01    0.441185242957824D-03
    0.000000000000000D+00    0.000000000000000D+00
    0.000000000000000D+00    0.000000000000000D+00
   -0.510368757297587D-02   -0.543742475365161D-03
   -0.950421580413740D-02   -0.192516278733995D-02
   -0.133883567633129D-01   -0.369102716919029D-02
   -0.168436498363201D-01   -0.542449233372075D-02
   -0.198649561334018D-01   -0.678125433989552D-02
   -0.224719131221338D-01   -0.747046704020992D-02
   -0.247717029978569D-01   -0.744564371092616D-02
   -0.267735173932172D-01   -0.671114809763098D-02
   -0.286472188552161D-01   -0.547793050013849D-02
   -0.302002009285281D-01   -0.393055966201539D-02
   -0.315344442489468D-01   -0.235589611684822D-02
   -0.322607118272643D-01   -0.871821492958749D-03
   -0.324218560924732D-01    0.320769019216031D-03
   -0.316548292810133D-01    0.126773234224553D-02
   -0.300485353491537D-01    0.191508210397486D-02
   -0.274574499548970D-01    0.239193679257406D-02
   -0.240689999553288D-01    0.274775055866241D-02
   -0.199566616541589D-01    0.307541428842701D-02
   -0.153559944382831D-01    0.344750972051432D-02
   -0.104236975319617D-01    0.386865381679669D-02
   -0.535854635257541D-02    0.438694751110842D-02
   -0.278359741068175D-03    0.494353589796400D-02
    0.469507875468191D-02    0.555866562162682D-02
    0.951489719280800D-02    0.615645313844550D-02
    0.141229722079491D-01    0.674236808352645D-02
    0.185147253282911D-01    0.725149264092849D-02
    0.226599030462341D-01    0.768370369373371D-02
    0.265544244229465D-01    0.798923137190177D-02
    0.301578860952760D-01    0.816441286374626D-02
    0.334244492958118D-01    0.816885381845283D-02
    0.362555213588484D-01    0.799549576190097D-02
    0.385075359967736D-01    0.760889744585957D-02
    0.399610024272589D-01    0.700662671937767D-02
    0.403163170788730D-01    0.616697213688099D-02
    0.392154074742687D-01    0.512003331476051D-02
    0.362344608365572D-01    0.389127963368615D-02
    0.310213612140174D-01    0.259190817306339D-02
    0.232482411404714D-01    0.134407018961371D-02
    0.128790065445033D-01    0.392214977257607D-03
    0.000000000000000D+00    0.000000000000000D+00
    0.000000000000000D+00    0.000000000000000D+00
   -0.403192507293041D-02   -0.561275129469787D-03
   -0.776660123529304D-02   -0.200945301235241D-02
   -0.113923671021312D-01   -0.400032515486761D-02
   -0.149662219298244D-01   -0.613208822250466D-02
   -0.184072898563821D-01   -0.815650379954356D-02
   -0.216241979272541D-01   -0.970663446101745D-02
   -0.245904916255179D-01   -0.107476584138630D-01
   -0.271826922146735D-01   -0.111479648536794D-01
   -0.294924515943414D-01   -0.110411062390762D-01
   -0.312862609222682D-01   -0.105273061223462D-01
   -0.326580734505098D-01   -0.980273876607266D-02
   -0.333163670547994D-01   -0.896655814370155D-02
   -0.332713012167682D-01   -0.820523117021833D-02
   -0.323639108499053D-01   -0.746779679607426D-02
   -0.305566935168977D-01   -0.687784772128175D-02
   -0.279256688858413D-01   -0.629222413032899D-02
   -0.244732930911902D-01   -0.575440999429411D-02
   -0.204342674024402D-01   -0.515467257202300D-02
   -0.158805601279574D-01   -0.448754399601758D-02
   -0.110548657002928D-01   -0.373168738974085D-02
   -0.605667753534440D-02   -0.287506920496327D-02
   -0.104275245795568D-02   -0.195831696538017D-02
    0.390813512392129D-02   -0.981346191982022D-03
    0.872980421998702D-02   -0.892403962152208D-06
    0.133772480342174D-01    0.973344948734854D-03
    0.178342249570039D-01    0.189336199425483D-02
    0.220740950315821D-01    0.274607926834478D-02
    0.260855574828584D-01    0.349384944834589D-02
    0.298323201848821D-01    0.412286864201662D-02
    0.332624669873267D-01    0.459785915995908D-02
    0.362864508941787D-01    0.490477040107506D-02
    0.387475926196816D-01    0.500404602844254D-02
    0.404381223233776D-01    0.488704942558449D-02
    0.410271309526023D-01    0.451792426198551D-02
    0.401519398378338D-01    0.391623316545356D-02
    0.373374047682423D-01    0.308696777559648D-02
    0.321817122689317D-01    0.212423295855932D-02
    0.243014466368432D-01    0.113325059095475D-02
    0.135592794130408D-01    0.339490552948901D-03
    0.000000000000000D+00    0.000000000000000D+00
    0.000000000000000D+00    0.000000000000000D+00
   -0.298865962474104D-02   -0.538165131722745D-03
   -0.599449024956749D-02   -0.197383816583350D-02
   -0.920067424647699D-02   -0.401567609776536D-02
   -0.126866065171485D-01   -0.636237635581333D-02
   -0.163170974654806D-01   -0.876220366896505D-02
   -0.199473071210723D-01   -0.109319770857029D-01
   -0.234303864161548D-01   -0.127561300392736D-01
   -0.265758405752714D-01   -0.140852479285195D-01
   -0.293420322474446D-01   -0.149664652220379D-01
   -0.315028988465851D-01   -0.154081222846478D-01
   -0.330889572191443D-01   -0.155503832509740D-01
   -0.338492467210716D-01   -0.154370215873818D-01
   -0.338519940099607D-01   -0.152140312555847D-01
   -0.329096333256063D-01   -0.148581296839649D-01
   -0.311378224538746D-01   -0.144683089107585D-01
   -0.284901824430377D-01   -0.139625102385724D-01
   -0.251345804235337D-01   -0.133898231690002D-01
   -0.211523747575213D-01   -0.126758062798618D-01
   -0.167298298681617D-01   -0.118453565160364D-01
   -0.119941397945967D-01   -0.108744881645990D-01
   -0.710133190118829D-02   -0.978510840345809D-02
   -0.215077130403865D-02   -0.859841130292489D-02
    0.275631360913868D-02   -0.733759990456013D-02
    0.757115461333357D-02   -0.604285161810348D-02
    0.122400206196666D-01   -0.473505065882565D-02
    0.167479637866243D-01   -0.345432720359969D-02
    0.210651609659202D-01   -0.221789258747059D-02
    0.251793446846439D-01   -0.106130086454765D-02
    0.290538525510777D-01   -0.109212046308141D-05
    0.326395958674895D-01    0.927289059957632D-03
    0.358443877765390D-01    0.170377937092426D-02
    0.385198615654998D-01    0.228728134996883D-02
    0.404431255656277D-01    0.265631421717659D-02
    0.412886388664513D-01    0.276928136733020D-02
    0.406579592788828D-01    0.262533990700028D-02
    0.380533962194215D-01    0.221535927116063D-02
    0.330211178802995D-01    0.161022147278372D-02
    0.251038240617811D-01    0.894466772372461D-03
    0.141175853335116D-01    0.277185167533531D-03
    0.000000000000000D+00    0.000000000000000D+00
    0.000000000000000D+00    0.000000000000000D+00
   -0.197151151229403D-02   -0.500571872326870D-03
   -0.422658847573595D-02   -0.184674181017958D-02
   -0.694842070100006D-02   -0.384109254634390D-02
   -0.102013890512172D-01   -0.620785808123047D-02
   -0.138382498056551D-01   -0.879973316494473D-02
   -0.176785178564043D-01   -0.113097765496258D-01
   -0.215058688655019D-01   -0.136808533860221D-01
   -0.250700905950384D-01   -0.156865635961437D-01
   -0.282498627467543D-01   -0.173520637652820D-01
   -0.307904868012527D-01   -0.186185363790601D-01
   -0.326706740913153D-01   -0.195430783818986D-01
   -0.336802725464931D-01   -0.201594974822916D-01
   -0.338437591092425D-01   -0.205282815131734D-01
   -0.330744008790337D-01   -0.206614762472994D-01
   -0.314162050183647D-01   -0.206120361584818D-01
   -0.289408392420573D-01   -0.203441765439101D-01
   -0.257173515464213D-01   -0.198983631533189D-01
   -0.219219573402456D-01   -0.192348060485854D-01
   -0.176466655270916D-01   -0.183860056108419D-01
   -0.130779702098258D-01   -0.173433688637880D-01
   -0.830758254704158D-02   -0.161400303169168D-01
   -0.346858229351164D-02   -0.147956334838559D-01
    0.137071297918772D-02   -0.133465077997149D-01
    0.614091081391074D-02   -0.118209891271512D-01
    0.108020968133827D-01   -0.102554498886838D-01
    0.153260570784113D-01   -0.867464238669344D-02
    0.196893520223938D-01   -0.711182609130026D-02
    0.238726397352385D-01   -0.558920755493603D-02
    0.278450458118122D-01   -0.413649591347465D-02
    0.315546040380756D-01   -0.278290044267159D-02
    0.349194999821723D-01   -0.155614852881467D-02
    0.377853172826925D-01   -0.502923134001083D-03
    0.399450074675251D-01    0.352122205151333D-03
    0.410504235798208D-01    0.947076223508092D-03
    0.407071598449578D-01    0.127576507182031D-02
    0.383695228653004D-01    0.129801477826974D-02
    0.335419033883490D-01    0.106913091190754D-02
    0.257018728122460D-01    0.646844566202840D-03
    0.145615187678542D-01    0.213706664850832D-03
    0.000000000000000D+00    0.000000000000000D+00
    0.000000000000000D+00    0.000000000000000D+00
   -0.106415410995554D-02   -0.444738199907909D-03
   -0.260538901289401D-02   -0.166654707492629D-02
   -0.479492576068974D-02   -0.351082727004570D-02
   -0.771680535925576D-02   -0.579248042684662D-02
   -0.112150041071651D-01   -0.836679823651616D-02
   -0.150987529937560D-01   -0.110371625225502D-01
   -0.191118071754748D-01   -0.136867986810077D-01
   -0.229669956291123D-01   -0.161542722343237D-01
   -0.264771319304398D-01   -0.183834864216994D-01
   -0.293708743765462D-01   -0.203004673039813D-01
   -0.315748947023465D-01   -0.219059646524161D-01
   -0.328861586692748D-01   -0.231795480200546D-01
   -0.333283891920914D-01   -0.241586098585741D-01
   -0.328026544187016D-01   -0.248170971475826D-01
   -0.314058696284859D-01   -0.252087380812251D-01
   -0.291539966667475D-01   -0.252860089818697D-01
   -0.261904080264201D-01   -0.251071829019729D-01
   -0.226130591554772D-01   -0.246273737494935D-01
   -0.185758512597653D-01   -0.239056869598035D-01
   -0.141994695891915D-01   -0.229226629509160D-01
   -0.961394391376277D-02   -0.217358607700900D-01
   -0.491481160327333D-02   -0.203518955091790D-01
   -0.191191323749929D-03   -0.188224733636209D-01
    0.450225201541459D-02   -0.171676235926778D-01
    0.911452709783831D-02   -0.154299530605665D-01
    0.136210644182468D-01   -0.136323082700202D-01
    0.179939790517326D-01   -0.118090051897626D-01
    0.222147226475922D-01   -0.998395411178419D-02
    0.262539324570201D-01   -0.818790241494448D-02
    0.300624394562501D-01   -0.645171915237206D-02
    0.335623933575395D-01   -0.480946751331962D-02
    0.366075834614505D-01   -0.330797814260565D-02
    0.389870699128009D-01   -0.198833333724400D-02
    0.403613162465234D-01   -0.914370727293100D-03
    0.403114509603156D-01   -0.120224788495625D-03
    0.382763407730479D-01    0.342836707282785D-03
    0.337099166887240D-01    0.497238385670634D-03
    0.260205645503355D-01    0.376976460655003D-03
    0.148613468562051D-01    0.142624796667227D-03
    0.000000000000000D+00    0.000000000000000D+00
    0.000000000000000D+00    0.000000000000000D+00
   -0.249773569167457D-03   -0.382203531488696D-03
   -0.112432044805379D-02   -0.144246756732231D-02
   -0.279266741233091D-02   -0.309484667330018D-02
   -0.532658198841888D-02   -0.517984226946495D-02
   -0.858521989166994D-02   -0.763780183301374D-02
   -0.123752116852839D-01   -0.102728812659134D-01
   -0.164228848035675D-01   -0.130372330390211D-01
   -0.204273164901577D-01   -0.157371164791504D-01
   -0.241582869011530D-01   -0.183359635288132D-01
   -0.273331203882486D-01   -0.207178071835461D-01
   -0.298335040081746D-01   -0.228478220202121D-01
   -0.314683617296276D-01   -0.246882676718689D-01
   -0.322192904717540D-01   -0.262103767307274D-01
   -0.320257239051243D-01   -0.274058106309110D-01
   -0.309358971080898D-01   -0.282635258948461D-01
   -0.290158371262132D-01   -0.287733915593353D-01
   -0.263524879545257D-01   -0.289473193746728D-01
   -0.230886176309530D-01   -0.287767642073947D-01
   -0.193254513550443D-01   -0.282941117644699D-01
   -0.152164684556271D-01   -0.275024514820243D-01
   -0.108537561194179D-01   -0.264486500518257D-01
   -0.635616987404566D-02   -0.251451446178878D-01
   -0.179078052254997D-02   -0.236461874654935D-01
    0.277004972326988D-02   -0.219640326200669D-01
    0.728701170221850D-02   -0.201539851289854D-01
    0.117227990576757D-01   -0.182232087463795D-01
    0.160564524765431D-01   -0.162239631576937D-01
    0.202633269936421D-01   -0.141634443980827D-01
    0.243200159497121D-01   -0.120891976836239D-01
    0.281786536345395D-01   -0.100222921666129D-01
    0.317710068274697D-01   -0.800630073429140D-02
    0.349547228666563D-01   -0.609379150710979D-02
    0.375357255571103D-01   -0.432563291375292D-02
    0.391665685842344D-01   -0.279371614898544D-02
    0.394388075925010D-01   -0.152870119794018D-02
    0.377540957720645D-01   -0.628504643385599D-03
    0.335330640189517D-01   -0.791525838170690D-04
    0.261122341128402D-01    0.111032064854186D-03
    0.150374805094459D-01    0.739224398946733D-04
    0.000000000000000D+00    0.000000000000000D+00
    0.000000000000000D+00    0.000000000000000D+00
    0.428827317871986D-03   -0.317755316177363D-03
    0.136008585811375D-03   -0.121421589802668D-02
   -0.103200009421217D-02   -0.263334043079415D-02
   -0.315919079509677D-02   -0.448545235358054D-02
   -0.611145694244860D-02   -0.671560222825948D-02
   -0.970601926280130D-02   -0.922033891477663D-02
   -0.136698208542509D-01   -0.119205636869926D-01
   -0.176959692695204D-01   -0.147017161450687D-01
   -0.215350251870686D-01   -0.174759883067511D-01
   -0.248959896256247D-01   -0.201556283600829D-01
   -0.276330109334124D-01   -0.226625960741293D-01
   -0.295509931346155D-01   -0.249401963810044D-01
   -0.306163597468687D-01   -0.269370447985047D-01
   -0.307558927328956D-01   -0.286096868151596D-01
   -0.300248849937761D-01   -0.299422964056922D-01
   -0.284579600745188D-01   -0.308948674276909D-01
   -0.261644535248378D-01   -0.314858470368168D-01
   -0.232447861503513D-01   -0.316847972644530D-01
   -0.198250210971213D-01   -0.315352652137165D-01
   -0.160212897322778D-01   -0.310237594685565D-01
   -0.119458000651575D-01   -0.302064377699885D-01
   -0.769382150318346D-02   -0.290850049851502D-01
   -0.334734437021832D-02   -0.277169106457700D-01
    0.103275363179247D-02   -0.261112541761871D-01
    0.539656374086951D-02   -0.243198986397408D-01
    0.971173767403777D-02   -0.223536333853035D-01
    0.139523206730124D-01   -0.202575651803912D-01
    0.180959926202895D-01   -0.180454606025535D-01
    0.221227809975922D-01   -0.157593882186673D-01
    0.259871584971688D-01   -0.134249771272962D-01
    0.296328153664622D-01   -0.110890188068975D-01
    0.329233948730745D-01   -0.880351572573232D-02
    0.356767686555395D-01   -0.662843261401475D-02
    0.375536940894555D-01   -0.465248340935818D-02
    0.381408482240995D-01   -0.294420895134854D-02
    0.368285788527600D-01   -0.160591056367885D-02
    0.329961547500728D-01   -0.670880928062956D-03
    0.259145424412044D-01   -0.170061753934484D-03
    0.150584817526710D-01   -0.319140840909372D-06
    0.000000000000000D+00    0.000000000000000D+00
    0.000000000000000D+00    0.000000000000000D+00
    0.994233794907098D-03   -0.252695338984897D-03
    0.120789386686813D-02   -0.976227017502739D-03
    0.490123875491071D-03   -0.215970924922637D-02
   -0.123056036843936D-02   -0.373373021774498D-02
   -0.384174165226242D-02   -0.570453900999517D-02
   -0.716971844995615D-02   -0.797533164110703D-02
   -0.109515339204249D-01   -0.105281822768763D-01
   -0.148914100285466D-01   -0.132381775763781D-01
   -0.187291804606965D-01   -0.160556090265199D-01
   -0.221805952882991D-01   -0.188706236332040D-01
   -0.250754932854367D-01   -0.216087579504657D-01
   -0.272260063314978D-01   -0.241953013521393D-01
   -0.285671630065559D-01   -0.265526375682340D-01
   -0.290377555008487D-01   -0.286354559038688D-01
   -0.286564365392962D-01   -0.303862679928537D-01
   -0.274733309969280D-01   -0.317785159122749D-01
   -0.255591098657635D-01   -0.327876647615899D-01
   -0.230296733526856D-01   -0.334024472426304D-01
   -0.199767000936199D-01   -0.336313533639506D-01
   -0.165304412543124D-01   -0.334754934484166D-01
   -0.127777430520340D-01   -0.329691387774893D-01
   -0.882765586419297D-02   -0.321177200489827D-01
   -0.474571820641547D-02   -0.309722134483815D-01
   -0.606759969241603D-03   -0.295326576886802D-01
    0.355026756116338D-02   -0.278591565401677D-01
    0.768078997084075D-02   -0.259424816519091D-01
    0.117673240293261D-01   -0.238465176555384D-01
    0.157815647031224D-01   -0.215599694283324D-01
    0.197108495080321D-01   -0.191462469692111D-01
    0.235147386200247D-01   -0.166115828570276D-01
    0.271459350052212D-01   -0.140163589224841D-01
    0.304839768561250D-01   -0.114136395022343D-01
    0.333625355928735D-01   -0.886064255247502D-02
    0.354557477159443D-01   -0.648132350953572D-02
    0.363646769066109D-01   -0.432886896511643D-02
    0.354621170477490D-01   -0.257308376068684D-02
    0.321032628082292D-01   -0.124250243036164D-02
    0.254811616946846D-01   -0.433683499895468D-03
    0.149571893479162D-01   -0.674724881296464D-04
    0.000000000000000D+00    0.000000000000000D+00
    0.000000000000000D+00    0.000000000000000D+00
    0.143145647412804D-02   -0.193209243080327D-03
    0.205407934815010D-02   -0.756571122359377D-03
    0.173458924506973D-02   -0.169822419965898D-02
    0.394708003331842D-03   -0.299759710243706D-02
   -0.186141073519657D-02   -0.466482625906517D-02
   -0.487868751577056D-02   -0.666911729057087D-02
   -0.841030129009864D-02   -0.897958737054469D-02
   -0.121736544883120D-01   -0.115365509470807D-01
   -0.159155940060987D-01   -0.142664171782551D-01
   -0.193572948999349D-01   -0.170981406394719D-01
   -0.223236936664441D-01   -0.199342329840660D-01
   -0.246249963224417D-01   -0.227056198192191D-01
   -0.261871456829116D-01   -0.253193247191439D-01
   -0.269365761638882D-01   -0.277140282177150D-01
   -0.268865535109802D-01   -0.298246857238569D-01
   -0.260638301227987D-01   -0.316013014627033D-01
   -0.245394853060816D-01   -0.330170236847931D-01
   -0.224013196558991D-01   -0.340377269830567D-01
   -0.197452573056223D-01   -0.346714670006919D-01
   -0.166773694588113D-01   -0.349010128333861D-01
   -0.132908662706049D-01   -0.347581835049095D-01
   -0.967867495249860D-02   -0.342378833547888D-01
   -0.591440301036283D-02   -0.333829149665479D-01
   -0.206317526906196D-02   -0.321926862996520D-01
    0.182744670590672D-02   -0.307120193269538D-01
    0.571923101081816D-02   -0.289399932012805D-01
    0.958951092003914D-02   -0.269199926068916D-01
    0.134144432072081D-01   -0.246533770468683D-01
    0.171867178428019D-01   -0.221842654151008D-01
    0.208682255588408D-01   -0.195287071886109D-01
    0.244334157129862D-01   -0.167400249186873D-01
    0.277639604541608D-01   -0.138719023329773D-01
    0.307277272256493D-01   -0.109992023233906D-01
    0.330021136734428D-01   -0.823712696653419D-02
    0.342146441325908D-01   -0.568820861251647D-02
    0.337253396391144D-01   -0.351607791378378D-02
    0.308674638696920D-01   -0.181748736124754D-02
    0.247684765435234D-01   -0.705730865541758D-03
    0.147020321513625D-01   -0.138854858842513D-03
    0.000000000000000D+00    0.000000000000000D+00
    0.000000000000000D+00    0.000000000000000D+00
    0.176132424200424D-02   -0.135724161412586D-03
    0.271378876391377D-02   -0.542459281904297D-03
    0.272812028813264D-02   -0.125677537070594D-02
    0.173964393058553D-02   -0.227191692742587D-02
   -0.168115768175205D-03   -0.363987297770828D-02
   -0.285112007853403D-02   -0.533554238132231D-02
   -0.608421732023054D-02   -0.737499957467774D-02
   -0.960605204260705D-02   -0.969713410536726D-02
   -0.131723377752875D-01   -0.122668931532826D-01
   -0.165230914689359D-01   -0.150046575721178D-01
   -0.194771350476562D-01   -0.178338738820827D-01
   -0.218567147770458D-01   -0.206745052725864D-01
   -0.235694412785788D-01   -0.234343423101629D-01
   -0.245480312259553D-01   -0.260452008452993D-01
   -0.247792347059317D-01   -0.284259155769679D-01
   -0.242927138630695D-01   -0.305267371318526D-01
   -0.231303430606905D-01   -0.322944028091059D-01
   -0.213816706422893D-01   -0.337000804229383D-01
   -0.191165297539506D-01   -0.347231334016217D-01
   -0.164438928595095D-01   -0.353515475239292D-01
   -0.134373791851461D-01   -0.355938648585293D-01
   -0.101959764497189D-01   -0.354444000595918D-01
   -0.677957857879859D-02   -0.349342563221486D-01
   -0.326350688414286D-02   -0.340509772302783D-01
    0.315907802893067D-03   -0.328434720766347D-01
    0.390825700322693D-02   -0.312849309931698D-01
    0.750172142578871D-02   -0.294373933616363D-01
    0.110650380479251D-01   -0.272646115435595D-01
    0.146015533149677D-01   -0.248374919736288D-01
    0.180804750200515D-01   -0.221349895286332D-01
    0.214865298657118D-01   -0.192310614232732D-01
    0.247315781102744D-01   -0.161672719422041D-01
    0.276970598357200D-01   -0.130148714998188D-01
    0.301037009994828D-01   -0.992838514210863D-02
    0.315946976243041D-01   -0.698047191941286D-02
    0.315444870654305D-01   -0.442945264357754D-02
    0.292730939335933D-01   -0.234644862054587D-02
    0.238210886702701D-01   -0.946027196937301D-03
    0.143378638679050D-01   -0.196909375610002D-03
    0.000000000000000D+00    0.000000000000000D+00
    0.000000000000000D+00    0.000000000000000D+00
    0.198166329549303D-02   -0.848143457439136D-04
    0.317124463297409D-02   -0.349812499809437D-03
    0.345886313069985D-02   -0.843850959335174D-03
    0.277635121081160D-02   -0.159248441982323D-02
    0.120222917146689D-02   -0.265062901083930D-02
   -0.114098627811433D-02   -0.403725615701145D-02
   -0.404700149025949D-02   -0.576467489220874D-02
   -0.727762392443411D-02   -0.781767948210171D-02
   -0.106066394820425D-01   -0.101543093173715D-01
   -0.137897184835153D-01   -0.127282386705258D-01
   -0.166552783876679D-01   -0.154565784093850D-01
   -0.190294217638570D-01   -0.182736542429232D-01
   -0.208212212168883D-01   -0.210828524279754D-01
   -0.219543105379921D-01   -0.238137220590139D-01
   -0.224125231469319D-01   -0.263821804506630D-01
   -0.222065173403470D-01   -0.287256096302091D-01
   -0.213740564727930D-01   -0.307884691391859D-01
   -0.199825248239641D-01   -0.325242380469904D-01
   -0.180984638318927D-01   -0.339094627480918D-01
   -0.158121129137847D-01   -0.349152421047520D-01
   -0.131964124379365D-01   -0.355439836106825D-01
   -0.103371407184791D-01   -0.357795699444754D-01
   -0.729746629932674D-02   -0.356399340687278D-01
   -0.414409909272952D-02   -0.351129105217622D-01
   -0.920521723819300D-03   -0.342237221839192D-01
    0.233024065804970D-02   -0.329580831685049D-01
    0.559038972590290D-02   -0.313422040885150D-01
    0.883455837911129D-02   -0.293606704206712D-01
    0.120737190063525D-01   -0.270436569204396D-01
    0.152771199188310D-01   -0.243887081073215D-01
    0.184658036526536D-01   -0.214416029894076D-01
    0.215455320648532D-01   -0.182483768694576D-01
    0.244664236285438D-01   -0.148886567974964D-01
    0.269389220306199D-01   -0.115024910956745D-01
    0.286838249541221D-01   -0.822411892679282D-02
    0.290516037227470D-01   -0.529122615095423D-02
    0.273755785511318D-01   -0.287267869237329D-02
    0.226253849414374D-01   -0.118930161347198D-02
    0.138331017855129D-01   -0.259110773601360D-03
    0.000000000000000D+00    0.000000000000000D+00
    0.000000000000000D+00    0.000000000000000D+00
    0.210794578743302D-02   -0.358027278691560D-04
    0.346052749288167D-02   -0.164482221137553D-03
    0.395532939782121D-02   -0.454497809073200D-03
    0.353825240420470D-02   -0.940300220521597D-03
    0.226955012373323D-02   -0.170521109562225D-02
    0.262262368813264D-03   -0.277242715078775D-02
   -0.230350532603503D-02   -0.418683215112719D-02
   -0.521238553282243D-02   -0.593563640170269D-02
   -0.825741687879574D-02   -0.800704581303460D-02
   -0.112179917806831D-01   -0.103546395566049D-01
   -0.139285549082744D-01   -0.129181763010845D-01
   -0.162322131372701D-01   -0.156292892913245D-01
   -0.180305483361259D-01   -0.184033421812609D-01
   -0.192557020747172D-01   -0.211660104521173D-01
   -0.198738065091746D-01   -0.238335627033713D-01
   -0.198973244034526D-01   -0.263401943631095D-01
   -0.193416956467864D-01   -0.286205593375153D-01
   -0.182725690199444D-01   -0.306264197062490D-01
   -0.167354492671776D-01   -0.323183727394197D-01
   -0.148185350675174D-01   -0.336664872315648D-01
   -0.125789731682344D-01   -0.346564819893448D-01
   -0.101032711182215D-01   -0.352676734882420D-01
   -0.744325930065297D-02   -0.355088228340126D-01
   -0.467251702760930D-02   -0.353544251645693D-01
   -0.182561389578304D-02   -0.348329591103970D-01
    0.104326663793354D-02   -0.338999308921500D-01
    0.392670553023658D-02   -0.326016381211309D-01
    0.678814719997629D-02   -0.308711547340075D-01
    0.965167574863393D-02   -0.287724306805352D-01
    0.124938934263343D-01   -0.262408028377100D-01
    0.153475609498032D-01   -0.233501398874263D-01
    0.181668055614723D-01   -0.201095436037174D-01
    0.209120783123110D-01   -0.165953427626716D-01
    0.233814809001153D-01   -0.129879049224008D-01
    0.253069741427015D-01   -0.936947526690548D-02
    0.261058966411253D-01   -0.611085051592329D-02
    0.251153427367357D-01   -0.332294180757940D-02
    0.211974870027854D-01   -0.138235816634979D-02
    0.132478192131718D-01   -0.297816900834355D-03
    0.000000000000000D+00    0.000000000000000D+00
    0.000000000000000D+00    0.000000000000000D+00
    0.214067955197171D-02    0.844444293689592D-05
    0.357400457730152D-02    0.437830741199051D-05
    0.421744499524770D-02   -0.905895900100310D-04
    0.401477365989780D-02   -0.332309675350927D-03
    0.302481490935512D-02   -0.807443123989469D-03
    0.133727545271375D-02   -0.156673866399998D-02
   -0.884110057696282D-03   -0.265685676977398D-02
   -0.345246784777496D-02   -0.409281930676237D-02
   -0.618093422235276D-02   -0.586634399252872D-02
   -0.887104208690778D-02   -0.795240101111060D-02
   -0.113731107217558D-01   -0.102963396368488D-01
   -0.135396235652542D-01   -0.128414701412475D-01
   -0.152813616503512D-01   -0.155092444023491D-01
   -0.165256689339748D-01   -0.182270199052057D-01
   -0.172420977366456D-01   -0.209160925193048D-01
   -0.174275979760681D-01   -0.235037472080274D-01
   -0.170971184937163D-01   -0.259282599427920D-01
   -0.162967920700786D-01   -0.281282927839564D-01
   -0.150698817819144D-01   -0.300666547738479D-01
   -0.134868268207521D-01   -0.316981983751998D-01
   -0.116028722096527D-01   -0.330081009744221D-01
   -0.949192964004821D-02   -0.339630895939673D-01
   -0.720781865367910D-02   -0.345666952214368D-01
   -0.481678329734886D-02   -0.347909689161990D-01
   -0.236122456787138D-02   -0.346436779032173D-01
    0.112988379179788D-03   -0.340925804652428D-01
    0.258961819011975D-02   -0.331435844159477D-01
    0.503267158720324D-02   -0.317582957753387D-01
    0.747464084761070D-02   -0.299352896910222D-01
    0.988180939279316D-02   -0.276419573381639D-01
    0.123471017043331D-01   -0.248843981316583D-01
    0.147960566299300D-01   -0.216846773618379D-01
    0.173212955260209D-01   -0.181068225976848D-01
    0.196754081005736D-01   -0.143096400201542D-01
    0.217569897308224D-01   -0.104457112300832D-01
    0.229302575631035D-01   -0.684581868028695D-02
    0.226181911815343D-01   -0.376773597307113D-02
    0.195843244752835D-01   -0.157212293888593D-02
    0.125524026884184D-01   -0.341185317053533D-03
    0.000000000000000D+00    0.000000000000000D+00
    0.000000000000000D+00    0.000000000000000D+00
    0.209001296585455D-02    0.520209716919078D-04
    0.353633581749300D-02    0.168630824608007D-03
    0.426672686126780D-02    0.255079173650457D-03
    0.423714013516690D-02    0.248557032718266D-03
    0.348899594887905D-02    0.444049952562601D-04
    0.210477101738134D-02   -0.413121067170613D-03
    0.219734917928541D-03   -0.118950821201524D-02
   -0.199964645184448D-02   -0.230592557303531D-02
   -0.439123830865877D-02   -0.377213496570736D-02
   -0.678015904649910D-02   -0.556978226117469D-02
   -0.903010711344421D-02   -0.765959907694497D-02
   -0.110127693272873D-01   -0.999001285465666D-02
   -0.126389496142468D-01   -0.124937860699382D-01
   -0.138479720668134D-01   -0.151001779371505D-01
   -0.145980839402054D-01   -0.177366878291876D-01
   -0.148915650347038D-01   -0.203290583765868D-01
   -0.147254389695908D-01   -0.228164987342942D-01
   -0.141465222004394D-01   -0.251339396952380D-01
   -0.131795905340833D-01   -0.272405650971625D-01
   -0.118931257094067D-01   -0.290858444667344D-01
   -0.103276212596137D-01   -0.306511106431544D-01
   -0.855613706549606D-02   -0.318946337938278D-01
   -0.662360663446126D-02   -0.328220688979496D-01
   -0.459735902722024D-02   -0.333934519619955D-01
   -0.251963456115484D-02   -0.336252583025658D-01
   -0.443752332151859D-03   -0.334496116402193D-01
    0.161524081120210D-02   -0.329097910128604D-01
    0.360924737356085D-02   -0.319088148671465D-01
    0.557004046106665D-02   -0.304794328991955D-01
    0.746747469705200D-02   -0.284976847251081D-01
    0.940555497271796D-02   -0.260058887908689D-01
    0.113814511411408D-01   -0.229517767996398D-01
    0.134883684740345D-01   -0.193859568600855D-01
    0.156379004678055D-01   -0.155078566194670D-01
    0.177259244691708D-01   -0.113790246071995D-01
    0.192759145161217D-01   -0.751823563241097D-02
    0.197373033619835D-01   -0.408246972040828D-02
    0.177270211422161D-01   -0.168014918233918D-02
    0.118242485662855D-01   -0.341724042689628D-03
    0.000000000000000D+00    0.000000000000000D+00
    0.000000000000000D+00    0.000000000000000D+00
    0.195687441924480D-02    0.912820412855691D-04
    0.334587820988598D-02    0.317596311806281D-03
    0.411160840584353D-02    0.574268678026863D-03
    0.420569461629623D-02    0.783457273412767D-03
    0.367020492646810D-02    0.836780213431335D-03
    0.256232798484025D-02    0.663856660237706D-03
    0.100489382864617D-02    0.193355237368764D-03
   -0.867300326935939D-03   -0.608400109801971D-03
   -0.290984183080992D-02   -0.176186891215494D-02
   -0.497446814572390D-02   -0.325708153676529D-02
   -0.694128817846905D-02   -0.506877319818008D-02
   -0.869620377886583D-02   -0.714882788650793D-02
   -0.101624862315551D-01   -0.944425705488525D-02
   -0.112789748270979D-01   -0.118829229729301D-01
   -0.120123184943385D-01   -0.144045304876155D-01
   -0.123522686168527D-01   -0.169285319914717D-01
   -0.123008342717972D-01   -0.194042110702941D-01
   -0.118859115223345D-01   -0.217553994348168D-01
   -0.111342292687707D-01   -0.239505634881151D-01
   -0.100949026010259D-01   -0.259233448012050D-01
   -0.880907956809217D-02   -0.276671130128602D-01
   -0.733648967104317D-02   -0.291226015482343D-01
   -0.572613954388818D-02   -0.303084678014366D-01
   -0.403123718374028D-02   -0.311727934295132D-01
   -0.230261781600438D-02   -0.317372021817781D-01
   -0.590357785942863D-03   -0.319289059631805D-01
    0.106757805974607D-02   -0.317879383543897D-01
    0.262519924754718D-02   -0.312406173043534D-01
    0.411025073853440D-02   -0.302357420987170D-01
    0.544488185184143D-02   -0.286975322395282D-01
    0.684878074436277D-02   -0.265643130350334D-01
    0.821118661448379D-02   -0.237940619609695D-01
    0.987136259271540D-02   -0.203630372877693D-01
    0.116205330685180D-01   -0.164445140988949D-01
    0.137277560575440D-01   -0.121970722325422D-01
    0.155535412225692D-01   -0.804732013252063D-02
    0.167498999864336D-01   -0.439043372434273D-02
    0.158128718518759D-01   -0.178511899486441D-02
    0.110247183723816D-01   -0.354521035135317D-03
    0.000000000000000D+00    0.000000000000000D+00
    0.000000000000000D+00    0.000000000000000D+00
    0.174959671915918D-02    0.129081352233485D-03
    0.302283970399406D-02    0.457117079097158D-03
    0.377101877241889D-02    0.865763602296098D-03
    0.395283900285915D-02    0.127034178319404D-02
    0.359091300200274D-02    0.155604682943542D-02
    0.273801038504862D-02    0.164533993782875D-02
    0.148728238474252D-02    0.146123040635002D-02
   -0.428697933108328D-04    0.959090914243886D-03
   -0.173586889404347D-02    0.113762189455113D-03
   -0.346427219669383D-02   -0.107894974407620D-02
   -0.512651460728103D-02   -0.259674072627036D-02
   -0.662709795726279D-02   -0.440564775939665D-02
   -0.789480048247444D-02   -0.645450452003029D-02
   -0.888226306664568D-02   -0.868178146700392D-02
   -0.954937163678104D-02   -0.110285244105336D-01
   -0.989499665929608D-02   -0.134193258243004D-01
   -0.990551104029517D-02   -0.158044183327058D-01
   -0.961407524900148D-02   -0.181075503807524D-01
   -0.902798780510861D-02   -0.202979921921321D-01
   -0.819891776583516D-02   -0.223039079869041D-01
   -0.714868010379105D-02   -0.241249748004518D-01
   -0.593771986911081D-02   -0.256964885292356D-01
   -0.460591169406023D-02   -0.270456057827817D-01
   -0.320177908339813D-02   -0.281004621978549D-01
   -0.177073071982499D-02   -0.289250946761071D-01
   -0.377406367786285D-03   -0.294107042382215D-01
    0.914418529086308D-03   -0.296805875619914D-01
    0.207257077800903D-02   -0.295504647764058D-01
    0.307266822045048D-02   -0.290609668024130D-01
    0.381878942918788D-02   -0.280541864342971D-01
    0.454930741764725D-02   -0.264642749482730D-01
    0.517350147446893D-02   -0.241096803493910D-01
    0.607195878481807D-02   -0.209211116467224D-01
    0.734526555888752D-02   -0.171288094774183D-01
    0.919882830376821D-02   -0.127172427632648D-01
    0.112757514540599D-01   -0.844855690278460D-02
    0.133102349100358D-01   -0.445979490660732D-02
    0.135883393848873D-01   -0.175016292739575D-02
    0.103069310254165D-01   -0.314086561607533D-03
    0.000000000000000D+00    0.000000000000000D+00
    0.000000000000000D+00    0.000000000000000D+00
    0.147650718034683D-02    0.157481081752270D-03
    0.258039567407067D-02    0.566203169569727D-03
    0.327096084690315D-02    0.110171770971451D-02
    0.349585463116878D-02    0.166916025183687D-02
    0.327887833390876D-02    0.215438595174625D-02
    0.264791507001936D-02    0.247481886336954D-02
    0.168706726221719D-02    0.254792712305960D-02
    0.482354942614785D-03    0.232545216660315D-02
   -0.863927481829302D-03    0.177024513361367D-02
   -0.225408106849162D-02    0.877110986259506D-03
   -0.360078588792782D-02   -0.347136426081111D-03
   -0.482705489382934D-02   -0.186735417943591D-02
   -0.587411035157363D-02   -0.364730000208100D-02
   -0.669832018254386D-02   -0.562353232827418D-02
   -0.727029539366242D-02   -0.774834049626396D-02
   -0.757915011280799D-02   -0.994404952175189D-02
   -0.762021950911582D-02   -0.121680463881903D-01
   -0.740774240406528D-02   -0.143400957431637D-01
   -0.695535406909662D-02   -0.164353809842544D-01
   -0.629335002197548D-02   -0.183733788457478D-01
   -0.544857933554651D-02   -0.201659211818487D-01
   -0.446035870901975D-02   -0.217363661459456D-01
   -0.336634086445218D-02   -0.231293700321718D-01
   -0.219310492283176D-02   -0.242423389904923D-01
   -0.992848328011111D-03   -0.252097884427962D-01
    0.152549163536843D-03   -0.258889629011605D-01
    0.116561597774456D-02   -0.264556679515905D-01
    0.204900117572899D-02   -0.266596987563517D-01
    0.271239208297231D-02   -0.266725878629198D-01
    0.292440495962871D-02   -0.263606816947943D-01
    0.309543086807601D-02   -0.253846921360808D-01
    0.270467288665169D-02   -0.235997626554426D-01
    0.296581460601452D-02   -0.208824327434086D-01
    0.344260594796873D-02   -0.173019111684081D-01
    0.503956066169793D-02   -0.129782202233340D-01
    0.711113090230216D-02   -0.857390060402881D-02
    0.987832967889422D-02   -0.450253196281823D-02
    0.114675876233064D-01   -0.166019646707169D-02
    0.956823029635648D-02   -0.258459040486418D-03
    0.000000000000000D+00    0.000000000000000D+00
    0.000000000000000D+00    0.000000000000000D+00
    0.115020550850744D-02    0.180644349302872D-03
    0.205084489435794D-02    0.641926563003015D-03
    0.264461826238405D-02    0.126433597324224D-02
    0.288462970956095D-02    0.194792109430851D-02
    0.277292162437003D-02    0.258562524971098D-02
    0.233754931302237D-02    0.308992672553940D-02
    0.163503054250121D-02    0.338035507773050D-02
    0.738556220804538D-03    0.339765061486738D-02
   -0.278470399506158D-03    0.310860592701354D-02
   -0.133575075065793D-02    0.249072650091042D-02
   -0.236804240867643D-02    0.155758382380500D-02
   -0.331431343036642D-02    0.324622797847979D-03
   -0.412628430301701D-02   -0.116467280426439D-02
   -0.477314864972194D-02   -0.286420771787120D-02
   -0.522354612563020D-02   -0.472047789453203D-02
   -0.547672869735842D-02   -0.666776221191150D-02
   -0.551531358948772D-02   -0.865927708867517D-02
   -0.536193246320886D-02   -0.106203091310621D-01
   -0.500934111390147D-02   -0.125243176532845D-01
   -0.449557948868891D-02   -0.142912637683659D-01
   -0.382178250056651D-02   -0.159336230721385D-01
   -0.303247636985166D-02   -0.173728160144790D-01
   -0.213953838410473D-02   -0.186580732696324D-01
   -0.118093148529779D-02   -0.196525300745249D-01
   -0.167140450509505D-03   -0.205763864461676D-01
    0.819571502869283D-03   -0.212742812005557D-01
    0.164159984350171D-02   -0.220273862070101D-01
    0.236435611498765D-02   -0.222812748983221D-01
    0.269066992431963D-02   -0.228854671300994D-01
    0.250592445178840D-02   -0.232003887784735D-01
    0.178358241599644D-02   -0.228889404078464D-01
    0.571339741825990D-03   -0.219530683959686D-01
   -0.244580112737119D-03   -0.198540148657540D-01
   -0.589955512140756D-03   -0.168077767825765D-01
    0.236981981066044D-03   -0.125752010074387D-01
    0.235001287544930D-02   -0.836220595453482D-02
    0.606225131977622D-02   -0.410700594017929D-02
    0.902887400051114D-02   -0.120682561308237D-02
    0.917937225057135D-02   -0.287928089630592D-05
    0.000000000000000D+00    0.000000000000000D+00
    0.000000000000000D+00    0.000000000000000D+00
    0.809283962954451D-03    0.181451615917596D-03
    0.147812957250221D-02    0.651775135787880D-03
    0.194915068542982D-02    0.130606752935998D-02
    0.216497063851578D-02    0.204306382745844D-02
    0.212819704411364D-02    0.276839045727188D-02
    0.185050277793187D-02    0.339402351358356D-02
    0.137984142717972D-02    0.384196360201978D-02
    0.760511845557355D-03    0.405069940407371D-02
    0.536548881196835D-04    0.398205833231977D-02
   -0.690804349598254D-03    0.361319357195093D-02
   -0.141918132241586D-02    0.294821130487628D-02
   -0.209196675266796D-02    0.200165382291120D-02
   -0.267129396910031D-02    0.808505190978990D-03
   -0.313424782215629D-02   -0.589804119470906D-03
   -0.345964762731443D-02   -0.214234614849812D-02
   -0.364082848057310D-02   -0.379314535873122D-02
   -0.367060531900936D-02   -0.548984022656077D-02
   -0.355500465579065D-02   -0.717117081675593D-02
   -0.329663573545840D-02   -0.879802587878669D-02
   -0.291051865884972D-02   -0.103055428462038D-01
   -0.240439710931760D-02   -0.116899355044261D-01
   -0.179321663175826D-02   -0.128836698951173D-01
   -0.108632552584897D-02   -0.139244054027453D-01
   -0.311293241435218D-03   -0.146624126268627D-01
    0.520057902841491D-03   -0.153693043759063D-01
    0.136360270986693D-02   -0.159032688087045D-01
    0.214660656715678D-02   -0.165119109037195D-01
    0.296957233539343D-02   -0.164333349804232D-01
    0.341677487723750D-02   -0.173358503920387D-01
    0.323873189833122D-02   -0.179622468582241D-01
    0.235413402153429D-02   -0.185244760641184D-01
    0.190074599639276D-03   -0.186656878099138D-01
   -0.166665348049304D-02   -0.174909980970266D-01
   -0.370486697525629D-02   -0.149478455276808D-01
   -0.362361347122277D-02   -0.113910847291249D-01
   -0.162268694107422D-02   -0.726982515754033D-02
    0.311517978388938D-02   -0.343150647149357D-02
    0.772003920874579D-02   -0.590540971381545D-03
    0.929107330033416D-02    0.296210239583085D-03
    0.000000000000000D+00    0.000000000000000D+00
    0.000000000000000D+00    0.000000000000000D+00
    0.468426174987632D-03    0.165924340236164D-03
    0.920143517446941D-03    0.584734266049321D-03
    0.124995283679684D-02    0.119871528926695D-02
    0.141949749018612D-02    0.191325361089782D-02
    0.142147548913506D-02    0.264106374698463D-02
    0.126686713267481D-02    0.330792505200066D-02
    0.986464562540249D-03    0.383358894426689D-02
    0.610083963215208D-03    0.416077411370888D-02
    0.174386122520661D-03    0.425469796561231D-02
   -0.286292049998556D-03    0.408463417576928D-02
   -0.740193695473349D-03    0.366098565992554D-02
   -0.116020765102218D-02    0.298291810650241D-02
   -0.152263761391333D-02    0.209103553787769D-02
   -0.181312638103618D-02    0.101011508579375D-02
   -0.201522459802069D-02   -0.205808367478278D-03
   -0.212804682928953D-02   -0.151425697945347D-02
   -0.213995723068521D-02   -0.286167140042512D-02
   -0.206167878012473D-02   -0.419568156440275D-02
   -0.188296231531819D-02   -0.547523939247733D-02
   -0.162398103578578D-02   -0.664292909056982D-02
   -0.127229755313290D-02   -0.768067415480007D-02
   -0.851147105082141D-03   -0.852455008366973D-02
   -0.332889927420980D-03   -0.919780346373858D-02
    0.233368118345637D-03   -0.956514978156251D-02
    0.897434568577598D-03   -0.985467332516418D-02
    0.158000690506042D-02   -0.993404189364715D-02
    0.237942052854534D-02   -0.986342362024102D-02
    0.329280911455004D-02   -0.895131197314609D-02
    0.411599522506411D-02   -0.101838862443555D-01
    0.391165709490830D-02   -0.103617881748138D-01
    0.234962037709776D-02   -0.113563383566552D-01
   -0.986561687782379D-04   -0.125697523921577D-01
   -0.395500126710492D-02   -0.119002070426081D-01
   -0.651298359081408D-02   -0.107736845901978D-01
   -0.741244420639710D-02   -0.846682496289024D-02
   -0.592842923608126D-02   -0.495927182646452D-02
   -0.606272885244367D-03   -0.147727214160785D-02
    0.529097251863307D-02    0.628417312188761D-03
    0.972099388576417D-02    0.881749053983141D-03
    0.000000000000000D+00    0.000000000000000D+00
    0.000000000000000D+00    0.000000000000000D+00
    0.196857109050873D-03    0.115135971859104D-03
    0.434771058141641D-03    0.426151270836889D-03
    0.618061108040923D-03    0.919328568136893D-03
    0.721765073369822D-03    0.151080593664201D-02
    0.737433642739508D-03    0.213986458996352D-02
    0.670388778685892D-03    0.273595908942204D-02
    0.542643185129202D-03    0.323638479296161D-02
    0.360350479639490D-03    0.358872455064110D-02
    0.152401413653074D-03    0.376327830916992D-02
   -0.750887690306014D-04    0.373473417884769D-02
   -0.295317681907005D-03    0.350763566195816D-02
   -0.504277394018788D-03    0.308114845284386D-02
   -0.682079793924610D-03    0.248687888399785D-02
   -0.826777227033044D-03    0.174093893935903D-02
   -0.926922508327946D-03    0.892587136497789D-03
   -0.981769534253052D-03   -0.340535029414876D-04
   -0.987665245702129D-03   -0.980596742388731D-03
   -0.944263778231341D-03   -0.192259345407932D-02
   -0.853718142687757D-03   -0.279998143258611D-02
   -0.714578261280021D-03   -0.359388325652674D-02
   -0.531041031919171D-03   -0.424554011239494D-02
   -0.296614249996436D-03   -0.473846766085989D-02
   -0.166284386569850D-04   -0.502735480440490D-02
    0.302913782105279D-03   -0.506732932228800D-02
    0.653807037593718D-03   -0.490485323450675D-02
    0.109091073581165D-02   -0.453421728241507D-02
    0.169441814486649D-02   -0.388713253430887D-02
    0.259598288707893D-02   -0.259615848054948D-02
    0.365962472619101D-02   -0.261636869876091D-02
    0.380512710724039D-02   -0.683346853955973D-03
    0.352717751088484D-02   -0.212394671610951D-02
    0.121223450960715D-03   -0.165507103677455D-02
   -0.404238259426539D-02   -0.321341783924842D-02
   -0.712441412214246D-02   -0.324260632767425D-02
   -0.965696893650063D-02   -0.372440182016617D-02
   -0.800146003476792D-02   -0.122608693289554D-02
   -0.275697583814486D-02    0.305477260889121D-03
    0.441902722628750D-02    0.116169514997261D-02
    0.921138442263331D-02    0.775526263460652D-03
    0.000000000000000D+00    0.000000000000000D+00
    0.000000000000000D+00    0.000000000000000D+00
    0.345933627555949D-04    0.345933627554952D-04
    0.119225101353993D-03    0.199900274572570D-03
    0.179417661148947D-03    0.484011423846974D-03
    0.207835597978648D-03    0.861264587856931D-03
    0.217152712772439D-03    0.125294978848265D-02
    0.197376958249687D-03    0.164709133355668D-02
    0.165215216476027D-03    0.198167853126987D-02
    0.114875840724055D-03    0.223608460416857D-02
    0.579765060116458D-04    0.238827184972299D-02
   -0.474080483392877D-05    0.241942103350428D-02
   -0.666482635967564D-04    0.233918346678754D-02
   -0.123685242385480D-03    0.213534444135218D-02
   -0.174472845090847D-03    0.183945078357396D-02
   -0.213276685417116D-03    0.144755841939512D-02
   -0.242261360694394D-03    0.100186943498693D-02
   -0.255641390899228D-03    0.506406108156711D-03
   -0.257250444429272D-03    0.530465097531244D-05
   -0.242567279010086D-03   -0.491297516916178D-03
   -0.215444565962002D-03   -0.942486538065552D-03
   -0.172843745217352D-03   -0.133485012431529D-02
   -0.115811396122631D-03   -0.162959552587350D-02
   -0.422464520640859D-04   -0.180417860059355D-02
    0.557302868790697D-04   -0.183588209488631D-02
    0.158945440128686D-03   -0.168840453892431D-02
    0.266463106284277D-03   -0.132820032179181D-02
    0.410124964677218D-03   -0.768313337667890D-03
    0.705335346736197D-03    0.197563896920490D-03
    0.110749922024074D-02    0.225361298536854D-02
    0.211540590944126D-02    0.390579541540960D-02
    0.180590654882950D-02    0.749869393392812D-02
    0.475353017768121D-02    0.128010883778231D-01
    0.195228501225960D-03    0.729399358930783D-02
   -0.232155296690831D-02    0.906029336164681D-02
   -0.561146130777090D-02    0.619905945941139D-02
   -0.863874227956943D-02    0.418540670802838D-02
   -0.863000739532840D-02    0.405183328454967D-02
   -0.419045963175691D-02    0.251703879308109D-02
    0.314979920059184D-02    0.197610819479690D-02
    0.129441619764065D-01    0.822603198482166D-04
    0.000000000000000D+00    0.000000000000000D+00
    0.000000000000000D+00    0.000000000000000D+00
    0.000000000000000D+00    0.000000000000000D+00
    0.000000000000000D+00    0.000000000000000D+00
    0.000000000000000D+00    0.000000000000000D+00
    0.000000000000000D+00    0.000000000000000D+00
    0.000000000000000D+00    0.000000000000000D+00
    0.000000000000000D+00    0.000000000000000D+00
    0.000000000000000D+00    0.000000000000000D+00
    0.000000000000000D+00    0.000000000000000D+00
    0.000000000000000D+00    0.000000000000000D+00
    0.000000000000000D+00    0.000000000000000D+00
    0.000000000000000D+00    0.000000000000000D+00
    0.000000000000000D+00    0.000000000000000D+00
    0.000000000000000D+00    0.000000000000000D+00
    0.000000000000000D+00    0.000000000000000D+00
    0.000000000000000D+00    0.000000000000000D+00
    0.000000000000000D+00    0.000000000000000D+00
    0.000000000000000D+00    0.000000000000000D+00
    0.000000000000000D+00    0.000000000000000D+00
    0.000000000000000D+00    0.000000000000000D+00
    0.000000000000000D+00    0.000000000000000D+00
    0.000000000000000D+00    0.000000000000000D+00
    0.000000000000000D+00    0.000000000000000D+00
    0.000000000000000D+00    0.000000000000000D+00
    0.000000000000000D+00    0.000000000000000D+00
    0.000000000000000D+00    0.000000000000000D+00
    0.000000000000000D+00    0.000000000000000D+00
    0.000000000000000D+00    0.000000000000000D+00
    0.000000000000000D+00    0.000000000000000D+00
    0.000000000000000D+00    0.000000000000000D+00
    0.000000000000000D+00    0.000000000000000D+00
    0.000000000000000D+00    0.000000000000000D+00
    0.000000000000000D+00    0.000000000000000D+00
   -0.740492287567229D-04    0.103691563136629D-01
   -0.621711269263989D-02    0.106905002686356D-01
   -0.667680370720068D-02    0.937250419088806D-02
   -0.754393137007430D-02    0.675832712522250D-02
   -0.362960997711333D-02    0.551299277387797D-02
    0.683381532542968D-02    0.261840222994526D-02
    0.152509836652629D-01    0.660426882655598D-03
    0.000000000000000D+00    0.000000000000000D+00
