    0.000000000000000D+00    0.000000000000000D+00
    0.000000000000000D+00    0.000000000000000D+00
    0.000000000000000D+00    0.000000000000000D+00
    0.000000000000000D+00    0.000000000000000D+00
    0.000000000000000D+00    0.000000000000000D+00
    0.000000000000000D+00    0.000000000000000D+00
    0.000000000000000D+00    0.000000000000000D+00
    0.000000000000000D+00    0.000000000000000D+00
    0.000000000000000D+00    0.000000000000000D+00
    0.000000000000000D+00    0.000000000000000D+00
    0.000000000000000D+00    0.000000000000000D+00
    0.000000000000000D+00    0.000000000000000D+00
    0.000000000000000D+00    0.000000000000000D+00
    0.000000000000000D+00    0.000000000000000D+00
    0.000000000000000D+00    0.000000000000000D+00
    0.000000000000000D+00    0.000000000000000D+00
    0.000000000000000D+00    0.000000000000000D+00
    0.000000000000000D+00    0.000000000000000D+00
    0.000000000000000D+00    0.000000000000000D+00
    0.000000000000000D+00    0.000000000000000D+00
    0.000000000000000D+00    0.000000000000000D+00
    0.000000000000000D+00    0.000000000000000D+00
    0.000000000000000D+00    0.000000000000000D+00
    0.000000000000000D+00    0.000000000000000D+00
    0.000000000000000D+00    0.000000000000000D+00
    0.000000000000000D+00    0.000000000000000D+00
    0.000000000000000D+00    0.000000000000000D+00
    0.000000000000000D+00    0.000000000000000D+00
    0.000000000000000D+00    0.000000000000000D+00
    0.000000000000000D+00    0.000000000000000D+00
    0.000000000000000D+00    0.000000000000000D+00
    0.000000000000000D+00    0.000000000000000D+00
    0.000000000000000D+00    0.000000000000000D+00
    0.000000000000000D+00    0.000000000000000D+00
    0.000000000000000D+00    0.000000000000000D+00
    0.000000000000000D+00    0.000000000000000D+00
    0.000000000000000D+00    0.000000000000000D+00
    0.000000000000000D+00    0.000000000000000D+00
    0.000000000000000D+00    0.000000000000000D+00
    0.000000000000000D+00    0.000000000000000D+00
    0.000000000000000D+00    0.000000000000000D+00
    0.000000000000000D+00    0.000000000000000D+00
    0.890072924390023D-03   -0.627357698447861D-03
    0.173765275877997D-02   -0.294517166523733D-02
    0.182760009566649D-02   -0.662611542279744D-02
    0.211012579247972D-02   -0.107262053372869D-01
    0.198872882573368D-02   -0.148483495706827D-01
    0.154563207054627D-02   -0.180707851533394D-01
   -0.178897404156626D-03   -0.191762081561492D-01
   -0.262340263436836D-02   -0.162800250052863D-01
   -0.239339420208002D-02   -0.118463377592924D-01
   -0.121166930924110D-02   -0.874947364892588D-02
   -0.134033551603723D-03   -0.734308259978963D-02
    0.355478801760108D-03   -0.740308903493295D-02
    0.685542254608846D-03   -0.833343470636974D-02
    0.798883736399810D-03   -0.964835555138593D-02
    0.748347795266966D-03   -0.110213982642601D-01
    0.552889818864510D-03   -0.121120465245014D-01
    0.321374313411904D-03   -0.128889976684346D-01
    0.827654750422320D-04   -0.131940964167815D-01
   -0.144450187637214D-03   -0.130780416327622D-01
   -0.326008694270564D-03   -0.125805737238957D-01
   -0.475852362719139D-03   -0.117774428479554D-01
   -0.565132033431088D-03   -0.107603513296196D-01
   -0.619159748849214D-03   -0.961127349803681D-02
   -0.621926444369660D-03   -0.842171619683336D-02
   -0.599446710006536D-03   -0.725145124483887D-02
   -0.546910739638802D-03   -0.616322893039096D-02
   -0.482326108961873D-03   -0.518700639173678D-02
   -0.409630414771079D-03   -0.434743855924027D-02
   -0.336770213448521D-03   -0.364926320859069D-02
   -0.273329931246148D-03   -0.308140589398943D-02
   -0.218468557718211D-03   -0.263287908346722D-02
   -0.183621957303473D-03   -0.226463264889999D-02
   -0.161252299982954D-03   -0.196119077718566D-02
   -0.159956798263325D-03   -0.166924312295918D-02
   -0.170037029306982D-03   -0.137975784038453D-02
   -0.185399875054791D-03   -0.105991762870674D-02
   -0.193919470975782D-03   -0.714830125480130D-03
   -0.166911535216241D-03   -0.371180454785130D-03
   -0.932025048146907D-04   -0.932025048117101D-04
    0.000000000000000D+00    0.000000000000000D+00
    0.000000000000000D+00    0.000000000000000D+00
    0.268245643929528D-02   -0.123994219042297D-02
    0.566709964077890D-02   -0.484062392001677D-02
    0.758681285878499D-02   -0.104481204716246D-01
    0.823481204613781D-02   -0.178892123295680D-01
    0.753023345757596D-02   -0.248936379586410D-01
    0.370633974080153D-02   -0.287664198477916D-01
   -0.236399712525608D-02   -0.297826720028898D-01
   -0.619183282683251D-02   -0.278066930597702D-01
   -0.704132487824683D-02   -0.234866207240892D-01
   -0.403289936847816D-02   -0.196655706838402D-01
   -0.898873401328550D-03   -0.175341255243281D-01
    0.842591606361061D-03   -0.171608779638392D-01
    0.197315231650860D-02   -0.179009559565659D-01
    0.229352719206566D-02   -0.192145603394845D-01
    0.211999700832547D-02   -0.207133841110481D-01
    0.153299637725169D-02   -0.218772351482956D-01
    0.774147550046150D-03   -0.225363340367896D-01
   -0.138572690677687D-04   -0.225582775496919D-01
   -0.766933804415655D-03   -0.219439811325252D-01
   -0.136862276008742D-02   -0.207945324492048D-01
   -0.184850124018516D-02   -0.191948749832949D-01
   -0.212952021090810D-02   -0.173146385523558D-01
   -0.227952830427358D-02   -0.152589027540120D-01
   -0.226459578732330D-02   -0.131895508514517D-01
   -0.215585017204193D-02   -0.111844837754580D-01
   -0.195116732357132D-02   -0.935124508578585D-02
   -0.170464092600766D-02   -0.772626967185837D-02
   -0.143157590929972D-02   -0.635289658009749D-02
   -0.116541869644615D-02   -0.522766075600005D-02
   -0.926283944529302D-03   -0.433929669966256D-02
   -0.731258736554733D-03   -0.365322461830445D-02
   -0.594136519195433D-03   -0.312183239049740D-02
   -0.520113059909560D-03   -0.269315777725708D-02
   -0.504180181875704D-03   -0.230838481873576D-02
   -0.539555505232689D-03   -0.192121694914270D-02
   -0.587619390550685D-03   -0.149823423780340D-02
   -0.618908638432177D-03   -0.103412441353752D-02
   -0.559131845280785D-03   -0.553677270535552D-03
   -0.371863029224011D-03   -0.165273430550082D-03
    0.000000000000000D+00    0.000000000000000D+00
    0.000000000000000D+00    0.000000000000000D+00
    0.567224459676395D-02   -0.147627525869711D-02
    0.112165704724547D-01   -0.572525205980799D-02
    0.145698249718803D-01   -0.127007521047561D-01
    0.158724809297363D-01   -0.211628824617523D-01
    0.140142479328471D-01   -0.284048896243860D-01
    0.790992779904173D-02   -0.336922567006466D-01
   -0.209421769604123D-02   -0.366316683948178D-01
   -0.888561381636888D-02   -0.363559815283596D-01
   -0.107227609987506D-01   -0.338510235607693D-01
   -0.664129754097178D-02   -0.304164903119547D-01
   -0.264079076481444D-02   -0.282214471589166D-01
    0.609963877894348D-03   -0.275375381448094D-01
    0.280759206424982D-02   -0.273612685544156D-01
    0.355750040197544D-02   -0.280096079849991D-01
    0.327449659258582D-02   -0.288858668178861D-01
    0.225058110870049D-02   -0.294828981760135D-01
    0.877155694038413D-03   -0.294793031160565D-01
   -0.590463842519918D-03   -0.288444124483998D-01
   -0.195822625115558D-02   -0.275335835588290D-01
   -0.310963543819824D-02   -0.256247129314506D-01
   -0.395473593486848D-02   -0.232949818325911D-01
   -0.448572665057809D-02   -0.206447879938210D-01
   -0.469940667518948D-02   -0.179030354276378D-01
   -0.464720127237387D-02   -0.151564765443240D-01
   -0.437059443582141D-02   -0.125881754671174D-01
   -0.393945919173993D-02   -0.102441181686678D-01
   -0.340700508293971D-02   -0.822652921745006D-02
   -0.283774321910532D-02   -0.653628682078032D-02
   -0.227825878136617D-02   -0.519739827606216D-02
   -0.177729062878360D-02   -0.417015650525956D-02
   -0.136629232924470D-02   -0.342099485359801D-02
   -0.107280080244038D-02   -0.288076176670876D-02
   -0.906220895258044D-03   -0.248535071990753D-02
   -0.863126012615596D-03   -0.215749168913931D-02
   -0.918617298088890D-03   -0.183544138650273D-02
   -0.102061857834431D-02   -0.147059825356115D-02
   -0.109243811297056D-02   -0.104657325139103D-02
   -0.102613232030187D-02   -0.586163696423593D-03
   -0.702780485319258D-03   -0.186511189031301D-03
    0.000000000000000D+00    0.000000000000000D+00
    0.000000000000000D+00    0.000000000000000D+00
    0.820905416472018D-02   -0.135799465037029D-02
    0.166539623817849D-01   -0.545724617860155D-02
    0.224445176435415D-01   -0.121287573904895D-01
    0.242074282190748D-01   -0.206457931945952D-01
    0.207787808934435D-01   -0.285993595156214D-01
    0.119681286986987D-01   -0.348644636992281D-01
   -0.392010766887350D-03   -0.392548072092981D-01
   -0.902880026729649D-02   -0.415088897936354D-01
   -0.123410874533983D-01   -0.413486830645943D-01
   -0.942862687694570D-02   -0.397924216075056D-01
   -0.460949353412330D-02   -0.380662489445028D-01
   -0.212840720580445D-03   -0.366921680531514D-01
    0.273728256189287D-02   -0.357361247712676D-01
    0.390021956443835D-02   -0.354763772300441D-01
    0.353738759149927D-02   -0.354221981275858D-01
    0.211483549372829D-02   -0.350789917246863D-01
    0.108978583429670D-03   -0.341728682828609D-01
   -0.200002487574274D-02   -0.327041979441810D-01
   -0.401565906254346D-02   -0.305928060050196D-01
   -0.563746610725278D-02   -0.279692655921552D-01
   -0.685251475226749D-02   -0.249242954158030D-01
   -0.752809183556521D-02   -0.216759223140610D-01
   -0.776930138851961D-02   -0.183481845127770D-01
   -0.756218778988392D-02   -0.151458232269508D-01
   -0.704889123887381D-02   -0.121546749305343D-01
   -0.627726453823327D-02   -0.951501372452280D-02
   -0.537670507426257D-02   -0.725049538914837D-02
   -0.441337084562000D-02   -0.542532248489202D-02
   -0.348439726279757D-02   -0.400397172909475D-02
   -0.264807220927611D-02   -0.298350172766433D-02
   -0.196569353237897D-02   -0.228465947335468D-02
   -0.147107586808221D-02   -0.185743704031656D-02
   -0.118521371099938D-02   -0.160034188635846D-02
   -0.109908741183964D-02   -0.144375370086373D-02
   -0.117706204052280D-02   -0.129535248427143D-02
   -0.134318567449471D-02   -0.110255603687672D-02
   -0.148355778846630D-02   -0.828433771496264D-03
   -0.143806055878245D-02   -0.484606496959122D-03
   -0.102070871746893D-02   -0.157510763095621D-03
    0.000000000000000D+00    0.000000000000000D+00
    0.000000000000000D+00    0.000000000000000D+00
    0.108741948017641D-01   -0.101346109148676D-02
    0.219956297689734D-01   -0.422671824793811D-02
    0.301545566140673D-01   -0.101750805912029D-01
    0.327443496897436D-01   -0.179674958019142D-01
    0.288718614092273D-01   -0.257311717769061D-01
    0.187259952356598D-01   -0.328961445308998D-01
    0.394717341732930D-02   -0.394217756000649D-01
   -0.690351918757920D-02   -0.438285271882399D-01
   -0.122852977781294D-01   -0.459666464510397D-01
   -0.106145319030183D-01   -0.463695623242393D-01
   -0.615116490371090D-02   -0.454561235005281D-01
   -0.127457136438342D-02   -0.440083949072127D-01
    0.205444221660466D-02   -0.424855740174354D-01
    0.335616116843710D-02   -0.413054042554506D-01
    0.285713143963682D-02   -0.402348936617334D-01
    0.105966911498064D-02   -0.389307864171997D-01
   -0.144562171868560D-02   -0.370664249442125D-01
   -0.418364438447713D-02   -0.347207457507451D-01
   -0.671694155218838D-02   -0.318713218436643D-01
   -0.881165417632334D-02   -0.285234892732103D-01
   -0.102701863225646D-01   -0.249175204904822D-01
   -0.110800442858846D-01   -0.211047670914321D-01
   -0.112318779459043D-01   -0.173813745306831D-01
   -0.108379414618742D-01   -0.137844713961123D-01
   -0.998302897247517D-02   -0.105515452863015D-01
   -0.881995369283712D-02   -0.769021465751906D-02
   -0.746072698826937D-02   -0.532941497472000D-02
   -0.604476562490017D-02   -0.344348882342628D-02
   -0.467254982514928D-02   -0.205689636015221D-02
   -0.344663694818198D-02   -0.111224157483602D-02
   -0.243813715283433D-02   -0.556725136591859D-03
   -0.170236873563367D-02   -0.309146568932599D-03
   -0.126496091669470D-02   -0.272624693068041D-03
   -0.111828085724139D-02   -0.358111093817088D-03
   -0.121502390510403D-02   -0.463345739063089D-03
   -0.145763248069852D-02   -0.520395577426283D-03
   -0.169405629649410D-02   -0.471990514072665D-03
   -0.171378543036552D-02   -0.319647136240813D-03
   -0.125510933054945D-02   -0.113478121827764D-03
    0.000000000000000D+00    0.000000000000000D+00
    0.000000000000000D+00    0.000000000000000D+00
    0.124395478585840D-01   -0.644051564999048D-03
    0.257410117575088D-01   -0.278151813659470D-02
    0.359667709176928D-01   -0.706638968010033D-02
    0.400144748703446D-01   -0.134735401365666D-01
    0.363027055566326D-01   -0.207176995980379D-01
    0.255882605680608D-01   -0.284756045991041D-01
    0.105183372114327D-01   -0.361422122992623D-01
   -0.209099068429461D-02   -0.425817400718358D-01
   -0.959937971210659D-02   -0.471953493583059D-01
   -0.104075788463434D-01   -0.494282507604703D-01
   -0.729597754258401D-02   -0.496549142567741D-01
   -0.290736948176484D-02   -0.486575336319647D-01
    0.407577912813888D-03   -0.469691836248701D-01
    0.175517015674321D-02   -0.451910936793580D-01
    0.108996743612975D-02   -0.432532162092408D-01
   -0.984751396247693D-03   -0.410292929958834D-01
   -0.399688803087176D-02   -0.383486420343087D-01
   -0.718636843294037D-02   -0.352664197513987D-01
   -0.102193257168629D-01   -0.317479170237221D-01
   -0.126115209588987D-01   -0.278553746886254D-01
   -0.142934322857403D-01   -0.237338823824927D-01
   -0.150840721741717D-01   -0.195473449151377D-01
   -0.151092657511661D-01   -0.154661175836178D-01
   -0.143971358068404D-01   -0.116448639215445D-01
   -0.131470085257360D-01   -0.820572204403823D-02
   -0.114861363729800D-01   -0.525545709157501D-02
   -0.960773841702260D-02   -0.283357527150890D-02
   -0.765708192001360D-02   -0.981689198809557D-03
   -0.578405082638071D-02    0.336626731577440D-03
   -0.410847631902210D-02    0.113995982666290D-02
   -0.272631093878675D-02    0.151956969460332D-02
   -0.171010056851240D-02    0.153869352140543D-02
   -0.108986816863636D-02    0.131925697724340D-02
   -0.867239818989037D-03    0.948233691947597D-03
   -0.976657757273605D-03    0.547773861272388D-03
   -0.131248809702061D-02    0.198146531126166D-03
   -0.167570132034544D-02   -0.242760427030896D-04
   -0.181769280124444D-02   -0.955101981053000D-04
   -0.139130848333793D-02   -0.507995014572516D-04
    0.000000000000000D+00    0.000000000000000D+00
    0.000000000000000D+00    0.000000000000000D+00
    0.133870289879129D-01   -0.192141566140305D-03
    0.282832434551150D-01   -0.103640644635929D-02
    0.408993338947829D-01   -0.370882311183026D-02
    0.465910531353891D-01   -0.840718292277334D-02
    0.440321854120598D-01   -0.144251503371575D-01
    0.340242530987899D-01   -0.219364234659536D-01
    0.181741190014929D-01   -0.304293097690937D-01
    0.431851095030813D-02   -0.381657693800156D-01
   -0.544009925718605D-02   -0.448190609437127D-01
   -0.853101640538872D-02   -0.489424213694900D-01
   -0.723588144563318D-02   -0.504748550754663D-01
   -0.392749658251212D-02   -0.502929477539834D-01
   -0.130237193880228D-02   -0.487890709409991D-01
   -0.271672795474201D-03   -0.467717444671534D-01
   -0.121719594822811D-02   -0.442640445859081D-01
   -0.368038108301343D-02   -0.414145046911877D-01
   -0.707889885237069D-02   -0.381365324502355D-01
   -0.107543496527424D-01   -0.344639045912073D-01
   -0.141273470549400D-01   -0.304894452795080D-01
   -0.168252616078835D-01   -0.261447509908922D-01
   -0.185871955358025D-01   -0.217279163838284D-01
   -0.193615283879800D-01   -0.172237701467832D-01
   -0.191484378389804D-01   -0.129771548776586D-01
   -0.181055352387362D-01   -0.896717700227300D-02
   -0.163725534329856D-01   -0.546823259712676D-02
   -0.141847678535731D-01   -0.245320225850063D-02
   -0.117181189758311D-01   -0.676785957714435D-04
   -0.919358422710466D-02    0.173382550572611D-02
   -0.676474344512873D-02    0.292612635889445D-02
   -0.459700786144244D-02    0.357637636699732D-02
   -0.279826525506805D-02    0.374767508109205D-02
   -0.146253107336968D-02    0.352654160615968D-02
   -0.631953506647557D-03    0.303001887595052D-02
   -0.307879066735049D-03    0.235619834569679D-02
   -0.428233412695713D-03    0.164066380738620D-02
   -0.861383640893806D-03    0.972619122055769D-03
   -0.138995391597670D-02    0.458749738892466D-03
   -0.170591828639248D-02    0.133094675048719D-03
   -0.140745886275683D-02    0.117749629065713D-04
    0.000000000000000D+00    0.000000000000000D+00
    0.000000000000000D+00    0.000000000000000D+00
    0.134568259064193D-01    0.150368239958843D-03
    0.291801896592321D-01    0.414740196718006D-03
    0.430239103846397D-01   -0.417507896582389D-03
    0.507091182090624D-01   -0.304967444221134D-02
    0.500270004517039D-01   -0.747581850978724D-02
    0.413344247085764D-01   -0.141429204797404D-01
    0.267124105355814D-01   -0.223752038154002D-01
    0.122758038053352D-01   -0.309338068880584D-01
    0.723998719185855D-03   -0.387963596855952D-01
   -0.484568905325904D-02   -0.444782847982904D-01
   -0.600923575948336D-02   -0.476021292360312D-01
   -0.460818711530239D-02   -0.484998460948059D-01
   -0.306872253036343D-02   -0.476541251616808D-01
   -0.274200567971901D-02   -0.457418662166680D-01
   -0.416139041347639D-02   -0.430623679222581D-01
   -0.697715071365556D-02   -0.399005763017046D-01
   -0.107921100992530D-01   -0.363156888095349D-01
   -0.147841127136473D-01   -0.323389349544590D-01
   -0.185012004888128D-01   -0.280892201033101D-01
   -0.213525369260883D-01   -0.235526321590725D-01
   -0.231967729052753D-01   -0.189599365569480D-01
   -0.238314681517185D-01   -0.143698489114180D-01
   -0.233695632971956D-01   -0.100278966417448D-01
   -0.219009778909297D-01   -0.600695981196849D-02
   -0.196595852989432D-01   -0.248670685032264D-02
   -0.168727552158263D-01    0.476195017508727D-03
   -0.137813387214317D-01    0.280734934755223D-02
   -0.106275898038478D-01    0.449464270499375D-02
   -0.760179894244046D-02    0.555670286961858D-02
   -0.489905577309962D-02    0.602830435847986D-02
   -0.264261218603377D-02    0.599469524539187D-02
   -0.956316837463016D-03    0.552980810113298D-02
    0.119624056323860D-03    0.476056256379805D-02
    0.557810505688886D-03    0.378858170654423D-02
    0.442981311922121D-03    0.275704171473979D-02
   -0.107525337876998D-03    0.177495962231844D-02
   -0.823028574059098D-03    0.960528858850787D-03
   -0.138399181103007D-02    0.386070321689583D-03
   -0.129279655260236D-02    0.800079059722480D-04
    0.000000000000000D+00    0.000000000000000D+00
    0.000000000000000D+00    0.000000000000000D+00
    0.127875858368015D-01    0.489590599937027D-03
    0.286367878472346D-01    0.176904192190279D-02
    0.439076009250774D-01    0.255925786338196D-02
    0.534957101493577D-01    0.192533917732384D-02
    0.552626164334590D-01   -0.434358663002239D-03
    0.488062725723203D-01   -0.553447091206428D-02
    0.353795613526326D-01   -0.130497276712701D-01
    0.210442494601790D-01   -0.213887631383312D-01
    0.815182474894867D-02   -0.300396552267151D-01
    0.239770306712859D-03   -0.368845775215265D-01
   -0.338574461121245D-02   -0.412884645766570D-01
   -0.410575332204483D-02   -0.434305570663688D-01
   -0.416843394966506D-02   -0.433751481057534D-01
   -0.484954676015541D-02   -0.419767440642897D-01
   -0.697721560583071D-02   -0.394652372335960D-01
   -0.103376674339966D-01   -0.363477553123670D-01
   -0.145591668472466D-01   -0.327427910249414D-01
   -0.189343328524277D-01   -0.287168066875309D-01
   -0.228885297847223D-01   -0.244737220215051D-01
   -0.259296159751338D-01   -0.199309565172327D-01
   -0.277652173842619D-01   -0.154283983587259D-01
   -0.282908708172983D-01   -0.108840662194150D-01
   -0.275196481432596D-01   -0.667218700356264D-02
   -0.256418377956656D-01   -0.273208874225946D-02
   -0.228530291790598D-01    0.645840121495087D-03
   -0.194662520549575D-01    0.350017774595074D-02
   -0.157217411955860D-01    0.568008228997870D-02
   -0.119223171952170D-01    0.722707998017080D-02
   -0.827401163106785D-02    0.811719918153610D-02
   -0.500772938679823D-02    0.840679189702004D-02
   -0.226823925958890D-02    0.816380169881241D-02
   -0.195469308475145D-03    0.746472193401198D-02
    0.114596701468184D-02    0.643724928832280D-02
    0.173117257343183D-02    0.517856317692274D-02
    0.162195936793617D-02    0.384935303532128D-02
    0.963481545540494D-03    0.255681640505063D-02
    0.182420293262024D-04    0.145532381015709D-02
   -0.829286056927426D-03    0.621852763516307D-03
   -0.105481515008592D-02    0.146270193504853D-03
    0.000000000000000D+00    0.000000000000000D+00
    0.000000000000000D+00    0.000000000000000D+00
    0.116890416219143D-01    0.684640448209221D-03
    0.269906644962847D-01    0.271629349387033D-02
    0.423535954196506D-01    0.489562516479452D-02
    0.535121887374629D-01    0.629713311884738D-02
    0.575790004490434D-01    0.602457952796773D-02
    0.536934675482097D-01    0.288646487343318D-02
    0.427900351417858D-01   -0.288325994203016D-02
    0.294892880259717D-01   -0.104957560708029D-01
    0.162282327857338D-01   -0.189222647157645D-01
    0.658229823952466D-02   -0.263006299277549D-01
    0.522525661349262D-03   -0.318722268065080D-01
   -0.265152317924428D-02   -0.350431990876628D-01
   -0.458142102961348D-02   -0.360631050921660D-01
   -0.667109416903872D-02   -0.353660157856429D-01
   -0.967190411731737D-02   -0.334205196092161D-01
   -0.136495177654771D-01   -0.306442571539266D-01
   -0.183173968657769D-01   -0.273373852906580D-01
   -0.230025637364943D-01   -0.235556331006512D-01
   -0.272101051532951D-01   -0.195640360982400D-01
   -0.303538589710928D-01   -0.153037122101667D-01
   -0.321984483698995D-01   -0.110746633403927D-01
   -0.325597368191961D-01   -0.683755443637395D-02
   -0.315023166792887D-01   -0.288822453293850D-02
   -0.291929926566257D-01    0.766558612679359D-03
   -0.258731852098559D-01    0.391188408162375D-02
   -0.218800090579413D-01    0.652390592716864D-02
   -0.174854811232078D-01    0.850146497405511D-02
   -0.130361857896684D-01    0.984130817516636D-02
   -0.875421086754448D-02    0.105419028640764D-01
   -0.491554126933037D-02    0.106342025815681D-01
   -0.166879571808597D-02    0.101887892485088D-01
    0.803193839260350D-03    0.927280859742137D-02
    0.244232275371842D-02    0.800709336369518D-02
    0.318095142583471D-02    0.649348131069602D-02
    0.310365555668430D-02    0.488695486518100D-02
    0.231717602692053D-02    0.331571037560396D-02
    0.113672512855338D-02    0.193712461858321D-02
   -0.709980084399276D-04    0.869643529065791D-03
   -0.681125906874407D-03    0.214186420539681D-03
    0.000000000000000D+00    0.000000000000000D+00
    0.000000000000000D+00    0.000000000000000D+00
    0.100240113257671D-01    0.853668648566221D-03
    0.242149114386965D-01    0.342334516336476D-02
    0.396730110099243D-01    0.673029449272282D-02
    0.520461270881408D-01    0.976352909207092D-02
    0.585785008527115D-01    0.117384236380197D-01
    0.575207008555502D-01    0.108334360051433D-01
    0.491573119387659D-01    0.713670585119246D-02
    0.373665215344066D-01    0.117932936865614D-02
    0.241938070104658D-01   -0.654691016698886D-02
    0.132678103785129D-01   -0.137987722514973D-01
    0.521901644559243D-02   -0.199113413801546D-01
   -0.154024532269635D-03   -0.240231973049457D-01
   -0.405675179479294D-02   -0.259222942038177D-01
   -0.761679742552906D-02   -0.261747811221865D-01
   -0.117243866800614D-01   -0.249230678884137D-01
   -0.164307756569582D-01   -0.227977936061406D-01
   -0.216183691261951D-01   -0.200177115289694D-01
   -0.266701777265135D-01   -0.167531201703182D-01
   -0.311067005573355D-01   -0.132775696829981D-01
   -0.343907445971010D-01   -0.952428238895973D-02
   -0.362217501486773D-01   -0.583481226659487D-02
   -0.364596225446480D-01   -0.209247544411392D-02
   -0.351226220969606D-01    0.135452587066684D-02
   -0.324242705716487D-01    0.457445612203839D-02
   -0.286025189078273D-01    0.730722531528300D-02
   -0.240362005448576D-01    0.957333858974387D-02
   -0.190236618008309D-01    0.112411057460046D-01
   -0.139409391112891D-01    0.123177299291236D-01
   -0.904592044493262D-02    0.127867140914786D-01
   -0.463102343396035D-02    0.126666033795822D-01
   -0.881193556537794D-03    0.120244856561888D-01
    0.201403248403292D-02    0.109047439322507D-01
    0.395746150580527D-02    0.943364044161736D-02
    0.488559382131317D-02    0.769020775989381D-02
    0.483938722149618D-02    0.584662400781349D-02
    0.395089031080948D-02    0.401647134350523D-02
    0.249786995888328D-02    0.239269958618591D-02
    0.910820340817688D-03    0.109026195409203D-02
   -0.191282605406254D-03    0.278707392306290D-03
    0.000000000000000D+00    0.000000000000000D+00
    0.000000000000000D+00    0.000000000000000D+00
    0.831673082466228D-02    0.903947912263605D-03
    0.209969929578746D-01    0.378321555107455D-02
    0.354858085560387D-01    0.782884163045649D-02
    0.483582173216585D-01    0.123176104973681D-01
    0.565685615186164D-01    0.160583351789152D-01
    0.581265240242757D-01    0.174651036665676D-01
    0.528622260335678D-01    0.161999328874833D-01
    0.432931297836832D-01    0.122372110821352D-01
    0.312702781509390D-01    0.619434147150166D-02
    0.200537018614627D-01   -0.286566091371047D-03
    0.105488723141181D-01   -0.636701148584433D-02
    0.324056830543480D-02   -0.108714642197981D-01
   -0.255612695551464D-02   -0.136648642544243D-01
   -0.778250067755652D-02   -0.147190876654596D-01
   -0.130143240395479D-01   -0.144212654008110D-01
   -0.185859544912794D-01   -0.130605042384100D-01
   -0.242820267557933D-01   -0.110732145305830D-01
   -0.297097961039073D-01   -0.853089146061984D-02
   -0.343514512274762D-01   -0.579804913901827D-02
   -0.377545112468231D-01   -0.278538716120754D-02
   -0.395770666344761D-01    0.179599111727947D-03
   -0.397098720347508D-01    0.319993759795713D-02
   -0.381358800131525D-01    0.599007498511522D-02
   -0.351098053782645D-01    0.858601268287329D-02
   -0.308449063369875D-01    0.107858900807249D-01
   -0.257824333741056D-01    0.125765286341180D-01
   -0.202045161101401D-01    0.138560834494884D-01
   -0.145544235818990D-01    0.146042616739819D-01
   -0.907837191626715D-02    0.148064802337020D-01
   -0.412849467008149D-02    0.144634974468612D-01
    0.119068091787115D-03    0.136261823366360D-01
    0.342094145460428D-02    0.123301987514061D-01
    0.568835803663293D-02    0.106789946208036D-01
    0.680138133869955D-02    0.875240025484661D-02
    0.681827687615473D-02    0.670407084034192D-02
    0.581046976378525D-02    0.466285995995322D-02
    0.409974787140879D-02    0.281600395028446D-02
    0.206732590766801D-02    0.131619998083954D-02
    0.429894923031417D-03    0.342401578964981D-03
    0.000000000000000D+00    0.000000000000000D+00
    0.000000000000000D+00    0.000000000000000D+00
    0.632520494909476D-02    0.927381358445061D-03
    0.171724472787662D-01    0.389822027687372D-02
    0.305749181021387D-01    0.842951349148273D-02
    0.434955698426886D-01    0.137934627222359D-01
    0.531157916043871D-01    0.192421656952946D-01
    0.570829087261889D-01    0.226785878740245D-01
    0.546735524803269D-01    0.239408085929253D-01
    0.475430313665985D-01    0.223990282836608D-01
    0.370325878541921D-01    0.183026682773575D-01
    0.260375942809848D-01    0.132519358421806D-01
    0.157979204563008D-01    0.780277797313937D-02
    0.703013459763123D-02    0.326581632711645D-02
   -0.382318146753498D-03    0.767592894132606D-04
   -0.705862339736339D-02   -0.177090163773753D-02
   -0.134987297294064D-01   -0.225767007473876D-02
   -0.198758922609143D-01   -0.182667914309294D-02
   -0.261765795111501D-01   -0.695335782637819D-03
   -0.319562547438171D-01    0.923094015258298D-03
   -0.368421346439273D-01    0.275382535500326D-02
   -0.403550107634961D-01    0.483560329271132D-02
   -0.422029682137692D-01    0.688269605940015D-02
   -0.422518684903073D-01    0.900529239926174D-02
   -0.405078850690279D-01    0.109518321011624D-01
   -0.372032381997120D-01    0.127719809975902D-01
   -0.325900998703407D-01    0.142931977515133D-01
   -0.270908677688295D-01    0.154955830177244D-01
   -0.210438892855455D-01    0.162990735042311D-01
   -0.148771300952250D-01    0.166537170068754D-01
   -0.889436453592733D-02    0.165593265802186D-01
   -0.343699696512207D-02    0.159742861100987D-01
    0.126710922616360D-02    0.149581603786501D-01
    0.497956318882164D-02    0.135021009496810D-01
    0.755943702943634D-02    0.117159053824318D-01
    0.889038719077078D-02    0.964088315068072D-02
    0.896935565000852D-02    0.744187129080772D-02
    0.788419232491683D-02    0.522172409413091D-02
    0.589089407459273D-02    0.319595264339334D-02
    0.342315467467719D-02    0.150606968677701D-02
    0.115274515871207D-02    0.401276089694678D-03
    0.000000000000000D+00    0.000000000000000D+00
    0.000000000000000D+00    0.000000000000000D+00
    0.452837109292148D-02    0.874010222697732D-03
    0.134467950802226D-01    0.378492932770017D-02
    0.251928139353039D-01    0.841448467459402D-02
    0.374499544424290D-01    0.144198961898076D-01
    0.475931875027230D-01    0.207967585510723D-01
    0.532744855908380D-01    0.260586373305167D-01
    0.535242500788271D-01    0.295061790852973D-01
    0.489811570261389D-01    0.303612135551935D-01
    0.406241844531671D-01    0.287325538332504D-01
    0.307378018320234D-01    0.254956504672323D-01
    0.205008228568283D-01    0.213005820125711D-01
    0.109689240259828D-01    0.173493966096794D-01
    0.238969053601830D-02    0.140232412180291D-01
   -0.557699878625692D-02    0.117997865687276D-01
   -0.130006901045550D-01    0.105130424050815D-01
   -0.202388064105565D-01    0.101444764184146D-01
   -0.270073732577479D-01    0.103021574904912D-01
   -0.331790590929148D-01    0.109670627290620D-01
   -0.382178393113233D-01    0.117732888884688D-01
   -0.418694308185691D-01    0.128307955131682D-01
   -0.437159875860223D-01    0.138511171400388D-01
   -0.437552328690376D-01    0.149676419471890D-01
   -0.418842102890712D-01    0.159685743247293D-01
   -0.384302178813488D-01    0.169144317026397D-01
   -0.335567926848895D-01    0.176674712771032D-01
   -0.277725245358890D-01    0.182110566572834D-01
   -0.213528114656594D-01    0.184741534791304D-01
   -0.148036321150385D-01    0.184035681328243D-01
   -0.838989881824512D-02    0.179828906530347D-01
   -0.251833745664799D-02    0.171635758707851D-01
    0.260261965207621D-02    0.159738770409575D-01
    0.667670924197295D-02    0.143969960414819D-01
    0.956970739963588D-02    0.125074464199985D-01
    0.111015249908577D-01    0.103412824066691D-01
    0.112753042174395D-01    0.803420401851608D-02
    0.101009090944498D-01    0.569445078232039D-02
    0.786089765240168D-02    0.352343793365372D-02
    0.490708859238057D-02    0.169204542137995D-02
    0.199330419903660D-02    0.455996480973962D-03
    0.000000000000000D+00    0.000000000000000D+00
    0.000000000000000D+00    0.000000000000000D+00
    0.270387749071699D-02    0.798720998153839D-03
    0.961872237709523D-02    0.348951555267066D-02
    0.196157267278418D-01    0.802400658270348D-02
    0.308856296296083D-01    0.140962343077772D-01
    0.410982730074985D-01    0.212312516658348D-01
    0.480863995011623D-01    0.276591452666110D-01
    0.504729904930750D-01    0.331315557842406D-01
    0.483814373796469D-01    0.362019793873750D-01
    0.421955090557026D-01    0.369580690092585D-01
    0.337138034199044D-01    0.358488822254255D-01
    0.240664932260796D-01    0.332356908087740D-01
    0.143150379393417D-01    0.302695082387595D-01
    0.506601694839206D-02    0.273533557918730D-01
   -0.372208480475901D-02    0.249710301764165D-01
   -0.119849126836980D-01    0.232668577432581D-01
   -0.198076881994228D-01    0.221347676539590D-01
   -0.270709048515583D-01    0.214643200977806D-01
   -0.334859601431145D-01    0.211260975167681D-01
   -0.387280699232332D-01    0.209157899153521D-01
   -0.424418552876121D-01    0.208725822670928D-01
   -0.443491958877915D-01    0.208169881265138D-01
   -0.443631283725736D-01    0.208412626122146D-01
   -0.424644764592046D-01    0.208354882460776D-01
   -0.388981445112672D-01    0.208240799582892D-01
   -0.338984833122355D-01    0.207599264678854D-01
   -0.278985636030862D-01    0.205798566577164D-01
   -0.212470594646173D-01    0.202793206574898D-01
   -0.143905464967358D-01    0.197482484308920D-01
   -0.766275160773938D-02    0.190093314446183D-01
   -0.143303039102806D-02    0.179540350313673D-01
    0.403091734949417D-02    0.166280630782060D-01
    0.844772301963238D-02    0.149584209039665D-01
    0.116252542712510D-01    0.130236892361432D-01
    0.133826677304901D-01    0.108128438404469D-01
    0.136516205757141D-01    0.846264743671231D-02
    0.124423899215639D-01    0.604840738267274D-02
    0.994812475404961D-02    0.378671917703039D-02
    0.654973086383432D-02    0.183202803052834D-02
    0.291241714152877D-02    0.503742520403539D-03
    0.000000000000000D+00    0.000000000000000D+00
    0.000000000000000D+00    0.000000000000000D+00
    0.118606019663473D-02    0.686228243729282D-03
    0.624093037337835D-02    0.308265923405944D-02
    0.143558366497017D-01    0.725032594335495D-02
    0.241898523394164D-01    0.132038295894418D-01
    0.338401740767077D-01    0.203434723541794D-01
    0.412955206527064D-01    0.276128217302528D-01
    0.452649757718763D-01    0.342862700137638D-01
    0.452123115927478D-01    0.392329008161287D-01
    0.413145235145110D-01    0.421884347453792D-01
    0.346482151456730D-01    0.431639659734244D-01
    0.261756828796831D-01    0.424546353713983D-01
    0.169142840562917D-01    0.408198590535900D-01
    0.759865831208141D-02    0.386660772926770D-01
   -0.159046258542441D-02    0.365734244597931D-01
   -0.102674313961780D-01    0.346421323924087D-01
   -0.185588859934310D-01    0.330530915454014D-01
   -0.260504861959205D-01    0.316334667579012D-01
   -0.327029673760017D-01    0.304494184242407D-01
   -0.379919730509028D-01    0.292675738617857D-01
   -0.418007987622101D-01    0.282115026801846D-01
   -0.437106625418886D-01    0.271122986863480D-01
   -0.437884637887783D-01    0.261081177249462D-01
   -0.418950074921250D-01    0.251113710995594D-01
   -0.383693653803839D-01    0.241905345118272D-01
   -0.333397380284500D-01    0.233088233617120D-01
   -0.273095642886979D-01    0.224410493697148D-01
   -0.205446079679644D-01    0.215718947249661D-01
   -0.135526765485621D-01    0.206143264837873D-01
   -0.661487220937105D-02    0.195620809403115D-01
   -0.153759066352678D-03    0.183133832712444D-01
    0.558629917066012D-02    0.168748386185737D-01
    0.102738131481764D-01    0.151683717317701D-01
    0.137174631167154D-01    0.132314117382332D-01
    0.156749665879295D-01    0.110422737598923D-01
    0.160685265582713D-01    0.870252339012280D-02
    0.148211439848688D-01    0.628149654004494D-02
    0.121268969981759D-01    0.397510716489325D-02
    0.825505144910802D-02    0.195493270801379D-02
    0.392231793102318D-02    0.542796893673620D-03
    0.000000000000000D+00    0.000000000000000D+00
    0.000000000000000D+00    0.000000000000000D+00
   -0.188188032941631D-03    0.564363999644181D-03
    0.312002078602867D-02    0.258575544239808D-02
    0.938860306646204D-02    0.627537027001590D-02
    0.176825155477937D-01    0.116854241614881D-01
    0.263874566074054D-01    0.186558541983398D-01
    0.339377777843007D-01    0.260289030068585D-01
    0.388221437345198D-01    0.336133444083029D-01
    0.404713829578697D-01    0.398123015834203D-01
    0.384817086484086D-01    0.445995399554478D-01
    0.336636268137493D-01    0.474727395773104D-01
    0.265923354634259D-01    0.485682009225463D-01
    0.182328211020326D-01    0.484379667519082D-01
    0.932250512870787D-02    0.473141761615733D-01
    0.243097668861338D-03    0.457849196496167D-01
   -0.854614449871091D-02    0.439974587160795D-01
   -0.169174452425735D-01    0.421717491255792D-01
   -0.245431194225752D-01    0.402783865637608D-01
   -0.311973360361584D-01    0.383940601524002D-01
   -0.365329452181059D-01    0.364101357626768D-01
   -0.403142013086813D-01    0.344337861594565D-01
   -0.422691183525557D-01    0.324063579476625D-01
   -0.423708518099884D-01    0.304314286551142D-01
   -0.405697194289377D-01    0.285368796772978D-01
   -0.371085605391252D-01    0.267419197037385D-01
   -0.321779513276119D-01    0.251213285228579D-01
   -0.261845850757207D-01    0.235901837842790D-01
   -0.194528197582927D-01    0.222197118292466D-01
   -0.124098974419789D-01    0.208601442154512D-01
   -0.539341012953212D-02    0.195570266184818D-01
    0.122518304180180D-02    0.181485347854723D-01
    0.715118114228365D-02    0.166627419749912D-01
    0.120710822297763D-01    0.149672323941646D-01
    0.157425587120308D-01    0.130996937830966D-01
    0.179137547608761D-01    0.109922334841520D-01
    0.184367733699696D-01    0.873602251150412D-02
    0.172129815996474D-01    0.636649830577323D-02
    0.143325507354348D-01    0.407779967413638D-02
    0.100589681450304D-01    0.202319811982615D-02
    0.497733653205250D-02    0.572568784231478D-03
    0.000000000000000D+00    0.000000000000000D+00
    0.000000000000000D+00    0.000000000000000D+00
   -0.124317120736165D-02    0.436093954745276D-03
    0.594748137661415D-03    0.206663100275726D-02
    0.516106838722425D-02    0.515608160687145D-02
    0.117919900737320D-01    0.994049483977773D-02
    0.192971001538305D-01    0.162154251220475D-01
    0.262944111806940D-01    0.234219340665281D-01
    0.315871966073279D-01    0.310325070668879D-01
    0.342566465581284D-01    0.380231318673372D-01
    0.339382434808122D-01    0.439723582254057D-01
    0.308275672822544D-01    0.483427656600088D-01
    0.253828411692968D-01    0.510940636745312D-01
    0.182907156708288D-01    0.523876549329964D-01
    0.102517985704544D-01    0.524689495649284D-01
    0.171611086850909D-02    0.517028073592388D-01
   -0.673926660375866D-02    0.503127172328171D-01
   -0.149333358432251D-01    0.485240458721250D-01
   -0.223778918695192D-01    0.463984116052083D-01
   -0.289286693438107D-01    0.440601151098865D-01
   -0.341315075548749D-01    0.414912035889359D-01
   -0.378643216264689D-01    0.388186000741567D-01
   -0.397980362917887D-01    0.360522402297773D-01
   -0.399716383893354D-01    0.333183523743889D-01
   -0.382860582963001D-01    0.306778911508668D-01
   -0.350051717604395D-01    0.281947635539675D-01
   -0.302582708028587D-01    0.259442332905672D-01
   -0.244606407716757D-01    0.238945240252162D-01
   -0.178740487231846D-01    0.220959384440154D-01
   -0.109406224113666D-01    0.204395546672517D-01
   -0.395243535136367D-02    0.189387649505591D-01
    0.269662810152054D-02    0.174510841616238D-01
    0.873079386934054D-02    0.159671844951028D-01
    0.138065956054693D-01    0.143545007658914D-01
    0.176743857763281D-01    0.126118242325148D-01
    0.200335674863507D-01    0.106576140146292D-01
    0.207099415545318D-01    0.854760947286037D-02
    0.195185253607241D-01    0.630052924307888D-02
    0.165196327167659D-01    0.408621292304703D-02
    0.118428057857076D-01    0.205978637809376D-02
    0.608090421188997D-02    0.588974757733728D-03
    0.000000000000000D+00    0.000000000000000D+00
    0.000000000000000D+00    0.000000000000000D+00
   -0.207679241199626D-02    0.308948781815539D-03
   -0.149689944484881D-02    0.153665213972108D-02
    0.153497722719645D-02    0.399174900448301D-02
    0.659721181054724D-02    0.792819175306075D-02
    0.127340398569793D-01    0.134166127201027D-01
    0.189938264109872D-01    0.198969474616799D-01
    0.241389386572864D-01    0.272810903224448D-01
    0.274919421175225D-01    0.343434200043711D-01
    0.282824099472883D-01    0.409921883324823D-01
    0.266995491927101D-01    0.463258490105369D-01
    0.227294557375042D-01    0.503033398613082D-01
    0.170466298014480D-01    0.528611118029990D-01
    0.101042528309847D-01    0.540124736978617D-01
    0.245890739164832D-02    0.541516938266460D-01
   -0.536970468614564D-02    0.532874633028227D-01
   -0.130457324386877D-01    0.518107206072170D-01
   -0.201211136382556D-01    0.496750420584825D-01
   -0.263437356485348D-01    0.471692084042131D-01
   -0.313272499153882D-01    0.442407964773865D-01
   -0.349037882922996D-01    0.411203363140067D-01
   -0.367949918768790D-01    0.378317169994430D-01
   -0.370133313831111D-01    0.345379337355282D-01
   -0.354753479011467D-01    0.313563795409494D-01
   -0.324000322552679D-01    0.283373589167918D-01
   -0.279172431515025D-01    0.256358596458749D-01
   -0.223761932695916D-01    0.231810113825640D-01
   -0.160459475053328D-01    0.210966142480373D-01
   -0.930215156415392D-02    0.192284636563164D-01
   -0.245525265491999D-02    0.176384529682181D-01
    0.414624606377593D-02    0.161406962722501D-01
    0.102030252730511D-01    0.147463595746169D-01
    0.153846423911145D-01    0.132822744362044D-01
    0.194107581995337D-01    0.117443376230655D-01
    0.219602283416115D-01    0.100133781823534D-01
    0.228027995314655D-01    0.812540245485666D-02
    0.217075296214169D-01    0.606873019700435D-02
    0.186286130782721D-01    0.399384338774282D-02
    0.136468070614734D-01    0.203806423990955D-02
    0.718706188241911D-02    0.594595211710251D-03
    0.000000000000000D+00    0.000000000000000D+00
    0.000000000000000D+00    0.000000000000000D+00
   -0.263671965897770D-02    0.192496890186656D-03
   -0.300582401487452D-02    0.103560646801842D-02
   -0.124470638173587D-02    0.285431396198427D-02
    0.236869105502893D-02    0.596215783781070D-02
    0.717705937848834D-02    0.104221087904408D-01
    0.123865123728893D-01    0.160554733941900D-01
    0.171087120144442D-01    0.225975543121827D-01
    0.205410119008951D-01    0.293671645696238D-01
    0.221145846474654D-01    0.359795016112592D-01
    0.216106578645829D-01    0.417721012572717D-01
    0.190305306915886D-01    0.465056424807415D-01
    0.147098123159211D-01    0.499310759086753D-01
    0.903746485103685D-02    0.520569816628066D-01
    0.249790044453276D-02    0.529543075202510D-01
   -0.443400099607199D-02    0.527764042104819D-01
   -0.113498700307209D-01    0.516698298032572D-01
   -0.178331404876770D-01    0.498002472005616D-01
   -0.235572274649271D-01    0.472980893138671D-01
   -0.281955302654514D-01    0.443146578613681D-01
   -0.315171677775957D-01    0.409770941143636D-01
   -0.333256890162773D-01    0.374522191458587D-01
   -0.335554932770448D-01    0.338562652394069D-01
   -0.321857771938639D-01    0.303737993075209D-01
   -0.293479819075431D-01    0.270650386888136D-01
   -0.251901130145819D-01    0.240950019497072D-01
   -0.199893437648118D-01    0.214358117121759D-01
   -0.139981445598431D-01    0.191935180074783D-01
   -0.754997416760328D-02    0.172586543877193D-01
   -0.930515648975012D-03    0.156669683776427D-01
    0.552739914822285D-02    0.142602733696631D-01
    0.115357995760329D-01    0.130212567533110D-01
    0.167604610645558D-01    0.117829831332246D-01
    0.209087164504844D-01    0.105104795098681D-01
    0.236303443430566D-01    0.907150954311249D-02
    0.246565289389209D-01    0.747052485614725D-02
    0.236805203838337D-01    0.567095574502480D-02
    0.205960093122153D-01    0.379759718156225D-02
    0.153380023023220D-01    0.197290167384743D-02
    0.828702278963055D-02    0.583547604187713D-03
    0.000000000000000D+00    0.000000000000000D+00
    0.000000000000000D+00    0.000000000000000D+00
   -0.296837335992292D-02    0.817853009112555D-04
   -0.405334927512092D-02    0.570670657771051D-03
   -0.332543624340711D-02    0.177385473920090D-02
   -0.954676136635730D-03    0.400476743755260D-02
    0.256800087402373D-02    0.744927065145028D-02
    0.673917551020486D-02    0.119628178952426D-01
    0.107403667905603D-01    0.175512615208937D-01
    0.140465121108134D-01    0.235134851194860D-01
    0.159114570963061D-01    0.297417976558329D-01
    0.162416739882037D-01    0.354306776786675D-01
    0.146987739716828D-01    0.404280896272947D-01
    0.116524589536796D-01    0.443582797680047D-01
    0.720111277453511D-02    0.470619928938912D-01
    0.185997151534003D-02    0.486583679147718D-01
   -0.402625395732139D-02    0.489985280624777D-01
   -0.100289722225589D-01    0.484421081347731D-01
   -0.157383627142166D-01    0.468639528577911D-01
   -0.208594375766826D-01    0.446566128464291D-01
   -0.250135622943184D-01    0.417571921130273D-01
   -0.280488438739761D-01    0.385044072765573D-01
   -0.296876924832999D-01    0.349407417644443D-01
   -0.299450438732327D-01    0.313043646004535D-01
   -0.287065112746722D-01    0.277380505691686D-01
   -0.261451230398116D-01    0.243465260383515D-01
   -0.223243839548239D-01    0.213100134319202D-01
   -0.175172678183219D-01    0.186013803918666D-01
   -0.119183277921494D-01    0.163646787426237D-01
   -0.583177396456498D-02    0.144752550061928D-01
    0.486304222204543D-03    0.130027190840604D-01
    0.673047174793341D-02    0.117699001651391D-01
    0.126238171935376D-01    0.107765833516521D-01
    0.178379268323436D-01    0.983351218072325D-02
    0.220769131095667D-01    0.890304687893585D-02
    0.249630290374977D-01    0.782562393031163D-02
    0.261947351265122D-01    0.658251223263870D-02
    0.253990759209109D-01    0.510971917447121D-02
    0.223739634490613D-01    0.349878130687404D-02
    0.169595564418431D-01    0.185362239371676D-02
    0.934265031444302D-02    0.561952349768957D-03
    0.000000000000000D+00    0.000000000000000D+00
    0.000000000000000D+00    0.000000000000000D+00
   -0.309153723192216D-02   -0.101633083891775D-04
   -0.462025005693224D-02    0.160468141861580D-03
   -0.465551657509973D-02    0.817770197232429D-03
   -0.329741640943823D-02    0.226005901643722D-02
   -0.872396860438796D-03    0.467537082817066D-02
    0.223283064520746D-02    0.810077663394190D-02
    0.546588299290057D-02    0.124809598691593D-01
    0.830104395464173D-02    0.174791628349111D-01
    0.102242601264737D-01    0.228429655586233D-01
    0.109390682058049D-01    0.280604618992523D-01
    0.102118182159968D-01    0.328504278414768D-01
    0.815131542001551D-02    0.368410882435841D-01
    0.483087244004147D-02    0.398711359370797D-01
    0.638512559706599D-03    0.418183871446404D-01
   -0.418679830895793D-02    0.426811644752900D-01
   -0.917628134771145D-02    0.425035202668018D-01
   -0.140723492038443D-01    0.413984772652959D-01
   -0.184449391821321D-01    0.394787944563745D-01
   -0.220994135589846D-01    0.369241151304579D-01
   -0.247123500924269D-01    0.338683983913691D-01
   -0.261932201331406D-01    0.305322010842429D-01
   -0.263766584669286D-01    0.270375991069990D-01
   -0.252957260381605D-01    0.236173961079530D-01
   -0.229583903212890D-01    0.203434400781697D-01
   -0.195100361579115D-01    0.174179879050538D-01
   -0.150961526247921D-01    0.148356892786052D-01
   -0.993461126902854D-02    0.127302536725717D-01
   -0.424808591095322D-02    0.110173277887963D-01
    0.171477116355042D-02    0.974834944536851D-02
    0.769210217792665D-02    0.877928415484507D-02
    0.134168874508743D-01    0.809074571783788D-02
    0.185784691284823D-01    0.750801024306257D-02
    0.228736180284243D-01    0.697028989594688D-02
    0.259153300226378D-01    0.631035850448993D-02
    0.273626864995514D-01    0.548095765865424D-02
    0.267834585617429D-01    0.438987623640140D-02
    0.238909334711544D-01    0.310032424317319D-02
    0.183782286232446D-01    0.168576346821669D-02
    0.103326732693268D-01    0.522871002044967D-03
    0.000000000000000D+00    0.000000000000000D+00
    0.000000000000000D+00    0.000000000000000D+00
   -0.302198619028881D-02   -0.946044230960221D-04
   -0.479365200043395D-02   -0.190414099348134D-03
   -0.535902504947149D-02   -0.232980388640806D-04
   -0.478701196275680D-02    0.696000900135479D-03
   -0.329794355628735D-02    0.217671298125095D-02
   -0.112493475312644D-02    0.449307982967192D-02
    0.128288519401089D-02    0.770591911381311D-02
    0.359970090198653D-02    0.115396889320030D-01
    0.529776987813452D-02    0.159054255563368D-01
    0.621348593089696D-02    0.203072440294170D-01
    0.596623558526035D-02    0.245596411001895D-01
    0.470156140473451D-02    0.282792190984264D-01
    0.231070714079010D-02    0.312350176521125D-01
   -0.847250639437107D-03    0.333636581485742D-01
   -0.463595347499450D-02    0.344341887855782D-01
   -0.866734480276199D-02    0.346664782633869D-01
   -0.126669561258795D-01    0.338744133331575D-01
   -0.163383279872619D-01    0.324123527864927D-01
   -0.193780762571767D-01    0.301834762738741D-01
   -0.216287489558417D-01    0.275443519742019D-01
   -0.228449189094047D-01    0.245143170152894D-01
   -0.230159257488783D-01    0.213674814194140D-01
   -0.220132124025965D-01    0.182235119505979D-01
   -0.199503366908435D-01    0.152331140904880D-01
   -0.168338413089835D-01    0.125585530246721D-01
   -0.128559311951464D-01    0.102253636377095D-01
   -0.813397773016181D-02    0.837117123698337D-02
   -0.289463417575844D-02    0.692103533764792D-02
    0.267657354852041D-02    0.594540586069739D-02
    0.833072379153586D-02    0.530110217316997D-02
    0.138384990172986D-01    0.498441909370856D-02
    0.188952088377052D-01    0.481202179506455D-02
    0.232185528359638D-01    0.472644668948452D-02
    0.263988602029457D-01    0.453761230059202D-02
    0.280883275701032D-01    0.418078368996543D-02
    0.277798812076096D-01    0.353172631792315D-02
    0.251115173767393D-01    0.261466223448217D-02
    0.196369349068164D-01    0.147674822428933D-02
    0.112342895636778D-01    0.475972981351965D-03
    0.000000000000000D+00    0.000000000000000D+00
    0.000000000000000D+00    0.000000000000000D+00
   -0.281436456324432D-02   -0.155147179612894D-03
   -0.462997922280698D-02   -0.469829397730259D-03
   -0.550922040612292D-02   -0.689668782975440D-03
   -0.549068086977068D-02   -0.568473358497037D-03
   -0.471918568201660D-02    0.100584696785810D-03
   -0.335320010242433D-02    0.144489883613783D-02
   -0.168004885865344D-02    0.351950063117889D-02
    0.199863210897706D-04    0.623004079533592D-02
    0.139960410234189D-02    0.945308700356622D-02
    0.223311733738249D-02    0.129073653059465D-01
    0.226014474698371D-02    0.163658599642264D-01
    0.148366593619155D-02    0.195332667043704D-01
   -0.188413115517203D-03    0.221925805799265D-01
   -0.250790520537305D-02    0.241777441365385D-01
   -0.542432807704132D-02    0.253652957359420D-01
   -0.855018532680658D-02    0.257436579490876D-01
   -0.117744034672272D-01    0.253074439655821D-01
   -0.146929842164460D-01    0.241506906661724D-01
   -0.172093984727794D-01    0.223699400028928D-01
   -0.189939395519921D-01    0.201060334876763D-01
   -0.200092724626548D-01    0.175251739291715D-01
   -0.200535278797431D-01    0.147664798553186D-01
   -0.191649873984003D-01    0.120252094744130D-01
   -0.172834108521795D-01    0.940048855492999D-02
   -0.145161000456160D-01    0.707226897193920D-02
   -0.109217342670753D-01    0.507509150640187D-02
   -0.665459519137740D-02    0.353622126822188D-02
   -0.185393743729401D-02    0.241801256039765D-02
    0.329993094622676D-02    0.177508894743125D-02
    0.860840811470823D-02    0.150336874640060D-02
    0.138629105746850D-01    0.158340175504484D-02
    0.187850417904780D-01    0.185752964898138D-02
    0.231048625923124D-01    0.224664984033418D-02
    0.264165427687410D-01    0.256423706556305D-02
    0.283495267742098D-01    0.271334026868015D-02
    0.283547266262708D-01    0.254531702233975D-02
    0.259740210275412D-01    0.204652177473916D-02
    0.206201880135620D-01    0.122232392404980D-02
    0.120170687010639D-01    0.413401478314747D-03
    0.000000000000000D+00    0.000000000000000D+00
    0.000000000000000D+00    0.000000000000000D+00
   -0.247505878313483D-02   -0.206128085234662D-03
   -0.419682458387427D-02   -0.678052018680361D-03
   -0.521347580146045D-02   -0.120759974144833D-02
   -0.556146259592269D-02   -0.156113029427250D-02
   -0.532458963131556D-02   -0.156095677932438D-02
   -0.459516140772614D-02   -0.105543936358226D-02
   -0.357380996988075D-02    0.307830750570297D-04
   -0.242796053865877D-02    0.167279291416665D-02
   -0.145209053828341D-02    0.381498712756434D-02
   -0.778340959015582D-03    0.625078425384372D-02
   -0.684729468483069D-03    0.882122082496142D-02
   -0.114293400429060D-02    0.112821445215684D-01
   -0.230790481134778D-02    0.134176322650793D-01
   -0.397948123922521D-02    0.151164421085968D-01
   -0.615054033663203D-02    0.161528921462117D-01
   -0.854287015065320D-02    0.166142607461242D-01
   -0.110195928585704D-01    0.163117117066659D-01
   -0.133325935067023D-01    0.154807564076661D-01
   -0.152848608032441D-01    0.140104360127620D-01
   -0.167239107272427D-01    0.121875128623163D-01
   -0.174650979029352D-01    0.999991258074836D-02
   -0.174694507707765D-01    0.770014064929964D-02
   -0.166185212619894D-01    0.536380974221413D-02
   -0.149702917993784D-01    0.315906502448528D-02
   -0.124954041672495D-01    0.120789450372153D-02
   -0.931544242103571D-02   -0.420013677135858D-03
   -0.548231561184971D-02   -0.160930417022122D-02
   -0.115143177297557D-02   -0.237936491407199D-02
    0.356592603746239D-02   -0.266339315349574D-02
    0.848342033873933D-02   -0.255556813816107D-02
    0.134389027912672D-01   -0.205659637519343D-02
    0.181736250248178D-01   -0.132799269103351D-02
    0.224511394295323D-01   -0.433163480548450D-03
    0.258654863521881D-01    0.412586601926019D-03
    0.280609388487138D-01    0.111123423831684D-02
    0.284231502082701D-01    0.146384567607920D-02
    0.264467509269671D-01    0.142347671329944D-02
    0.213631960061475D-01    0.947370146186393D-03
    0.126782841366673D-01    0.348865842457599D-03
    0.000000000000000D+00    0.000000000000000D+00
    0.000000000000000D+00    0.000000000000000D+00
   -0.207221308416217D-02   -0.230821056451275D-03
   -0.358556461431635D-02   -0.807170333068905D-03
   -0.459982370944003D-02   -0.153636495544004D-02
   -0.513875641535711D-02   -0.223030207418593D-02
   -0.525475062957928D-02   -0.272193964360478D-02
   -0.500105767352746D-02   -0.287022692821684D-02
   -0.449355455197186D-02   -0.259161364814726D-02
   -0.385561461461223D-02   -0.185163859736812D-02
   -0.326806926631833D-02   -0.691438426929485D-03
   -0.286055322684613D-02    0.795747933898373D-03
   -0.281563050660550D-02    0.246206938656511D-02
   -0.315908265867499D-02    0.415381851807343D-02
   -0.400967370205252D-02    0.567901182962886D-02
   -0.523502298949818D-02    0.692366485559330D-02
   -0.686950152243544D-02    0.772188400523588D-02
   -0.865639129952377D-02    0.805806438557683D-02
   -0.105712557527005D-01    0.783926180603516D-02
   -0.123140190775975D-01    0.714519876332733D-02
   -0.138448021909476D-01    0.596965852721307D-02
   -0.148991856615500D-01    0.444994430935205D-02
   -0.154574126031108D-01    0.265333654102758D-02
   -0.153422020948235D-01    0.730142475764930D-03
   -0.145716141798199D-01   -0.120726217827076D-02
   -0.130722810426927D-01   -0.303224385374559D-02
   -0.108998555507390D-01   -0.462273783400905D-02
   -0.807396329352324D-02   -0.589992766781917D-02
   -0.467583055315966D-02   -0.676515139245318D-02
   -0.794259464683563D-03   -0.720001620945343D-02
    0.347514598104819D-02   -0.715509354743162D-02
    0.798383869714707D-02   -0.667915237109466D-02
    0.126125235255012D-01   -0.578969012389736D-02
    0.171225066204106D-01   -0.460964904516215D-02
    0.213255611508849D-01   -0.322923625355024D-02
    0.248213320223397D-01   -0.184329391643684D-02
    0.272708668839393D-01   -0.596245095170024D-03
    0.280294080112262D-01    0.301494655589724D-03
    0.265026754036679D-01    0.742269015331431D-03
    0.217896711540131D-01    0.637198914966081D-03
    0.131841197794388D-01    0.271958467993360D-03
    0.000000000000000D+00    0.000000000000000D+00
    0.000000000000000D+00    0.000000000000000D+00
   -0.161161901508578D-02   -0.244407550271714D-03
   -0.285297304086614D-02   -0.864114002961721D-03
   -0.376511451390345D-02   -0.171072701716122D-02
   -0.437352951080398D-02   -0.261029874871725D-02
   -0.469945262764973D-02   -0.344057793824562D-02
   -0.477225013152545D-02   -0.405371818272859D-02
   -0.465524243749834D-02   -0.438699501674917D-02
   -0.441684246908592D-02   -0.436330633388372D-02
   -0.418417837632039D-02   -0.400740482918348D-02
   -0.403063830053864D-02   -0.335047935372529D-02
   -0.411012201770677D-02   -0.249699193237941D-02
   -0.442841264990028D-02   -0.154926805506444D-02
   -0.510423589496500D-02   -0.661215443663539D-03
   -0.603900403423291D-02    0.854908686818488D-04
   -0.727155793135638D-02    0.522865033370874D-03
   -0.862976591178260D-02    0.665218928330395D-03
   -0.100666020383004D-01    0.364273448468383D-03
   -0.114034997735229D-01   -0.257263690051070D-03
   -0.125358397666882D-01   -0.129926471762217D-02
   -0.133366350260427D-01   -0.257110715363656D-02
   -0.136880511745248D-01   -0.410711342080206D-02
   -0.135404143022773D-01   -0.570726650572246D-02
   -0.128030775020462D-01   -0.734034879780527D-02
   -0.114986564740239D-01   -0.884310221860521D-02
   -0.958501498458206D-02   -0.101404632318895D-01
   -0.713501983151939D-02   -0.111301930599011D-01
   -0.415532361374711D-02   -0.117252603500840D-01
   -0.746149453489053D-03   -0.118902515276655D-01
    0.304968816437292D-02   -0.115634625313004D-01
    0.710610546243811D-02   -0.107803887445825D-01
    0.113428318169890D-01   -0.953382310992578D-02
    0.155669266161846D-01   -0.795018514732420D-02
    0.196230404600793D-01   -0.608719649017563D-02
    0.231532001955555D-01   -0.418287203722849D-02
    0.258470692432603D-01   -0.235654910479874D-02
    0.270287021068244D-01   -0.904594271575512D-03
    0.260914333112463D-01    0.524177313965506D-04
    0.219102704005917D-01    0.332832914862640D-03
    0.135538908371623D-01    0.202504854238527D-03
    0.000000000000000D+00    0.000000000000000D+00
    0.000000000000000D+00    0.000000000000000D+00
   -0.115936110084112D-02   -0.234692408017144D-03
   -0.209182666341037D-02   -0.851232665391076D-03
   -0.283836364462806D-02   -0.172059777054643D-02
   -0.341588564108543D-02   -0.270943905812237D-02
   -0.383265674282659D-02   -0.371087404010992D-02
   -0.410260366848931D-02   -0.461107837823216D-02
   -0.424959423918672D-02   -0.534225221639637D-02
   -0.431670734950973D-02   -0.583016061177595D-02
   -0.436848334690643D-02   -0.607682192230429D-02
   -0.446249747185624D-02   -0.607477699441583D-02
   -0.468874692716718D-02   -0.590163009614103D-02
   -0.506570126714066D-02   -0.560267097995426D-02
   -0.567340953083420D-02   -0.530692314623863D-02
   -0.644698695423883D-02   -0.506229005873669D-02
   -0.743095702359994D-02   -0.500855771159926D-02
   -0.847765036209984D-02   -0.514679225203215D-02
   -0.959458360688921D-02   -0.558941818564909D-02
   -0.105918147868018D-01   -0.627143231757547D-02
   -0.114567810089755D-01   -0.725557991609745D-02
   -0.120106535263606D-01   -0.842310333131078D-02
   -0.122422090473092D-01   -0.978244840106858D-02
   -0.120241477020720D-01   -0.111900959947697D-01
   -0.113602938846814D-01   -0.126091957629950D-01
   -0.101947232630038D-01   -0.138999259435288D-01
   -0.854718491247483D-02   -0.149998171320648D-01
   -0.642875912908850D-02   -0.157960832833663D-01
   -0.386434132942851D-02   -0.162187850464676D-01
   -0.917887584427124D-03   -0.161981835345298D-01
    0.239672650714452D-02   -0.156847188346424D-01
    0.596606159470845D-02   -0.146668372549374D-01
    0.978300367073609D-02   -0.131490829128136D-01
    0.136542533146643D-01   -0.112077116827216D-01
    0.175276591487542D-01   -0.893250264017896D-02
    0.210360166618106D-01   -0.651962281483680D-02
    0.239568247339236D-01   -0.415904349397582D-02
    0.255829524734647D-01   -0.213605658928661D-02
    0.252524949252317D-01   -0.672502409596874D-03
    0.217153964864387D-01    0.751661826289844D-05
    0.137554808170808D-01    0.123845863417289D-03
    0.000000000000000D+00    0.000000000000000D+00
    0.000000000000000D+00    0.000000000000000D+00
   -0.719644243843737D-03   -0.214863473743619D-03
   -0.134669363048034D-02   -0.779029790571753D-03
   -0.189752959145038D-02   -0.160429720741844D-02
   -0.238839146738976D-02   -0.257207803918147D-02
   -0.281333542234471D-02   -0.361868332762214D-02
   -0.317869409121284D-02   -0.463570948918758D-02
   -0.348579785904894D-02   -0.558646478074252D-02
   -0.375299378557099D-02   -0.638267545829712D-02
   -0.401418598126583D-02   -0.703135779333968D-02
   -0.429472736303735D-02   -0.749643746742920D-02
   -0.465792498987187D-02   -0.782985187707460D-02
   -0.510343692298623D-02   -0.805159290671408D-02
   -0.569703595253299D-02   -0.824551416415559D-02
   -0.638485165789628D-02   -0.845155713290333D-02
   -0.720469208309103D-02   -0.876727426950958D-02
   -0.805396301976974D-02   -0.920064327998163D-02
   -0.892633529558754D-02   -0.984582427626250D-02
   -0.970497278742546D-02   -0.106464104878600D-01
   -0.103441405600860D-01   -0.116787265693387D-01
   -0.107529549674780D-01   -0.128247547832035D-01
   -0.108679549835253D-01   -0.141295312939733D-01
   -0.106474454756227D-01   -0.154398450630991D-01
   -0.100340037212588D-01   -0.167640910925426D-01
   -0.903987243376853D-02   -0.179481420209499D-01
   -0.763159134676624D-02   -0.189637062137148D-01
   -0.585656307806899D-02   -0.196800150094819D-01
   -0.370207110187083D-02   -0.200405661789136D-01
   -0.123597887278496D-02   -0.199555330540247D-01
    0.155359726798144D-02   -0.193640048728500D-01
    0.458770815826217D-02   -0.182337049594730D-01
    0.788095338377101D-02   -0.165350079258345D-01
    0.113196992829571D-01   -0.143420135476655D-01
    0.148750657433959D-01   -0.116928332669187D-01
    0.182873088649528D-01   -0.884593835675058D-02
    0.213644628486355D-01   -0.592597415394537D-02
    0.234368141868897D-01   -0.336158019991354D-02
    0.238784556404728D-01   -0.134793971188636D-02
    0.211587798390849D-01   -0.278193443921917D-03
    0.138341524279176D-01    0.685931324593947D-04
    0.000000000000000D+00    0.000000000000000D+00
    0.000000000000000D+00    0.000000000000000D+00
   -0.343650241461313D-03   -0.179896912093476D-03
   -0.686195450937930D-03   -0.662334512504180D-03
   -0.103860796522496D-02   -0.137985430734789D-02
   -0.140795102231050D-02   -0.224951257894232D-02
   -0.178348924603929D-02   -0.322268398412702D-02
   -0.216788613300865D-02   -0.422744857678955D-02
   -0.254702170300073D-02   -0.522787135724476D-02
   -0.293045141392581D-02   -0.616080241219839D-02
   -0.332178560309022D-02   -0.701894030691532D-02
   -0.373745224482728D-02   -0.776706776757618D-02
   -0.420231815074050D-02   -0.843593059539522D-02
   -0.471904183309227D-02   -0.902235652210014D-02
   -0.532041670827805D-02   -0.959140445691337D-02
   -0.597067091665059D-02   -0.101529094070047D-01
   -0.669431575581581D-02   -0.107906428287487D-01
   -0.741008086240205D-02   -0.114964359804778D-01
   -0.812696479274437D-02   -0.123535183593849D-01
   -0.873524829957465D-02   -0.133128044877110D-01
   -0.923288224250699D-02   -0.144415340830662D-01
   -0.951132973246926D-02   -0.156467370373059D-01
   -0.956806160277485D-02   -0.169689383419975D-01
   -0.932409953050611D-02   -0.182809841952279D-01
   -0.878485885621653D-02   -0.195990704633569D-01
   -0.792216378989944D-02   -0.207834940842277D-01
   -0.674988971191680D-02   -0.218172163757355D-01
   -0.528075291595093D-02   -0.225642044453870D-01
   -0.351839982624820D-02   -0.229809572165939D-01
   -0.152736458204218D-02   -0.229560146890893D-01
    0.739473331237144D-03   -0.224202119089190D-01
    0.318123163044263D-02   -0.213044871584531D-01
    0.592472467566279D-02   -0.195598290635627D-01
    0.881353022163265D-02   -0.172064876843323D-01
    0.120132462077663D-01   -0.143087760360527D-01
    0.152092340205459D-01   -0.110588901460473D-01
    0.184209944508786D-01   -0.767670108865801D-02
    0.209230929704276D-01   -0.454759088782350D-02
    0.221241490118575D-01   -0.203995604114400D-02
    0.203507224632161D-01   -0.567410045787902D-03
    0.137664213549729D-01    0.644554580145738D-05
    0.000000000000000D+00    0.000000000000000D+00
    0.000000000000000D+00    0.000000000000000D+00
   -0.308591136393404D-04   -0.138366634670226D-03
   -0.138029429360549D-03   -0.509854177200289D-03
   -0.309105917537032D-03   -0.108270563909273D-02
   -0.550708066558731D-03   -0.178860316254653D-02
   -0.846702081572087D-03   -0.261321930605363D-02
   -0.119767910571605D-02   -0.349489623818622D-02
   -0.158518204015025D-02   -0.442556984581996D-02
   -0.200812773697056D-02   -0.534450240743822D-02
   -0.246079164403866D-02   -0.625654319596567D-02
   -0.294168329339713D-02   -0.712185918632114D-02
   -0.346450956246260D-02   -0.796016705978825D-02
   -0.401576124032953D-02   -0.876405709430505D-02
   -0.462063990188764D-02   -0.956591468940765D-02
   -0.523996024409799D-02   -0.103802252442859D-01
   -0.589455243857891D-02   -0.112483102303372D-01
   -0.651945501164318D-02   -0.121766353577778D-01
   -0.711759662375098D-02   -0.132135873090061D-01
   -0.761588318413467D-02   -0.143276956014432D-01
   -0.799664885524728D-02   -0.155720380989857D-01
   -0.820215967950622D-02   -0.168635478421467D-01
   -0.820206371880592D-02   -0.182559285135238D-01
   -0.797361394689626D-02   -0.196169437878058D-01
   -0.748971446546407D-02   -0.210007831911006D-01
   -0.676619906775007D-02   -0.222534723569731D-01
   -0.580034591677724D-02   -0.233979976764608D-01
   -0.462734863806515D-02   -0.242583848097234D-01
   -0.325096157736004D-02   -0.248462089319147D-01
   -0.172789537479999D-02   -0.250145218716881D-01
   -0.344627318700159D-04   -0.246810919881303D-01
    0.176959587602133D-02   -0.237378914461901D-01
    0.381240134840001D-02   -0.220920073521618D-01
    0.605570279370460D-02   -0.197482429058186D-01
    0.866662266570566D-02   -0.166790096733239D-01
    0.115362551960133D-01   -0.131618436147428D-01
    0.147036812897642D-01   -0.928977138568844D-02
    0.176076277136941D-01   -0.567050217056428D-02
    0.197551010877312D-01   -0.259140202636766D-02
    0.191114719206291D-01   -0.766383657414974D-03
    0.136235464406872D-01   -0.295622947874499D-05
    0.000000000000000D+00    0.000000000000000D+00
    0.000000000000000D+00    0.000000000000000D+00
    0.190442738134201D-03   -0.924376539323934D-04
    0.266198030867140D-03   -0.345781354469342D-03
    0.242610273560325D-03   -0.747274275826886D-03
    0.120592511905818D-03   -0.125950487808516D-02
   -0.837682768145304D-04   -0.187902401256006D-02
   -0.371896883046088D-03   -0.257386798413385D-02
   -0.721723972072545D-03   -0.333970376024882D-02
   -0.113225262007401D-02   -0.414165221705893D-02
   -0.158577338252716D-02   -0.498066740284319D-02
   -0.208063998425700D-02   -0.582992108461418D-02
   -0.260985535684064D-02   -0.670095730650214D-02
   -0.316540566360939D-02   -0.758101379357464D-02
   -0.374832709907178D-02   -0.849525251915237D-02
   -0.433401681481352D-02   -0.943932320603422D-02
   -0.492462037149073D-02   -0.104506924257408D-01
   -0.547425439273933D-02   -0.115160213910892D-01
   -0.598177585569356D-02   -0.126820482794385D-01
   -0.638660705068240D-02   -0.139083749391291D-01
   -0.668590666090849D-02   -0.152464603092905D-01
   -0.681827582298850D-02   -0.166173637397370D-01
   -0.678569001670610D-02   -0.180776043403746D-01
   -0.654908393553377D-02   -0.195070531660012D-01
   -0.612555231078911D-02   -0.209693462669805D-01
   -0.549773909036019D-02   -0.223245612731829D-01
   -0.470187531631238D-02   -0.236087329295795D-01
   -0.376148252475782D-02   -0.246402482448094D-01
   -0.271591590844757D-02   -0.254719879115851D-01
   -0.162541911594262D-02   -0.259458447974610D-01
   -0.449965938724335D-03   -0.259353442608992D-01
    0.659001365127952D-03   -0.253233639827813D-01
    0.202449054265375D-02   -0.239617861118067D-01
    0.344641021510939D-02   -0.217865050131846D-01
    0.544114419874917D-02   -0.187318690483072D-01
    0.774777077802250D-02   -0.149926532452575D-01
    0.108990754358146D-01   -0.108061065455620D-01
    0.141383168509212D-01   -0.666151056612210D-02
    0.171641177865133D-01   -0.314877814942995D-02
    0.177961294907187D-01   -0.963355567702611D-03
    0.133757914166996D-01   -0.288456825854547D-04
    0.000000000000000D+00    0.000000000000000D+00
    0.000000000000000D+00    0.000000000000000D+00
    0.326803554235904D-03   -0.452428085080404D-04
    0.518835825174071D-03   -0.174727813189156D-03
    0.604265799677211D-03   -0.402787598637185D-03
    0.580797578769479D-03   -0.705194078776899D-03
    0.464213572975792D-03   -0.110034960179215D-02
    0.253430297695967D-03   -0.156615142616309D-02
   -0.330203096734094D-04   -0.211763332355236D-02
   -0.389892795527874D-03   -0.272779494426347D-02
   -0.801936516023992D-03   -0.340917139584348D-02
   -0.125831897556977D-02   -0.414105416060671D-02
   -0.175341492481251D-02   -0.493243195565855D-02
   -0.226773397611763D-02   -0.577680932088419D-02
   -0.280441110650771D-02   -0.668110097774761D-02
   -0.333113377602912D-02   -0.765010737434412D-02
   -0.385269616211426D-02   -0.869303654201921D-02
   -0.432571328617234D-02   -0.980881425320245D-02
   -0.474838620053455D-02   -0.110169875947992D-01
   -0.507655327159697D-02   -0.122884813734905D-01
   -0.529800863674446D-02   -0.136608864690597D-01
   -0.538187095717458D-02   -0.150557278775788D-01
   -0.530731432605952D-02   -0.165456646014319D-01
   -0.507436907795997D-02   -0.180001018045822D-01
   -0.467864765002678D-02   -0.195223845790628D-01
   -0.413147882477059D-02   -0.209238523333019D-01
   -0.344842038019077D-02   -0.223441882834418D-01
   -0.268853021156642D-02   -0.235275641305807D-01
   -0.193998528804636D-02   -0.246881269831759D-01
   -0.121014785897149D-02   -0.254902404915799D-01
   -0.577790283957552D-03   -0.259192716558747D-01
   -0.158327352375992D-03   -0.258440332136600D-01
    0.358786414296668D-03   -0.249754278195392D-01
    0.813856387409250D-03   -0.231881057749789D-01
    0.179313357851283D-02   -0.202585448407483D-01
    0.343229652828861D-02   -0.165118661060555D-01
    0.620777606846094D-02   -0.119483565229738D-01
    0.969972884504588D-02   -0.748270110340695D-02
    0.138144948864633D-01   -0.340573101848239D-02
    0.159009133430468D-01   -0.985475438055184D-03
    0.132015571305124D-01    0.144120036146003D-04
    0.000000000000000D+00    0.000000000000000D+00
    0.000000000000000D+00    0.000000000000000D+00
    0.375992634491714D-03   -0.490819864369914D-05
    0.626664198656461D-03   -0.259600363742280D-04
    0.775629880933644D-03   -0.899573329880381D-04
    0.822265767441270D-03   -0.197161664272362D-03
    0.778996298288687D-03   -0.369029065059735D-03
    0.643344610100516D-03   -0.604080267093100D-03
    0.432189217498774D-03   -0.918880942818543D-03
    0.147948173726020D-03   -0.130625597352169D-02
   -0.191253761611056D-03   -0.177914983985955D-02
   -0.579733693744612D-03   -0.232936543151365D-02
   -0.100196980860729D-02   -0.296680802409308D-02
   -0.144814409396048D-02   -0.368453862772996D-02
   -0.190566481597234D-02   -0.449271734530774D-02
   -0.235763321199894D-02   -0.538328719001380D-02
   -0.279236204146131D-02   -0.637086180104930D-02
   -0.318450065922862D-02   -0.743637044592616D-02
   -0.352200431801752D-02   -0.860440841015355D-02
   -0.377341276584541D-02   -0.983205336656475D-02
   -0.392812559305713D-02   -0.111593598839291D-01
   -0.395617866262937D-02   -0.125028314582872D-01
   -0.385544987743123D-02   -0.139394920199454D-01
   -0.360777973915019D-02   -0.153484375988087D-01
   -0.323002486011638D-02   -0.168323970572585D-01
   -0.269482274398471D-02   -0.181960847741095D-01
   -0.205558281833858D-02   -0.196583548066829D-01
   -0.139297887822576D-02   -0.209490896721296D-01
   -0.818220249999877D-03   -0.223328506932485D-01
   -0.280825190796309D-03   -0.233786136568023D-01
    0.470765861793679D-04   -0.243244345810233D-01
   -0.167066600844888D-03   -0.249990153677470D-01
   -0.345883879066554D-03   -0.247922941001631D-01
   -0.123644925603765D-02   -0.235594502930631D-01
   -0.110342782827532D-02   -0.210855510259186D-01
   -0.532124987379964D-03   -0.174279965902306D-01
    0.188197318414973D-02   -0.127970230570539D-01
    0.535540367404099D-02   -0.799062538160478D-02
    0.103941271958380D-01   -0.363761112910565D-02
    0.141665846647880D-01   -0.928744285599933D-03
    0.129814876047715D-01    0.795168299342299D-04
    0.000000000000000D+00    0.000000000000000D+00
    0.000000000000000D+00    0.000000000000000D+00
    0.350588809963092D-03    0.309047893475728D-04
    0.605158013768796D-03    0.990129588972943D-04
    0.779410967409338D-03    0.167725304963515D-03
    0.867340560461297D-03    0.227592366866553D-03
    0.877091864668893D-03    0.248545599391005D-03
    0.806774590459946D-03    0.227242685332116D-03
    0.668729413158558D-03    0.135592135570926D-03
    0.466657443830520D-03   -0.245086817435385D-04
    0.212259752614504D-03   -0.274011553106379D-03
   -0.846102480388762D-04   -0.612117896000124D-03
   -0.416363894116788D-03   -0.104806444203894D-02
   -0.766011884051511D-03   -0.158496996737691D-02
   -0.113001509602164D-02   -0.222159640649464D-02
   -0.148427269741187D-02   -0.296248415321356D-02
   -0.182564702424917D-02   -0.380224575896771D-02
   -0.212631640245139D-02   -0.473596320264514D-02
   -0.237829875935538D-02   -0.576496093952115D-02
   -0.255726439447464D-02   -0.685847209889923D-02
   -0.264539932913860D-02   -0.804012892450969D-02
   -0.263349288746923D-02   -0.923179376610966D-02
   -0.249512628254643D-02   -0.105098406440024D-01
   -0.224364332226889D-02   -0.117458249322936D-01
   -0.185487434240250D-02   -0.130667748588522D-01
   -0.135377265934573D-02   -0.141980838370222D-01
   -0.713322584824882D-03   -0.155382666344291D-01
   -0.440141767311450D-04   -0.167452378326598D-01
    0.462516723782480D-03   -0.183082408748534D-01
    0.954561026050650D-03   -0.192283268277095D-01
    0.918725692775695D-03   -0.208709110500991D-01
    0.291312792317097D-03   -0.222968618498450D-01
   -0.107448601080406D-02   -0.227531627767792D-01
   -0.304495461391337D-02   -0.225054567016671D-01
   -0.435040695007605D-02   -0.206284943537926D-01
   -0.489669195495729D-02   -0.174689646241710D-01
   -0.355445790876070D-02   -0.127838631740553D-01
   -0.911067833647653D-04   -0.803420835198903D-02
    0.624166171028149D-02   -0.328033667691811D-02
    0.117722977200784D-01   -0.376285900859315D-03
    0.132113045881166D-01    0.427473420244707D-03
    0.000000000000000D+00    0.000000000000000D+00
    0.000000000000000D+00    0.000000000000000D+00
    0.277348836314753D-03    0.494657582920573D-04
    0.494031235282736D-03    0.172141911537958D-03
    0.655476132347718D-03    0.333306934063880D-03
    0.753266743853428D-03    0.509132712987881D-03
    0.790568388099374D-03    0.676679473154527D-03
    0.767109236446784D-03    0.818973832207786D-03
    0.690757697902529D-03    0.914305054540685D-03
    0.564064035767936D-03    0.948831963186034D-03
    0.396718866039748D-03    0.906424682272933D-03
    0.193029054117848D-03    0.776581181791735D-03
   -0.364130789845743D-04    0.550556668557542D-03
   -0.285020242114596D-03    0.222911317215341D-03
   -0.541152614430416D-03   -0.209937134654996D-03
   -0.795473211513154D-03   -0.745004135801016D-03
   -0.103454069902578D-02   -0.138521539078373D-02
   -0.124627591108335D-02   -0.211238336941886D-02
   -0.141521776787751D-02   -0.293524276515783D-02
   -0.152755074590088D-02   -0.381066982377137D-02
   -0.156721303946461D-02   -0.476385958972520D-02
   -0.152214498098855D-02   -0.571366198569379D-02
   -0.137875264164288D-02   -0.672727253930316D-02
   -0.112050633915714D-02   -0.768404267221546D-02
   -0.741580763071792D-03   -0.869320960857213D-02
   -0.247066014736512D-03   -0.947564630362519D-02
    0.350721800311899D-03   -0.104826387597298D-01
    0.102748717170085D-02   -0.114520071114078D-01
    0.165856088077727D-02   -0.127204000796373D-01
    0.244844489760291D-02   -0.130660966552754D-01
    0.272913917575529D-02   -0.150350956694358D-01
    0.219978488005701D-02   -0.167808826331463D-01
    0.631064257538625D-03   -0.183300859052477D-01
   -0.263146728982107D-02   -0.193587099229949D-01
   -0.538607551666418D-02   -0.185207062901585D-01
   -0.822462563063735D-02   -0.157749312500990D-01
   -0.785257469286672D-02   -0.117513157454785D-01
   -0.449873085015872D-02   -0.690041854501253D-02
    0.327590454642489D-02   -0.252907451394632D-02
    0.110447543127295D-01    0.419489824156949D-03
    0.141360745564079D-01    0.838314237364530D-03
    0.000000000000000D+00    0.000000000000000D+00
    0.000000000000000D+00    0.000000000000000D+00
    0.170444179764643D-03    0.572106337197843D-04
    0.330026950310315D-03    0.194469926840218D-03
    0.455523301088695D-03    0.392989313020058D-03
    0.539435818715908D-03    0.627928834121403D-03
    0.582810292044765D-03    0.873467713188817D-03
    0.585337962303264D-03    0.111888958281966D-02
    0.553646043177697D-03    0.133383839770784D-02
    0.488838813360080D-03    0.150952147043666D-02
    0.395767092052120D-03    0.162393664005688D-02
    0.279337733003947D-03    0.166668509351197D-02
    0.142317971440124D-03    0.162877774650594D-02
   -0.576478893683338D-05    0.149838463454367D-02
   -0.163356392008965D-03    0.127951487000576D-02
   -0.317081368094202D-03    0.962178144357939D-03
   -0.464258738809914D-03    0.559828607646716D-03
   -0.590344492566061D-03    0.715266845000117D-04
   -0.687898672510693D-03   -0.486440532866362D-03
   -0.746145136948088D-03   -0.109555892449044D-02
   -0.748200246368529D-03   -0.174830465504866D-02
   -0.694767091314943D-03   -0.239573428121853D-02
   -0.555323063962905D-03   -0.305346512807948D-02
   -0.342684932664763D-03   -0.362975901808439D-02
    0.606666748843898D-05   -0.419369154171135D-02
    0.420927835517473D-03   -0.450540103233884D-02
    0.100516043106785D-02   -0.495321357831990D-02
    0.162232587622821D-02   -0.527355461932457D-02
    0.245600985031292D-02   -0.554510200177702D-02
    0.350926127307255D-02   -0.459719649735424D-02
    0.446526906421297D-02   -0.711716184132961D-02
    0.396499352137972D-02   -0.817817614575463D-02
    0.132767282703365D-02   -0.101351489701335D-01
   -0.231165011457363D-02   -0.125378920406913D-01
   -0.790946187213127D-02   -0.120555564851430D-01
   -0.114686087241772D-01   -0.109078690152276D-01
   -0.124394596876415D-01   -0.833694099976052D-02
   -0.976373435554437D-02   -0.403504134598124D-02
   -0.112912200840401D-02    0.280321188144089D-04
    0.840232177774116D-02    0.206562078799580D-02
    0.154648189047288D-01    0.168028527413464D-02
    0.000000000000000D+00    0.000000000000000D+00
    0.000000000000000D+00    0.000000000000000D+00
    0.759766000216763D-04    0.428572295389351D-04
    0.163733965060667D-03    0.156146697304584D-03
    0.235660941316820D-03    0.337316046860965D-03
    0.288676433085101D-03    0.558483797495808D-03
    0.317116929674625D-03    0.808844790013561D-03
    0.327768327975189D-03    0.106689678781303D-02
    0.318473217456402D-03    0.132094907625894D-02
    0.295036391024847D-03    0.154768750331663D-02
    0.255217611984308D-03    0.174370037102768D-02
    0.204474338755915D-03    0.188484216298130D-02
    0.142386609424140D-03    0.197570017956721D-02
    0.734616911187612D-04    0.199416257943208D-02
    0.296905091309518D-06    0.195102761633947D-02
   -0.735816124974964D-04    0.183097473465210D-02
   -0.142424775870255D-03    0.164873182001349D-02
   -0.202841898037759D-03    0.140106614217866D-02
   -0.247167574130446D-03    0.110487068695707D-02
   -0.270918746334402D-03    0.773603093842699D-03
   -0.266887264984934D-03    0.423961131397202D-03
   -0.226927120014371D-03    0.868470771742038D-04
   -0.145074593140989D-03   -0.219019622268041D-03
   -0.357983383087784D-05   -0.438006438299725D-03
    0.197768940916251D-03   -0.565004517567525D-03
    0.457818941923571D-03   -0.477442749416945D-03
    0.763737293972470D-03   -0.303151848929973D-03
    0.121213145729155D-02    0.275928025144070D-04
    0.191578119114750D-02    0.610632147300226D-03
    0.307830379042560D-02    0.208058696811165D-02
    0.443111089081413D-02    0.143153155033003D-02
    0.441870942034430D-02    0.343353526263889D-02
    0.357140824474233D-02    0.870702430309154D-03
   -0.160756646597603D-02    0.843219501188329D-03
   -0.791718487953051D-02   -0.146268602641046D-02
   -0.120579728596588D-01   -0.160912264072137D-02
   -0.149933842663276D-01   -0.243751351311622D-02
   -0.119168072956394D-01    0.752529518118678D-03
   -0.323690741956794D-02    0.234965802045415D-02
    0.814148883522478D-02    0.278958338294495D-02
    0.154243760743316D-01    0.151229351674322D-02
    0.000000000000000D+00    0.000000000000000D+00
    0.000000000000000D+00    0.000000000000000D+00
    0.135211855282010D-04    0.135211855280621D-04
    0.452143206248517D-04    0.764533159317154D-04
    0.692564627842765D-04    0.186250759181151D-03
    0.850078687701258D-04    0.334405771017580D-03
    0.960011220262638D-04    0.499232567763508D-03
    0.100082389630795D-03    0.683293197601537D-03
    0.101107250608188D-03    0.864735222749683D-03
    0.966562058983768D-04    0.104403432072138D-02
    0.888871877399494D-04    0.120577416723118D-02
    0.768628459203893D-04    0.134804866097154D-02
    0.621031574472920D-04    0.146169347599358D-02
    0.449344688136075D-04    0.154205736155741D-02
    0.260150865185197D-04    0.158805856642476D-02
    0.725104677308416D-05    0.159354276969720D-02
   -0.112943772097467D-04    0.156609286623118D-02
   -0.262829190257314D-04    0.150111784983383D-02
   -0.377480637259994D-04    0.141448473123719D-02
   -0.418862039276405D-04    0.130684723655992D-02
   -0.382951698548503D-04    0.120177212894425D-02
   -0.232133008915999D-04    0.110681767107412D-02
    0.742706672530179D-05    0.105761972453244D-02
    0.568474540851451D-04    0.108110425690570D-02
    0.142096446030611D-03    0.120147696648590D-02
    0.231394157545918D-03    0.146971416573275D-02
    0.326538839621126D-03    0.194205959931869D-02
    0.475452486539132D-03    0.258663700531974D-02
    0.865222559157150D-03    0.373154042556084D-02
    0.139857946005246D-02    0.639555155652789D-02
    0.280961899931648D-02    0.831040754407881D-02
    0.220624615522307D-02    0.127122789120691D-01
    0.609535171155704D-02    0.197422541006724D-01
   -0.732955330849065D-03    0.112759598150914D-01
   -0.532807198165610D-02    0.136070179711399D-01
   -0.102377046471922D-01    0.104025813355299D-01
   -0.138112094373895D-01    0.809780464241293D-02
   -0.125752112353627D-01    0.786121951867760D-02
   -0.486688021347619D-02    0.548237686237705D-02
    0.688234746417543D-02    0.398627706930073D-02
    0.215793838123879D-01    0.632373329966148D-03
    0.000000000000000D+00    0.000000000000000D+00
    0.000000000000000D+00    0.000000000000000D+00
    0.000000000000000D+00    0.000000000000000D+00
    0.000000000000000D+00    0.000000000000000D+00
    0.000000000000000D+00    0.000000000000000D+00
    0.000000000000000D+00    0.000000000000000D+00
    0.000000000000000D+00    0.000000000000000D+00
    0.000000000000000D+00    0.000000000000000D+00
    0.000000000000000D+00    0.000000000000000D+00
    0.000000000000000D+00    0.000000000000000D+00
    0.000000000000000D+00    0.000000000000000D+00
    0.000000000000000D+00    0.000000000000000D+00
    0.000000000000000D+00    0.000000000000000D+00
    0.000000000000000D+00    0.000000000000000D+00
    0.000000000000000D+00    0.000000000000000D+00
    0.000000000000000D+00    0.000000000000000D+00
    0.000000000000000D+00    0.000000000000000D+00
    0.000000000000000D+00    0.000000000000000D+00
    0.000000000000000D+00    0.000000000000000D+00
    0.000000000000000D+00    0.000000000000000D+00
    0.000000000000000D+00    0.000000000000000D+00
    0.000000000000000D+00    0.000000000000000D+00
    0.000000000000000D+00    0.000000000000000D+00
    0.000000000000000D+00    0.000000000000000D+00
    0.000000000000000D+00    0.000000000000000D+00
    0.000000000000000D+00    0.000000000000000D+00
    0.000000000000000D+00    0.000000000000000D+00
    0.000000000000000D+00    0.000000000000000D+00
    0.000000000000000D+00    0.000000000000000D+00
    0.000000000000000D+00    0.000000000000000D+00
    0.000000000000000D+00    0.000000000000000D+00
    0.000000000000000D+00    0.000000000000000D+00
    0.000000000000000D+00    0.000000000000000D+00
    0.000000000000000D+00    0.000000000000000D+00
   -0.340847227670199D-02    0.138528048161577D-01
   -0.120228563607632D-01    0.158667050425454D-01
   -0.114821315900138D-01    0.150483098964322D-01
   -0.108600466849409D-01    0.116428943055047D-01
   -0.368540975719899D-02    0.975296941251192D-02
    0.130627385469403D-01    0.500837764035732D-02
    0.253584242847060D-01    0.160512463780672D-02
    0.000000000000000D+00    0.000000000000000D+00
