#  cvt_mod_02_00100.txt
#  created by routine CVT_MOD_WRITE in CVT_MOD_DATASET.F90
#  at December  7 2003   8:27:33.904 AM
#
#  Spatial dimension M =   2
#  Number of points N =    100
#  EPSILON (unit roundoff) =   0.119209E-06
#
#  Initial SEED =    123456789
#
#  Initialization by UNIFORM.
#  Sampling by UNIFORM.
#  Number of sample points =       500000
#  Number of sampling iterations =    100
#  L2 norm of dataset change on last step =   0.006498
#
  0.216200  0.017595
  0.768096  0.596560
  0.398540  0.011457
  0.253728  0.137202
  0.085183  0.624087
  0.129184  0.407237
  0.401768  0.699278
  0.788301  0.035992
  0.952139  0.274488
  0.052280  0.109852
  0.872567  0.876019
  0.156971  0.095584
  0.304357  0.047011
  0.221230  0.357276
  0.858927  0.216258
  0.676409  0.544250
  0.864401  0.545257
  0.856652  0.648014
  0.224187  0.731131
  0.312561  0.317863
  0.591547  0.279247
  0.678256  0.323425
  0.298285  0.648171
  0.048347  0.222450
  0.772303  0.823603
  0.024927  0.706469
  0.058231  0.808453
  0.762398  0.264299
  0.856215  0.768519
  0.766631  0.378003
  0.948505  0.491856
  0.040522  0.439736
  0.041707  0.332689
  0.278936  0.843771
  0.952441  0.067683
  0.145319  0.188578
  0.374317  0.112089
  0.234198  0.246010
  0.588499  0.813751
  0.553924  0.176463
  0.679920  0.654856
  0.396144  0.809549
  0.974755  0.902852
  0.581155  0.016917
  0.406689  0.282294
  0.931728  0.704623
  0.333461  0.208524
  0.888461  0.984232
  0.769146  0.489118
  0.676841  0.436407
  0.586244  0.917106
  0.194851  0.621051
  0.855996  0.323080
  0.398723  0.388219
  0.297425  0.944979
  0.683456  0.875966
  0.136788  0.294460
  0.126934  0.718378
  0.389319  0.907629
  0.683467  0.984402
  0.861511  0.105011
  0.111698  0.005495
  0.588381  0.707557
  0.965119  0.604779
  0.144323  0.525388
  0.043061  0.536375
  0.682415  0.765816
  0.489161  0.079186
  0.190914  0.918857
  0.956425  0.803795
  0.083577  0.905832
  0.442654  0.176360
  0.947896  0.382706
  0.668007  0.202185
  0.491935  0.652663
  0.011725  0.994144
  0.587564  0.388840
  0.583041  0.494997
  0.317250  0.749584
  0.857610  0.433599
  0.585334  0.599981
  0.388728  0.596542
  0.781121  0.931869
  0.280628  0.544094
  0.489948  0.863554
  0.955406  0.168627
  0.306105  0.429243
  0.487449  0.449284
  0.492943  0.758875
  0.499389  0.254900
  0.485635  0.550556
  0.166526  0.821323
  0.494397  0.348946
  0.384477  0.496873
  0.697709  0.087415
  0.771692  0.709955
  0.215515  0.465409
  0.487728  0.966631
  0.605924  0.104441
  0.769206  0.156283
#  r.shift.txt
#  created at December 15 2003  12:02:10.211 PM
#
#  Spatial dimension M =   2
#  Number of points N =    100
#
#  The data was created by the FORTRAN90 TABLE_SHIFT program
#  The data was read from r.txt by RTABLE_DATA_READ.F90.
#  The data was written to r.shift.txt by RTABLE_DATA_WRITE.F90.
#
#  Shift vector S:
#
#     0.00000    
#     1.00000    
#
  0.216200       1.01760    
  0.768096       1.59656    
  0.398540       1.01146    
  0.253728       1.13720    
  0.851830E-01   1.62409    
  0.129184       1.40724    
  0.401768       1.69928    
  0.788301       1.03599    
  0.952139       1.27449    
  0.522800E-01   1.10985    
  0.872567       1.87602    
  0.156971       1.09558    
  0.304357       1.04701    
  0.221230       1.35728    
  0.858927       1.21626    
  0.676409       1.54425    
  0.864401       1.54526    
  0.856652       1.64801    
  0.224187       1.73113    
  0.312561       1.31786    
  0.591547       1.27925    
  0.678256       1.32343    
  0.298285       1.64817    
  0.483470E-01   1.22245    
  0.772303       1.82360    
  0.249270E-01   1.70647    
  0.582310E-01   1.80845    
  0.762398       1.26430    
  0.856215       1.76852    
  0.766631       1.37800    
  0.948505       1.49186    
  0.405220E-01   1.43974    
  0.417070E-01   1.33269    
  0.278936       1.84377    
  0.952441       1.06768    
  0.145319       1.18858    
  0.374317       1.11209    
  0.234198       1.24601    
  0.588499       1.81375    
  0.553924       1.17646    
  0.679920       1.65486    
  0.396144       1.80955    
  0.974755       1.90285    
  0.581155       1.01692    
  0.406689       1.28229    
  0.931728       1.70462    
  0.333461       1.20852    
  0.888461       1.98423    
  0.769146       1.48912    
  0.676841       1.43641    
  0.586244       1.91711    
  0.194851       1.62105    
  0.855996       1.32308    
  0.398723       1.38822    
  0.297425       1.94498    
  0.683456       1.87597    
  0.136788       1.29446    
  0.126934       1.71838    
  0.389319       1.90763    
  0.683467       1.98440    
  0.861511       1.10501    
  0.111698       1.00549    
  0.588381       1.70756    
  0.965119       1.60478    
  0.144323       1.52539    
  0.430610E-01   1.53638    
  0.682415       1.76582    
  0.489161       1.07919    
  0.190914       1.91886    
  0.956425       1.80379    
  0.835770E-01   1.90583    
  0.442654       1.17636    
  0.947896       1.38271    
  0.668007       1.20219    
  0.491935       1.65266    
  0.117250E-01   1.99414    
  0.587564       1.38884    
  0.583041       1.49500    
  0.317250       1.74958    
  0.857610       1.43360    
  0.585334       1.59998    
  0.388728       1.59654    
  0.781121       1.93187    
  0.280628       1.54409    
  0.489948       1.86355    
  0.955406       1.16863    
  0.306105       1.42924    
  0.487449       1.44928    
  0.492943       1.75888    
  0.499389       1.25490    
  0.485635       1.55056    
  0.166526       1.82132    
  0.494397       1.34895    
  0.384477       1.49687    
  0.697709       1.08741    
  0.771692       1.70995    
  0.215515       1.46541    
  0.487728       1.96663    
  0.605924       1.10444    
  0.769206       1.15628    
#  r.shift.txt
#  created at December 15 2003  12:01:47.034 PM
#
#  Spatial dimension M =   2
#  Number of points N =    100
#
#  The data was created by the FORTRAN90 TABLE_SHIFT program
#  The data was read from r.txt by RTABLE_DATA_READ.F90.
#  The data was written to r.shift.txt by RTABLE_DATA_WRITE.F90.
#
#  Shift vector S:
#
#     1.00000    
#     0.00000    
#
   1.21620      0.175950E-01
   1.76810      0.596560    
   1.39854      0.114570E-01
   1.25373      0.137202    
   1.08518      0.624087    
   1.12918      0.407237    
   1.40177      0.699278    
   1.78830      0.359920E-01
   1.95214      0.274488    
   1.05228      0.109852    
   1.87257      0.876019    
   1.15697      0.955840E-01
   1.30436      0.470110E-01
   1.22123      0.357276    
   1.85893      0.216258    
   1.67641      0.544250    
   1.86440      0.545257    
   1.85665      0.648014    
   1.22419      0.731131    
   1.31256      0.317863    
   1.59155      0.279247    
   1.67826      0.323425    
   1.29829      0.648171    
   1.04835      0.222450    
   1.77230      0.823603    
   1.02493      0.706469    
   1.05823      0.808453    
   1.76240      0.264299    
   1.85622      0.768519    
   1.76663      0.378003    
   1.94850      0.491856    
   1.04052      0.439736    
   1.04171      0.332689    
   1.27894      0.843771    
   1.95244      0.676830E-01
   1.14532      0.188578    
   1.37432      0.112089    
   1.23420      0.246010    
   1.58850      0.813751    
   1.55392      0.176463    
   1.67992      0.654856    
   1.39614      0.809549    
   1.97476      0.902852    
   1.58116      0.169170E-01
   1.40669      0.282294    
   1.93173      0.704623    
   1.33346      0.208524    
   1.88846      0.984232    
   1.76915      0.489118    
   1.67684      0.436407    
   1.58624      0.917106    
   1.19485      0.621051    
   1.85600      0.323080    
   1.39872      0.388219    
   1.29743      0.944979    
   1.68346      0.875966    
   1.13679      0.294460    
   1.12693      0.718378    
   1.38932      0.907629    
   1.68347      0.984402    
   1.86151      0.105011    
   1.11170      0.549500E-02
   1.58838      0.707557    
   1.96512      0.604779    
   1.14432      0.525388    
   1.04306      0.536375    
   1.68242      0.765816    
   1.48916      0.791860E-01
   1.19091      0.918857    
   1.95642      0.803795    
   1.08358      0.905832    
   1.44265      0.176360    
   1.94790      0.382706    
   1.66801      0.202185    
   1.49194      0.652663    
   1.01172      0.994144    
   1.58756      0.388840    
   1.58304      0.494997    
   1.31725      0.749584    
   1.85761      0.433599    
   1.58533      0.599981    
   1.38873      0.596542    
   1.78112      0.931869    
   1.28063      0.544094    
   1.48995      0.863554    
   1.95541      0.168627    
   1.30611      0.429243    
   1.48745      0.449284    
   1.49294      0.758875    
   1.49939      0.254900    
   1.48564      0.550556    
   1.16653      0.821323    
   1.49440      0.348946    
   1.38448      0.496873    
   1.69771      0.874150E-01
   1.77169      0.709955    
   1.21552      0.465409    
   1.48773      0.966631    
   1.60592      0.104441    
   1.76921      0.156283    
#  r.shift.txt
#  created at December 15 2003  12:02:20.371 PM
#
#  Spatial dimension M =   2
#  Number of points N =    100
#
#  The data was created by the FORTRAN90 TABLE_SHIFT program
#  The data was read from r.txt by RTABLE_DATA_READ.F90.
#  The data was written to r.shift.txt by RTABLE_DATA_WRITE.F90.
#
#  Shift vector S:
#
#     1.00000    
#     1.00000    
#
   1.21620       1.01760    
   1.76810       1.59656    
   1.39854       1.01146    
   1.25373       1.13720    
   1.08518       1.62409    
   1.12918       1.40724    
   1.40177       1.69928    
   1.78830       1.03599    
   1.95214       1.27449    
   1.05228       1.10985    
   1.87257       1.87602    
   1.15697       1.09558    
   1.30436       1.04701    
   1.22123       1.35728    
   1.85893       1.21626    
   1.67641       1.54425    
   1.86440       1.54526    
   1.85665       1.64801    
   1.22419       1.73113    
   1.31256       1.31786    
   1.59155       1.27925    
   1.67826       1.32343    
   1.29829       1.64817    
   1.04835       1.22245    
   1.77230       1.82360    
   1.02493       1.70647    
   1.05823       1.80845    
   1.76240       1.26430    
   1.85622       1.76852    
   1.76663       1.37800    
   1.94850       1.49186    
   1.04052       1.43974    
   1.04171       1.33269    
   1.27894       1.84377    
   1.95244       1.06768    
   1.14532       1.18858    
   1.37432       1.11209    
   1.23420       1.24601    
   1.58850       1.81375    
   1.55392       1.17646    
   1.67992       1.65486    
   1.39614       1.80955    
   1.97476       1.90285    
   1.58116       1.01692    
   1.40669       1.28229    
   1.93173       1.70462    
   1.33346       1.20852    
   1.88846       1.98423    
   1.76915       1.48912    
   1.67684       1.43641    
   1.58624       1.91711    
   1.19485       1.62105    
   1.85600       1.32308    
   1.39872       1.38822    
   1.29743       1.94498    
   1.68346       1.87597    
   1.13679       1.29446    
   1.12693       1.71838    
   1.38932       1.90763    
   1.68347       1.98440    
   1.86151       1.10501    
   1.11170       1.00549    
   1.58838       1.70756    
   1.96512       1.60478    
   1.14432       1.52539    
   1.04306       1.53638    
   1.68242       1.76582    
   1.48916       1.07919    
   1.19091       1.91886    
   1.95642       1.80379    
   1.08358       1.90583    
   1.44265       1.17636    
   1.94790       1.38271    
   1.66801       1.20219    
   1.49194       1.65266    
   1.01172       1.99414    
   1.58756       1.38884    
   1.58304       1.49500    
   1.31725       1.74958    
   1.85761       1.43360    
   1.58533       1.59998    
   1.38873       1.59654    
   1.78112       1.93187    
   1.28063       1.54409    
   1.48995       1.86355    
   1.95541       1.16863    
   1.30611       1.42924    
   1.48745       1.44928    
   1.49294       1.75888    
   1.49939       1.25490    
   1.48564       1.55056    
   1.16653       1.82132    
   1.49440       1.34895    
   1.38448       1.49687    
   1.69771       1.08741    
   1.77169       1.70995    
   1.21552       1.46541    
   1.48773       1.96663    
   1.60592       1.10444    
   1.76921       1.15628    
