#  cvt_00.shift.txt
#  created at December 15 2003   1:51:26.385 PM
#
#  Spatial dimension M =   2
#  Number of points N =    100
#
#  The data was created by the FORTRAN90 TABLE_SHIFT program
#  The data was read from cvt_00.txt by RTABLE_DATA_READ.F90.
#  The data was written to cvt_00.shift.txt by RTABLE_DATA_WRITE.F90.
#
#  Shift vector S:
#
#     1.00000    
#     1.00000    
#
   1.17713       1.95704    
   1.79564       1.56479    
   1.41892       1.05426    
   1.32502       1.05199    
   1.06354       1.59916    
   1.14005       1.38309    
   1.45073       1.67483    
   1.84675       1.04997    
   1.95788       1.19449    
   1.13756       1.05727    
   1.87740       1.85889    
   1.22781       1.04637    
   1.29156       1.95470    
   1.23236       1.34826    
   1.87167       1.15450    
   1.69843       1.56097    
   1.87854       1.50797    
   1.87373       1.63403    
   1.23256       1.69222    
   1.32528       1.31713    
   1.59294       1.30525    
   1.68810       1.34918    
   1.28272       1.61357    
   1.05403       1.22836    
   1.73744       1.76373    
   1.04081       1.68743    
   1.06032       1.77619    
   1.78339       1.24614    
   1.95644       1.81503    
   1.78388       1.34965    
   1.95723       1.44795    
   1.04741       1.42036    
   1.05106       1.32270    
   1.28834       1.77948    
   1.05293       1.13665    
   1.15812       1.16749    
   1.25718       1.13754    
   1.26547       1.23680    
   1.67566       1.85349    
   1.58843       1.20809    
   1.77563       1.66479    
   1.40137       1.77535    
   1.95084       1.94210    
   1.63162       1.04471    
   1.39912       1.25686    
   1.95331       1.69837    
   1.35871       1.16006    
   1.84062       1.95395    
   1.78366       1.45877    
   1.68563       1.45534    
   1.56806       1.85849    
   1.18495       1.58067    
   1.87529       1.27117    
   1.40918       1.37928    
   1.34877       1.86698    
   1.72949       1.95086    
   1.15610       1.27239    
   1.13565       1.67940    
   1.40303       1.95444    
   1.62230       1.95087    
   1.73925       1.04797    
   1.05960       1.95684    
   1.62049       1.76091    
   1.95676       1.57332    
   1.12956       1.49645    
   1.04012       1.51433    
   1.67323       1.67307    
   1.51892       1.04431    
   1.23795       1.86758    
   1.04072       1.86671    
   1.13374       1.86817    
   1.46367       1.15106    
   1.95756       1.32290    
   1.68660       1.24338    
   1.55220       1.67799    
   1.04602       1.04440    
   1.59188       1.40608    
   1.59228       1.50838    
   1.34581       1.69100    
   1.87379       1.39086    
   1.60210       1.60083    
   1.38731       1.59050    
   1.78121       1.85517    
   1.29663       1.52231    
   1.45946       1.86343    
   1.95117       1.06247    
   1.31458       1.42128    
   1.49634       1.45746    
   1.50764       1.76932    
   1.49745       1.24782    
   1.49361       1.57040    
   1.17319       1.77804    
   1.49548       1.34765    
   1.40079       1.49058    
   1.67378       1.13945    
   1.85287       1.75156    
   1.21772       1.46144    
   1.51317       1.95299    
   1.56578       1.12394    
   1.77302       1.14575    
